# Variable: Br_gamma
# Sample shape: (2565,)
# Date: 2013-03-08 06:18:14.295618
-1.164800000000000058e+00
-1.164800000000000058e+00
-1.164800000000000058e+00
-1.164800000000000058e+00
-1.164800000000000058e+00
7.404768767049432210e-01
2.436870540224060910e-01
-1.906718739425603548e-01
3.582039732058336923e-02
3.582039732058336923e-02
5.475940349730304968e-01
5.475940349730304968e-01
5.475940349730304968e-01
5.475940349730304968e-01
5.475940349730304968e-01
5.475940349730304968e-01
5.475940349730304968e-01
5.475940349730304968e-01
5.475940349730304968e-01
5.475940349730304968e-01
-1.460998034288023550e-01
7.886992027792184556e-01
7.886992027792184556e-01
7.886992027792184556e-01
7.886992027792184556e-01
1.012335361629927322e+00
1.012335361629927322e+00
1.012335361629927322e+00
1.012335361629927322e+00
1.012335361629927322e+00
-7.473265132559725465e-02
4.872428846533511937e-01
4.460271187828595552e-01
4.460271187828595552e-01
4.460271187828595552e-01
2.814068627419527013e-01
1.759738600128102626e-01
1.759738600128102626e-01
4.034782677266028350e-01
4.034782677266028350e-01
3.645831166121179523e-01
3.645831166121179523e-01
3.645831166121179523e-01
3.645831166121179523e-01
3.645831166121179523e-01
3.645831166121179523e-01
3.645831166121179523e-01
3.645831166121179523e-01
3.645831166121179523e-01
3.645831166121179523e-01
3.645831166121179523e-01
3.645831166121179523e-01
3.645831166121179523e-01
3.645831166121179523e-01
3.645831166121179523e-01
3.645831166121179523e-01
3.645831166121179523e-01
3.645831166121179523e-01
3.645831166121179523e-01
3.645831166121179523e-01
3.645831166121179523e-01
3.645831166121179523e-01
3.645831166121179523e-01
3.645831166121179523e-01
3.645831166121179523e-01
3.645831166121179523e-01
3.645831166121179523e-01
3.645831166121179523e-01
3.645831166121179523e-01
3.645831166121179523e-01
3.423922118732697917e-01
3.423922118732697917e-01
3.423922118732697917e-01
3.423922118732697917e-01
3.423922118732697917e-01
3.423922118732697917e-01
3.423922118732697917e-01
3.423922118732697917e-01
3.423922118732697917e-01
9.554426817346398093e-02
9.554426817346398093e-02
9.554426817346398093e-02
9.554426817346398093e-02
1.416438528308586742e-01
1.416438528308586742e-01
1.416438528308586742e-01
1.416438528308586742e-01
1.416438528308586742e-01
1.416438528308586742e-01
1.416438528308586742e-01
1.416438528308586742e-01
1.416438528308586742e-01
1.416438528308586742e-01
1.416438528308586742e-01
1.416438528308586742e-01
2.411169867440093872e-01
2.411169867440093872e-01
2.411169867440093872e-01
2.411169867440093872e-01
2.411169867440093872e-01
2.411169867440093872e-01
-1.424972480962850563e-01
-1.424972480962850563e-01
-1.424972480962850563e-01
-1.424972480962850563e-01
-1.424972480962850563e-01
-1.424972480962850563e-01
-1.424972480962850563e-01
-1.424972480962850563e-01
-1.424972480962850563e-01
-1.424972480962850563e-01
-1.424972480962850563e-01
-1.424972480962850563e-01
1.727998513023756844e-01
-9.149916491370990723e-02
-9.149916491370990723e-02
-9.149916491370990723e-02
-9.149916491370990723e-02
-9.149916491370990723e-02
-9.149916491370990723e-02
-9.149916491370990723e-02
-9.149916491370990723e-02
-9.149916491370990723e-02
-9.149916491370990723e-02
-9.149916491370990723e-02
2.182997081640823955e-01
2.182997081640823955e-01
2.182997081640823955e-01
2.182997081640823955e-01
2.182997081640823955e-01
2.182997081640823955e-01
2.182997081640823955e-01
2.182997081640823955e-01
2.182997081640823955e-01
2.182997081640823955e-01
2.182997081640823955e-01
2.182997081640823955e-01
2.182997081640823955e-01
2.182997081640823955e-01
2.182997081640823955e-01
2.182997081640823955e-01
1.350338062512693171e-01
1.354416166585026282e-01
1.354416166585026282e-01
1.354416166585026282e-01
1.169271848247067785e-01
1.169271848247067785e-01
1.169271848247067785e-01
1.169271848247067785e-01
4.373668036300119022e-01
4.373668036300119022e-01
3.455529925465827823e-02
3.455529925465827823e-02
3.455529925465827823e-02
3.455529925465827823e-02
3.455529925465827823e-02
3.455529925465827823e-02
3.455529925465827823e-02
3.455529925465827823e-02
3.455529925465827823e-02
3.455529925465827823e-02
3.455529925465827823e-02
3.455529925465827823e-02
3.455529925465827823e-02
3.455529925465827823e-02
3.455529925465827823e-02
3.455529925465827823e-02
2.204505468627715459e-01
2.204505468627715459e-01
2.204505468627715459e-01
2.204505468627715459e-01
2.204505468627715459e-01
2.204505468627715459e-01
2.204505468627715459e-01
2.204505468627715459e-01
2.204505468627715459e-01
5.027602068259455770e-01
5.027602068259455770e-01
1.659508468364709333e-01
1.659508468364709333e-01
1.659508468364709333e-01
4.332718310983955656e-01
4.332718310983955656e-01
8.448434043219010814e-02
8.448434043219010814e-02
8.448434043219010814e-02
8.448434043219010814e-02
8.448434043219010814e-02
8.448434043219010814e-02
4.613156241810215108e-01
4.613156241810215108e-01
4.613156241810215108e-01
1.737159902280638879e-01
1.737159902280638879e-01
1.737159902280638879e-01
4.451842157244814691e-01
4.451842157244814691e-01
4.451842157244814691e-01
4.451842157244814691e-01
4.451842157244814691e-01
4.215811937345160243e-01
4.215811937345160243e-01
4.215811937345160243e-01
4.215811937345160243e-01
4.310320772062958272e-01
4.310320772062958272e-01
4.310320772062958272e-01
4.310320772062958272e-01
4.310320772062958272e-01
4.310320772062958272e-01
4.310320772062958272e-01
4.310320772062958272e-01
4.310320772062958272e-01
4.310320772062958272e-01
4.332197694238407726e-01
4.332197694238407726e-01
4.163656549354566305e-01
1.185379058836791288e-01
1.185379058836791288e-01
1.185379058836791288e-01
1.185379058836791288e-01
1.185379058836791288e-01
1.185379058836791288e-01
1.185379058836791288e-01
1.185379058836791288e-01
1.185379058836791288e-01
1.185379058836791288e-01
1.185379058836791288e-01
4.511446893735499564e-01
1.112656411849252125e-01
1.112656411849252125e-01
1.112656411849252125e-01
1.112656411849252125e-01
1.112656411849252125e-01
1.112656411849252125e-01
1.112656411849252125e-01
1.114266260130072905e-03
1.114266260130072905e-03
1.114266260130072905e-03
1.114266260130072905e-03
1.114266260130072905e-03
4.826837186518705830e-02
3.210211359215829896e-01
-2.628015613190579636e-01
-2.628015613190579636e-01
-2.628015613190579636e-01
-2.628015613190579636e-01
-2.628015613190579636e-01
-2.628015613190579636e-01
1.712502596398200461e-01
1.712502596398200461e-01
1.712502596398200461e-01
1.712502596398200461e-01
1.712502596398200461e-01
1.712502596398200461e-01
1.712502596398200461e-01
1.712502596398200461e-01
6.146586061383807476e-01
6.146586061383807476e-01
6.146586061383807476e-01
6.146586061383807476e-01
6.146586061383807476e-01
6.146586061383807476e-01
6.146586061383807476e-01
6.146586061383807476e-01
7.385169156087666442e-01
7.385169156087666442e-01
7.385169156087666442e-01
7.385169156087666442e-01
7.385169156087666442e-01
7.385169156087666442e-01
7.385169156087666442e-01
2.295494118431147257e-01
2.295494118431147257e-01
2.295494118431147257e-01
2.295494118431147257e-01
2.295494118431147257e-01
3.853827944175705067e-01
3.853827944175705067e-01
4.137679663472641489e-01
3.924710226846994110e-01
3.924710226846994110e-01
3.924710226846994110e-01
5.447814384234599405e-01
5.447814384234599405e-01
5.447814384234599405e-01
6.790332936231944228e-01
2.737648429477647083e-01
3.626885737756720962e-01
9.666100933097744319e-01
9.666100933097744319e-01
9.666100933097744319e-01
9.666100933097744319e-01
9.666100933097744319e-01
9.666100933097744319e-01
9.666100933097744319e-01
9.666100933097744319e-01
1.110508286672957645e+00
1.110508286672957645e+00
1.110508286672957645e+00
1.110508286672957645e+00
1.110508286672957645e+00
1.152385690039470001e+00
1.152385690039470001e+00
1.152385690039470001e+00
1.122353293783421968e+00
6.361446485008377394e-01
6.361446485008377394e-01
6.361446485008377394e-01
3.910958819791016117e-01
1.076394226023319689e+00
1.076394226023319689e+00
3.693852818494365309e-01
7.512474490904715863e-01
7.512474490904715863e-01
7.512474490904715863e-01
7.512474490904715863e-01
7.512474490904715863e-01
7.512474490904715863e-01
7.512474490904715863e-01
7.512474490904715863e-01
7.512474490904715863e-01
7.512474490904715863e-01
7.512474490904715863e-01
7.512474490904715863e-01
7.512474490904715863e-01
7.512474490904715863e-01
7.512474490904715863e-01
7.512474490904715863e-01
7.512474490904715863e-01
7.512474490904715863e-01
7.512474490904715863e-01
9.109039353390894211e-01
9.109039353390894211e-01
9.109039353390894211e-01
9.109039353390894211e-01
9.109039353390894211e-01
9.109039353390894211e-01
4.364927485888596692e-01
4.364927485888596692e-01
4.364927485888596692e-01
6.242581810839619161e-01
4.357486023205754400e-01
4.357486023205754400e-01
4.357486023205754400e-01
4.357486023205754400e-01
4.357486023205754400e-01
4.357486023205754400e-01
4.357486023205754400e-01
4.357486023205754400e-01
4.357486023205754400e-01
4.357486023205754400e-01
4.357486023205754400e-01
4.357486023205754400e-01
4.357486023205754400e-01
4.357486023205754400e-01
4.357486023205754400e-01
4.357486023205754400e-01
4.357486023205754400e-01
5.717313549992034671e-01
5.717313549992034671e-01
5.717313549992034671e-01
4.416140387033282710e-01
4.416140387033282710e-01
4.416140387033282710e-01
4.416140387033282710e-01
5.551180202247858464e-01
5.551180202247858464e-01
5.551180202247858464e-01
5.551180202247858464e-01
5.427078235480943258e-01
5.427078235480943258e-01
5.427078235480943258e-01
5.427078235480943258e-01
5.427078235480943258e-01
5.427078235480943258e-01
5.427078235480943258e-01
5.427078235480943258e-01
5.427078235480943258e-01
5.427078235480943258e-01
5.427078235480943258e-01
5.427078235480943258e-01
6.660754550589649270e-01
6.660754550589649270e-01
6.660754550589649270e-01
3.448977881966102110e-01
3.448977881966102110e-01
3.448977881966102110e-01
3.448977881966102110e-01
3.448977881966102110e-01
3.448977881966102110e-01
3.448977881966102110e-01
3.448977881966102110e-01
3.448977881966102110e-01
3.448977881966102110e-01
3.448977881966102110e-01
3.448977881966102110e-01
3.448977881966102110e-01
3.448977881966102110e-01
9.271146696011447474e-01
1.439722426034585334e-01
6.117772723671734969e-01
6.117772723671734969e-01
6.117772723671734969e-01
6.117772723671734969e-01
6.117772723671734969e-01
6.117772723671734969e-01
6.117772723671734969e-01
6.117772723671734969e-01
4.865664420695930970e-01
4.865664420695930970e-01
4.865664420695930970e-01
4.865664420695930970e-01
3.969898781175250635e-01
3.969898781175250635e-01
3.969898781175250635e-01
3.969898781175250635e-01
3.969898781175250635e-01
3.969898781175250635e-01
1.085579062173067655e-01
1.085579062173067655e-01
1.085579062173067655e-01
1.085579062173067655e-01
1.448729605366216311e-01
5.020778748942295033e-01
5.020778748942295033e-01
5.020778748942295033e-01
6.011879425705400903e-01
6.011879425705400903e-01
6.011879425705400903e-01
6.011879425705400903e-01
3.405279847566812235e-01
8.114265917067758904e-02
8.114265917067758904e-02
8.114265917067758904e-02
8.114265917067758904e-02
1.596875957746160535e-02
1.596875957746160535e-02
-3.360727040070556060e-02
1.113243135521522070e-01
1.113243135521522070e-01
1.113243135521522070e-01
1.113243135521522070e-01
1.113243135521522070e-01
1.113243135521522070e-01
2.928928062939629706e-01
2.928928062939629706e-01
2.928928062939629706e-01
6.619955410174671595e-01
6.619955410174671595e-01
6.619955410174671595e-01
6.619955410174671595e-01
6.619955410174671595e-01
6.619955410174671595e-01
6.619955410174671595e-01
6.619955410174671595e-01
5.650405310055086616e-01
5.650405310055086616e-01
5.650405310055086616e-01
5.811471795215976677e-01
5.811471795215976677e-01
5.811471795215976677e-01
5.811471795215976677e-01
5.811471795215976677e-01
6.622882825660456607e-01
6.622882825660456607e-01
6.622882825660456607e-01
6.622882825660456607e-01
6.622882825660456607e-01
6.622882825660456607e-01
6.622882825660456607e-01
6.622882825660456607e-01
4.391845525055432242e-01
4.391845525055432242e-01
4.391845525055432242e-01
4.391845525055432242e-01
4.391845525055432242e-01
4.391845525055432242e-01
4.391845525055432242e-01
4.391845525055432242e-01
4.391845525055432242e-01
4.391845525055432242e-01
4.391845525055432242e-01
4.391845525055432242e-01
4.391845525055432242e-01
4.391845525055432242e-01
4.391845525055432242e-01
6.330571531086709447e-01
1.916389268281920022e-01
7.162405010811661032e-01
7.162405010811661032e-01
7.162405010811661032e-01
7.162405010811661032e-01
7.162405010811661032e-01
5.516303998574518808e-01
5.516303998574518808e-01
5.516303998574518808e-01
5.516303998574518808e-01
4.560455118722940293e-01
4.560455118722940293e-01
4.560455118722940293e-01
4.560455118722940293e-01
4.560455118722940293e-01
4.560455118722940293e-01
4.560455118722940293e-01
4.560455118722940293e-01
4.560455118722940293e-01
4.560455118722940293e-01
4.560455118722940293e-01
4.560455118722940293e-01
2.145956191580484784e-01
2.145956191580484784e-01
2.145956191580484784e-01
2.145956191580484784e-01
2.145956191580484784e-01
4.126607327897357513e-01
4.111940819259396473e-01
4.111940819259396473e-01
1.601114762020773852e-01
1.601114762020773852e-01
1.601114762020773852e-01
1.601114762020773852e-01
1.601114762020773852e-01
1.601114762020773852e-01
3.639013556328167809e-01
5.261755409966728525e-01
4.890084171436063776e-01
4.890084171436063776e-01
4.890084171436063776e-01
4.890084171436063776e-01
4.890084171436063776e-01
4.890084171436063776e-01
3.132625209613577044e-01
3.132625209613577044e-01
3.132625209613577044e-01
3.132625209613577044e-01
3.132625209613577044e-01
3.132625209613577044e-01
3.132625209613577044e-01
3.132625209613577044e-01
3.132625209613577044e-01
3.132625209613577044e-01
3.132625209613577044e-01
3.027506846954693409e-01
3.027506846954693409e-01
3.027506846954693409e-01
3.027506846954693409e-01
2.675927999056667561e-01
2.675927999056667561e-01
2.675927999056667561e-01
4.410216745298164986e-01
5.608931839556569043e-02
5.608931839556569043e-02
1.047282483251052443e-01
1.047282483251052443e-01
1.047282483251052443e-01
1.047282483251052443e-01
1.047282483251052443e-01
3.195559760195876842e-01
3.195559760195876842e-01
3.195559760195876842e-01
3.195559760195876842e-01
3.195559760195876842e-01
3.195559760195876842e-01
3.195559760195876842e-01
-8.710058712979040774e-02
-8.710058712979040774e-02
-8.710058712979040774e-02
-8.710058712979040774e-02
-8.710058712979040774e-02
2.109521242981712286e-01
2.109521242981712286e-01
2.109521242981712286e-01
-2.481439247933653336e-02
2.851957088837278054e-01
2.851957088837278054e-01
2.851957088837278054e-01
2.851957088837278054e-01
2.851957088837278054e-01
2.851957088837278054e-01
2.851957088837278054e-01
2.851957088837278054e-01
6.760812734566605808e-01
6.760812734566605808e-01
5.076578968410980774e-01
5.076578968410980774e-01
5.076578968410980774e-01
-2.442546333569047823e-01
-2.442546333569047823e-01
1.549380737241953243e-01
1.549380737241953243e-01
1.549380737241953243e-01
1.549380737241953243e-01
1.259334373457552114e-01
1.259334373457552114e-01
4.471140094564992618e-01
-3.091990401368823749e-01
-1.201767759981627326e-01
-2.223629826322169600e-02
-2.223629826322169600e-02
-2.810046910005817300e-01
-2.810046910005817300e-01
-2.810046910005817300e-01
-3.767783326021611479e-01
-3.767783326021611479e-01
-1.154218569296718844e-01
-1.154218569296718844e-01
-1.154218569296718844e-01
-1.154218569296718844e-01
-1.230197813895223119e-01
-1.230197813895223119e-01
-1.230197813895223119e-01
-1.230197813895223119e-01
-1.230197813895223119e-01
-1.230197813895223119e-01
-1.230197813895223119e-01
-1.230197813895223119e-01
1.435809288521811555e-01
1.435809288521811555e-01
2.240789034346507558e-01
-7.201180209691127043e-03
-7.201180209691127043e-03
-7.201180209691127043e-03
-7.201180209691127043e-03
2.312015773554651488e-02
2.312015773554651488e-02
2.312015773554651488e-02
2.312015773554651488e-02
2.312015773554651488e-02
5.847419262148397662e-02
5.847419262148397662e-02
5.847419262148397662e-02
5.847419262148397662e-02
-2.418167939415000467e-01
-2.418167939415000467e-01
-1.559153111124955693e-02
-1.559153111124955693e-02
-1.559153111124955693e-02
-1.559153111124955693e-02
-1.559153111124955693e-02
-1.261825340826615849e-01
-1.261825340826615849e-01
-1.261825340826615849e-01
-1.261825340826615849e-01
-1.261825340826615849e-01
-1.261825340826615849e-01
-1.261825340826615849e-01
-1.261825340826615849e-01
-1.261825340826615849e-01
-1.261825340826615849e-01
-1.261825340826615849e-01
-1.261825340826615849e-01
-1.261825340826615849e-01
-1.261825340826615849e-01
-1.261825340826615849e-01
-1.261825340826615849e-01
-1.261825340826615849e-01
-1.380820608527368598e-01
-4.733264733726100237e-02
-4.733264733726100237e-02
-4.733264733726100237e-02
-4.733264733726100237e-02
-4.733264733726100237e-02
-4.733264733726100237e-02
2.782847971824586875e-01
2.782847971824586875e-01
-4.218972675167337316e-02
-4.218972675167337316e-02
-4.218972675167337316e-02
-4.218972675167337316e-02
-4.218972675167337316e-02
-4.218972675167337316e-02
-4.218972675167337316e-02
-4.218972675167337316e-02
-4.218972675167337316e-02
-4.218972675167337316e-02
-4.218972675167337316e-02
-4.218972675167337316e-02
-4.218972675167337316e-02
-3.465186236172443368e-01
-3.465186236172443368e-01
-3.465186236172443368e-01
-3.465186236172443368e-01
1.534179214586950390e-01
1.534179214586950390e-01
-6.098330506259791450e-02
-6.098330506259791450e-02
-6.098330506259791450e-02
-6.098330506259791450e-02
1.039903525356669356e-01
1.039903525356669356e-01
1.039903525356669356e-01
6.680053010207678277e-01
6.680053010207678277e-01
6.680053010207678277e-01
6.680053010207678277e-01
6.680053010207678277e-01
6.680053010207678277e-01
6.680053010207678277e-01
6.680053010207678277e-01
6.680053010207678277e-01
6.680053010207678277e-01
6.680053010207678277e-01
2.665951250925796545e-01
2.665951250925796545e-01
4.109527481524204440e-01
1.670992858278003146e-02
1.670992858278003146e-02
1.670992858278003146e-02
1.615507058824616760e-01
1.615507058824616760e-01
1.615507058824616760e-01
1.615507058824616760e-01
1.615507058824616760e-01
1.615507058824616760e-01
1.615507058824616760e-01
2.857598947237480758e-01
2.857598947237480758e-01
2.857598947237480758e-01
2.857598947237480758e-01
2.857598947237480758e-01
2.857598947237480758e-01
2.857598947237480758e-01
2.857598947237480758e-01
2.857598947237480758e-01
2.857598947237480758e-01
2.857598947237480758e-01
5.667678444372388213e-01
5.667678444372388213e-01
5.667678444372388213e-01
5.667678444372388213e-01
5.667678444372388213e-01
5.667678444372388213e-01
5.667678444372388213e-01
5.667678444372388213e-01
5.667678444372388213e-01
5.667678444372388213e-01
5.667678444372388213e-01
2.972445108329194174e-01
2.972445108329194174e-01
2.972445108329194174e-01
6.118304567866688082e-01
6.118304567866688082e-01
5.487825147955529559e-01
5.487825147955529559e-01
5.487825147955529559e-01
5.487825147955529559e-01
5.487825147955529559e-01
5.487825147955529559e-01
5.487825147955529559e-01
5.487825147955529559e-01
5.487825147955529559e-01
5.487825147955529559e-01
5.487825147955529559e-01
5.487825147955529559e-01
5.487825147955529559e-01
5.487825147955529559e-01
5.051456202901607462e-01
5.051456202901607462e-01
5.051456202901607462e-01
5.051456202901607462e-01
5.051456202901607462e-01
5.051456202901607462e-01
5.051456202901607462e-01
5.051456202901607462e-01
5.051456202901607462e-01
5.051456202901607462e-01
5.051456202901607462e-01
5.051456202901607462e-01
5.051456202901607462e-01
5.051456202901607462e-01
5.051456202901607462e-01
5.051456202901607462e-01
5.051456202901607462e-01
5.051456202901607462e-01
5.051456202901607462e-01
5.051456202901607462e-01
5.444985846727119494e-01
5.444985846727119494e-01
5.444985846727119494e-01
5.444985846727119494e-01
5.444985846727119494e-01
5.444985846727119494e-01
5.444985846727119494e-01
5.444985846727119494e-01
5.444985846727119494e-01
5.444985846727119494e-01
5.444985846727119494e-01
5.029294800109582741e-01
5.029294800109582741e-01
5.029294800109582741e-01
7.118207502648310481e-01
7.118207502648310481e-01
7.118207502648310481e-01
7.118207502648310481e-01
5.193601528705443782e-01
5.193601528705443782e-01
5.193601528705443782e-01
5.193601528705443782e-01
5.193601528705443782e-01
5.193601528705443782e-01
5.193601528705443782e-01
5.193601528705443782e-01
5.193601528705443782e-01
5.193601528705443782e-01
4.310951568089298469e-01
4.310951568089298469e-01
2.943553508280656317e-01
5.776414007193653166e-02
5.776414007193653166e-02
5.776414007193653166e-02
5.776414007193653166e-02
5.776414007193653166e-02
5.776414007193653166e-02
5.776414007193653166e-02
5.776414007193653166e-02
5.776414007193653166e-02
5.776414007193653166e-02
5.776414007193653166e-02
3.430535834520738736e-01
-4.322124642309677078e-02
-4.322124642309677078e-02
9.935692422801747914e-02
9.935692422801747914e-02
9.935692422801747914e-02
9.935692422801747914e-02
2.656999181285093492e-01
2.656999181285093492e-01
2.656999181285093492e-01
2.656999181285093492e-01
2.656999181285093492e-01
2.656999181285093492e-01
2.656999181285093492e-01
2.656999181285093492e-01
2.656999181285093492e-01
2.656999181285093492e-01
2.656999181285093492e-01
2.656999181285093492e-01
2.656999181285093492e-01
2.736681754848509507e-01
2.736681754848509507e-01
2.736681754848509507e-01
2.736681754848509507e-01
2.736681754848509507e-01
2.736681754848509507e-01
2.736681754848509507e-01
2.736681754848509507e-01
3.254826751922279549e-01
3.254826751922279549e-01
3.254826751922279549e-01
1.802635475320259750e-01
1.802635475320259750e-01
1.802635475320259750e-01
1.802635475320259750e-01
1.802635475320259750e-01
1.802635475320259750e-01
1.802635475320259750e-01
1.802635475320259750e-01
1.802635475320259750e-01
1.802635475320259750e-01
1.802635475320259750e-01
1.802635475320259750e-01
1.802635475320259750e-01
1.802635475320259750e-01
1.802635475320259750e-01
5.252721382206709810e-01
4.236934190744507944e-01
7.263088931398238302e-01
7.263088931398238302e-01
7.263088931398238302e-01
7.263088931398238302e-01
7.263088931398238302e-01
7.263088931398238302e-01
7.862721700138418646e-01
8.431268649798709935e-01
8.431268649798709935e-01
6.074910524746055529e-01
6.074910524746055529e-01
6.074910524746055529e-01
6.074910524746055529e-01
6.074910524746055529e-01
7.092520157907068468e-01
7.062858584058838707e-01
7.062858584058838707e-01
7.062858584058838707e-01
7.062858584058838707e-01
7.062858584058838707e-01
7.062858584058838707e-01
7.062858584058838707e-01
7.062858584058838707e-01
6.992682957729463578e-01
6.992682957729463578e-01
6.992682957729463578e-01
6.992682957729463578e-01
6.992682957729463578e-01
6.992682957729463578e-01
6.992682957729463578e-01
6.992682957729463578e-01
6.992682957729463578e-01
6.992682957729463578e-01
6.992682957729463578e-01
6.992682957729463578e-01
6.992682957729463578e-01
6.992682957729463578e-01
6.992682957729463578e-01
6.992682957729463578e-01
6.992682957729463578e-01
6.992682957729463578e-01
7.598688704665792493e-01
7.598688704665792493e-01
7.598688704665792493e-01
7.598688704665792493e-01
7.598688704665792493e-01
7.598688704665792493e-01
3.956435580240636463e-01
3.956435580240636463e-01
3.956435580240636463e-01
3.956435580240636463e-01
3.956435580240636463e-01
8.467286955789283809e-01
8.467286955789283809e-01
8.467286955789283809e-01
8.467286955789283809e-01
8.467286955789283809e-01
9.453797758107204130e-01
9.453797758107204130e-01
9.453797758107204130e-01
9.453797758107204130e-01
9.453797758107204130e-01
9.453797758107204130e-01
9.453797758107204130e-01
9.453797758107204130e-01
9.453797758107204130e-01
9.453797758107204130e-01
9.453797758107204130e-01
9.453797758107204130e-01
9.453797758107204130e-01
9.453797758107204130e-01
9.453797758107204130e-01
9.466755673452529329e-01
-1.030904031893606909e-01
-1.030904031893606909e-01
9.552503894824362907e-02
9.552503894824362907e-02
9.552503894824362907e-02
9.552503894824362907e-02
9.552503894824362907e-02
9.552503894824362907e-02
9.552503894824362907e-02
9.552503894824362907e-02
9.552503894824362907e-02
1.461800384729442237e-01
1.461800384729442237e-01
1.461800384729442237e-01
1.461800384729442237e-01
1.461800384729442237e-01
2.314569997476812191e-01
2.314569997476812191e-01
2.314569997476812191e-01
8.324312709398151711e-02
1.537184854801695866e-01
-3.514265104484772251e-01
4.344874660600513416e-01
2.482723134222214467e-01
2.482723134222214467e-01
2.482723134222214467e-01
2.482723134222214467e-01
2.482723134222214467e-01
2.482723134222214467e-01
2.482723134222214467e-01
2.482723134222214467e-01
2.482723134222214467e-01
2.482723134222214467e-01
2.482723134222214467e-01
2.482723134222214467e-01
2.482723134222214467e-01
2.482723134222214467e-01
2.482723134222214467e-01
2.482723134222214467e-01
2.482723134222214467e-01
-1.267446266857408244e-02
-1.267446266857408244e-02
-3.096257508119749091e-01
-3.096257508119749091e-01
-3.096257508119749091e-01
-3.096257508119749091e-01
-3.096257508119749091e-01
-3.096257508119749091e-01
-3.096257508119749091e-01
-3.096257508119749091e-01
-3.096257508119749091e-01
-3.096257508119749091e-01
-3.096257508119749091e-01
-3.250238835737747634e-01
-3.250238835737747634e-01
-3.250238835737747634e-01
-3.250238835737747634e-01
-3.250238835737747634e-01
-3.250238835737747634e-01
-3.250238835737747634e-01
-3.250238835737747634e-01
-3.250238835737747634e-01
-3.295416410678725927e-01
-3.295416410678725927e-01
-3.295416410678725927e-01
-3.295416410678725927e-01
-1.642791928241997823e-01
-1.642791928241997823e-01
-1.642791928241997823e-01
-1.642791928241997823e-01
-1.642791928241997823e-01
-1.642791928241997823e-01
-1.642791928241997823e-01
-1.642791928241997823e-01
-1.752231148799398563e-01
-1.752231148799398563e-01
-3.601593882583620232e-01
-3.601593882583620232e-01
-2.046736394054413100e-01
-2.046736394054413100e-01
-2.046736394054413100e-01
-9.114990033080892784e-02
-9.114990033080892784e-02
-9.114990033080892784e-02
-9.114990033080892784e-02
-9.114990033080892784e-02
-9.114990033080892784e-02
8.812220428959639806e-02
1.365092725265036611e-01
1.365092725265036611e-01
1.365092725265036611e-01
1.365092725265036611e-01
1.365092725265036611e-01
1.365092725265036611e-01
1.365092725265036611e-01
1.365092725265036611e-01
5.726788406498402040e-01
5.726788406498402040e-01
5.726788406498402040e-01
2.630291924554380434e-01
5.497082507964716758e-01
-7.633068115456631553e-02
2.066388384097035957e-01
1.453091556658261119e-01
-8.354037830158600464e-02
-8.354037830158600464e-02
-8.354037830158600464e-02
-8.354037830158600464e-02
-8.354037830158600464e-02
-8.354037830158600464e-02
-8.354037830158600464e-02
-8.354037830158600464e-02
-8.354037830158600464e-02
-8.354037830158600464e-02
-3.339570517970745223e-01
-3.339570517970745223e-01
-3.339570517970745223e-01
-3.339570517970745223e-01
-3.339570517970745223e-01
-3.339570517970745223e-01
-3.339570517970745223e-01
-3.339570517970745223e-01
-3.339570517970745223e-01
-3.339570517970745223e-01
-3.339570517970745223e-01
-1.153883820213579270e-01
-1.153883820213579270e-01
-9.311780121510668251e-02
-9.311780121510668251e-02
-9.311780121510668251e-02
-9.311780121510668251e-02
-1.932635343993895638e-01
-1.487850903741675668e-01
-1.487850903741675668e-01
-8.214274243634239747e-02
-8.214274243634239747e-02
-8.214274243634239747e-02
-8.214274243634239747e-02
-8.214274243634239747e-02
-8.214274243634239747e-02
-8.214274243634239747e-02
-8.214274243634239747e-02
-8.214274243634239747e-02
-8.214274243634239747e-02
-8.214274243634239747e-02
-8.214274243634239747e-02
-2.255815341419255549e-01
-2.255815341419255549e-01
-2.255815341419255549e-01
-2.255815341419255549e-01
-2.255815341419255549e-01
-2.255815341419255549e-01
-9.392647491865471765e-02
-1.965704127583484118e-01
-1.965704127583484118e-01
-1.965704127583484118e-01
-1.965704127583484118e-01
-1.965704127583484118e-01
-1.965704127583484118e-01
-1.965704127583484118e-01
-1.965704127583484118e-01
-1.965704127583484118e-01
2.840438475927708484e-01
2.840438475927708484e-01
2.840438475927708484e-01
2.840438475927708484e-01
2.840438475927708484e-01
-3.936106529123820086e-01
-3.936106529123820086e-01
-3.936106529123820086e-01
-2.197086449127965968e-01
-2.197086449127965968e-01
-2.197086449127965968e-01
-2.197086449127965968e-01
-2.197086449127965968e-01
-2.197086449127965968e-01
4.653429008497281250e-02
6.661319105640034488e-02
-1.244013220767809513e-01
-1.244013220767809513e-01
-1.244013220767809513e-01
-1.244013220767809513e-01
-1.244013220767809513e-01
-3.212380632776473677e-01
6.069820572359313493e-02
6.069820572359313493e-02
6.069820572359313493e-02
6.069820572359313493e-02
6.069820572359313493e-02
6.069820572359313493e-02
6.069820572359313493e-02
6.069820572359313493e-02
6.069820572359313493e-02
6.069820572359313493e-02
1.947493723563162304e-01
1.947493723563162304e-01
1.947493723563162304e-01
1.947493723563162304e-01
1.947493723563162304e-01
1.947493723563162304e-01
1.947493723563162304e-01
1.947493723563162304e-01
1.947493723563162304e-01
1.947493723563162304e-01
1.947493723563162304e-01
1.947493723563162304e-01
1.947493723563162304e-01
1.947493723563162304e-01
1.947493723563162304e-01
1.947493723563162304e-01
3.192961521669893665e-01
3.192961521669893665e-01
3.192961521669893665e-01
3.192961521669893665e-01
3.192961521669893665e-01
2.454691211955745134e-01
2.454691211955745134e-01
3.489726789854336042e-01
3.489726789854336042e-01
3.489726789854336042e-01
3.489726789854336042e-01
3.489726789854336042e-01
3.489726789854336042e-01
3.489726789854336042e-01
3.489726789854336042e-01
3.489726789854336042e-01
3.489726789854336042e-01
3.489726789854336042e-01
5.000753003813349640e-01
5.064956342150462865e-01
5.064956342150462865e-01
5.064956342150462865e-01
5.064956342150462865e-01
7.174126926337099919e-01
5.138080116672925080e-01
5.138080116672925080e-01
5.138080116672925080e-01
5.138080116672925080e-01
5.138080116672925080e-01
5.138080116672925080e-01
5.138080116672925080e-01
5.138080116672925080e-01
5.138080116672925080e-01
5.138080116672925080e-01
5.138080116672925080e-01
7.197306440012717355e-01
7.197306440012717355e-01
7.197306440012717355e-01
8.193068399578911087e-01
8.318599369687298406e-01
2.902375018766871761e-01
3.285734039398463535e-01
3.285734039398463535e-01
3.285734039398463535e-01
3.285734039398463535e-01
3.285734039398463535e-01
3.285734039398463535e-01
3.285734039398463535e-01
3.285734039398463535e-01
3.285734039398463535e-01
9.530097602047838956e-01
9.530097602047838956e-01
9.985945049449634903e-01
4.216838340178874489e-01
4.216838340178874489e-01
4.216838340178874489e-01
4.216838340178874489e-01
4.216838340178874489e-01
4.216838340178874489e-01
3.256837214390514434e-01
3.256837214390514434e-01
3.256837214390514434e-01
3.256837214390514434e-01
3.256837214390514434e-01
3.256837214390514434e-01
3.256837214390514434e-01
3.256837214390514434e-01
5.174284261489185965e-01
5.174284261489185965e-01
5.174284261489185965e-01
5.174284261489185965e-01
5.174284261489185965e-01
5.174284261489185965e-01
4.783869311362451970e-01
4.783869311362451970e-01
4.783869311362451970e-01
4.783869311362451970e-01
4.783869311362451970e-01
4.783869311362451970e-01
4.783869311362451970e-01
4.783869311362451970e-01
4.783869311362451970e-01
-4.843360074115299341e-02
-4.843360074115299341e-02
-4.843360074115299341e-02
1.217694372159731642e-01
1.217694372159731642e-01
1.217694372159731642e-01
5.469170044366196137e-01
5.469170044366196137e-01
2.504505655664705510e-01
2.504505655664705510e-01
2.504505655664705510e-01
3.476177960445381299e-01
1.266301653861755250e-01
1.266301653861755250e-01
1.266301653861755250e-01
2.384450854977235856e-01
2.384450854977235856e-01
2.384450854977235856e-01
2.384450854977235856e-01
7.805154798248820081e-02
7.805154798248820081e-02
7.805154798248820081e-02
7.805154798248820081e-02
7.805154798248820081e-02
7.805154798248820081e-02
7.805154798248820081e-02
7.805154798248820081e-02
7.805154798248820081e-02
7.805154798248820081e-02
7.805154798248820081e-02
7.805154798248820081e-02
7.805154798248820081e-02
7.805154798248820081e-02
7.805154798248820081e-02
7.805154798248820081e-02
7.805154798248820081e-02
7.805154798248820081e-02
7.805154798248820081e-02
7.805154798248820081e-02
7.805154798248820081e-02
7.805154798248820081e-02
7.805154798248820081e-02
2.758539676455167844e-01
3.602061554932441956e-01
3.602061554932441956e-01
3.602061554932441956e-01
3.602061554932441956e-01
3.602061554932441956e-01
3.602061554932441956e-01
3.602061554932441956e-01
3.602061554932441956e-01
3.602061554932441956e-01
3.602061554932441956e-01
3.602061554932441956e-01
3.602061554932441956e-01
3.602061554932441956e-01
4.159365960584441302e-01
4.159365960584441302e-01
5.994689759904862081e-01
5.994689759904862081e-01
5.994689759904862081e-01
5.994689759904862081e-01
5.994689759904862081e-01
5.994689759904862081e-01
9.015432220502678229e-01
9.015432220502678229e-01
9.015432220502678229e-01
1.502132924887661369e-01
1.502132924887661369e-01
8.171904884477727560e-01
8.171904884477727560e-01
8.171904884477727560e-01
8.171904884477727560e-01
8.171904884477727560e-01
8.171904884477727560e-01
8.171904884477727560e-01
8.171904884477727560e-01
8.171904884477727560e-01
8.171904884477727560e-01
8.171904884477727560e-01
4.045568098710480287e-01
6.712146684785362805e-01
6.712146684785362805e-01
6.712146684785362805e-01
6.712146684785362805e-01
4.611138256821969428e-01
4.611138256821969428e-01
4.611138256821969428e-01
2.410489561153021931e-01
2.410489561153021931e-01
2.410489561153021931e-01
2.410489561153021931e-01
2.410489561153021931e-01
2.410489561153021931e-01
2.410489561153021931e-01
2.410489561153021931e-01
2.410489561153021931e-01
2.410489561153021931e-01
2.410489561153021931e-01
-2.986894447051424706e-02
-2.986894447051424706e-02
-2.986894447051424706e-02
4.612152485897910714e-01
4.612152485897910714e-01
4.612152485897910714e-01
4.612152485897910714e-01
4.612152485897910714e-01
4.612152485897910714e-01
4.612152485897910714e-01
4.612152485897910714e-01
4.612152485897910714e-01
6.490979862037121739e-01
6.490979862037121739e-01
6.490979862037121739e-01
6.490979862037121739e-01
6.490979862037121739e-01
6.490979862037121739e-01
6.490979862037121739e-01
3.954612538851651760e-01
3.954612538851651760e-01
3.954612538851651760e-01
4.303339905362211226e-01
4.303339905362211226e-01
4.303339905362211226e-01
4.303339905362211226e-01
4.303339905362211226e-01
4.303339905362211226e-01
4.303339905362211226e-01
4.303339905362211226e-01
4.303339905362211226e-01
4.303339905362211226e-01
4.303339905362211226e-01
4.303339905362211226e-01
4.303339905362211226e-01
4.303339905362211226e-01
4.303339905362211226e-01
4.303339905362211226e-01
4.303339905362211226e-01
4.303339905362211226e-01
4.303339905362211226e-01
4.303339905362211226e-01
4.303339905362211226e-01
4.303339905362211226e-01
3.289250768260185698e-01
3.289250768260185698e-01
3.289250768260185698e-01
3.289250768260185698e-01
3.289250768260185698e-01
4.803305561204225249e-01
4.803305561204225249e-01
4.803305561204225249e-01
4.803305561204225249e-01
2.027020063113585957e-01
5.323864992460403123e-01
5.676189235356842167e-01
5.676189235356842167e-01
5.676189235356842167e-01
3.668003239061845555e-01
3.668003239061845555e-01
3.668003239061845555e-01
5.515499461100100698e-01
5.515499461100100698e-01
5.515499461100100698e-01
5.515499461100100698e-01
5.515499461100100698e-01
5.515499461100100698e-01
5.515499461100100698e-01
6.255462182531497106e-01
6.255462182531497106e-01
6.255462182531497106e-01
6.255462182531497106e-01
6.255462182531497106e-01
4.995138363063633680e-01
4.995138363063633680e-01
4.995138363063633680e-01
4.995138363063633680e-01
4.995138363063633680e-01
4.092429788868218732e-01
4.092429788868218732e-01
4.092429788868218732e-01
4.092429788868218732e-01
4.092429788868218732e-01
4.092429788868218732e-01
4.092429788868218732e-01
4.092429788868218732e-01
4.092429788868218732e-01
4.092429788868218732e-01
4.092429788868218732e-01
4.092429788868218732e-01
4.092429788868218732e-01
4.092429788868218732e-01
4.092429788868218732e-01
4.092429788868218732e-01
3.340249499433858293e-01
3.340249499433858293e-01
3.340249499433858293e-01
3.340249499433858293e-01
3.340249499433858293e-01
3.340249499433858293e-01
3.106804061616596502e-01
3.106804061616596502e-01
5.853207239639159898e-01
5.853207239639159898e-01
5.056877508236825580e-01
5.056877508236825580e-01
5.056877508236825580e-01
5.056877508236825580e-01
5.056877508236825580e-01
5.056877508236825580e-01
5.056877508236825580e-01
3.990423032878230858e-01
3.990423032878230858e-01
3.990423032878230858e-01
3.990423032878230858e-01
3.990423032878230858e-01
3.990423032878230858e-01
3.990423032878230858e-01
3.990423032878230858e-01
3.596681074439163073e-01
3.596681074439163073e-01
3.596681074439163073e-01
3.596681074439163073e-01
3.596681074439163073e-01
3.596681074439163073e-01
3.864635524607669126e-01
3.864635524607669126e-01
5.523990769455110472e-01
4.047451534821136510e-01
1.062753888350492226e-01
1.062753888350492226e-01
1.062753888350492226e-01
1.062753888350492226e-01
1.062753888350492226e-01
1.062753888350492226e-01
1.062753888350492226e-01
1.062753888350492226e-01
1.062753888350492226e-01
1.062753888350492226e-01
1.062753888350492226e-01
1.062753888350492226e-01
1.062753888350492226e-01
1.062753888350492226e-01
1.062753888350492226e-01
1.062753888350492226e-01
1.062753888350492226e-01
1.062753888350492226e-01
1.062753888350492226e-01
1.062753888350492226e-01
1.062753888350492226e-01
1.062753888350492226e-01
1.062753888350492226e-01
1.062753888350492226e-01
1.062753888350492226e-01
1.062753888350492226e-01
-5.567563107472792150e-02
-5.567563107472792150e-02
-5.567563107472792150e-02
4.937092910233581433e-01
4.937092910233581433e-01
4.678263351583476504e-01
4.678263351583476504e-01
4.678263351583476504e-01
4.678263351583476504e-01
4.678263351583476504e-01
4.678263351583476504e-01
4.678263351583476504e-01
4.678263351583476504e-01
4.678263351583476504e-01
4.678263351583476504e-01
4.678263351583476504e-01
4.678263351583476504e-01
4.678263351583476504e-01
4.678263351583476504e-01
4.678263351583476504e-01
4.678263351583476504e-01
4.678263351583476504e-01
4.678263351583476504e-01
4.344383321485261185e-01
4.344383321485261185e-01
1.829543444422037091e-01
1.829543444422037091e-01
1.829543444422037091e-01
1.829543444422037091e-01
1.829543444422037091e-01
1.829543444422037091e-01
1.829543444422037091e-01
1.829543444422037091e-01
1.829543444422037091e-01
1.829543444422037091e-01
5.438524183236923548e-01
5.438524183236923548e-01
5.438524183236923548e-01
5.438524183236923548e-01
5.438524183236923548e-01
9.878409558833495252e-02
5.121521981499362886e-01
5.121521981499362886e-01
5.121521981499362886e-01
5.121521981499362886e-01
5.121521981499362886e-01
5.121521981499362886e-01
5.121521981499362886e-01
5.121521981499362886e-01
5.121521981499362886e-01
5.121521981499362886e-01
5.121521981499362886e-01
5.121521981499362886e-01
5.121521981499362886e-01
5.121521981499362886e-01
5.121521981499362886e-01
5.121521981499362886e-01
5.121521981499362886e-01
5.121521981499362886e-01
5.121521981499362886e-01
5.121521981499362886e-01
5.121521981499362886e-01
5.121521981499362886e-01
5.121521981499362886e-01
5.121521981499362886e-01
5.121521981499362886e-01
5.121521981499362886e-01
5.121521981499362886e-01
5.121521981499362886e-01
5.121521981499362886e-01
5.121521981499362886e-01
5.121521981499362886e-01
5.121521981499362886e-01
5.121521981499362886e-01
5.121521981499362886e-01
9.211262527161494518e-01
9.211262527161494518e-01
9.211262527161494518e-01
9.211262527161494518e-01
9.211262527161494518e-01
4.226153132208179675e-01
4.226153132208179675e-01
4.226153132208179675e-01
4.226153132208179675e-01
4.226153132208179675e-01
4.924310540357523802e-01
4.924310540357523802e-01
4.924310540357523802e-01
4.924310540357523802e-01
4.924310540357523802e-01
4.924310540357523802e-01
6.330677595267705238e-01
6.330677595267705238e-01
6.330677595267705238e-01
6.330677595267705238e-01
6.330677595267705238e-01
6.330677595267705238e-01
6.330677595267705238e-01
6.330677595267705238e-01
6.877010385279214155e-01
6.877010385279214155e-01
6.877010385279214155e-01
6.877010385279214155e-01
6.877010385279214155e-01
6.877010385279214155e-01
6.877010385279214155e-01
6.877010385279214155e-01
6.877010385279214155e-01
6.877010385279214155e-01
8.976963781531668296e-01
7.088164517517084873e-01
7.088164517517084873e-01
7.088164517517084873e-01
7.088164517517084873e-01
6.058965130877769223e-01
6.058965130877769223e-01
6.556487968733564209e-01
6.556487968733564209e-01
9.985791530626551005e-01
9.985791530626551005e-01
9.985791530626551005e-01
9.985791530626551005e-01
9.985791530626551005e-01
6.826954571374581615e-01
6.826954571374581615e-01
6.826954571374581615e-01
6.953663981229057933e-01
6.953663981229057933e-01
4.000700328978697429e-01
4.000700328978697429e-01
3.289396817180904042e-01
3.289396817180904042e-01
3.289396817180904042e-01
3.289396817180904042e-01
3.289396817180904042e-01
3.224082801074559246e-01
3.224082801074559246e-01
3.224082801074559246e-01
3.224082801074559246e-01
3.224082801074559246e-01
3.224082801074559246e-01
3.224082801074559246e-01
3.224082801074559246e-01
3.224082801074559246e-01
3.224082801074559246e-01
3.224082801074559246e-01
3.224082801074559246e-01
3.224082801074559246e-01
5.325871870461275082e-01
5.325871870461275082e-01
5.325871870461275082e-01
5.325871870461275082e-01
5.325871870461275082e-01
5.325871870461275082e-01
5.325871870461275082e-01
5.325871870461275082e-01
5.325871870461275082e-01
4.167911362980847856e-01
5.629192019052620122e-01
5.629192019052620122e-01
5.629192019052620122e-01
5.326231236296372629e-01
5.326231236296372629e-01
5.326231236296372629e-01
5.326231236296372629e-01
5.326231236296372629e-01
5.326231236296372629e-01
5.326231236296372629e-01
5.326231236296372629e-01
5.326231236296372629e-01
5.326231236296372629e-01
5.326231236296372629e-01
5.326231236296372629e-01
5.326231236296372629e-01
5.326231236296372629e-01
5.326231236296372629e-01
5.326231236296372629e-01
6.097929709585500069e-01
6.097929709585500069e-01
6.097929709585500069e-01
6.097929709585500069e-01
6.097929709585500069e-01
6.097929709585500069e-01
6.097929709585500069e-01
6.097929709585500069e-01
6.097929709585500069e-01
6.097929709585500069e-01
6.097929709585500069e-01
6.097929709585500069e-01
6.123195860092073284e-01
6.123195860092073284e-01
6.123195860092073284e-01
6.123195860092073284e-01
6.123195860092073284e-01
6.762468866686491831e-01
6.762468866686491831e-01
6.762468866686491831e-01
5.902530566880822560e-01
5.902530566880822560e-01
5.902530566880822560e-01
5.902530566880822560e-01
5.902530566880822560e-01
5.119181640063892313e-01
5.119181640063892313e-01
5.119181640063892313e-01
3.508252389726952414e-01
3.867620536057637115e-01
3.867620536057637115e-01
3.867620536057637115e-01
4.410165725337197862e-01
1.692047291555065502e-01
5.168106746778925453e-01
2.475562794344759454e-01
1.678220723518969448e-01
1.108955452975520090e-01
1.108955452975520090e-01
1.108955452975520090e-01
1.108955452975520090e-01
3.726071355690742659e-01
3.726071355690742659e-01
3.726071355690742659e-01
-2.982177608320163431e-02
-2.982177608320163431e-02
-2.982177608320163431e-02
-2.982177608320163431e-02
4.646342542720544588e-01
4.646342542720544588e-01
4.646342542720544588e-01
4.719532317891512174e-01
4.719532317891512174e-01
4.719532317891512174e-01
4.719532317891512174e-01
4.154668603120137971e-01
4.154668603120137971e-01
1.962277736351140944e-01
1.962277736351140944e-01
1.962277736351140944e-01
1.962277736351140944e-01
6.720012914363363010e-02
6.720012914363363010e-02
6.720012914363363010e-02
6.720012914363363010e-02
6.720012914363363010e-02
6.720012914363363010e-02
6.720012914363363010e-02
6.720012914363363010e-02
6.720012914363363010e-02
6.720012914363363010e-02
6.720012914363363010e-02
6.720012914363363010e-02
6.720012914363363010e-02
6.720012914363363010e-02
6.720012914363363010e-02
6.720012914363363010e-02
6.720012914363363010e-02
6.720012914363363010e-02
6.720012914363363010e-02
6.720012914363363010e-02
6.720012914363363010e-02
6.720012914363363010e-02
6.720012914363363010e-02
6.720012914363363010e-02
6.720012914363363010e-02
6.720012914363363010e-02
6.720012914363363010e-02
6.720012914363363010e-02
6.720012914363363010e-02
6.486611656240894863e-01
5.326942792483166933e-01
-9.165449449850826547e-02
-9.165449449850826547e-02
-9.165449449850826547e-02
6.768789096153529083e-01
6.768789096153529083e-01
6.768789096153529083e-01
5.746459868771393031e-01
5.746459868771393031e-01
5.746459868771393031e-01
5.746459868771393031e-01
5.746459868771393031e-01
5.746459868771393031e-01
5.746459868771393031e-01
5.746459868771393031e-01
5.746459868771393031e-01
5.746459868771393031e-01
5.746459868771393031e-01
5.746459868771393031e-01
5.746459868771393031e-01
5.746459868771393031e-01
5.746459868771393031e-01
5.746459868771393031e-01
5.746459868771393031e-01
5.746459868771393031e-01
5.746459868771393031e-01
5.746459868771393031e-01
5.746459868771393031e-01
5.746459868771393031e-01
7.027121961012960938e-01
7.027121961012960938e-01
7.027121961012960938e-01
5.554466513860372157e-01
5.554466513860372157e-01
5.554466513860372157e-01
5.554466513860372157e-01
5.554466513860372157e-01
5.554466513860372157e-01
3.190173062948378768e-01
2.928794094059991027e-01
2.928794094059991027e-01
2.928794094059991027e-01
2.928794094059991027e-01
2.928794094059991027e-01
2.928794094059991027e-01
2.928794094059991027e-01
2.928794094059991027e-01
2.928794094059991027e-01
7.266560047755303842e-01
7.266560047755303842e-01
7.266560047755303842e-01
7.266560047755303842e-01
7.266560047755303842e-01
7.266560047755303842e-01
7.266560047755303842e-01
7.266560047755303842e-01
7.266560047755303842e-01
3.568011028383942240e-01
3.568011028383942240e-01
3.568011028383942240e-01
3.568011028383942240e-01
3.568011028383942240e-01
3.568011028383942240e-01
3.568011028383942240e-01
3.568011028383942240e-01
3.568011028383942240e-01
3.568011028383942240e-01
3.568011028383942240e-01
3.568011028383942240e-01
3.568011028383942240e-01
3.568011028383942240e-01
3.568011028383942240e-01
3.568011028383942240e-01
3.568011028383942240e-01
3.568011028383942240e-01
3.568011028383942240e-01
3.568011028383942240e-01
4.766061263586954810e-01
4.766061263586954810e-01
4.766061263586954810e-01
4.766061263586954810e-01
4.766061263586954810e-01
4.766061263586954810e-01
2.161905313578504351e-01
3.610146181064399773e-01
3.610146181064399773e-01
3.610146181064399773e-01
3.610146181064399773e-01
3.610146181064399773e-01
3.610146181064399773e-01
3.610146181064399773e-01
2.561929328562839170e-01
2.561929328562839170e-01
2.561929328562839170e-01
2.561929328562839170e-01
-6.545288569954155200e-02
-6.545288569954155200e-02
-6.545288569954155200e-02
-6.545288569954155200e-02
-6.545288569954155200e-02
-6.545288569954155200e-02
-6.545288569954155200e-02
-6.545288569954155200e-02
-6.545288569954155200e-02
2.560032300082848988e-01
-1.614455451227901905e-01
-1.614455451227901905e-01
-1.614455451227901905e-01
-1.614455451227901905e-01
2.124168772517632253e-01
2.124168772517632253e-01
2.124168772517632253e-01
2.233704771011754686e-01
2.233704771011754686e-01
2.233704771011754686e-01
2.233704771011754686e-01
2.233704771011754686e-01
2.233704771011754686e-01
2.233704771011754686e-01
2.233704771011754686e-01
2.233704771011754686e-01
2.233704771011754686e-01
2.233704771011754686e-01
2.233704771011754686e-01
2.233704771011754686e-01
2.233704771011754686e-01
2.233704771011754686e-01
2.233704771011754686e-01
1.905206893723672690e-01
1.905206893723672690e-01
-2.319522929326620631e-01
-2.319522929326620631e-01
-2.319522929326620631e-01
-2.319522929326620631e-01
-2.319522929326620631e-01
-2.319522929326620631e-01
-6.942023172104956341e-01
-6.942023172104956341e-01
-6.942023172104956341e-01
-6.942023172104956341e-01
-6.942023172104956341e-01
-6.942023172104956341e-01
-6.942023172104956341e-01
-6.563499515985502519e-01
-6.563499515985502519e-01
-6.563499515985502519e-01
-6.563499515985502519e-01
-4.484970635138694206e-01
-4.484970635138694206e-01
-4.484970635138694206e-01
-4.484970635138694206e-01
-4.484970635138694206e-01
-5.097160862659915193e-01
-5.097160862659915193e-01
-5.097160862659915193e-01
-4.659446226779567213e-01
-4.659446226779567213e-01
-4.659446226779567213e-01
-4.659446226779567213e-01
-4.659446226779567213e-01
-5.765729458421023912e-01
-3.894158388421415373e-01
-3.894158388421415373e-01
-4.572030072716001259e-01
-4.572030072716001259e-01
-4.572030072716001259e-01
-4.572030072716001259e-01
-5.154625425496892621e-01
-5.154625425496892621e-01
-5.154625425496892621e-01
-3.378955156110412528e-01
-1.565764777619901293e-01
-1.565764777619901293e-01
-1.565764777619901293e-01
-1.565764777619901293e-01
-3.082471190464796118e-01
-3.082471190464796118e-01
-3.082471190464796118e-01
-3.082471190464796118e-01
-6.320168851212615291e-03
-6.320168851212615291e-03
-6.320168851212615291e-03
-6.320168851212615291e-03
-6.320168851212615291e-03
-6.320168851212615291e-03
-6.320168851212615291e-03
-6.320168851212615291e-03
-1.745673048670720942e-02
-1.745673048670720942e-02
-1.745673048670720942e-02
-1.745673048670720942e-02
-3.422345418462801048e-01
-3.422345418462801048e-01
-1.069797222576007178e-01
-1.069797222576007178e-01
-1.069797222576007178e-01
-1.069797222576007178e-01
-3.853985484794587024e-01
-3.853985484794587024e-01
-3.853985484794587024e-01
-3.853985484794587024e-01
-3.853985484794587024e-01
-3.853985484794587024e-01
-3.853985484794587024e-01
-3.853985484794587024e-01
-3.853985484794587024e-01
-3.853985484794587024e-01
-1.534336360709339375e-01
-1.534336360709339375e-01
5.371043260878033410e-02
5.371043260878033410e-02
5.371043260878033410e-02
5.371043260878033410e-02
5.371043260878033410e-02
5.371043260878033410e-02
1.225092015389363798e-01
2.355385786257323533e-01
2.355385786257323533e-01
2.355385786257323533e-01
2.355385786257323533e-01
2.355385786257323533e-01
2.355385786257323533e-01
2.355385786257323533e-01
2.355385786257323533e-01
2.355385786257323533e-01
2.355385786257323533e-01
2.355385786257323533e-01
2.355385786257323533e-01
2.355385786257323533e-01
2.355385786257323533e-01
2.355385786257323533e-01
2.355385786257323533e-01
2.355385786257323533e-01
2.355385786257323533e-01
2.355385786257323533e-01
2.355385786257323533e-01
2.355385786257323533e-01
2.355385786257323533e-01
2.355385786257323533e-01
2.355385786257323533e-01
2.355385786257323533e-01
1.521898581630798108e-01
1.521898581630798108e-01
1.521898581630798108e-01
1.521898581630798108e-01
1.521898581630798108e-01
1.521898581630798108e-01
1.521898581630798108e-01
1.521898581630798108e-01
1.521898581630798108e-01
1.521898581630798108e-01
1.521898581630798108e-01
-4.812664673791250403e-02
3.414310593748403622e-01
3.414310593748403622e-01
3.414310593748403622e-01
3.414310593748403622e-01
3.414310593748403622e-01
3.414310593748403622e-01
3.414310593748403622e-01
3.414310593748403622e-01
3.414310593748403622e-01
3.414310593748403622e-01
3.414310593748403622e-01
3.414310593748403622e-01
3.840730385588262408e-01
3.840730385588262408e-01
3.840730385588262408e-01
3.840730385588262408e-01
3.840730385588262408e-01
3.840730385588262408e-01
3.840730385588262408e-01
3.840730385588262408e-01
3.840730385588262408e-01
3.840730385588262408e-01
3.840730385588262408e-01
6.968993950383999270e-01
6.968993950383999270e-01
6.968993950383999270e-01
6.968993950383999270e-01
6.968993950383999270e-01
6.968993950383999270e-01
5.952599385802161969e-01
5.952599385802161969e-01
5.952599385802161969e-01
5.196674121318731743e-01
5.196674121318731743e-01
5.196674121318731743e-01
5.196674121318731743e-01
5.196674121318731743e-01
4.425276371224987071e-01
4.425276371224987071e-01
4.425276371224987071e-01
4.425276371224987071e-01
4.697545117537679782e-01
4.697545117537679782e-01
4.697545117537679782e-01
4.697545117537679782e-01
2.054493692506513258e-01
2.054493692506513258e-01
2.054493692506513258e-01
2.054493692506513258e-01
2.054493692506513258e-01
2.054493692506513258e-01
2.054493692506513258e-01
-2.322679628982976530e-02
1.731203792749750059e-01
1.731203792749750059e-01
2.705657817853424074e-01
2.705657817853424074e-01
2.705657817853424074e-01
2.705657817853424074e-01
2.705657817853424074e-01
2.705657817853424074e-01
2.705657817853424074e-01
2.705657817853424074e-01
2.705657817853424074e-01
4.010759664864756990e-01
-1.991521304315648777e-01
-1.991521304315648777e-01
-1.991521304315648777e-01
-1.991521304315648777e-01
5.319524100595413030e-02
5.319524100595413030e-02
5.319524100595413030e-02
5.319524100595413030e-02
6.628257438715047523e-02
6.628257438715047523e-02
-1.301467148044389011e-01
-1.301467148044389011e-01
-1.301467148044389011e-01
-1.246893205712030772e-01
-1.246893205712030772e-01
-1.246893205712030772e-01
-1.246893205712030772e-01
2.285684879632417510e-01
2.285684879632417510e-01
6.639618886543341425e-02
6.639618886543341425e-02
6.639618886543341425e-02
6.639618886543341425e-02
1.886297339574150578e-01
1.886297339574150578e-01
1.886297339574150578e-01
1.886297339574150578e-01
4.270885081292974395e-01
4.270885081292974395e-01
4.270885081292974395e-01
4.270885081292974395e-01
4.270885081292974395e-01
2.904582508837242338e-01
2.904582508837242338e-01
2.904582508837242338e-01
2.904582508837242338e-01
2.904582508837242338e-01
2.904582508837242338e-01
2.904582508837242338e-01
2.904582508837242338e-01
2.904582508837242338e-01
4.127841048205896923e-01
4.127841048205896923e-01
4.127841048205896923e-01
1.019322729714426390e-01
1.019322729714426390e-01
1.019322729714426390e-01
1.019322729714426390e-01
1.019322729714426390e-01
1.019322729714426390e-01
6.807197850515922521e-02
6.807197850515922521e-02
6.807197850515922521e-02
6.807197850515922521e-02
6.807197850515922521e-02
6.807197850515922521e-02
1.091302564560714394e-01
1.091302564560714394e-01
1.091302564560714394e-01
1.091302564560714394e-01
1.091302564560714394e-01
1.091302564560714394e-01
-3.000619669341808571e-02
-3.000619669341808571e-02
-3.000619669341808571e-02
-3.000619669341808571e-02
-3.000619669341808571e-02
-3.000619669341808571e-02
-3.000619669341808571e-02
-3.000619669341808571e-02
-3.000619669341808571e-02
-3.000619669341808571e-02
-3.000619669341808571e-02
-3.000619669341808571e-02
-3.000619669341808571e-02
-3.000619669341808571e-02
-3.000619669341808571e-02
-3.000619669341808571e-02
-7.290473736960213780e-02
-7.290473736960213780e-02
-7.290473736960213780e-02
-7.290473736960213780e-02
-7.290473736960213780e-02
-7.290473736960213780e-02
5.542858010963136461e-01
5.542858010963136461e-01
5.542858010963136461e-01
5.542858010963136461e-01
5.542858010963136461e-01
5.542858010963136461e-01
5.542858010963136461e-01
5.542858010963136461e-01
1.716901311871469327e-01
1.716901311871469327e-01
-1.645678391485136949e-01
-5.587338811500305868e-02
-5.587338811500305868e-02
-5.587338811500305868e-02
-5.587338811500305868e-02
-5.587338811500305868e-02
-5.587338811500305868e-02
-5.587338811500305868e-02
-5.587338811500305868e-02
-5.587338811500305868e-02
-5.587338811500305868e-02
-5.587338811500305868e-02
-5.587338811500305868e-02
2.069990115895845029e-02
2.069990115895845029e-02
2.069990115895845029e-02
2.069990115895845029e-02
2.069990115895845029e-02
2.069990115895845029e-02
2.069990115895845029e-02
2.069990115895845029e-02
2.069990115895845029e-02
-1.312887528517525937e-01
-1.312887528517525937e-01
-1.312887528517525937e-01
-1.312887528517525937e-01
-1.312887528517525937e-01
-1.312887528517525937e-01
-5.672511669394696143e-02
-5.672511669394696143e-02
-5.672511669394696143e-02
-5.672511669394696143e-02
2.893722475815825868e-01
-3.721208285397432092e-01
-2.627784623404313957e-01
-1.501779947806697879e-01
-1.501779947806697879e-01
-1.501779947806697879e-01
-1.501779947806697879e-01
-1.501779947806697879e-01
-1.501779947806697879e-01
1.275237381332811060e-01
1.275237381332811060e-01
1.275237381332811060e-01
1.275237381332811060e-01
-3.555686928576165529e-02
2.567812629214520637e-02
4.363367791020886788e-01
4.363367791020886788e-01
4.363367791020886788e-01
4.363367791020886788e-01
8.036964515303850476e-01
8.036964515303850476e-01
5.813343851614709568e-01
5.813343851614709568e-01
5.813343851614709568e-01
5.813343851614709568e-01
5.813343851614709568e-01
5.813343851614709568e-01
5.813343851614709568e-01
5.813343851614709568e-01
5.813343851614709568e-01
5.813343851614709568e-01
5.813343851614709568e-01
8.557192673551463624e-01
8.557192673551463624e-01
8.557192673551463624e-01
8.557192673551463624e-01
3.841845733183101297e-01
5.796772469703891373e-01
5.796772469703891373e-01
5.796772469703891373e-01
5.796772469703891373e-01
5.796772469703891373e-01
5.796772469703891373e-01
5.796772469703891373e-01
5.796772469703891373e-01
5.796772469703891373e-01
5.796772469703891373e-01
5.796772469703891373e-01
5.796772469703891373e-01
5.796772469703891373e-01
6.961303156018538996e-01
6.961303156018538996e-01
6.961303156018538996e-01
6.961303156018538996e-01
6.961303156018538996e-01
6.961303156018538996e-01
6.961303156018538996e-01
6.961303156018538996e-01
6.961303156018538996e-01
6.961303156018538996e-01
4.806284800306827032e-01
6.576560156178072880e-01
6.576560156178072880e-01
6.576560156178072880e-01
5.761266955546539004e-01
6.129363390963280533e-01
6.129363390963280533e-01
6.129363390963280533e-01
1.350197206956135765e-01
1.350197206956135765e-01
1.350197206956135765e-01
1.350197206956135765e-01
1.350197206956135765e-01
1.350197206956135765e-01
1.350197206956135765e-01
1.350197206956135765e-01
1.350197206956135765e-01
1.350197206956135765e-01
1.350197206956135765e-01
1.350197206956135765e-01
1.350197206956135765e-01
1.350197206956135765e-01
1.350197206956135765e-01
1.350197206956135765e-01
2.301441161499990506e-01
2.301441161499990506e-01
2.301441161499990506e-01
2.301441161499990506e-01
2.301441161499990506e-01
2.083744094928232371e-01
2.083744094928232371e-01
2.083744094928232371e-01
2.194851668130763378e-01
1.747486341861381742e-01
-2.636625469844264269e-02
-2.636625469844264269e-02
3.855877277433128469e-01
3.855877277433128469e-01
3.855877277433128469e-01
3.855877277433128469e-01
3.855877277433128469e-01
3.855877277433128469e-01
3.855877277433128469e-01
3.855877277433128469e-01
2.017111303398877176e-01
2.017111303398877176e-01
2.017111303398877176e-01
2.017111303398877176e-01
1.347393680066500954e-01
1.347393680066500954e-01
3.462316111594440637e-02
3.462316111594440637e-02
4.252905326070811620e-01
4.252905326070811620e-01
4.252905326070811620e-01
4.252905326070811620e-01
4.252905326070811620e-01
4.252905326070811620e-01
4.252905326070811620e-01
4.252905326070811620e-01
4.252905326070811620e-01
4.252905326070811620e-01
4.252905326070811620e-01
1.242960735441565601e-01
1.242960735441565601e-01
1.242960735441565601e-01
1.242960735441565601e-01
1.242960735441565601e-01
1.242960735441565601e-01
1.242960735441565601e-01
1.242960735441565601e-01
1.242960735441565601e-01
1.242960735441565601e-01
1.242960735441565601e-01
1.242960735441565601e-01
1.242960735441565601e-01
1.242960735441565601e-01
1.242960735441565601e-01
6.470867316695341209e-01
6.470867316695341209e-01
6.470867316695341209e-01
6.470867316695341209e-01
6.470867316695341209e-01
6.470867316695341209e-01
5.720393314848881694e-01
5.720393314848881694e-01
5.720393314848881694e-01
5.720393314848881694e-01
5.720393314848881694e-01
5.720393314848881694e-01
7.534797965620720905e-02
7.534797965620720905e-02
3.509722715919617042e-01
3.509722715919617042e-01
3.509722715919617042e-01
2.699151434235779190e-01
2.699151434235779190e-01
2.699151434235779190e-01
2.699151434235779190e-01
5.172053573181252251e-01
2.907339969611431596e-01
3.577808665976848213e-01
3.577808665976848213e-01
4.289810593192495136e-01
6.912656809906576605e-01
6.066437434614547763e-01
6.066437434614547763e-01
6.066437434614547763e-01
5.184625736452412870e-01
5.184625736452412870e-01
5.184625736452412870e-01
5.184625736452412870e-01
5.184625736452412870e-01
5.184625736452412870e-01
5.184625736452412870e-01
5.184625736452412870e-01
5.184625736452412870e-01
3.177605403360664882e-01
3.177605403360664882e-01
3.177605403360664882e-01
3.177605403360664882e-01
3.177605403360664882e-01
2.401704546704255538e-01
2.401704546704255538e-01
2.401704546704255538e-01
2.401704546704255538e-01
2.401704546704255538e-01
-3.146421939890006736e-02
-3.146421939890006736e-02
-3.146421939890006736e-02
-3.146421939890006736e-02
-8.633076327476973955e-02
-8.633076327476973955e-02
-8.633076327476973955e-02
-8.633076327476973955e-02
-8.633076327476973955e-02
-8.633076327476973955e-02
-8.633076327476973955e-02
-8.633076327476973955e-02
-8.633076327476973955e-02
-8.633076327476973955e-02
-8.633076327476973955e-02
-8.633076327476973955e-02
-8.633076327476973955e-02
-8.633076327476973955e-02
-8.633076327476973955e-02
-8.633076327476973955e-02
-8.633076327476973955e-02
-8.633076327476973955e-02
-8.633076327476973955e-02
-8.633076327476973955e-02
-8.633076327476973955e-02
-8.633076327476973955e-02
-8.633076327476973955e-02
-8.633076327476973955e-02
-8.633076327476973955e-02
-2.104326532765813940e-01
-1.919799568600331074e-01
-1.919799568600331074e-01
-1.919799568600331074e-01
-1.919799568600331074e-01
1.716832599389244152e-01
4.058739411105688477e-01
4.058739411105688477e-01
4.953404830557313621e-01
4.953404830557313621e-01
4.953404830557313621e-01
-1.671641584387086321e-01
-1.671641584387086321e-01
-1.671641584387086321e-01
-1.671641584387086321e-01
-1.671641584387086321e-01
-1.671641584387086321e-01
-1.671641584387086321e-01
-1.671641584387086321e-01
-1.671641584387086321e-01
-1.671641584387086321e-01
-1.671641584387086321e-01
-1.671641584387086321e-01
-2.606911478178319808e-01
-2.606911478178319808e-01
-2.606911478178319808e-01
-2.606911478178319808e-01
-2.606911478178319808e-01
5.665337278749627004e-04
5.665337278749627004e-04
5.665337278749627004e-04
5.665337278749627004e-04
5.665337278749627004e-04
-4.094524187879449578e-02
-3.051064681165073511e-02
-3.051064681165073511e-02
-3.051064681165073511e-02
-3.051064681165073511e-02
-3.051064681165073511e-02
-3.051064681165073511e-02
-3.943721556211035040e-01
-3.943721556211035040e-01
-3.943721556211035040e-01
6.327057755367859748e-02
6.327057755367859748e-02
6.327057755367859748e-02
6.327057755367859748e-02
6.327057755367859748e-02
2.484603863151568781e-01
4.399875879476269902e-01
4.399875879476269902e-01
4.399875879476269902e-01
4.399875879476269902e-01
4.399875879476269902e-01
2.636891294406830122e-01
2.636891294406830122e-01
2.636891294406830122e-01
2.636891294406830122e-01
2.636891294406830122e-01
2.636891294406830122e-01
2.636891294406830122e-01
2.636891294406830122e-01
2.636891294406830122e-01
2.636891294406830122e-01
1.914261265115009270e-01
1.914261265115009270e-01
1.914261265115009270e-01
1.914261265115009270e-01
1.914261265115009270e-01
-2.164324794308887245e-01
6.228274328299238105e-02
6.228274328299238105e-02
6.228274328299238105e-02
6.228274328299238105e-02
6.228274328299238105e-02
6.228274328299238105e-02
6.228274328299238105e-02
6.228274328299238105e-02
6.228274328299238105e-02
-8.957248438958634318e-02
-8.957248438958634318e-02
-8.957248438958634318e-02
-8.957248438958634318e-02
2.066083421939848008e-01
2.066083421939848008e-01
3.924733177364195247e-02
3.924733177364195247e-02
3.924733177364195247e-02
3.924733177364195247e-02
3.924733177364195247e-02
3.924733177364195247e-02
3.924733177364195247e-02
3.924733177364195247e-02
3.924733177364195247e-02
3.924733177364195247e-02
3.924733177364195247e-02
5.600168340046974419e-02
5.600168340046974419e-02
5.600168340046974419e-02
5.600168340046974419e-02
2.647244744419344209e-01
2.647244744419344209e-01
2.647244744419344209e-01
2.647244744419344209e-01
2.647244744419344209e-01
2.647244744419344209e-01
2.647244744419344209e-01
2.647244744419344209e-01
2.647244744419344209e-01
2.647244744419344209e-01
5.117697619098585671e-01
5.117697619098585671e-01
5.117697619098585671e-01
5.117697619098585671e-01
5.117697619098585671e-01
5.117697619098585671e-01
5.117697619098585671e-01
5.117697619098585671e-01
5.117697619098585671e-01
5.117697619098585671e-01
5.117697619098585671e-01
3.791756383713819623e-01
3.791756383713819623e-01
3.791756383713819623e-01
2.881304684804014138e-01
4.659233826509193155e-01
4.659233826509193155e-01
4.659233826509193155e-01
4.347994288338724589e-01
1.127477787669104448e-01
1.127477787669104448e-01
1.127477787669104448e-01
1.127477787669104448e-01
1.127477787669104448e-01
1.127477787669104448e-01
2.361771964542850322e-01
2.244855783118296366e-02
2.244855783118296366e-02
2.244855783118296366e-02
2.244855783118296366e-02
2.244855783118296366e-02
2.244855783118296366e-02
2.244855783118296366e-02
2.244855783118296366e-02
2.244855783118296366e-02
-2.109066277246744031e-02
-2.109066277246744031e-02
-2.109066277246744031e-02
-2.109066277246744031e-02
-2.109066277246744031e-02
-2.109066277246744031e-02
