# Variable: C(pi)_radius
# Sample shape: (2565,)
# Date: 2013-03-08 06:18:12.834988
2.000000000000000000e+00
2.000000000000000000e+00
2.000000000000000000e+00
2.000000000000000000e+00
2.000000000000000000e+00
2.000000000000000000e+00
2.000000000000000000e+00
2.000000000000000000e+00
2.000000000000000000e+00
2.317413725831622084e+00
2.317413725831622084e+00
2.317413725831622084e+00
2.317413725831622084e+00
2.317413725831622084e+00
2.317413725831622084e+00
2.317413725831622084e+00
2.317413725831622084e+00
2.317413725831622084e+00
2.317413725831622084e+00
2.317413725831622084e+00
2.317413725831622084e+00
2.317413725831622084e+00
2.317413725831622084e+00
2.317413725831622084e+00
2.317413725831622084e+00
2.317413725831622084e+00
2.317413725831622084e+00
2.317413725831622084e+00
2.317413725831622084e+00
2.317413725831622084e+00
2.317413725831622084e+00
2.317413725831622084e+00
2.317413725831622084e+00
2.317413725831622084e+00
2.317413725831622084e+00
2.317413725831622084e+00
2.317413725831622084e+00
2.317413725831622084e+00
2.317413725831622084e+00
2.317413725831622084e+00
2.317413725831622084e+00
2.317413725831622084e+00
2.317413725831622084e+00
2.317413725831622084e+00
2.317413725831622084e+00
2.317413725831622084e+00
2.317413725831622084e+00
2.317413725831622084e+00
2.317413725831622084e+00
2.317413725831622084e+00
2.317413725831622084e+00
2.317413725831622084e+00
2.317413725831622084e+00
2.317413725831622084e+00
2.317413725831622084e+00
2.317413725831622084e+00
2.317413725831622084e+00
2.317413725831622084e+00
2.317413725831622084e+00
2.317413725831622084e+00
2.317413725831622084e+00
2.317413725831622084e+00
2.317413725831622084e+00
2.317413725831622084e+00
2.317413725831622084e+00
2.317413725831622084e+00
2.317413725831622084e+00
2.317413725831622084e+00
2.317413725831622084e+00
2.317413725831622084e+00
2.317413725831622084e+00
2.317413725831622084e+00
2.317413725831622084e+00
2.317413725831622084e+00
2.317413725831622084e+00
2.317413725831622084e+00
2.317413725831622084e+00
2.317413725831622084e+00
2.317413725831622084e+00
2.317413725831622084e+00
2.317413725831622084e+00
2.317413725831622084e+00
2.317413725831622084e+00
2.317413725831622084e+00
2.317413725831622084e+00
2.317413725831622084e+00
2.317413725831622084e+00
2.317413725831622084e+00
2.317413725831622084e+00
2.317413725831622084e+00
2.317413725831622084e+00
2.317413725831622084e+00
2.317413725831622084e+00
2.317413725831622084e+00
2.317413725831622084e+00
2.317413725831622084e+00
2.317413725831622084e+00
2.317413725831622084e+00
2.317413725831622084e+00
2.313232014346290999e+00
2.313232014346290999e+00
2.313232014346290999e+00
2.313232014346290999e+00
2.313232014346290999e+00
2.313232014346290999e+00
2.313232014346290999e+00
2.313232014346290999e+00
2.313232014346290999e+00
2.313232014346290999e+00
2.313232014346290999e+00
2.313232014346290999e+00
2.313232014346290999e+00
2.313232014346290999e+00
2.313232014346290999e+00
2.313232014346290999e+00
2.313232014346290999e+00
2.313232014346290999e+00
2.313232014346290999e+00
2.313232014346290999e+00
2.313232014346290999e+00
2.313232014346290999e+00
2.313232014346290999e+00
2.313232014346290999e+00
2.313232014346290999e+00
2.313232014346290999e+00
2.313232014346290999e+00
2.313232014346290999e+00
2.313232014346290999e+00
2.313232014346290999e+00
2.313232014346290999e+00
2.313232014346290999e+00
2.313232014346290999e+00
2.313232014346290999e+00
2.313232014346290999e+00
2.313232014346290999e+00
2.313232014346290999e+00
2.313232014346290999e+00
2.313232014346290999e+00
2.313232014346290999e+00
2.313232014346290999e+00
2.313232014346290999e+00
2.313232014346290999e+00
2.313232014346290999e+00
2.313232014346290999e+00
2.313232014346290999e+00
2.313232014346290999e+00
2.313232014346290999e+00
2.313232014346290999e+00
2.313232014346290999e+00
2.313232014346290999e+00
2.313232014346290999e+00
2.313232014346290999e+00
2.313232014346290999e+00
2.313232014346290999e+00
2.313232014346290999e+00
2.313232014346290999e+00
2.313232014346290999e+00
2.313232014346290999e+00
2.313232014346290999e+00
2.313232014346290999e+00
2.313232014346290999e+00
2.313232014346290999e+00
2.313232014346290999e+00
2.313232014346290999e+00
2.313232014346290999e+00
2.313232014346290999e+00
2.313232014346290999e+00
2.313232014346290999e+00
2.313232014346290999e+00
2.313232014346290999e+00
2.313232014346290999e+00
2.313232014346290999e+00
2.313232014346290999e+00
2.313232014346290999e+00
2.313232014346290999e+00
2.313232014346290999e+00
2.313232014346290999e+00
2.313232014346290999e+00
2.313232014346290999e+00
2.313232014346290999e+00
2.313232014346290999e+00
2.313232014346290999e+00
2.313232014346290999e+00
2.313232014346290999e+00
2.313232014346290999e+00
2.313232014346290999e+00
2.313232014346290999e+00
2.313232014346290999e+00
2.313232014346290999e+00
2.313232014346290999e+00
2.313232014346290999e+00
2.313232014346290999e+00
2.313232014346290999e+00
2.313232014346290999e+00
2.313232014346290999e+00
2.313232014346290999e+00
2.313232014346290999e+00
2.313232014346290999e+00
2.313232014346290999e+00
2.313232014346290999e+00
2.313232014346290999e+00
2.313232014346290999e+00
2.313232014346290999e+00
2.313232014346290999e+00
2.313232014346290999e+00
2.313232014346290999e+00
2.313232014346290999e+00
2.313232014346290999e+00
2.313232014346290999e+00
2.313232014346290999e+00
2.313232014346290999e+00
2.313232014346290999e+00
2.313232014346290999e+00
2.313232014346290999e+00
2.313232014346290999e+00
2.313232014346290999e+00
2.313232014346290999e+00
2.313232014346290999e+00
2.313232014346290999e+00
2.313232014346290999e+00
2.313232014346290999e+00
2.313232014346290999e+00
2.313232014346290999e+00
2.313232014346290999e+00
2.313232014346290999e+00
2.313232014346290999e+00
2.313232014346290999e+00
2.313232014346290999e+00
2.313232014346290999e+00
2.313232014346290999e+00
2.313232014346290999e+00
2.313232014346290999e+00
2.313232014346290999e+00
2.313232014346290999e+00
2.313232014346290999e+00
2.313232014346290999e+00
2.313232014346290999e+00
2.313232014346290999e+00
2.313232014346290999e+00
2.313232014346290999e+00
2.313232014346290999e+00
2.313232014346290999e+00
2.313232014346290999e+00
2.313232014346290999e+00
2.313232014346290999e+00
2.313232014346290999e+00
2.313232014346290999e+00
2.313232014346290999e+00
2.313232014346290999e+00
2.313232014346290999e+00
2.313232014346290999e+00
2.313232014346290999e+00
2.313232014346290999e+00
2.313232014346290999e+00
2.313232014346290999e+00
2.313232014346290999e+00
2.313232014346290999e+00
2.313232014346290999e+00
2.313232014346290999e+00
2.313232014346290999e+00
2.313232014346290999e+00
2.313232014346290999e+00
2.313232014346290999e+00
2.313232014346290999e+00
2.313232014346290999e+00
2.313232014346290999e+00
2.313232014346290999e+00
2.313232014346290999e+00
2.313232014346290999e+00
2.313232014346290999e+00
2.313232014346290999e+00
2.313232014346290999e+00
2.313232014346290999e+00
2.313232014346290999e+00
2.313232014346290999e+00
2.313232014346290999e+00
2.313232014346290999e+00
2.313232014346290999e+00
2.313232014346290999e+00
2.313232014346290999e+00
2.313232014346290999e+00
2.313232014346290999e+00
2.313232014346290999e+00
2.313232014346290999e+00
2.313232014346290999e+00
2.313232014346290999e+00
2.313232014346290999e+00
2.313232014346290999e+00
2.313232014346290999e+00
2.313232014346290999e+00
2.313232014346290999e+00
2.313232014346290999e+00
2.313232014346290999e+00
2.313232014346290999e+00
2.313232014346290999e+00
2.313232014346290999e+00
2.313232014346290999e+00
2.313232014346290999e+00
2.313232014346290999e+00
2.313232014346290999e+00
2.313232014346290999e+00
2.313232014346290999e+00
2.313232014346290999e+00
2.313232014346290999e+00
2.313232014346290999e+00
2.313232014346290999e+00
2.313232014346290999e+00
2.313232014346290999e+00
2.313232014346290999e+00
2.313232014346290999e+00
2.313232014346290999e+00
2.313232014346290999e+00
2.313232014346290999e+00
2.313232014346290999e+00
2.313232014346290999e+00
2.313232014346290999e+00
2.313232014346290999e+00
2.313232014346290999e+00
2.313232014346290999e+00
2.313232014346290999e+00
2.313232014346290999e+00
2.313232014346290999e+00
2.313232014346290999e+00
2.313232014346290999e+00
2.313232014346290999e+00
2.313232014346290999e+00
2.313232014346290999e+00
2.313232014346290999e+00
2.313232014346290999e+00
2.313232014346290999e+00
2.313232014346290999e+00
2.313232014346290999e+00
2.313232014346290999e+00
2.313232014346290999e+00
2.313232014346290999e+00
2.313232014346290999e+00
2.313232014346290999e+00
2.313232014346290999e+00
2.313232014346290999e+00
2.313232014346290999e+00
2.313232014346290999e+00
2.313232014346290999e+00
2.313232014346290999e+00
2.313232014346290999e+00
2.313232014346290999e+00
2.313232014346290999e+00
2.313232014346290999e+00
2.313232014346290999e+00
2.313232014346290999e+00
2.313232014346290999e+00
2.313232014346290999e+00
2.313232014346290999e+00
2.313232014346290999e+00
2.313232014346290999e+00
2.313232014346290999e+00
2.313232014346290999e+00
2.313232014346290999e+00
2.313232014346290999e+00
2.313232014346290999e+00
2.313232014346290999e+00
2.313232014346290999e+00
2.313232014346290999e+00
2.313232014346290999e+00
2.313232014346290999e+00
2.313232014346290999e+00
2.313232014346290999e+00
2.313232014346290999e+00
2.313232014346290999e+00
2.313232014346290999e+00
2.313232014346290999e+00
2.313232014346290999e+00
2.313232014346290999e+00
2.313232014346290999e+00
2.313232014346290999e+00
2.313232014346290999e+00
2.313232014346290999e+00
2.313232014346290999e+00
2.313232014346290999e+00
2.313232014346290999e+00
2.313232014346290999e+00
2.313232014346290999e+00
2.313232014346290999e+00
2.313232014346290999e+00
2.313232014346290999e+00
2.313232014346290999e+00
2.313232014346290999e+00
2.313232014346290999e+00
2.313232014346290999e+00
2.313232014346290999e+00
2.313232014346290999e+00
2.313232014346290999e+00
2.313232014346290999e+00
2.313232014346290999e+00
2.313232014346290999e+00
2.313232014346290999e+00
2.313232014346290999e+00
2.313232014346290999e+00
2.313232014346290999e+00
2.313232014346290999e+00
2.313232014346290999e+00
2.313232014346290999e+00
2.313232014346290999e+00
2.313232014346290999e+00
2.313232014346290999e+00
2.313232014346290999e+00
2.313232014346290999e+00
2.313232014346290999e+00
2.313232014346290999e+00
2.313232014346290999e+00
2.313232014346290999e+00
2.313232014346290999e+00
2.313232014346290999e+00
2.313232014346290999e+00
2.313232014346290999e+00
2.313232014346290999e+00
2.313232014346290999e+00
2.313232014346290999e+00
2.313232014346290999e+00
2.313232014346290999e+00
2.313232014346290999e+00
2.313232014346290999e+00
2.313232014346290999e+00
2.313232014346290999e+00
2.313232014346290999e+00
2.313232014346290999e+00
2.313232014346290999e+00
2.313232014346290999e+00
2.313232014346290999e+00
2.313232014346290999e+00
2.313232014346290999e+00
2.313232014346290999e+00
2.313232014346290999e+00
2.313232014346290999e+00
2.313232014346290999e+00
2.313232014346290999e+00
2.313232014346290999e+00
2.313232014346290999e+00
2.313232014346290999e+00
2.313232014346290999e+00
2.313232014346290999e+00
2.313232014346290999e+00
2.313232014346290999e+00
2.313232014346290999e+00
2.313232014346290999e+00
2.313232014346290999e+00
2.313232014346290999e+00
2.313232014346290999e+00
2.313232014346290999e+00
2.313232014346290999e+00
2.313232014346290999e+00
2.313232014346290999e+00
2.313232014346290999e+00
2.313232014346290999e+00
2.313232014346290999e+00
2.313232014346290999e+00
2.313232014346290999e+00
2.313232014346290999e+00
2.313232014346290999e+00
2.313232014346290999e+00
2.313232014346290999e+00
2.313232014346290999e+00
2.313232014346290999e+00
2.313232014346290999e+00
2.313232014346290999e+00
2.313232014346290999e+00
2.313232014346290999e+00
2.313232014346290999e+00
2.313232014346290999e+00
2.313232014346290999e+00
2.313232014346290999e+00
2.313232014346290999e+00
2.313232014346290999e+00
2.313232014346290999e+00
2.313232014346290999e+00
2.313232014346290999e+00
2.313232014346290999e+00
2.313232014346290999e+00
2.313232014346290999e+00
2.313232014346290999e+00
2.313232014346290999e+00
2.313232014346290999e+00
2.313232014346290999e+00
2.313232014346290999e+00
2.313232014346290999e+00
2.313232014346290999e+00
2.313232014346290999e+00
2.313232014346290999e+00
2.313232014346290999e+00
2.313232014346290999e+00
2.313232014346290999e+00
2.313232014346290999e+00
2.313232014346290999e+00
2.313232014346290999e+00
2.313232014346290999e+00
2.313232014346290999e+00
2.313232014346290999e+00
2.313232014346290999e+00
2.313232014346290999e+00
2.313232014346290999e+00
2.313232014346290999e+00
2.313232014346290999e+00
2.313232014346290999e+00
2.313232014346290999e+00
2.313232014346290999e+00
2.313232014346290999e+00
2.313232014346290999e+00
2.313232014346290999e+00
2.313232014346290999e+00
2.313232014346290999e+00
2.313232014346290999e+00
2.313232014346290999e+00
2.313232014346290999e+00
2.313232014346290999e+00
2.313232014346290999e+00
2.313232014346290999e+00
2.313232014346290999e+00
2.313232014346290999e+00
2.313232014346290999e+00
2.313232014346290999e+00
2.313232014346290999e+00
2.313232014346290999e+00
2.313232014346290999e+00
2.313232014346290999e+00
2.313232014346290999e+00
2.313232014346290999e+00
2.313232014346290999e+00
2.313232014346290999e+00
2.313232014346290999e+00
2.313232014346290999e+00
2.313232014346290999e+00
2.313232014346290999e+00
2.313232014346290999e+00
2.313232014346290999e+00
2.313232014346290999e+00
2.313232014346290999e+00
2.313232014346290999e+00
2.313232014346290999e+00
2.313232014346290999e+00
2.313232014346290999e+00
2.313232014346290999e+00
2.313232014346290999e+00
2.313232014346290999e+00
2.313232014346290999e+00
2.313232014346290999e+00
2.313232014346290999e+00
2.313232014346290999e+00
2.313232014346290999e+00
2.313232014346290999e+00
2.313232014346290999e+00
2.313232014346290999e+00
2.313232014346290999e+00
2.313232014346290999e+00
2.313232014346290999e+00
2.313232014346290999e+00
2.313232014346290999e+00
2.313232014346290999e+00
2.313232014346290999e+00
2.313232014346290999e+00
2.313232014346290999e+00
2.313232014346290999e+00
2.313232014346290999e+00
2.313232014346290999e+00
2.313232014346290999e+00
2.313232014346290999e+00
2.313232014346290999e+00
2.313232014346290999e+00
2.313232014346290999e+00
2.313232014346290999e+00
2.313232014346290999e+00
2.313232014346290999e+00
2.313232014346290999e+00
2.313232014346290999e+00
2.313232014346290999e+00
2.313232014346290999e+00
2.313232014346290999e+00
2.313232014346290999e+00
2.313232014346290999e+00
2.313232014346290999e+00
2.313232014346290999e+00
2.313232014346290999e+00
2.313232014346290999e+00
2.313232014346290999e+00
2.313232014346290999e+00
2.313232014346290999e+00
2.313232014346290999e+00
2.313232014346290999e+00
2.313232014346290999e+00
2.313232014346290999e+00
2.313232014346290999e+00
2.313232014346290999e+00
2.313232014346290999e+00
2.313232014346290999e+00
2.313232014346290999e+00
2.313232014346290999e+00
2.313232014346290999e+00
2.313232014346290999e+00
2.313232014346290999e+00
2.313232014346290999e+00
2.313232014346290999e+00
2.313232014346290999e+00
2.313232014346290999e+00
2.313232014346290999e+00
2.313232014346290999e+00
2.313232014346290999e+00
2.313232014346290999e+00
2.313232014346290999e+00
2.313232014346290999e+00
2.313232014346290999e+00
2.313232014346290999e+00
2.313232014346290999e+00
2.313232014346290999e+00
2.313232014346290999e+00
2.309596576606726792e+00
2.309596576606726792e+00
2.309596576606726792e+00
2.309596576606726792e+00
2.309596576606726792e+00
2.309596576606726792e+00
2.309596576606726792e+00
2.309596576606726792e+00
2.309596576606726792e+00
2.309596576606726792e+00
2.309596576606726792e+00
2.309596576606726792e+00
2.309596576606726792e+00
2.309596576606726792e+00
2.309596576606726792e+00
2.309596576606726792e+00
2.309596576606726792e+00
2.309596576606726792e+00
2.309596576606726792e+00
2.309596576606726792e+00
2.309596576606726792e+00
2.309596576606726792e+00
2.309596576606726792e+00
2.309596576606726792e+00
2.309596576606726792e+00
2.309596576606726792e+00
2.309596576606726792e+00
2.309596576606726792e+00
2.309596576606726792e+00
2.309596576606726792e+00
2.309596576606726792e+00
2.309596576606726792e+00
2.309596576606726792e+00
2.309596576606726792e+00
2.309596576606726792e+00
2.309596576606726792e+00
2.309596576606726792e+00
2.309596576606726792e+00
2.309596576606726792e+00
2.286428690670698316e+00
2.286428690670698316e+00
2.286428690670698316e+00
2.286428690670698316e+00
2.286428690670698316e+00
2.286428690670698316e+00
2.286428690670698316e+00
2.286428690670698316e+00
2.286428690670698316e+00
2.286428690670698316e+00
2.286428690670698316e+00
2.286428690670698316e+00
2.286428690670698316e+00
2.286428690670698316e+00
2.286428690670698316e+00
2.286428690670698316e+00
2.286428690670698316e+00
2.286428690670698316e+00
2.286428690670698316e+00
2.269406976455641267e+00
2.269406976455641267e+00
2.269406976455641267e+00
2.269406976455641267e+00
2.269406976455641267e+00
2.269406976455641267e+00
2.269406976455641267e+00
2.269406976455641267e+00
2.269406976455641267e+00
2.269406976455641267e+00
2.269406976455641267e+00
2.269406976455641267e+00
2.269406976455641267e+00
2.269406976455641267e+00
2.269406976455641267e+00
2.269406976455641267e+00
2.269406976455641267e+00
2.269406976455641267e+00
2.269406976455641267e+00
2.269406976455641267e+00
2.269406976455641267e+00
2.269406976455641267e+00
2.269406976455641267e+00
2.269406976455641267e+00
2.269406976455641267e+00
2.269406976455641267e+00
2.269406976455641267e+00
2.269406976455641267e+00
2.269406976455641267e+00
2.269406976455641267e+00
2.269406976455641267e+00
2.250526296502596502e+00
2.250526296502596502e+00
2.250526296502596502e+00
2.250526296502596502e+00
2.250526296502596502e+00
2.250526296502596502e+00
2.250526296502596502e+00
2.250526296502596502e+00
2.168257051771689259e+00
2.168257051771689259e+00
2.168257051771689259e+00
2.168257051771689259e+00
2.168257051771689259e+00
2.168257051771689259e+00
2.168257051771689259e+00
2.168257051771689259e+00
2.168257051771689259e+00
2.168257051771689259e+00
2.168257051771689259e+00
2.168257051771689259e+00
2.168257051771689259e+00
2.168257051771689259e+00
2.168257051771689259e+00
2.168257051771689259e+00
2.168257051771689259e+00
2.168257051771689259e+00
2.168257051771689259e+00
2.168257051771689259e+00
2.168257051771689259e+00
2.168257051771689259e+00
2.168257051771689259e+00
2.168257051771689259e+00
2.168257051771689259e+00
2.168257051771689259e+00
2.168257051771689259e+00
2.168257051771689259e+00
2.168257051771689259e+00
2.168257051771689259e+00
2.168257051771689259e+00
2.168257051771689259e+00
2.168257051771689259e+00
2.168257051771689259e+00
2.168257051771689259e+00
2.168257051771689259e+00
2.168257051771689259e+00
2.168257051771689259e+00
2.168257051771689259e+00
2.168257051771689259e+00
2.168257051771689259e+00
2.168257051771689259e+00
2.168257051771689259e+00
2.168257051771689259e+00
2.168257051771689259e+00
2.168257051771689259e+00
2.168257051771689259e+00
2.168257051771689259e+00
2.168257051771689259e+00
2.168257051771689259e+00
2.168257051771689259e+00
2.168257051771689259e+00
2.168257051771689259e+00
2.168257051771689259e+00
2.168257051771689259e+00
2.168257051771689259e+00
2.168257051771689259e+00
2.168257051771689259e+00
2.168257051771689259e+00
2.168257051771689259e+00
2.168257051771689259e+00
2.168257051771689259e+00
2.168257051771689259e+00
2.168257051771689259e+00
2.168257051771689259e+00
2.168257051771689259e+00
2.168257051771689259e+00
2.168257051771689259e+00
2.168257051771689259e+00
2.168257051771689259e+00
2.168257051771689259e+00
2.168257051771689259e+00
2.168257051771689259e+00
2.168257051771689259e+00
2.168257051771689259e+00
2.168257051771689259e+00
2.168257051771689259e+00
2.168257051771689259e+00
2.168257051771689259e+00
2.168257051771689259e+00
2.168257051771689259e+00
2.168257051771689259e+00
2.168257051771689259e+00
2.168257051771689259e+00
2.168257051771689259e+00
2.168257051771689259e+00
2.168257051771689259e+00
2.168257051771689259e+00
2.168257051771689259e+00
2.168257051771689259e+00
2.168257051771689259e+00
2.168257051771689259e+00
2.168257051771689259e+00
2.168257051771689259e+00
2.168257051771689259e+00
2.168257051771689259e+00
2.168257051771689259e+00
2.168257051771689259e+00
2.168257051771689259e+00
2.168257051771689259e+00
2.168257051771689259e+00
2.168257051771689259e+00
2.168257051771689259e+00
2.168257051771689259e+00
2.168257051771689259e+00
2.168257051771689259e+00
2.168257051771689259e+00
2.168257051771689259e+00
2.168257051771689259e+00
2.168257051771689259e+00
2.168257051771689259e+00
2.168257051771689259e+00
2.168257051771689259e+00
2.168257051771689259e+00
2.168257051771689259e+00
2.168257051771689259e+00
2.168257051771689259e+00
2.168257051771689259e+00
2.168257051771689259e+00
2.168257051771689259e+00
2.162919540709307142e+00
2.162919540709307142e+00
2.162919540709307142e+00
2.162919540709307142e+00
2.162919540709307142e+00
2.162919540709307142e+00
2.162919540709307142e+00
2.162919540709307142e+00
2.162919540709307142e+00
2.162919540709307142e+00
2.162919540709307142e+00
2.162919540709307142e+00
2.162919540709307142e+00
2.162919540709307142e+00
2.162919540709307142e+00
2.162919540709307142e+00
2.162919540709307142e+00
2.162919540709307142e+00
2.162919540709307142e+00
2.162919540709307142e+00
2.162919540709307142e+00
2.162919540709307142e+00
2.162919540709307142e+00
2.162919540709307142e+00
2.162919540709307142e+00
2.162919540709307142e+00
2.162919540709307142e+00
2.162919540709307142e+00
2.162919540709307142e+00
2.162919540709307142e+00
2.162919540709307142e+00
2.162919540709307142e+00
2.162919540709307142e+00
2.162919540709307142e+00
2.162919540709307142e+00
2.162919540709307142e+00
2.162919540709307142e+00
2.162919540709307142e+00
2.162919540709307142e+00
2.162919540709307142e+00
2.162919540709307142e+00
2.162919540709307142e+00
2.162919540709307142e+00
2.162919540709307142e+00
2.162919540709307142e+00
2.162919540709307142e+00
2.162919540709307142e+00
2.162919540709307142e+00
2.162919540709307142e+00
2.162919540709307142e+00
2.162919540709307142e+00
2.162919540709307142e+00
2.162919540709307142e+00
2.162919540709307142e+00
2.162919540709307142e+00
2.162919540709307142e+00
2.162919540709307142e+00
2.162919540709307142e+00
2.162919540709307142e+00
2.162919540709307142e+00
2.162919540709307142e+00
2.162919540709307142e+00
2.162919540709307142e+00
2.162919540709307142e+00
2.162919540709307142e+00
2.162919540709307142e+00
2.162919540709307142e+00
2.162919540709307142e+00
2.162919540709307142e+00
2.162919540709307142e+00
2.162919540709307142e+00
2.162919540709307142e+00
2.162919540709307142e+00
2.162919540709307142e+00
2.162919540709307142e+00
2.162919540709307142e+00
2.162919540709307142e+00
2.162919540709307142e+00
2.162919540709307142e+00
2.162919540709307142e+00
2.176845437201404554e+00
2.176845437201404554e+00
2.176845437201404554e+00
2.176845437201404554e+00
2.176845437201404554e+00
2.176845437201404554e+00
2.176845437201404554e+00
2.176845437201404554e+00
2.176845437201404554e+00
2.176845437201404554e+00
2.176845437201404554e+00
2.176845437201404554e+00
2.176845437201404554e+00
2.176845437201404554e+00
2.176845437201404554e+00
2.176845437201404554e+00
2.176845437201404554e+00
2.176845437201404554e+00
2.176845437201404554e+00
2.176845437201404554e+00
2.176845437201404554e+00
2.176845437201404554e+00
2.176845437201404554e+00
2.176845437201404554e+00
2.176845437201404554e+00
2.176845437201404554e+00
2.176845437201404554e+00
2.176845437201404554e+00
2.176845437201404554e+00
2.176845437201404554e+00
2.176845437201404554e+00
2.176845437201404554e+00
2.176845437201404554e+00
2.176845437201404554e+00
2.176845437201404554e+00
2.229486810844919731e+00
2.229486810844919731e+00
2.229486810844919731e+00
2.229486810844919731e+00
2.229486810844919731e+00
2.229486810844919731e+00
2.229486810844919731e+00
2.229486810844919731e+00
2.229486810844919731e+00
2.229486810844919731e+00
2.229486810844919731e+00
2.229486810844919731e+00
2.229486810844919731e+00
2.229486810844919731e+00
2.229486810844919731e+00
2.229486810844919731e+00
2.229486810844919731e+00
2.229486810844919731e+00
2.229486810844919731e+00
2.229486810844919731e+00
2.229486810844919731e+00
2.229486810844919731e+00
2.229486810844919731e+00
2.229486810844919731e+00
2.229486810844919731e+00
2.229486810844919731e+00
2.229486810844919731e+00
2.229486810844919731e+00
2.229486810844919731e+00
2.249763487579508059e+00
2.249763487579508059e+00
2.249763487579508059e+00
2.249763487579508059e+00
2.249763487579508059e+00
2.249763487579508059e+00
2.249763487579508059e+00
2.249763487579508059e+00
2.249763487579508059e+00
2.249763487579508059e+00
2.249763487579508059e+00
2.249763487579508059e+00
2.249763487579508059e+00
2.249763487579508059e+00
2.249763487579508059e+00
2.249763487579508059e+00
2.249763487579508059e+00
2.249763487579508059e+00
2.249763487579508059e+00
2.249763487579508059e+00
2.249763487579508059e+00
2.249763487579508059e+00
2.249763487579508059e+00
2.249763487579508059e+00
2.249763487579508059e+00
2.249763487579508059e+00
2.249763487579508059e+00
2.249763487579508059e+00
2.249763487579508059e+00
2.249763487579508059e+00
2.249763487579508059e+00
2.249763487579508059e+00
2.249763487579508059e+00
2.249763487579508059e+00
2.249763487579508059e+00
2.249763487579508059e+00
2.249763487579508059e+00
2.249763487579508059e+00
2.249763487579508059e+00
2.249763487579508059e+00
2.249763487579508059e+00
2.249763487579508059e+00
2.249763487579508059e+00
2.249763487579508059e+00
2.249763487579508059e+00
2.249763487579508059e+00
2.249763487579508059e+00
2.249763487579508059e+00
2.249763487579508059e+00
2.249763487579508059e+00
2.249763487579508059e+00
2.249763487579508059e+00
2.249763487579508059e+00
2.249763487579508059e+00
2.249763487579508059e+00
2.249763487579508059e+00
2.260968960434587505e+00
2.260968960434587505e+00
2.260968960434587505e+00
2.260968960434587505e+00
2.260968960434587505e+00
2.260968960434587505e+00
2.260968960434587505e+00
2.260968960434587505e+00
2.260968960434587505e+00
2.260968960434587505e+00
2.260968960434587505e+00
2.260968960434587505e+00
2.260968960434587505e+00
2.260968960434587505e+00
2.260968960434587505e+00
2.260968960434587505e+00
2.260968960434587505e+00
2.260968960434587505e+00
2.260968960434587505e+00
2.298167518980201773e+00
2.298167518980201773e+00
2.298167518980201773e+00
2.298167518980201773e+00
2.298167518980201773e+00
2.298167518980201773e+00
2.298167518980201773e+00
2.298167518980201773e+00
2.298167518980201773e+00
2.298167518980201773e+00
2.298167518980201773e+00
2.298167518980201773e+00
2.298167518980201773e+00
2.298167518980201773e+00
2.298167518980201773e+00
2.298167518980201773e+00
2.298167518980201773e+00
2.298167518980201773e+00
2.298167518980201773e+00
2.298167518980201773e+00
2.314176571866096488e+00
2.314176571866096488e+00
2.314176571866096488e+00
2.328094593767129794e+00
2.328094593767129794e+00
2.328094593767129794e+00
2.328094593767129794e+00
2.328094593767129794e+00
2.328094593767129794e+00
2.328094593767129794e+00
2.328094593767129794e+00
2.328094593767129794e+00
2.328094593767129794e+00
2.328094593767129794e+00
2.328094593767129794e+00
2.328094593767129794e+00
2.328094593767129794e+00
2.328094593767129794e+00
2.328094593767129794e+00
2.328094593767129794e+00
2.328094593767129794e+00
2.328094593767129794e+00
2.328094593767129794e+00
2.328094593767129794e+00
2.328094593767129794e+00
2.328094593767129794e+00
2.328094593767129794e+00
2.328094593767129794e+00
2.328094593767129794e+00
2.328094593767129794e+00
2.328094593767129794e+00
2.328094593767129794e+00
2.328094593767129794e+00
2.328094593767129794e+00
2.328094593767129794e+00
2.328094593767129794e+00
2.328094593767129794e+00
2.328094593767129794e+00
2.328094593767129794e+00
2.328094593767129794e+00
2.328094593767129794e+00
2.328094593767129794e+00
2.328094593767129794e+00
2.328094593767129794e+00
2.328094593767129794e+00
2.328094593767129794e+00
2.328094593767129794e+00
2.328094593767129794e+00
2.328094593767129794e+00
2.328094593767129794e+00
2.328094593767129794e+00
2.328094593767129794e+00
2.271523934098627517e+00
2.271523934098627517e+00
2.271523934098627517e+00
2.271523934098627517e+00
2.271523934098627517e+00
2.271523934098627517e+00
2.271523934098627517e+00
2.271523934098627517e+00
2.271523934098627517e+00
2.271523934098627517e+00
2.271523934098627517e+00
2.271523934098627517e+00
2.271523934098627517e+00
2.271523934098627517e+00
2.271523934098627517e+00
2.271523934098627517e+00
2.271523934098627517e+00
2.271523934098627517e+00
2.271523934098627517e+00
2.271523934098627517e+00
2.271523934098627517e+00
2.271523934098627517e+00
2.271523934098627517e+00
2.271523934098627517e+00
2.271523934098627517e+00
2.271523934098627517e+00
2.271523934098627517e+00
2.284782947026868793e+00
2.284782947026868793e+00
2.284782947026868793e+00
2.284782947026868793e+00
2.284782947026868793e+00
2.284782947026868793e+00
2.284782947026868793e+00
2.284782947026868793e+00
2.284782947026868793e+00
2.284782947026868793e+00
2.284782947026868793e+00
2.284782947026868793e+00
2.284782947026868793e+00
2.284782947026868793e+00
2.284782947026868793e+00
2.284782947026868793e+00
2.284782947026868793e+00
2.284782947026868793e+00
2.284782947026868793e+00
2.284782947026868793e+00
2.284782947026868793e+00
2.284782947026868793e+00
2.284782947026868793e+00
2.284782947026868793e+00
2.284782947026868793e+00
2.284782947026868793e+00
2.284782947026868793e+00
2.284782947026868793e+00
2.284782947026868793e+00
2.284782947026868793e+00
2.284782947026868793e+00
2.284782947026868793e+00
2.284782947026868793e+00
2.284782947026868793e+00
2.284782947026868793e+00
2.284782947026868793e+00
2.284782947026868793e+00
2.284782947026868793e+00
2.284782947026868793e+00
2.284782947026868793e+00
2.284782947026868793e+00
2.284782947026868793e+00
2.284782947026868793e+00
2.284782947026868793e+00
2.284782947026868793e+00
2.284782947026868793e+00
2.284782947026868793e+00
2.284782947026868793e+00
2.284782947026868793e+00
2.284782947026868793e+00
2.284782947026868793e+00
2.284782947026868793e+00
2.284782947026868793e+00
2.284782947026868793e+00
2.284782947026868793e+00
2.284782947026868793e+00
2.284782947026868793e+00
2.284782947026868793e+00
2.284782947026868793e+00
2.284782947026868793e+00
2.284782947026868793e+00
2.284782947026868793e+00
2.284782947026868793e+00
2.284782947026868793e+00
2.284782947026868793e+00
2.284782947026868793e+00
2.284782947026868793e+00
2.284782947026868793e+00
2.284782947026868793e+00
2.284782947026868793e+00
2.284782947026868793e+00
2.284782947026868793e+00
2.284782947026868793e+00
2.284782947026868793e+00
2.284782947026868793e+00
2.284782947026868793e+00
2.284782947026868793e+00
2.284782947026868793e+00
2.284782947026868793e+00
2.284782947026868793e+00
2.284782947026868793e+00
2.284782947026868793e+00
2.284782947026868793e+00
2.284782947026868793e+00
2.284782947026868793e+00
2.284782947026868793e+00
2.284782947026868793e+00
2.284782947026868793e+00
2.284782947026868793e+00
2.284782947026868793e+00
2.284782947026868793e+00
2.284782947026868793e+00
2.284782947026868793e+00
2.284782947026868793e+00
2.284782947026868793e+00
2.284782947026868793e+00
2.284782947026868793e+00
2.284782947026868793e+00
2.284782947026868793e+00
2.284782947026868793e+00
2.284782947026868793e+00
2.323540842127027606e+00
2.323540842127027606e+00
2.323540842127027606e+00
2.323540842127027606e+00
2.323540842127027606e+00
2.323540842127027606e+00
2.323540842127027606e+00
2.323540842127027606e+00
2.323540842127027606e+00
2.323540842127027606e+00
2.323540842127027606e+00
2.323540842127027606e+00
2.323540842127027606e+00
2.323540842127027606e+00
2.323540842127027606e+00
2.323540842127027606e+00
2.323540842127027606e+00
2.323540842127027606e+00
2.323540842127027606e+00
2.323540842127027606e+00
2.323540842127027606e+00
2.323540842127027606e+00
2.323540842127027606e+00
2.323540842127027606e+00
2.323540842127027606e+00
2.323540842127027606e+00
2.323540842127027606e+00
2.334363141475539027e+00
2.334363141475539027e+00
2.334363141475539027e+00
2.334363141475539027e+00
2.334363141475539027e+00
2.334363141475539027e+00
2.334363141475539027e+00
2.334363141475539027e+00
2.334363141475539027e+00
2.334363141475539027e+00
2.334363141475539027e+00
2.334363141475539027e+00
2.334363141475539027e+00
2.334363141475539027e+00
2.334363141475539027e+00
2.334363141475539027e+00
2.334363141475539027e+00
2.334363141475539027e+00
2.334363141475539027e+00
2.334363141475539027e+00
2.334363141475539027e+00
2.334363141475539027e+00
2.334363141475539027e+00
2.334363141475539027e+00
2.334363141475539027e+00
2.334363141475539027e+00
2.334363141475539027e+00
2.334363141475539027e+00
2.334363141475539027e+00
2.334363141475539027e+00
2.334363141475539027e+00
2.334363141475539027e+00
2.334363141475539027e+00
2.334363141475539027e+00
2.334363141475539027e+00
2.334363141475539027e+00
2.334363141475539027e+00
2.334363141475539027e+00
2.334363141475539027e+00
2.334363141475539027e+00
2.334363141475539027e+00
2.334363141475539027e+00
2.334363141475539027e+00
2.334363141475539027e+00
2.334363141475539027e+00
2.334363141475539027e+00
2.334363141475539027e+00
2.334363141475539027e+00
2.334363141475539027e+00
2.334363141475539027e+00
2.334363141475539027e+00
2.334363141475539027e+00
2.334363141475539027e+00
2.334363141475539027e+00
2.334363141475539027e+00
2.334363141475539027e+00
2.334363141475539027e+00
2.334363141475539027e+00
2.334363141475539027e+00
2.334363141475539027e+00
2.334363141475539027e+00
2.334363141475539027e+00
2.334363141475539027e+00
2.334363141475539027e+00
2.334363141475539027e+00
2.334363141475539027e+00
2.334363141475539027e+00
2.334363141475539027e+00
2.334363141475539027e+00
2.334363141475539027e+00
2.334363141475539027e+00
2.334363141475539027e+00
2.334363141475539027e+00
2.334363141475539027e+00
2.334363141475539027e+00
2.334363141475539027e+00
2.334363141475539027e+00
2.334363141475539027e+00
2.334363141475539027e+00
2.334363141475539027e+00
2.334363141475539027e+00
2.334363141475539027e+00
2.334363141475539027e+00
2.334363141475539027e+00
2.334363141475539027e+00
2.334363141475539027e+00
2.334363141475539027e+00
2.334363141475539027e+00
2.334363141475539027e+00
2.334363141475539027e+00
2.334363141475539027e+00
2.334363141475539027e+00
2.334363141475539027e+00
2.334363141475539027e+00
2.334363141475539027e+00
2.334363141475539027e+00
2.334363141475539027e+00
2.334363141475539027e+00
2.334363141475539027e+00
2.334363141475539027e+00
2.334363141475539027e+00
2.334363141475539027e+00
2.334363141475539027e+00
2.334363141475539027e+00
2.334363141475539027e+00
2.334363141475539027e+00
2.334363141475539027e+00
2.334363141475539027e+00
2.334363141475539027e+00
2.334363141475539027e+00
2.334363141475539027e+00
2.334363141475539027e+00
2.334363141475539027e+00
2.334363141475539027e+00
2.334363141475539027e+00
2.334363141475539027e+00
2.334363141475539027e+00
2.334363141475539027e+00
2.334363141475539027e+00
2.334363141475539027e+00
2.334363141475539027e+00
2.334363141475539027e+00
2.334363141475539027e+00
2.334363141475539027e+00
2.334363141475539027e+00
2.334363141475539027e+00
2.334363141475539027e+00
2.334363141475539027e+00
2.334363141475539027e+00
2.334363141475539027e+00
2.334363141475539027e+00
2.334363141475539027e+00
2.334363141475539027e+00
2.334363141475539027e+00
2.334363141475539027e+00
2.334363141475539027e+00
2.334363141475539027e+00
2.334363141475539027e+00
2.334363141475539027e+00
2.334363141475539027e+00
2.334363141475539027e+00
2.334363141475539027e+00
2.334363141475539027e+00
2.334363141475539027e+00
2.347156890295517329e+00
2.347156890295517329e+00
2.347156890295517329e+00
2.347156890295517329e+00
2.347156890295517329e+00
2.347156890295517329e+00
2.347156890295517329e+00
2.347156890295517329e+00
2.347156890295517329e+00
2.347156890295517329e+00
2.347156890295517329e+00
2.347156890295517329e+00
2.347156890295517329e+00
2.347156890295517329e+00
2.347156890295517329e+00
2.347156890295517329e+00
2.347156890295517329e+00
2.347156890295517329e+00
2.347156890295517329e+00
2.347156890295517329e+00
2.347156890295517329e+00
2.347156890295517329e+00
2.347156890295517329e+00
2.347156890295517329e+00
2.347156890295517329e+00
2.347156890295517329e+00
2.347156890295517329e+00
2.347156890295517329e+00
2.347156890295517329e+00
2.347156890295517329e+00
2.347156890295517329e+00
2.347156890295517329e+00
2.347156890295517329e+00
2.347156890295517329e+00
2.347156890295517329e+00
2.347156890295517329e+00
2.347156890295517329e+00
2.347156890295517329e+00
2.347156890295517329e+00
2.347156890295517329e+00
2.347156890295517329e+00
2.320327786416839899e+00
2.320327786416839899e+00
2.320327786416839899e+00
2.320327786416839899e+00
2.320327786416839899e+00
2.320327786416839899e+00
2.320327786416839899e+00
2.320327786416839899e+00
2.320327786416839899e+00
2.320327786416839899e+00
2.320327786416839899e+00
2.320327786416839899e+00
2.320327786416839899e+00
2.320327786416839899e+00
2.320327786416839899e+00
2.279356304257395216e+00
2.279356304257395216e+00
2.279356304257395216e+00
2.279356304257395216e+00
2.279356304257395216e+00
2.279356304257395216e+00
2.279356304257395216e+00
2.279356304257395216e+00
2.279356304257395216e+00
2.279356304257395216e+00
2.279356304257395216e+00
2.279356304257395216e+00
2.279356304257395216e+00
2.279356304257395216e+00
2.279356304257395216e+00
2.279356304257395216e+00
2.279356304257395216e+00
2.279356304257395216e+00
2.279356304257395216e+00
2.279356304257395216e+00
2.279356304257395216e+00
2.279356304257395216e+00
2.279356304257395216e+00
2.279356304257395216e+00
2.279356304257395216e+00
2.279356304257395216e+00
2.279356304257395216e+00
2.279356304257395216e+00
2.279356304257395216e+00
2.279356304257395216e+00
2.279356304257395216e+00
2.279356304257395216e+00
2.279356304257395216e+00
2.279356304257395216e+00
2.279356304257395216e+00
2.279356304257395216e+00
2.279356304257395216e+00
2.279356304257395216e+00
2.279356304257395216e+00
2.279356304257395216e+00
2.279356304257395216e+00
2.279356304257395216e+00
2.279356304257395216e+00
2.279356304257395216e+00
2.279356304257395216e+00
2.279356304257395216e+00
2.279356304257395216e+00
2.279356304257395216e+00
2.279356304257395216e+00
2.279356304257395216e+00
2.279356304257395216e+00
2.279356304257395216e+00
2.279356304257395216e+00
2.279356304257395216e+00
2.279356304257395216e+00
2.279356304257395216e+00
2.279356304257395216e+00
2.279356304257395216e+00
2.279356304257395216e+00
2.279356304257395216e+00
2.279356304257395216e+00
2.279356304257395216e+00
2.279356304257395216e+00
2.279356304257395216e+00
2.279356304257395216e+00
2.279356304257395216e+00
2.279356304257395216e+00
2.279356304257395216e+00
2.279356304257395216e+00
2.279356304257395216e+00
2.279356304257395216e+00
2.279356304257395216e+00
2.279356304257395216e+00
2.279356304257395216e+00
2.279356304257395216e+00
2.279356304257395216e+00
2.279356304257395216e+00
2.279356304257395216e+00
2.279356304257395216e+00
2.279356304257395216e+00
2.279356304257395216e+00
2.279356304257395216e+00
2.270471520160756818e+00
2.270471520160756818e+00
2.270471520160756818e+00
2.270471520160756818e+00
2.270471520160756818e+00
2.270471520160756818e+00
2.270471520160756818e+00
2.270471520160756818e+00
2.270471520160756818e+00
2.270471520160756818e+00
2.270471520160756818e+00
2.270471520160756818e+00
2.270471520160756818e+00
2.270471520160756818e+00
2.270471520160756818e+00
2.270471520160756818e+00
2.270471520160756818e+00
2.270471520160756818e+00
2.270471520160756818e+00
2.270471520160756818e+00
2.270471520160756818e+00
2.270471520160756818e+00
2.270471520160756818e+00
2.270471520160756818e+00
2.270471520160756818e+00
2.270471520160756818e+00
2.270471520160756818e+00
2.270471520160756818e+00
2.270471520160756818e+00
2.270471520160756818e+00
2.270471520160756818e+00
2.270471520160756818e+00
2.270471520160756818e+00
2.270471520160756818e+00
2.271681735101965582e+00
2.271681735101965582e+00
2.271681735101965582e+00
2.271681735101965582e+00
2.271681735101965582e+00
2.271681735101965582e+00
2.271681735101965582e+00
2.271681735101965582e+00
2.271681735101965582e+00
2.271681735101965582e+00
2.271681735101965582e+00
2.271681735101965582e+00
2.271681735101965582e+00
2.271681735101965582e+00
2.271681735101965582e+00
2.271681735101965582e+00
2.271681735101965582e+00
2.271681735101965582e+00
2.271681735101965582e+00
2.271681735101965582e+00
2.271681735101965582e+00
2.271681735101965582e+00
2.271681735101965582e+00
2.271681735101965582e+00
2.271681735101965582e+00
2.271681735101965582e+00
2.271681735101965582e+00
2.271681735101965582e+00
2.271681735101965582e+00
2.271681735101965582e+00
2.271681735101965582e+00
2.271681735101965582e+00
2.271681735101965582e+00
2.271681735101965582e+00
2.271681735101965582e+00
2.271681735101965582e+00
2.271681735101965582e+00
2.271681735101965582e+00
2.271681735101965582e+00
2.271681735101965582e+00
2.271681735101965582e+00
2.271681735101965582e+00
2.271681735101965582e+00
2.271681735101965582e+00
2.271681735101965582e+00
2.271681735101965582e+00
2.271681735101965582e+00
2.271681735101965582e+00
2.271681735101965582e+00
2.271681735101965582e+00
2.271681735101965582e+00
2.271681735101965582e+00
2.271681735101965582e+00
2.271681735101965582e+00
2.271681735101965582e+00
2.271681735101965582e+00
2.271681735101965582e+00
2.271681735101965582e+00
2.271681735101965582e+00
2.271681735101965582e+00
2.271681735101965582e+00
2.271681735101965582e+00
2.271681735101965582e+00
2.271681735101965582e+00
2.271681735101965582e+00
2.271681735101965582e+00
2.271681735101965582e+00
2.271681735101965582e+00
2.271681735101965582e+00
2.271681735101965582e+00
2.271681735101965582e+00
2.271681735101965582e+00
2.271681735101965582e+00
2.271681735101965582e+00
2.271681735101965582e+00
2.271681735101965582e+00
2.271681735101965582e+00
2.271681735101965582e+00
2.271681735101965582e+00
2.271681735101965582e+00
2.271681735101965582e+00
2.271681735101965582e+00
2.271681735101965582e+00
2.271681735101965582e+00
2.271681735101965582e+00
2.271681735101965582e+00
2.271681735101965582e+00
2.271681735101965582e+00
2.271681735101965582e+00
2.271681735101965582e+00
2.271681735101965582e+00
2.271681735101965582e+00
2.271681735101965582e+00
2.271681735101965582e+00
2.271681735101965582e+00
2.271681735101965582e+00
2.271681735101965582e+00
2.271681735101965582e+00
2.271681735101965582e+00
2.271681735101965582e+00
2.271681735101965582e+00
2.271681735101965582e+00
2.271681735101965582e+00
2.271681735101965582e+00
2.271681735101965582e+00
2.271681735101965582e+00
2.271681735101965582e+00
2.271681735101965582e+00
2.271681735101965582e+00
2.271681735101965582e+00
2.271681735101965582e+00
2.271681735101965582e+00
2.271681735101965582e+00
2.286053347823108428e+00
2.286053347823108428e+00
2.286053347823108428e+00
2.286053347823108428e+00
2.286053347823108428e+00
2.286053347823108428e+00
2.286053347823108428e+00
2.286053347823108428e+00
2.286053347823108428e+00
2.286053347823108428e+00
2.286053347823108428e+00
2.286053347823108428e+00
2.286053347823108428e+00
2.286053347823108428e+00
2.286053347823108428e+00
2.286053347823108428e+00
2.286053347823108428e+00
2.286053347823108428e+00
2.286053347823108428e+00
2.286053347823108428e+00
2.286053347823108428e+00
2.286053347823108428e+00
2.286053347823108428e+00
2.286053347823108428e+00
2.286053347823108428e+00
2.286053347823108428e+00
2.286053347823108428e+00
2.286053347823108428e+00
2.286053347823108428e+00
2.286053347823108428e+00
2.286053347823108428e+00
2.286053347823108428e+00
2.286053347823108428e+00
2.286053347823108428e+00
2.286053347823108428e+00
2.286053347823108428e+00
2.286053347823108428e+00
2.286053347823108428e+00
2.286053347823108428e+00
2.286053347823108428e+00
2.286053347823108428e+00
2.286053347823108428e+00
2.286053347823108428e+00
2.286053347823108428e+00
2.286053347823108428e+00
2.286053347823108428e+00
2.286053347823108428e+00
2.286053347823108428e+00
2.286053347823108428e+00
2.286053347823108428e+00
2.286053347823108428e+00
2.286053347823108428e+00
2.286053347823108428e+00
2.286053347823108428e+00
2.286053347823108428e+00
2.294419312923344112e+00
2.294419312923344112e+00
2.294419312923344112e+00
2.294419312923344112e+00
2.294419312923344112e+00
2.294419312923344112e+00
2.294419312923344112e+00
2.294419312923344112e+00
2.294419312923344112e+00
2.294419312923344112e+00
2.294419312923344112e+00
2.294419312923344112e+00
2.294419312923344112e+00
2.294419312923344112e+00
2.294419312923344112e+00
2.294419312923344112e+00
2.294419312923344112e+00
2.294419312923344112e+00
2.294419312923344112e+00
2.294419312923344112e+00
2.294419312923344112e+00
2.294419312923344112e+00
2.294419312923344112e+00
2.294419312923344112e+00
2.294419312923344112e+00
2.294419312923344112e+00
2.294419312923344112e+00
2.294419312923344112e+00
2.294419312923344112e+00
2.294419312923344112e+00
2.294419312923344112e+00
2.294419312923344112e+00
2.294419312923344112e+00
2.290735915456356242e+00
2.290735915456356242e+00
2.290735915456356242e+00
2.290735915456356242e+00
2.290735915456356242e+00
2.290735915456356242e+00
2.290735915456356242e+00
2.290735915456356242e+00
2.290735915456356242e+00
2.290735915456356242e+00
2.290735915456356242e+00
2.290735915456356242e+00
2.290735915456356242e+00
2.290735915456356242e+00
2.290735915456356242e+00
2.290735915456356242e+00
2.290735915456356242e+00
2.290735915456356242e+00
2.290735915456356242e+00
2.290735915456356242e+00
2.290735915456356242e+00
2.290735915456356242e+00
2.290735915456356242e+00
2.290735915456356242e+00
2.290735915456356242e+00
2.290735915456356242e+00
2.290735915456356242e+00
2.290735915456356242e+00
2.290735915456356242e+00
2.290735915456356242e+00
2.290735915456356242e+00
2.290735915456356242e+00
2.290735915456356242e+00
2.290735915456356242e+00
2.290735915456356242e+00
2.290735915456356242e+00
2.290735915456356242e+00
2.290735915456356242e+00
2.290735915456356242e+00
2.290735915456356242e+00
2.290735915456356242e+00
2.290735915456356242e+00
2.290735915456356242e+00
2.290735915456356242e+00
2.290735915456356242e+00
2.290735915456356242e+00
2.290735915456356242e+00
2.290735915456356242e+00
2.290735915456356242e+00
2.290735915456356242e+00
2.290735915456356242e+00
2.290735915456356242e+00
2.290735915456356242e+00
2.290735915456356242e+00
2.290735915456356242e+00
2.290735915456356242e+00
2.290735915456356242e+00
2.290735915456356242e+00
2.290735915456356242e+00
2.290735915456356242e+00
2.290735915456356242e+00
2.290735915456356242e+00
2.290735915456356242e+00
2.290735915456356242e+00
2.290735915456356242e+00
2.290735915456356242e+00
2.290735915456356242e+00
2.290735915456356242e+00
2.290735915456356242e+00
2.290735915456356242e+00
2.290735915456356242e+00
2.290735915456356242e+00
2.290735915456356242e+00
2.290735915456356242e+00
2.290735915456356242e+00
2.290735915456356242e+00
2.290735915456356242e+00
2.290735915456356242e+00
2.290735915456356242e+00
2.290735915456356242e+00
2.290735915456356242e+00
2.290735915456356242e+00
2.290735915456356242e+00
2.290735915456356242e+00
2.290735915456356242e+00
2.290735915456356242e+00
2.290735915456356242e+00
2.290735915456356242e+00
2.290735915456356242e+00
2.290735915456356242e+00
2.290735915456356242e+00
2.290735915456356242e+00
2.290735915456356242e+00
2.290735915456356242e+00
2.290735915456356242e+00
2.290735915456356242e+00
2.290735915456356242e+00
2.290735915456356242e+00
2.290735915456356242e+00
2.290735915456356242e+00
2.290735915456356242e+00
2.290735915456356242e+00
2.290735915456356242e+00
2.290735915456356242e+00
2.290735915456356242e+00
2.290735915456356242e+00
2.290735915456356242e+00
2.290735915456356242e+00
2.290735915456356242e+00
2.290735915456356242e+00
2.290735915456356242e+00
2.290735915456356242e+00
2.290735915456356242e+00
2.290735915456356242e+00
2.290735915456356242e+00
2.290735915456356242e+00
2.290735915456356242e+00
2.290735915456356242e+00
2.290735915456356242e+00
2.290735915456356242e+00
2.290735915456356242e+00
2.290735915456356242e+00
2.290735915456356242e+00
2.290735915456356242e+00
2.290735915456356242e+00
2.290735915456356242e+00
2.290735915456356242e+00
2.290735915456356242e+00
2.290735915456356242e+00
2.290735915456356242e+00
2.290735915456356242e+00
2.290735915456356242e+00
2.290735915456356242e+00
2.290735915456356242e+00
2.290735915456356242e+00
2.290735915456356242e+00
2.290735915456356242e+00
2.290735915456356242e+00
2.290735915456356242e+00
2.290735915456356242e+00
2.264531709875340137e+00
2.264531709875340137e+00
2.264531709875340137e+00
2.264531709875340137e+00
2.264531709875340137e+00
2.264531709875340137e+00
2.264531709875340137e+00
2.264531709875340137e+00
2.264531709875340137e+00
2.264531709875340137e+00
2.264531709875340137e+00
2.264531709875340137e+00
2.264531709875340137e+00
2.264531709875340137e+00
2.264531709875340137e+00
2.264531709875340137e+00
2.264531709875340137e+00
2.264531709875340137e+00
2.264531709875340137e+00
2.264531709875340137e+00
2.264531709875340137e+00
2.264531709875340137e+00
2.264531709875340137e+00
2.264531709875340137e+00
2.264531709875340137e+00
2.264531709875340137e+00
2.264531709875340137e+00
2.264531709875340137e+00
2.264531709875340137e+00
2.264531709875340137e+00
2.264531709875340137e+00
2.264531709875340137e+00
2.264531709875340137e+00
2.264531709875340137e+00
2.264531709875340137e+00
2.264531709875340137e+00
2.264531709875340137e+00
2.294541410317416652e+00
2.294541410317416652e+00
2.294541410317416652e+00
2.294541410317416652e+00
2.294541410317416652e+00
2.294541410317416652e+00
2.294541410317416652e+00
2.294541410317416652e+00
2.294541410317416652e+00
2.294541410317416652e+00
2.294541410317416652e+00
2.294541410317416652e+00
2.294541410317416652e+00
2.294541410317416652e+00
2.294541410317416652e+00
2.294541410317416652e+00
2.287285991811334629e+00
2.287285991811334629e+00
2.287285991811334629e+00
2.287285991811334629e+00
2.287285991811334629e+00
2.287285991811334629e+00
2.287285991811334629e+00
2.287285991811334629e+00
2.287285991811334629e+00
2.287285991811334629e+00
2.287285991811334629e+00
2.287285991811334629e+00
2.287285991811334629e+00
2.287285991811334629e+00
2.287285991811334629e+00
2.287285991811334629e+00
2.220680914847431797e+00
2.220680914847431797e+00
2.220680914847431797e+00
2.220680914847431797e+00
2.220680914847431797e+00
2.220680914847431797e+00
2.220680914847431797e+00
2.220680914847431797e+00
2.220680914847431797e+00
2.220680914847431797e+00
2.220680914847431797e+00
2.249885737505693317e+00
2.249885737505693317e+00
2.249885737505693317e+00
2.249885737505693317e+00
2.249885737505693317e+00
2.249885737505693317e+00
2.249885737505693317e+00
2.249885737505693317e+00
2.249885737505693317e+00
2.249885737505693317e+00
2.299621878068687231e+00
2.299621878068687231e+00
2.256918720197443662e+00
2.256918720197443662e+00
2.260671699525891309e+00
2.260671699525891309e+00
2.260671699525891309e+00
2.260671699525891309e+00
2.260671699525891309e+00
2.260671699525891309e+00
2.260671699525891309e+00
2.260671699525891309e+00
2.260671699525891309e+00
2.260671699525891309e+00
2.260671699525891309e+00
2.260671699525891309e+00
2.260671699525891309e+00
2.260671699525891309e+00
2.260671699525891309e+00
2.260671699525891309e+00
2.260671699525891309e+00
2.260671699525891309e+00
2.260671699525891309e+00
2.260671699525891309e+00
2.260671699525891309e+00
2.260671699525891309e+00
2.260671699525891309e+00
2.260671699525891309e+00
2.260671699525891309e+00
2.260671699525891309e+00
2.260671699525891309e+00
2.260671699525891309e+00
2.260671699525891309e+00
2.260671699525891309e+00
2.260671699525891309e+00
2.260671699525891309e+00
2.260671699525891309e+00
2.260671699525891309e+00
2.260671699525891309e+00
2.260671699525891309e+00
2.260671699525891309e+00
2.260671699525891309e+00
2.270809820859526873e+00
2.270809820859526873e+00
2.270809820859526873e+00
2.270809820859526873e+00
2.270809820859526873e+00
2.270809820859526873e+00
2.270809820859526873e+00
2.270809820859526873e+00
2.270809820859526873e+00
2.270809820859526873e+00
2.270809820859526873e+00
2.270809820859526873e+00
2.270809820859526873e+00
2.270809820859526873e+00
2.270809820859526873e+00
2.270809820859526873e+00
2.270115646046758417e+00
2.270115646046758417e+00
2.270115646046758417e+00
2.270115646046758417e+00
2.270115646046758417e+00
2.270115646046758417e+00
2.270115646046758417e+00
2.270115646046758417e+00
2.270115646046758417e+00
2.270115646046758417e+00
2.270115646046758417e+00
2.270115646046758417e+00
2.270115646046758417e+00
2.270115646046758417e+00
2.270115646046758417e+00
2.270115646046758417e+00
2.270115646046758417e+00
2.270115646046758417e+00
2.270115646046758417e+00
2.270115646046758417e+00
2.270115646046758417e+00
2.270115646046758417e+00
2.270115646046758417e+00
2.270115646046758417e+00
2.270115646046758417e+00
2.270115646046758417e+00
2.270115646046758417e+00
2.270115646046758417e+00
2.270115646046758417e+00
2.270115646046758417e+00
2.270115646046758417e+00
2.270115646046758417e+00
2.270115646046758417e+00
2.270115646046758417e+00
2.270115646046758417e+00
2.270115646046758417e+00
2.270115646046758417e+00
2.270115646046758417e+00
2.270115646046758417e+00
2.270115646046758417e+00
2.270115646046758417e+00
2.270115646046758417e+00
2.270115646046758417e+00
2.270115646046758417e+00
2.270115646046758417e+00
2.270115646046758417e+00
2.270115646046758417e+00
2.270115646046758417e+00
2.270115646046758417e+00
2.241796106712572012e+00
2.241796106712572012e+00
2.241796106712572012e+00
2.241796106712572012e+00
2.241796106712572012e+00
2.241796106712572012e+00
2.241796106712572012e+00
2.241796106712572012e+00
2.241796106712572012e+00
2.241796106712572012e+00
2.241796106712572012e+00
2.237148584141684715e+00
2.237148584141684715e+00
2.237148584141684715e+00
2.237148584141684715e+00
2.237148584141684715e+00
2.237148584141684715e+00
2.237148584141684715e+00
2.237148584141684715e+00
2.237148584141684715e+00
2.237148584141684715e+00
2.237148584141684715e+00
2.237148584141684715e+00
2.237148584141684715e+00
2.237148584141684715e+00
2.237148584141684715e+00
2.237148584141684715e+00
2.237148584141684715e+00
2.237148584141684715e+00
2.237148584141684715e+00
2.237148584141684715e+00
2.237148584141684715e+00
2.237148584141684715e+00
2.237148584141684715e+00
2.237148584141684715e+00
2.237148584141684715e+00
2.237148584141684715e+00
2.237148584141684715e+00
2.237148584141684715e+00
2.237148584141684715e+00
2.237148584141684715e+00
2.237148584141684715e+00
2.237148584141684715e+00
2.237148584141684715e+00
2.237148584141684715e+00
2.237148584141684715e+00
2.237148584141684715e+00
2.237148584141684715e+00
2.237148584141684715e+00
2.237148584141684715e+00
2.237148584141684715e+00
2.237148584141684715e+00
2.237148584141684715e+00
2.238899819914744960e+00
2.238899819914744960e+00
2.238899819914744960e+00
2.238899819914744960e+00
2.238899819914744960e+00
2.238899819914744960e+00
2.238899819914744960e+00
2.238899819914744960e+00
2.238899819914744960e+00
2.238899819914744960e+00
2.238899819914744960e+00
2.238899819914744960e+00
2.238899819914744960e+00
2.238899819914744960e+00
2.207812946234187557e+00
2.207812946234187557e+00
2.207812946234187557e+00
2.207812946234187557e+00
2.207812946234187557e+00
2.207812946234187557e+00
2.207812946234187557e+00
2.207812946234187557e+00
2.207812946234187557e+00
2.207812946234187557e+00
2.207812946234187557e+00
2.207812946234187557e+00
2.207812946234187557e+00
2.207812946234187557e+00
2.207812946234187557e+00
2.207812946234187557e+00
2.207812946234187557e+00
2.207812946234187557e+00
2.207812946234187557e+00
2.207812946234187557e+00
2.207812946234187557e+00
2.207812946234187557e+00
2.207812946234187557e+00
2.207812946234187557e+00
2.207812946234187557e+00
2.207812946234187557e+00
2.207812946234187557e+00
2.207812946234187557e+00
2.207812946234187557e+00
2.207812946234187557e+00
2.207812946234187557e+00
2.207812946234187557e+00
2.207812946234187557e+00
2.207812946234187557e+00
2.207812946234187557e+00
2.207812946234187557e+00
2.207812946234187557e+00
2.207812946234187557e+00
2.207812946234187557e+00
2.184680869312453755e+00
2.184680869312453755e+00
2.184680869312453755e+00
2.184680869312453755e+00
2.184680869312453755e+00
2.184680869312453755e+00
2.184680869312453755e+00
2.184680869312453755e+00
2.184680869312453755e+00
2.184680869312453755e+00
2.184680869312453755e+00
2.184680869312453755e+00
2.184680869312453755e+00
2.184680869312453755e+00
2.184680869312453755e+00
2.184680869312453755e+00
2.184680869312453755e+00
2.184680869312453755e+00
2.184680869312453755e+00
2.184680869312453755e+00
2.184680869312453755e+00
2.184680869312453755e+00
2.184680869312453755e+00
2.184680869312453755e+00
2.184680869312453755e+00
2.184680869312453755e+00
2.184680869312453755e+00
2.184680869312453755e+00
2.184680869312453755e+00
2.184680869312453755e+00
2.184680869312453755e+00
2.184680869312453755e+00
2.184680869312453755e+00
2.184680869312453755e+00
2.184680869312453755e+00
2.184680869312453755e+00
2.184680869312453755e+00
2.184680869312453755e+00
2.184680869312453755e+00
2.184680869312453755e+00
2.184680869312453755e+00
2.184680869312453755e+00
2.184680869312453755e+00
2.184680869312453755e+00
2.184680869312453755e+00
2.184680869312453755e+00
2.184680869312453755e+00
2.184680869312453755e+00
2.184680869312453755e+00
2.184680869312453755e+00
2.184680869312453755e+00
2.184680869312453755e+00
2.184680869312453755e+00
2.184680869312453755e+00
2.184680869312453755e+00
2.184680869312453755e+00
2.184680869312453755e+00
2.184680869312453755e+00
2.184680869312453755e+00
2.184680869312453755e+00
2.184680869312453755e+00
2.184680869312453755e+00
2.184680869312453755e+00
2.184680869312453755e+00
2.184680869312453755e+00
2.184680869312453755e+00
2.184680869312453755e+00
2.184680869312453755e+00
2.184680869312453755e+00
2.184680869312453755e+00
2.184680869312453755e+00
2.184680869312453755e+00
2.184680869312453755e+00
2.184680869312453755e+00
2.184680869312453755e+00
2.184680869312453755e+00
2.184680869312453755e+00
2.184680869312453755e+00
2.184680869312453755e+00
2.184680869312453755e+00
2.184680869312453755e+00
2.184680869312453755e+00
2.184680869312453755e+00
2.184680869312453755e+00
2.195942324898662701e+00
2.195942324898662701e+00
2.195942324898662701e+00
2.195942324898662701e+00
2.195942324898662701e+00
2.195942324898662701e+00
2.195942324898662701e+00
2.195942324898662701e+00
2.195942324898662701e+00
2.195942324898662701e+00
2.195942324898662701e+00
2.195942324898662701e+00
2.195942324898662701e+00
2.195942324898662701e+00
2.195942324898662701e+00
2.195942324898662701e+00
2.195942324898662701e+00
2.195942324898662701e+00
2.195942324898662701e+00
2.195942324898662701e+00
2.195942324898662701e+00
2.195942324898662701e+00
2.195942324898662701e+00
2.195942324898662701e+00
2.195942324898662701e+00
2.195942324898662701e+00
2.195942324898662701e+00
2.195942324898662701e+00
2.195942324898662701e+00
2.195942324898662701e+00
2.195942324898662701e+00
2.195942324898662701e+00
2.195942324898662701e+00
2.195942324898662701e+00
2.195942324898662701e+00
2.195942324898662701e+00
2.257592979720531634e+00
2.257592979720531634e+00
2.257592979720531634e+00
2.257592979720531634e+00
2.186321412526468055e+00
2.186321412526468055e+00
2.186321412526468055e+00
2.186321412526468055e+00
2.189029030407094734e+00
2.189029030407094734e+00
2.189029030407094734e+00
2.189029030407094734e+00
2.189029030407094734e+00
2.189029030407094734e+00
2.189029030407094734e+00
2.189029030407094734e+00
2.189029030407094734e+00
2.220753833890289464e+00
2.220753833890289464e+00
2.220753833890289464e+00
2.220753833890289464e+00
2.220753833890289464e+00
2.220753833890289464e+00
2.220753833890289464e+00
2.220753833890289464e+00
2.220753833890289464e+00
2.220753833890289464e+00
2.220753833890289464e+00
2.220753833890289464e+00
2.220753833890289464e+00
2.220753833890289464e+00
2.220753833890289464e+00
2.220753833890289464e+00
2.220753833890289464e+00
2.220753833890289464e+00
2.220753833890289464e+00
2.220753833890289464e+00
2.220753833890289464e+00
2.220753833890289464e+00
2.220753833890289464e+00
2.220753833890289464e+00
2.220753833890289464e+00
2.220753833890289464e+00
2.220753833890289464e+00
2.220753833890289464e+00
2.220753833890289464e+00
2.220753833890289464e+00
2.220753833890289464e+00
2.220753833890289464e+00
2.220753833890289464e+00
2.220753833890289464e+00
2.220753833890289464e+00
2.220753833890289464e+00
2.220753833890289464e+00
2.220753833890289464e+00
2.220753833890289464e+00
2.220753833890289464e+00
2.220753833890289464e+00
2.220753833890289464e+00
2.220753833890289464e+00
2.220753833890289464e+00
2.220753833890289464e+00
2.220753833890289464e+00
2.220753833890289464e+00
2.220753833890289464e+00
2.220753833890289464e+00
2.220753833890289464e+00
2.194848197420367075e+00
2.194848197420367075e+00
2.216578462858662668e+00
2.216578462858662668e+00
2.216578462858662668e+00
2.216578462858662668e+00
2.216578462858662668e+00
2.216578462858662668e+00
2.216578462858662668e+00
2.229495824755398203e+00
2.229495824755398203e+00
2.229495824755398203e+00
2.229495824755398203e+00
2.229495824755398203e+00
2.229495824755398203e+00
2.229495824755398203e+00
2.229495824755398203e+00
2.229495824755398203e+00
2.229495824755398203e+00
2.229495824755398203e+00
2.229495824755398203e+00
2.229495824755398203e+00
2.242640366590837431e+00
2.242640366590837431e+00
2.242640366590837431e+00
2.242640366590837431e+00
2.242640366590837431e+00
2.207856263644905503e+00
2.207856263644905503e+00
2.207856263644905503e+00
2.207856263644905503e+00
2.207856263644905503e+00
2.207856263644905503e+00
2.207856263644905503e+00
2.207856263644905503e+00
2.207856263644905503e+00
2.207856263644905503e+00
2.207856263644905503e+00
2.207856263644905503e+00
2.207856263644905503e+00
2.207856263644905503e+00
2.207856263644905503e+00
2.207856263644905503e+00
2.207856263644905503e+00
2.207856263644905503e+00
2.207856263644905503e+00
2.207856263644905503e+00
2.207856263644905503e+00
2.207856263644905503e+00
2.207856263644905503e+00
2.207856263644905503e+00
2.207856263644905503e+00
2.207856263644905503e+00
2.207856263644905503e+00
2.207856263644905503e+00
2.207856263644905503e+00
2.207856263644905503e+00
2.207856263644905503e+00
2.207856263644905503e+00
2.207856263644905503e+00
2.207856263644905503e+00
2.207856263644905503e+00
2.207856263644905503e+00
2.207856263644905503e+00
2.207856263644905503e+00
2.207856263644905503e+00
2.207856263644905503e+00
2.207856263644905503e+00
2.207856263644905503e+00
2.207856263644905503e+00
2.207856263644905503e+00
2.207856263644905503e+00
2.207856263644905503e+00
2.207856263644905503e+00
2.207856263644905503e+00
2.207856263644905503e+00
2.207856263644905503e+00
2.207856263644905503e+00
2.207856263644905503e+00
2.207856263644905503e+00
2.207856263644905503e+00
2.207856263644905503e+00
2.207856263644905503e+00
2.207856263644905503e+00
2.207856263644905503e+00
2.207856263644905503e+00
2.207856263644905503e+00
2.207856263644905503e+00
2.207856263644905503e+00
2.207856263644905503e+00
2.207856263644905503e+00
2.207856263644905503e+00
2.207856263644905503e+00
2.207856263644905503e+00
2.207856263644905503e+00
2.207856263644905503e+00
2.207856263644905503e+00
2.207856263644905503e+00
2.207856263644905503e+00
2.207856263644905503e+00
2.207856263644905503e+00
2.207856263644905503e+00
2.207856263644905503e+00
2.207856263644905503e+00
2.207856263644905503e+00
2.207856263644905503e+00
2.207856263644905503e+00
2.207856263644905503e+00
2.214534984479771929e+00
2.214534984479771929e+00
2.214534984479771929e+00
2.214534984479771929e+00
2.214534984479771929e+00
2.214534984479771929e+00
2.214534984479771929e+00
2.214534984479771929e+00
2.214534984479771929e+00
2.214534984479771929e+00
2.214534984479771929e+00
2.214534984479771929e+00
2.214534984479771929e+00
2.214534984479771929e+00
2.214534984479771929e+00
2.214534984479771929e+00
2.214534984479771929e+00
2.214534984479771929e+00
2.214534984479771929e+00
2.214534984479771929e+00
2.214534984479771929e+00
2.214534984479771929e+00
2.214534984479771929e+00
2.214534984479771929e+00
2.214534984479771929e+00
2.214534984479771929e+00
2.214534984479771929e+00
2.214534984479771929e+00
2.214534984479771929e+00
2.214534984479771929e+00
2.214534984479771929e+00
2.214534984479771929e+00
2.214534984479771929e+00
2.214534984479771929e+00
2.214534984479771929e+00
