# Variable: dg_gbvi_00000178
# Sample shape: (2565,)
# Date: 2013-03-08 06:18:15.869099
-7.399806229274208391e+00
-5.420962361191590695e+00
-2.690861949760044336e+00
-3.073924382902699204e+00
-5.730124653400361368e+00
-5.728546608620943559e+00
-5.666817554825073877e+00
-3.153569178559665342e+00
-2.879404917689391663e+00
-2.711578106157862322e+00
-2.711578106157862322e+00
-2.711578106157862322e+00
-2.711578106157862322e+00
-2.819248500259123880e+00
-2.798742203403926876e+00
-2.825424845685444719e+00
-2.807948780000232070e+00
-2.807948780000232070e+00
-2.807948780000232070e+00
-2.831875607115560634e+00
-2.912312545430224109e+00
-2.613624144278161587e+00
-2.613624144278161587e+00
-2.696083110632361279e+00
-2.604152766223137849e+00
-2.595838894031209598e+00
-2.595838894031209598e+00
-2.426656617527069848e+00
-2.790313480572543359e+00
-2.716570504720892121e+00
-2.728496473466503591e+00
-2.728496473466503591e+00
-2.728496473466503591e+00
-2.728496473466503591e+00
-2.728496473466503591e+00
-2.728496473466503591e+00
-2.728496473466503591e+00
-2.609381345913192263e+00
-2.636814179835409888e+00
-2.612902758525827540e+00
-2.624350434695355450e+00
-2.588384221350298553e+00
-2.843589402746390160e+00
-2.843589402746390160e+00
-2.915463106369959423e+00
-2.484576841863535446e+00
-2.482596458870165446e+00
-2.922190057473602387e+00
-2.924330717857551942e+00
-2.924330717857551942e+00
-2.924330717857551942e+00
-2.924330717857551942e+00
-2.924330717857551942e+00
-2.924330717857551942e+00
-2.924330717857551942e+00
-2.763367564903480122e+00
-2.992450875020172596e+00
-2.992450875020172596e+00
-2.992450875020172596e+00
-2.992450875020172596e+00
-2.782944961961452357e+00
-2.782944961961452357e+00
-2.782944961961452357e+00
-2.858433868742925377e+00
-2.858433868742925377e+00
-2.858433868742925377e+00
-2.858433868742925377e+00
-2.858433868742925377e+00
-2.858433868742925377e+00
-2.691137167351678183e+00
-2.691137167351678183e+00
-2.691137167351678183e+00
-2.671184798872706434e+00
-2.587080237575201114e+00
-2.587080237575201114e+00
-2.587080237575201114e+00
-2.587080237575201114e+00
-2.852375874684119683e+00
-2.862706249442218631e+00
-2.856109387562637547e+00
-2.618010786183679439e+00
-2.627868732072106361e+00
-2.627868732072106361e+00
-2.627868732072106361e+00
-2.805694872496470094e+00
-3.053315805800528526e+00
-2.699636402174971916e+00
-2.726120546795860466e+00
-2.726120546795860466e+00
-2.726120546795860466e+00
-2.486620719137579094e+00
-2.486620719137579094e+00
-2.578293179403623014e+00
-2.578293179403623014e+00
-2.578293179403623014e+00
-2.644328168318649475e+00
-2.644328168318649475e+00
-2.644328168318649475e+00
-2.644328168318649475e+00
-2.590223535997788762e+00
-2.610045605357099507e+00
-2.646897816277011373e+00
-2.646897816277011373e+00
-2.646897816277011373e+00
-2.646897816277011373e+00
-2.646897816277011373e+00
-2.776146321751340462e+00
-2.776146321751340462e+00
-2.776146321751340462e+00
-2.776146321751340462e+00
-2.776146321751340462e+00
-2.776146321751340462e+00
-2.776146321751340462e+00
-2.776146321751340462e+00
-2.776146321751340462e+00
-2.776146321751340462e+00
-2.776146321751340462e+00
-2.776146321751340462e+00
-2.831150991994916932e+00
-2.831150991994916932e+00
-2.833219757415287532e+00
-2.750197063925456931e+00
-2.750197063925456931e+00
-2.789994576610498545e+00
-2.789994576610498545e+00
-2.789994576610498545e+00
-2.786345645713157015e+00
-2.786345645713157015e+00
-2.786345645713157015e+00
-2.772052202919023323e+00
-2.772052202919023323e+00
-2.717737132408300393e+00
-2.717737132408300393e+00
-2.748253496731728251e+00
-2.748253496731728251e+00
-2.748253496731728251e+00
-2.748253496731728251e+00
-2.748253496731728251e+00
-2.739253498877247672e+00
-2.703044016345966138e+00
-2.357873043374838051e+00
-2.635404665469071261e+00
-2.605800304273882428e+00
-2.605800304273882428e+00
-2.601754966145744419e+00
-2.601754966145744419e+00
-2.919025660825845137e+00
-2.907480616443505639e+00
-2.879362976843702793e+00
-2.879362976843702793e+00
-2.879362976843702793e+00
-2.757101511746656630e+00
-2.777923972848607814e+00
-2.773791647949753969e+00
-2.773791647949753969e+00
-2.773791647949753969e+00
-2.770983321368733154e+00
-2.770983321368733154e+00
-2.770983321368733154e+00
-2.504516968668280441e+00
-2.504516968668280441e+00
-2.504516968668280441e+00
-2.504516968668280441e+00
-2.496220453979529630e+00
-2.496220453979529630e+00
-2.496220453979529630e+00
-2.496220453979529630e+00
-2.808834430327533660e+00
-2.808834430327533660e+00
-2.808834430327533660e+00
-2.808834430327533660e+00
-2.808834430327533660e+00
-2.808834430327533660e+00
-2.709840563767810906e+00
-2.709840563767810906e+00
-2.690282683370843309e+00
-2.653502042175326814e+00
-2.666115559985126282e+00
-2.641621033724301792e+00
-2.641621033724301792e+00
-2.641621033724301792e+00
-2.641621033724301792e+00
-2.626318247198340838e+00
-2.626318247198340838e+00
-2.615106099888944158e+00
-2.630108711304029345e+00
-2.630108711304029345e+00
-2.695860472996080226e+00
-2.695860472996080226e+00
-2.656466087803255327e+00
-2.656466087803255327e+00
-2.657822312864653647e+00
-2.657822312864653647e+00
-2.657822312864653647e+00
-2.657822312864653647e+00
-2.657822312864653647e+00
-2.657822312864653647e+00
-2.624672209813340373e+00
-2.478943551459449335e+00
-2.475657301929627518e+00
-2.475657301929627518e+00
-2.475657301929627518e+00
-2.475657301929627518e+00
-2.475657301929627518e+00
-2.475657301929627518e+00
-2.334761999957510881e+00
-2.334761999957510881e+00
-2.552005034743552780e+00
-2.552005034743552780e+00
-2.548048527561744159e+00
-2.548048527561744159e+00
-2.653473504570606600e+00
-2.653473504570606600e+00
-2.653473504570606600e+00
-2.753100172515859700e+00
-2.753100172515859700e+00
-2.728956928882307231e+00
-2.728956928882307231e+00
-2.632993113578472322e+00
-2.690591909963736761e+00
-2.690591909963736761e+00
-2.737098371797830776e+00
-2.737098371797830776e+00
-2.729968169471705064e+00
-2.719488827371200568e+00
-2.719488827371200568e+00
-2.621075691412018127e+00
-2.621075691412018127e+00
-2.621075691412018127e+00
-2.618058719800621326e+00
-2.618058719800621326e+00
-2.610145692936205908e+00
-2.620852477846859596e+00
-2.620852477846859596e+00
-2.620852477846859596e+00
-2.596349812067872076e+00
-2.595493182944072164e+00
-2.595493182944072164e+00
-2.597826848716275006e+00
-2.534750359418071142e+00
-2.534750359418071142e+00
-2.534750359418071142e+00
-2.667299303159740287e+00
-2.671833302444152736e+00
-2.544396789192070685e+00
-2.584523466960791716e+00
-2.469379026384271647e+00
-2.502749827634188406e+00
-2.502749827634188406e+00
-2.520341749411066701e+00
-2.520341749411066701e+00
-2.520341749411066701e+00
-2.520341749411066701e+00
-2.520341749411066701e+00
-2.518532124099878811e+00
-2.518532124099878811e+00
-2.518532124099878811e+00
-2.491101378140310185e+00
-2.752563721266076069e+00
-2.765608124994429318e+00
-2.765608124994429318e+00
-2.566096139979564761e+00
-2.642129771049500420e+00
-2.693291685946282321e+00
-2.696951275478395083e+00
-2.777018240971716345e+00
-2.777018240971716345e+00
-2.551121263603222999e+00
-2.551121263603222999e+00
-2.668014076329074058e+00
-2.705278334358466097e+00
-2.642506754999307539e+00
-2.642506754999307539e+00
-2.642506754999307539e+00
-2.677211711060367705e+00
-2.677211711060367705e+00
-2.656687624745416976e+00
-2.656687624745416976e+00
-2.656687624745416976e+00
-2.626912519338034269e+00
-2.703403655253785676e+00
-2.703403655253785676e+00
-2.725515994345991899e+00
-2.616751987097142962e+00
-2.616751987097142962e+00
-2.616751987097142962e+00
-2.783503844963301610e+00
-2.800578359843535203e+00
-2.800578359843535203e+00
-2.794418737996396285e+00
-2.794418737996396285e+00
-2.794418737996396285e+00
-2.794418737996396285e+00
-2.796072041030519539e+00
-2.796001250911778868e+00
-2.789085059471187567e+00
-2.694375128057761692e+00
-2.694375128057761692e+00
-2.523547301464497128e+00
-2.523547301464497128e+00
-2.627931231385733035e+00
-2.651508147089120637e+00
-2.651508147089120637e+00
-2.651508147089120637e+00
-2.651508147089120637e+00
-2.651508147089120637e+00
-2.642145725884569973e+00
-2.642145725884569973e+00
-2.649288646355229648e+00
-2.649288646355229648e+00
-2.668754837294673443e+00
-2.636179014184800717e+00
-2.636179014184800717e+00
-2.568951688697802549e+00
-2.678842945717061497e+00
-2.678842945717061497e+00
-2.675421168477327694e+00
-2.675421168477327694e+00
-2.672956601020986422e+00
-2.694216997985614093e+00
-2.694216997985614093e+00
-2.694216997985614093e+00
-2.694216997985614093e+00
-2.694216997985614093e+00
-2.616448482226724881e+00
-2.616448482226724881e+00
-2.630108719088676494e+00
-2.630108719088676494e+00
-2.630108719088676494e+00
-2.635559261085448579e+00
-2.567332592453831719e+00
-2.345093484416651552e+00
-2.346996913750889480e+00
-2.476000254635694731e+00
-2.476000254635694731e+00
-2.493318361104953862e+00
-2.361759017385686832e+00
-2.498328889017251253e+00
-2.498328889017251253e+00
-2.554759306976972955e+00
-2.554759306976972955e+00
-2.497978704427542329e+00
-2.598162488495328049e+00
-2.605550537722056248e+00
-2.605550537722056248e+00
-2.615615773023002522e+00
-2.615615773023002522e+00
-2.615615773023002522e+00
-2.482772216540287680e+00
-2.465392775994732055e+00
-2.623155889481743053e+00
-2.488647242187570274e+00
-2.488647242187570274e+00
-2.482762026571618375e+00
-2.538029303925310121e+00
-2.538029303925310121e+00
-2.538029303925310121e+00
-2.554341142665943032e+00
-2.544483696956918006e+00
-2.544483696956918006e+00
-2.544483696956918006e+00
-2.544483696956918006e+00
-2.529180258849507812e+00
-2.529180258849507812e+00
-2.517481531631484692e+00
-2.517481531631484692e+00
-2.517481531631484692e+00
-2.517481531631484692e+00
-2.517481531631484692e+00
-2.515473578402971366e+00
-2.515473578402971366e+00
-2.512751818046706997e+00
-2.529077961048421752e+00
-2.529077961048421752e+00
-2.529077961048421752e+00
-2.529077961048421752e+00
-2.529077961048421752e+00
-2.529077961048421752e+00
-2.529077961048421752e+00
-2.531370320057239276e+00
-2.621375482546448143e+00
-2.621375482546448143e+00
-2.621375482546448143e+00
-2.621375482546448143e+00
-2.621375482546448143e+00
-2.621375482546448143e+00
-2.618064416089679103e+00
-2.618064416089679103e+00
-2.618064416089679103e+00
-2.606877308014294403e+00
-2.633314753313116263e+00
-2.624471593058784524e+00
-2.624471593058784524e+00
-2.719904003015908511e+00
-2.719904003015908511e+00
-2.758507500672547685e+00
-2.712266214195046654e+00
-2.712266214195046654e+00
-2.712266214195046654e+00
-2.636394047141573438e+00
-2.637290003395421412e+00
-2.652364015715098944e+00
-2.624312768593587197e+00
-2.625712070054518676e+00
-2.625712070054518676e+00
-2.617512676995152887e+00
-2.617512676995152887e+00
-2.617512676995152887e+00
-2.700790299800107874e+00
-2.700790299800107874e+00
-2.872302564198121910e+00
-2.895158985228104775e+00
-2.913904390018183577e+00
-2.898388028913174264e+00
-2.898388028913174264e+00
-2.843337684145796462e+00
-2.714624699349435399e+00
-2.714624699349435399e+00
-2.703090741799405450e+00
-2.765326891733103309e+00
-2.650176908774623641e+00
-2.587756659400368697e+00
-2.475704416705916344e+00
-2.475704416705916344e+00
-2.501177427281076948e+00
-2.501177427281076948e+00
-2.535234289430823296e+00
-2.722530980132346734e+00
-2.470200319431876235e+00
-2.470200319431876235e+00
-2.731126411586449088e+00
-2.734175691119197893e+00
-2.691242897423916425e+00
-2.691242897423916425e+00
-2.691242897423916425e+00
-2.691242897423916425e+00
-2.708714775169200006e+00
-2.708714775169200006e+00
-2.708714775169200006e+00
-2.626879287901635607e+00
-2.674534786510081030e+00
-2.674534786510081030e+00
-2.674534786510081030e+00
-2.661506478183356172e+00
-2.655016369644108476e+00
-2.678829422257503090e+00
-2.678829422257503090e+00
-2.678829422257503090e+00
-2.695739729365535187e+00
-2.695739729365535187e+00
-2.695739729365535187e+00
-2.695739729365535187e+00
-2.695739729365535187e+00
-2.579535638042276702e+00
-2.744644239772894068e+00
-2.746731858583456809e+00
-2.592594305712015768e+00
-2.592594305712015768e+00
-2.592594305712015768e+00
-2.592594305712015768e+00
-2.564817349938979252e+00
-2.714874114296297769e+00
-2.714874114296297769e+00
-2.655775588377455421e+00
-2.656445878445794051e+00
-2.675738122626197590e+00
-2.675738122626197590e+00
-2.675738122626197590e+00
-2.673057957554580533e+00
-2.673057957554580533e+00
-2.673057957554580533e+00
-2.566533292347183082e+00
-2.566533292347183082e+00
-2.566533292347183082e+00
-2.509384814235189332e+00
-2.623285729681358980e+00
-2.612813264649804346e+00
-2.577349972748584683e+00
-2.577349972748584683e+00
-2.734550349425214133e+00
-2.740768849359938031e+00
-2.729193450510889907e+00
-2.729193450510889907e+00
-2.729193450510889907e+00
-2.729193450510889907e+00
-2.711784864686597629e+00
-2.740033682914555957e+00
-2.740033682914555957e+00
-2.796567350714731059e+00
-2.796567350714731059e+00
-2.726237006200693536e+00
-2.726237006200693536e+00
-2.726237006200693536e+00
-2.726237006200693536e+00
-2.726237006200693536e+00
-2.726237006200693536e+00
-2.726237006200693536e+00
-2.721527927356050203e+00
-2.805497503187463604e+00
-2.639624018711339559e+00
-2.639624018711339559e+00
-2.639624018711339559e+00
-2.639624018711339559e+00
-2.639624018711339559e+00
-2.639624018711339559e+00
-2.639624018711339559e+00
-2.638218593930895306e+00
-2.641623083510303172e+00
-2.619098757583891768e+00
-2.595502843985533659e+00
-2.595502843985533659e+00
-2.595084945781581443e+00
-2.870346856768724031e+00
-2.870346856768724031e+00
-2.870346856768724031e+00
-2.870346856768724031e+00
-2.870346856768724031e+00
-2.870346856768724031e+00
-2.847532720446119381e+00
-2.923629996891536020e+00
-2.923629996891536020e+00
-2.784669052974253933e+00
-2.846867891807923545e+00
-2.846867891807923545e+00
-2.622070108423482093e+00
-2.623032954762595459e+00
-2.764887303421347031e+00
-2.764887303421347031e+00
-2.764887303421347031e+00
-2.764887303421347031e+00
-2.764887303421347031e+00
-2.600117717759441671e+00
-2.600117717759441671e+00
-2.613729553907089720e+00
-2.572311378640996349e+00
-2.572311378640996349e+00
-2.708906623181490225e+00
-2.708906623181490225e+00
-2.708906623181490225e+00
-2.729118681972989346e+00
-2.729118681972989346e+00
-2.729118681972989346e+00
-2.700647940483004827e+00
-2.817387983828347764e+00
-2.817387983828347764e+00
-2.817387983828347764e+00
-2.817387983828347764e+00
-2.817387983828347764e+00
-2.834325893885691894e+00
-2.834325893885691894e+00
-2.834325893885691894e+00
-2.641055504922471986e+00
-2.641055504922471986e+00
-2.641055504922471986e+00
-2.641055504922471986e+00
-2.705088414432539778e+00
-2.690501570734169956e+00
-2.701379529634194920e+00
-2.701379529634194920e+00
-2.701379529634194920e+00
-2.701379529634194920e+00
-2.701379529634194920e+00
-2.780060075021068222e+00
-2.723467879719717377e+00
-2.723467879719717377e+00
-2.667876128684949055e+00
-2.708849088199443145e+00
-2.708849088199443145e+00
-2.723747683876591275e+00
-2.723747683876591275e+00
-2.723747683876591275e+00
-2.621687597888443300e+00
-2.621687597888443300e+00
-2.621687597888443300e+00
-2.656360987888246150e+00
-2.628214822548317287e+00
-2.609749951487242647e+00
-2.609749951487242647e+00
-2.591708876302872611e+00
-2.590610432043583877e+00
-2.590610432043583877e+00
-2.590610432043583877e+00
-2.590610432043583877e+00
-2.590610432043583877e+00
-2.590610432043583877e+00
-2.500379411007736863e+00
-2.428753379757553343e+00
-2.428753379757553343e+00
-2.428753379757553343e+00
-2.428753379757553343e+00
-2.428753379757553343e+00
-2.428753379757553343e+00
-2.428753379757553343e+00
-2.428753379757553343e+00
-2.438694012273368017e+00
-2.438694012273368017e+00
-2.438694012273368017e+00
-2.415405562672975126e+00
-2.415405562672975126e+00
-2.728514190538175566e+00
-2.728514190538175566e+00
-2.439753590365089320e+00
-2.439753590365089320e+00
-2.439753590365089320e+00
-2.445921098760983181e+00
-2.464279642592614117e+00
-2.480482668090262521e+00
-2.466851880958766507e+00
-2.494409109709516237e+00
-2.494409109709516237e+00
-2.592699690853215611e+00
-2.594391677120553297e+00
-2.623868079258543151e+00
-2.583918241954747508e+00
-2.839073938148933163e+00
-2.811441001295325037e+00
-2.790526514613319797e+00
-2.790526514613319797e+00
-2.512726382812403791e+00
-2.512726382812403791e+00
-2.658379388872197602e+00
-2.658379388872197602e+00
-2.658379388872197602e+00
-2.689223040549619359e+00
-2.648932901617625291e+00
-2.629005447123101469e+00
-2.629005447123101469e+00
-2.667727429340664536e+00
-2.662934118006737183e+00
-2.662934118006737183e+00
-2.619432151599435432e+00
-2.619432151599435432e+00
-2.619432151599435432e+00
-2.707096422307041284e+00
-2.612451016824971273e+00
-2.612451016824971273e+00
-2.598800760454595959e+00
-2.598800760454595959e+00
-2.618607930257035754e+00
-2.618607930257035754e+00
-2.619357964367134972e+00
-2.619357964367134972e+00
-2.626278834048393129e+00
-2.626278834048393129e+00
-2.582091951731500412e+00
-2.582091951731500412e+00
-2.762855552955660432e+00
-2.698834143775165728e+00
-2.913175918182156821e+00
-2.889864836404821169e+00
-2.889864836404821169e+00
-2.925032019452755705e+00
-2.904020289939121646e+00
-2.904020289939121646e+00
-2.904020289939121646e+00
-2.748488429248232112e+00
-2.519929757773945234e+00
-2.533563399425305729e+00
-2.533563399425305729e+00
-2.636458870033987267e+00
-2.636458870033987267e+00
-2.636458870033987267e+00
-2.636458870033987267e+00
-2.636458870033987267e+00
-2.636458870033987267e+00
-2.636458870033987267e+00
-2.636458870033987267e+00
-2.643319689670705408e+00
-2.671385078947144276e+00
-2.671385078947144276e+00
-2.683334608758366713e+00
-2.698056319087675625e+00
-2.698056319087675625e+00
-2.793902352389896482e+00
-2.793902352389896482e+00
-2.793902352389896482e+00
-2.793902352389896482e+00
-2.789132646739821642e+00
-2.773403109437336589e+00
-2.773403109437336589e+00
-2.773403109437336589e+00
-2.617809795377372684e+00
-2.525871236978267209e+00
-2.484688285551625686e+00
-2.687607443381112127e+00
-2.687607443381112127e+00
-2.687607443381112127e+00
-2.987225952903591164e+00
-2.918485520075991158e+00
-2.918485520075991158e+00
-2.918485520075991158e+00
-2.918485520075991158e+00
-2.904393101110555264e+00
-2.767551095946088502e+00
-2.767551095946088502e+00
-2.697210495390230722e+00
-2.644445197911857282e+00
-2.644445197911857282e+00
-2.705916298545211429e+00
-2.642617214312318552e+00
-2.642617214312318552e+00
-2.670264808982640403e+00
-2.526072104381916095e+00
-2.526072104381916095e+00
-2.705242692867039001e+00
-2.705242692867039001e+00
-2.684910533324152304e+00
-2.684910533324152304e+00
-2.684910533324152304e+00
-2.754307587858188633e+00
-2.754307587858188633e+00
-2.754307587858188633e+00
-2.751998367584309602e+00
-2.751998367584309602e+00
-2.894807706835901939e+00
-2.894807706835901939e+00
-2.894807706835901939e+00
-2.874686906604683845e+00
-2.883216942502975666e+00
-2.887517417749219106e+00
-2.887517417749219106e+00
-2.887517417749219106e+00
-2.887517417749219106e+00
-2.625666516031599507e+00
-2.619658798071777372e+00
-2.619658798071777372e+00
-2.849991049495199658e+00
-2.583242699486617777e+00
-2.583242699486617777e+00
-2.481295706756944330e+00
-2.749181544019978940e+00
-2.758516031552040726e+00
-2.758516031552040726e+00
-2.733494178715907719e+00
-2.758223396807200523e+00
-2.758223396807200523e+00
-2.758223396807200523e+00
-2.758223396807200523e+00
-2.651378309351159590e+00
-2.651378309351159590e+00
-2.666232772354867553e+00
-2.719343232991385584e+00
-2.715398013007144673e+00
-2.715398013007144673e+00
-2.684317562592161810e+00
-2.673112005982272166e+00
-2.681003240949594524e+00
-2.462761288495317835e+00
-2.462761288495317835e+00
-2.593286301638727753e+00
-2.617166401407509557e+00
-2.617166401407509557e+00
-2.617166401407509557e+00
-2.650172294656239380e+00
-2.650172294656239380e+00
-2.635308185628989275e+00
-2.682984041385454432e+00
-2.698706860791041606e+00
-2.698706860791041606e+00
-2.698706860791041606e+00
-2.875413083946609660e+00
-2.875413083946609660e+00
-2.860083244978532502e+00
-2.860083244978532502e+00
-2.735643506179243012e+00
-2.735643506179243012e+00
-2.703163123374400900e+00
-2.709740421066375138e+00
-2.863515004453819568e+00
-2.673675037432482693e+00
-2.673675037432482693e+00
-2.566686310143340144e+00
-2.566686310143340144e+00
-2.560623906715244313e+00
-2.560623906715244313e+00
-2.547549931549188074e+00
-2.491085034297078504e+00
-2.446854858542533151e+00
-2.608502822964232859e+00
-2.631119072794820823e+00
-2.631119072794820823e+00
-2.616537548184478368e+00
-2.616537548184478368e+00
-2.616537548184478368e+00
-2.616537548184478368e+00
-2.616537548184478368e+00
-2.616537548184478368e+00
-2.616537548184478368e+00
-2.787634467808128402e+00
-2.724558532459341986e+00
-2.667467202912038093e+00
-2.667467202912038093e+00
-2.737114340090415432e+00
-2.749523642727465855e+00
-2.690241226491106197e+00
-2.551872777183218144e+00
-2.541882513819543554e+00
-2.541882513819543554e+00
-2.551297526038164953e+00
-2.551297526038164953e+00
-2.778878820812505257e+00
-2.762850227358837785e+00
-2.884680053769996810e+00
-2.884680053769996810e+00
-2.884680053769996810e+00
-2.875052428710234587e+00
-2.875052428710234587e+00
-2.892900057765458222e+00
-2.851754941072687899e+00
-2.680413511475190358e+00
-2.737865702825573067e+00
-2.737865702825573067e+00
-2.737865702825573067e+00
-2.737865702825573067e+00
-2.750986469975555959e+00
-2.750986469975555959e+00
-2.763877326619015307e+00
-2.601228036630979457e+00
-2.590367636255124228e+00
-2.590367636255124228e+00
-2.615573163666629508e+00
-2.598289991020016121e+00
-2.598289991020016121e+00
-2.598289991020016121e+00
-2.685816691708295068e+00
-2.719670194368493110e+00
-2.719670194368493110e+00
-2.719670194368493110e+00
-2.719670194368493110e+00
-2.723855660336222506e+00
-2.723855660336222506e+00
-2.723855660336222506e+00
-2.679626913943110811e+00
-2.679626913943110811e+00
-2.679626913943110811e+00
-2.695059074356402462e+00
-2.635587081738805626e+00
-2.642170981235593352e+00
-2.642170981235593352e+00
-2.642170981235593352e+00
-2.684791484339725809e+00
-2.684791484339725809e+00
-2.684791484339725809e+00
-2.684791484339725809e+00
-2.690334614817338821e+00
-2.668697625346808877e+00
-2.595308537001692173e+00
-2.580537504808048332e+00
-2.578235365870573226e+00
-2.586825129191013151e+00
-2.519123868460952487e+00
-2.656945945177778601e+00
-2.632885299440253402e+00
-2.632885299440253402e+00
-2.632885299440253402e+00
-2.650803942803140245e+00
-2.650803942803140245e+00
-2.650803942803140245e+00
-2.650803942803140245e+00
-2.650803942803140245e+00
-2.663506905163204319e+00
-2.663506905163204319e+00
-2.663752168749861760e+00
-2.670256351942851047e+00
-2.670256351942851047e+00
-2.652265790841271453e+00
-2.533418672802362881e+00
-2.533418672802362881e+00
-2.556613471479274313e+00
-2.556613471479274313e+00
-2.541514107575035375e+00
-2.541514107575035375e+00
-2.541514107575035375e+00
-2.770823464471726894e+00
-2.770823464471726894e+00
-2.605533725774632714e+00
-2.753705959665222469e+00
-2.753705959665222469e+00
-2.753705959665222469e+00
-2.753705959665222469e+00
-2.685676810371581791e+00
-2.652828089134753320e+00
-2.736724737563006382e+00
-2.733376779138310564e+00
-2.764155587873118325e+00
-2.792960562731700236e+00
-2.792960562731700236e+00
-2.737826001426769906e+00
-2.925611913224962723e+00
-2.925611913224962723e+00
-2.925611913224962723e+00
-2.926948887410241618e+00
-2.690288064797769607e+00
-2.690288064797769607e+00
-2.690288064797769607e+00
-2.690288064797769607e+00
-2.668919933358774088e+00
-2.671894061737296155e+00
-2.671894061737296155e+00
-2.424517056623380906e+00
-2.628688645767213394e+00
-2.628688645767213394e+00
-2.628688645767213394e+00
-2.628688645767213394e+00
-2.628688645767213394e+00
-2.628688645767213394e+00
-2.628688645767213394e+00
-2.628688645767213394e+00
-2.660499640400347587e+00
-2.650544533678989012e+00
-2.666917854929116150e+00
-2.542839757724248972e+00
-2.542839757724248972e+00
-2.579129200844231029e+00
-2.515926281997957314e+00
-2.578424635741483950e+00
-2.456030981482105968e+00
-2.456030981482105968e+00
-2.476340200278710046e+00
-2.476340200278710046e+00
-2.477909424700447172e+00
-2.583632613205812945e+00
-2.616739471929783623e+00
-2.596823693104971742e+00
-2.578192687894893087e+00
-2.578192687894893087e+00
-2.836723415632127931e+00
-2.836723415632127931e+00
-2.836723415632127931e+00
-2.630418072568098786e+00
-2.630343268948597046e+00
-2.630343268948597046e+00
-2.630343268948597046e+00
-2.630343268948597046e+00
-2.714017332767196589e+00
-2.714017332767196589e+00
-2.714017332767196589e+00
-2.674680482382775448e+00
-2.737877284750248830e+00
-2.757485172116295402e+00
-2.757485172116295402e+00
-2.757485172116295402e+00
-2.844694759518076044e+00
-2.844694759518076044e+00
-2.898524296817047041e+00
-2.886363490607567250e+00
-2.886363490607567250e+00
-2.871160679766724844e+00
-2.904933056042168005e+00
-2.685696110931168779e+00
-2.685696110931168779e+00
-2.685696110931168779e+00
-2.685696110931168779e+00
-2.685696110931168779e+00
-2.675555492826565018e+00
-2.675555492826565018e+00
-2.660115589083549725e+00
-2.660115589083549725e+00
-2.660115589083549725e+00
-2.660115589083549725e+00
-2.636068399095622183e+00
-2.595816648398741933e+00
-2.595816648398741933e+00
-2.607543965522408858e+00
-2.607543965522408858e+00
-2.607543965522408858e+00
-2.601482943685887061e+00
-2.735543480681069894e+00
-2.735543480681069894e+00
-2.735543480681069894e+00
-2.735543480681069894e+00
-2.635613820815529529e+00
-2.635613820815529529e+00
-2.738897563979790561e+00
-2.757857386072405603e+00
-2.757857386072405603e+00
-2.755946856800636002e+00
-2.755946856800636002e+00
-2.755946856800636002e+00
-2.749608106538250496e+00
-2.711675015928766808e+00
-2.778468847341990067e+00
-2.778468847341990067e+00
-2.778468847341990067e+00
-2.821897259192437168e+00
-2.821897259192437168e+00
-2.727861732451756005e+00
-2.727861732451756005e+00
-2.727861732451756005e+00
-2.727861732451756005e+00
-2.727861732451756005e+00
-2.549924660285915579e+00
-2.549924660285915579e+00
-2.558319649636711546e+00
-2.558319649636711546e+00
-2.558319649636711546e+00
-2.558319649636711546e+00
-2.583472400462063945e+00
-2.608348376880315289e+00
-2.697110064939868046e+00
-2.697110064939868046e+00
-2.697110064939868046e+00
-2.851100409238854105e+00
-2.762922486634981745e+00
-2.767811038289641701e+00
-2.511009280638426322e+00
-2.511009280638426322e+00
-2.511009280638426322e+00
-2.511009280638426322e+00
-2.528258621342741819e+00
-2.528258621342741819e+00
-2.636816835865945841e+00
-2.740588637130646710e+00
-2.622797808325702196e+00
-2.622797808325702196e+00
-2.651636874019340340e+00
-2.709453357318176714e+00
-2.709453357318176714e+00
-2.709453357318176714e+00
-2.826173295201721558e+00
-2.824267459322388873e+00
-2.824267459322388873e+00
-2.831962575981535224e+00
-2.805683045083497085e+00
-2.805683045083497085e+00
-2.728203726556233111e+00
-2.985594516843455892e+00
-2.740565048355664501e+00
-2.485738718743248032e+00
-2.476678283276136483e+00
-2.458028414361932867e+00
-2.459038587218298488e+00
-2.459038587218298488e+00
-2.459038587218298488e+00
-2.384169780618482282e+00
-2.384169780618482282e+00
-2.384169780618482282e+00
-2.381949094315987558e+00
-2.689428080653955444e+00
-2.676242008501424241e+00
-2.676242008501424241e+00
-2.566008470216314397e+00
-2.756795456823455837e+00
-2.756795456823455837e+00
-2.756795456823455837e+00
-2.763371910781493579e+00
-2.763371910781493579e+00
-2.763371910781493579e+00
-2.734805692130624966e+00
-2.520282991585226284e+00
-2.546863034446903651e+00
-2.546863034446903651e+00
-2.686112526838829062e+00
-2.600330101049483478e+00
-2.600330101049483478e+00
-2.600330101049483478e+00
-2.600330101049483478e+00
-2.705610845473395809e+00
-2.729132154205952787e+00
-2.731125870749421480e+00
-2.731125870749421480e+00
-2.731125870749421480e+00
-2.731125870749421480e+00
-2.678988745721770037e+00
-2.701642429107089516e+00
-2.651157858850535565e+00
-2.534363053250906272e+00
-2.534363053250906272e+00
-2.732522722456883102e+00
-2.735254287455974875e+00
-2.751850112155336259e+00
-2.744389135513175315e+00
-2.744389135513175315e+00
-2.744389135513175315e+00
-2.744389135513175315e+00
-2.773449960953309201e+00
-2.773449960953309201e+00
-2.843242917019138893e+00
-2.843242917019138893e+00
-2.832941175751508389e+00
-2.793445858347476829e+00
-2.793445858347476829e+00
-2.628155008626573252e+00
-2.628155008626573252e+00
-2.646731650034352068e+00
-2.655448405064575024e+00
-2.655448405064575024e+00
-2.655448405064575024e+00
-2.655448405064575024e+00
-2.655448405064575024e+00
-2.661423697231323882e+00
-2.537419880456567967e+00
-2.637471800958670620e+00
-2.753401576456470767e+00
-2.773604157130848957e+00
-2.804998565005180744e+00
-2.804998565005180744e+00
-2.644177479910473139e+00
-2.654684133567524196e+00
-2.749586267714471788e+00
-2.758790478457506357e+00
-2.663585683322314601e+00
-2.794655962213245637e+00
-2.830036483660366642e+00
-2.632250385768441170e+00
-2.760327101000535244e+00
-2.761531955230333679e+00
-2.761531955230333679e+00
-2.650232062031193880e+00
-2.682483298888371337e+00
-2.682483298888371337e+00
-2.682483298888371337e+00
-2.581798015681020519e+00
-2.581798015681020519e+00
-2.561088841939968219e+00
-2.559903814284085311e+00
-2.559903814284085311e+00
-2.540863833922012205e+00
-2.540863833922012205e+00
-2.540863833922012205e+00
-2.574278766318256917e+00
-2.617672733272795149e+00
-2.506057459973336066e+00
-2.506057459973336066e+00
-2.503202260192724626e+00
-2.590894641008260724e+00
-2.594792296998452485e+00
-2.594792296998452485e+00
-2.594792296998452485e+00
-2.594792296998452485e+00
-2.600467761303824066e+00
-2.556049501862515783e+00
-2.553836058976028056e+00
-2.543285521431601914e+00
-2.543266656848217178e+00
-2.746116134706415579e+00
-2.549050727212486045e+00
-2.549050727212486045e+00
-2.549050727212486045e+00
-2.606828194437014190e+00
-2.606828194437014190e+00
-2.721593613147648583e+00
-2.876458904438420117e+00
-2.703730985384700691e+00
-2.703730985384700691e+00
-2.703730985384700691e+00
-2.703730985384700691e+00
-2.676418398644367702e+00
-2.676418398644367702e+00
-2.676418398644367702e+00
-2.676418398644367702e+00
-2.676418398644367702e+00
-2.676418398644367702e+00
-2.728579992654430963e+00
-2.728579992654430963e+00
-2.728579992654430963e+00
-2.728579992654430963e+00
-2.728579992654430963e+00
-2.728579992654430963e+00
-2.645456281403764542e+00
-2.645456281403764542e+00
-2.645456281403764542e+00
-2.645456281403764542e+00
-2.633171425240233177e+00
-2.529091135951119451e+00
-2.529091135951119451e+00
-2.529091135951119451e+00
-2.822708814728043691e+00
-2.651640611843834705e+00
-2.647766553967697778e+00
-2.647766553967697778e+00
-2.714657252432363777e+00
-2.714657252432363777e+00
-2.714657252432363777e+00
-2.731558424549572983e+00
-2.717445699480876886e+00
-2.717445699480876886e+00
-2.717445699480876886e+00
-2.717445699480876886e+00
-2.740628644359424104e+00
-2.740628644359424104e+00
-2.740628644359424104e+00
-2.710377678621472608e+00
-2.709572948638146794e+00
-2.691448934018767059e+00
-2.726013251012960215e+00
-2.726013251012960215e+00
-2.709666751390460870e+00
-2.709666751390460870e+00
-2.709666751390460870e+00
-2.709666751390460870e+00
-2.709666751390460870e+00
-2.709666751390460870e+00
-2.709666751390460870e+00
-2.682482989816182606e+00
-2.682482989816182606e+00
-2.682482989816182606e+00
-2.682482989816182606e+00
-2.682482989816182606e+00
-2.627053781791871767e+00
-2.647024845934316417e+00
-2.703674140053867525e+00
-2.695864660185675277e+00
-2.675626857226642841e+00
-2.672594565805388012e+00
-2.672594565805388012e+00
-2.678841010326657557e+00
-2.678841010326657557e+00
-2.678841010326657557e+00
-2.678841010326657557e+00
-2.662273190250455279e+00
-2.662273190250455279e+00
-2.497950181658595614e+00
-2.497950181658595614e+00
-2.497950181658595614e+00
-2.530395841260367096e+00
-2.642571957619783252e+00
-2.642571957619783252e+00
-2.623803510871355105e+00
-2.623803510871355105e+00
-2.602468931361404891e+00
-2.739078341858098398e+00
-2.739078341858098398e+00
-2.783208566596258482e+00
-2.676318942957910618e+00
-2.775221292210950264e+00
-2.775221292210950264e+00
-2.746960411969721072e+00
-2.761443216035626147e+00
-2.761443216035626147e+00
-2.713282659479531844e+00
-2.732754487082564854e+00
-2.732754487082564854e+00
-2.732754487082564854e+00
-2.732754487082564854e+00
-2.732754487082564854e+00
-2.732754487082564854e+00
-2.732754487082564854e+00
-2.767963563610688293e+00
-2.767963563610688293e+00
-2.767963563610688293e+00
-2.709000565142964057e+00
-2.701332826062525783e+00
-2.701332826062525783e+00
-2.735114696006024193e+00
-2.642306163999510460e+00
-2.642306163999510460e+00
-2.642306163999510460e+00
-2.764422094617426495e+00
-2.762675517692912308e+00
-2.560774667227779577e+00
-2.677333903082688149e+00
-2.677333903082688149e+00
-2.819378353915317881e+00
-2.741819481569922168e+00
-2.784763705672311129e+00
-2.784763705672311129e+00
-2.762426905153365642e+00
-2.847006841577842451e+00
-2.847006841577842451e+00
-2.888799498439012847e+00
-2.888799498439012847e+00
-2.777005540863048072e+00
-2.777005540863048072e+00
-2.707739124651783680e+00
-2.707739124651783680e+00
-2.726678135638317180e+00
-2.726678135638317180e+00
-2.744705660144821646e+00
-2.744705660144821646e+00
-2.744705660144821646e+00
-2.744705660144821646e+00
-2.530501954863753511e+00
-2.530501954863753511e+00
-2.530501954863753511e+00
-2.462403907784823875e+00
-2.418181102504027180e+00
-2.431627047717954238e+00
-2.431627047717954238e+00
-2.431627047717954238e+00
-2.743414191983000627e+00
-2.766627855784762779e+00
-2.731057504105992351e+00
-2.705465011502801609e+00
-2.705465011502801609e+00
-2.747807571774957935e+00
-2.775675231892504424e+00
-2.667716889575243666e+00
-2.667716889575243666e+00
-2.672700775811609919e+00
-2.601881808340084756e+00
-2.608273390565318373e+00
-2.608273390565318373e+00
-2.608273390565318373e+00
-2.738596260927178783e+00
-2.822164773107953994e+00
-2.822164773107953994e+00
-2.822164773107953994e+00
-2.818731030915342828e+00
-2.818731030915342828e+00
-2.818731030915342828e+00
-2.818731030915342828e+00
-2.818731030915342828e+00
-2.633211634387691458e+00
-2.620785282683117501e+00
-2.620785282683117501e+00
-2.642363544408108833e+00
-2.636581988722097147e+00
-2.674761665280953604e+00
-2.674761665280953604e+00
-2.778785565634521060e+00
-2.681501107998185418e+00
-2.681501107998185418e+00
-2.843332233423304878e+00
-2.800123809062103675e+00
-2.573090361985198360e+00
-2.817440616477917548e+00
-2.714676531011405380e+00
-2.738370092140149037e+00
-2.684323088622923237e+00
-2.684323088622923237e+00
-2.624941299853531973e+00
-2.595446470890809820e+00
-2.723488456435360305e+00
-2.768118966168120920e+00
-2.695570527621275136e+00
-2.442274228778257950e+00
-2.439111868247756831e+00
-2.416010763198033651e+00
-2.416010763198033651e+00
-2.455339406734795560e+00
-2.455339406734795560e+00
-2.455339406734795560e+00
-2.610669683582137690e+00
-2.393582420716316772e+00
-2.452451135531902526e+00
-2.711427695503520141e+00
-2.715032503921587015e+00
-2.678722514538516286e+00
-2.709082539247251287e+00
-2.762876368398203386e+00
-2.701867170397422857e+00
-2.701867170397422857e+00
-2.701867170397422857e+00
-2.701867170397422857e+00
-2.701867170397422857e+00
-2.581069564057719923e+00
-2.581069564057719923e+00
-2.642355981940755605e+00
-2.611292996860611115e+00
-2.611292996860611115e+00
-2.611292996860611115e+00
-2.539831296526321225e+00
-2.471102903260560701e+00
-2.694870638882779001e+00
-2.694870638882779001e+00
-2.694870638882779001e+00
-2.694870638882779001e+00
-2.739795686960098564e+00
-2.714124707275076265e+00
-2.694478045454597126e+00
-2.694478045454597126e+00
-2.578365778295990118e+00
-2.578365778295990118e+00
-2.564274217578879078e+00
-2.602563331628396703e+00
-2.610876858844441983e+00
-2.610876858844441983e+00
-2.649631279912372239e+00
-2.638501723346998062e+00
-2.638501723346998062e+00
-2.638501723346998062e+00
-2.641113766225652526e+00
-2.509276463513575806e+00
-2.509276463513575806e+00
-2.509276463513575806e+00
-2.517650726058067612e+00
-2.401292738447004194e+00
-2.465549181955251967e+00
-2.465549181955251967e+00
-2.412164738931936281e+00
-2.412164738931936281e+00
-2.412164738931936281e+00
-2.418970722097752102e+00
-2.418970722097752102e+00
-2.433252739026218414e+00
-2.488346432240459816e+00
-2.488346432240459816e+00
-2.488346432240459816e+00
-2.488346432240459816e+00
-2.490537844993204075e+00
-2.490537844993204075e+00
-2.490537844993204075e+00
-2.490537844993204075e+00
-2.490537844993204075e+00
-2.501273692763069878e+00
-2.501273692763069878e+00
-2.463963413512461287e+00
-2.426544801406425034e+00
-2.426544801406425034e+00
-2.602259327535730193e+00
-2.372700401108407853e+00
-2.345138780022852032e+00
-2.345138780022852032e+00
-2.394448596907204685e+00
-2.394448596907204685e+00
-2.623641944341117416e+00
-2.623641944341117416e+00
-2.623641944341117416e+00
-2.652416734648485708e+00
-2.652416734648485708e+00
-2.587939921164409185e+00
-2.587939921164409185e+00
-2.587939921164409185e+00
-2.498213526545201013e+00
-2.506622790034784831e+00
-2.501771812622723079e+00
-2.501771812622723079e+00
-2.467681204983856347e+00
-2.458934918570967465e+00
-2.458934918570967465e+00
-2.622975254762223152e+00
-2.622975254762223152e+00
-2.622975254762223152e+00
-2.417876628068980516e+00
-2.417876628068980516e+00
-2.417876628068980516e+00
-2.417876628068980516e+00
-2.417876628068980516e+00
-2.511335541036477270e+00
-2.511335541036477270e+00
-2.511335541036477270e+00
-2.511335541036477270e+00
-2.511335541036477270e+00
-2.511335541036477270e+00
-2.603863895484530566e+00
-2.564711996676372951e+00
-2.564711996676372951e+00
-2.410985462751749964e+00
-2.242744390939082511e+00
-2.377104773449186137e+00
-2.377104773449186137e+00
-2.341747009395278578e+00
-2.358121293562115639e+00
-2.595554049208283587e+00
-2.576935521713857646e+00
-2.576935521713857646e+00
-2.576935521713857646e+00
-2.570265512677545772e+00
-2.570265512677545772e+00
-2.570265512677545772e+00
-2.584962354379007454e+00
-2.597979417580945416e+00
-2.538333368530344192e+00
-2.538333368530344192e+00
-2.561342143814489436e+00
-2.542280063488709718e+00
-2.519370462019709489e+00
-2.519370462019709489e+00
-2.510631872876475157e+00
-2.528309523704738382e+00
-2.488949099873863258e+00
-2.482806824359745868e+00
-2.482806824359745868e+00
-2.482806824359745868e+00
-2.482806824359745868e+00
-2.482806824359745868e+00
-2.503350793577423072e+00
-2.503350793577423072e+00
-2.431614190275319665e+00
-2.406022958125511479e+00
-2.532344557250270523e+00
-2.532344557250270523e+00
-2.532344557250270523e+00
-2.532344557250270523e+00
-2.559672197428558338e+00
-2.559672197428558338e+00
-2.559672197428558338e+00
-2.559672197428558338e+00
-2.553302782480060262e+00
-2.553302782480060262e+00
-2.553302782480060262e+00
-2.542513013008778078e+00
-2.550569460977420988e+00
-2.550569460977420988e+00
-2.636600235794958280e+00
-2.636600235794958280e+00
-2.526524476241587269e+00
-2.525568450831885414e+00
-2.518687129176165662e+00
-2.514200678589241011e+00
-2.434595291274386231e+00
-2.434595291274386231e+00
-2.402925143569292654e+00
-2.402925143569292654e+00
-2.373699495013611660e+00
-2.329672750973220019e+00
-2.497168384382144612e+00
-2.524027902281690494e+00
-2.524027902281690494e+00
-2.598404249855655657e+00
-2.402338856928247779e+00
-2.451124706835042133e+00
-2.400520537245943498e+00
-2.539283600036039257e+00
-2.539283600036039257e+00
-2.659363014678059134e+00
-2.636138386999934191e+00
-2.636138386999934191e+00
-2.566255272430114864e+00
-2.624146569790768435e+00
-2.634972587919574671e+00
-2.634972587919574671e+00
-2.583872869656682614e+00
-2.583872869656682614e+00
-2.545534693696772877e+00
-2.476641650945792694e+00
-2.478106573512667055e+00
-2.791876696975497119e+00
-2.709157908584779673e+00
-2.730099422445073198e+00
-2.730099422445073198e+00
-2.730099422445073198e+00
-2.730099422445073198e+00
-2.730099422445073198e+00
-2.730099422445073198e+00
-2.651345121583077447e+00
-2.608378772174980931e+00
-2.608378772174980931e+00
-2.608378772174980931e+00
-2.573134105632521873e+00
-2.573134105632521873e+00
-2.573134105632521873e+00
-2.671686169166981095e+00
-2.671686169166981095e+00
-2.524946075606182117e+00
-2.524946075606182117e+00
-2.435959793849614030e+00
-2.657712549835085092e+00
-2.563852803751629938e+00
-2.563363118059389656e+00
-2.563363118059389656e+00
-2.568368932460063370e+00
-2.568368932460063370e+00
-2.543036001251119949e+00
-2.496950031945749604e+00
-2.496950031945749604e+00
-2.515539629590749726e+00
-2.513213275351101395e+00
-2.513213275351101395e+00
-2.514606211414328829e+00
-2.514606211414328829e+00
-2.796185064243155605e+00
-2.796185064243155605e+00
-2.845925446272362436e+00
-2.818789490855707847e+00
-2.538904606956315924e+00
-2.545503443659128173e+00
-2.545503443659128173e+00
-2.558991949319842085e+00
-2.543226326985444263e+00
-2.589040273133946801e+00
-2.589040273133946801e+00
-2.579535021528012173e+00
-2.419935359352713977e+00
-2.451085040634739087e+00
-2.535521655130279051e+00
-2.526637393487463079e+00
-2.542685290133167797e+00
-2.542685290133167797e+00
-2.542685290133167797e+00
-2.623941448758098094e+00
-2.641006951303835226e+00
-2.543154532029283654e+00
-2.613764451799696520e+00
-2.803868612648386272e+00
-2.702322252131279967e+00
-2.715235843404774752e+00
-2.715235843404774752e+00
-2.584451250730555483e+00
-2.584451250730555483e+00
-2.584451250730555483e+00
-2.485780540806166172e+00
-2.686827313248082216e+00
-2.693811362418529587e+00
-2.760134623430486656e+00
-2.760134623430486656e+00
-2.719488948755878877e+00
-2.719488948755878877e+00
-2.645032514115744249e+00
-2.664145350100628029e+00
-2.628717376983217946e+00
-2.628717376983217946e+00
-2.420260192205686778e+00
-2.463891297735712804e+00
-2.303604872535399917e+00
-2.303604872535399917e+00
-2.288001668270418065e+00
-2.520256504510354656e+00
-2.649176481257642823e+00
-2.649176481257642823e+00
-2.669358662005029803e+00
-2.576138580661210487e+00
-2.576138580661210487e+00
-2.435548158152820886e+00
-2.435548158152820886e+00
-2.435548158152820886e+00
-2.665101392769027022e+00
-2.665101392769027022e+00
-2.665101392769027022e+00
-2.665101392769027022e+00
-2.534292478147435190e+00
-2.510004573310729459e+00
-2.510004573310729459e+00
-2.509836999519909462e+00
-2.444122260816526726e+00
-2.444122260816526726e+00
-2.444122260816526726e+00
-2.697344231890684174e+00
-2.741853384267638472e+00
-2.741853384267638472e+00
-2.741853384267638472e+00
-2.741853384267638472e+00
-2.737275070551469458e+00
-2.714654532485866856e+00
-2.549662386466820418e+00
-2.549662386466820418e+00
-2.641561161986855311e+00
-2.641561161986855311e+00
-2.721061966176917757e+00
-2.799236296430849258e+00
-2.774868550027183467e+00
-2.774868550027183467e+00
-2.774868550027183467e+00
-2.774868550027183467e+00
-2.774868550027183467e+00
-2.600604420964676589e+00
-2.600604420964676589e+00
-2.600604420964676589e+00
-2.600604420964676589e+00
-2.528803117320140625e+00
-2.534759901247957803e+00
-2.534759901247957803e+00
-2.534759901247957803e+00
-2.534759901247957803e+00
-2.534759901247957803e+00
-2.554751154261088342e+00
-2.514616208674620434e+00
-2.514616208674620434e+00
-2.655283932622047871e+00
-2.679652776050923002e+00
-2.694264438571465803e+00
-2.694709734453823113e+00
-2.684733406415608314e+00
-2.678431115412951868e+00
-2.678431115412951868e+00
-2.284592342611754923e+00
-2.284592342611754923e+00
-2.450531034832744037e+00
-2.450531034832744037e+00
-2.442175165975176032e+00
-2.471415376281476561e+00
-2.306107434550630497e+00
-2.306107434550630497e+00
-2.326193243416250223e+00
-2.341056999944268746e+00
-2.428508514051201495e+00
-2.428508514051201495e+00
-2.428508514051201495e+00
-2.397951397407052987e+00
-2.397951397407052987e+00
-2.384627227402664307e+00
-2.423941251031854538e+00
-2.425957988174111790e+00
-2.425957988174111790e+00
-2.425957988174111790e+00
-2.425957988174111790e+00
-2.425957988174111790e+00
-2.373033060826921226e+00
-2.373033060826921226e+00
-2.373033060826921226e+00
-2.472798484900426086e+00
-2.472798484900426086e+00
-2.561929990608269758e+00
-2.561929990608269758e+00
-2.544605249541712855e+00
-2.544605249541712855e+00
-2.665759889153971773e+00
-2.659529080649210453e+00
-2.715165462375855654e+00
-2.618844573388954267e+00
-2.738870125493118035e+00
-2.738870125493118035e+00
-2.738870125493118035e+00
-2.725463286843766042e+00
-2.744339273030267812e+00
-2.708234087361762743e+00
-2.708234087361762743e+00
-2.693694693821445885e+00
-2.693694693821445885e+00
-2.716879521221718274e+00
-2.716879521221718274e+00
-2.716879521221718274e+00
-2.716879521221718274e+00
-2.707129691904459623e+00
-2.707129691904459623e+00
-2.707129691904459623e+00
-2.707129691904459623e+00
-2.409515314452891577e+00
-2.373908701096269613e+00
-2.419058756991651737e+00
-2.344372019133398322e+00
-2.422761641536325783e+00
-2.406496736516193558e+00
-2.367853520108072818e+00
-2.369548754012263281e+00
-2.400339935247302048e+00
-2.351388168769368736e+00
-2.340927677402623974e+00
-2.413058207412759781e+00
-2.413058207412759781e+00
-2.503154483403628561e+00
-2.311270334079478239e+00
-2.311270334079478239e+00
-2.326406821124678448e+00
-2.483065057592977354e+00
-2.464988477235132702e+00
-2.469703280453606542e+00
-2.444915279793229423e+00
-2.444915279793229423e+00
-2.444915279793229423e+00
-2.430458847896649122e+00
-2.667437376796984783e+00
-2.682021955767647903e+00
-2.687891344929872250e+00
-2.557775134977220421e+00
-2.606343940986040497e+00
-2.620627078756947448e+00
-2.621248112686775933e+00
-2.626777963716787401e+00
-2.699993413960748434e+00
-2.699993413960748434e+00
-2.692036875156703868e+00
-2.555850415401307973e+00
-2.590679679346169273e+00
-2.590679679346169273e+00
-2.590679679346169273e+00
-2.516445052121741188e+00
-2.640105226753925116e+00
-2.572683309451510691e+00
-2.572683309451510691e+00
-2.690436653917481546e+00
-2.534930840566300692e+00
-2.550483023848333808e+00
-2.529086324132948871e+00
-2.529086324132948871e+00
-2.550195759197510181e+00
-2.550195759197510181e+00
-2.531040963741157501e+00
-2.547564523640319045e+00
-2.342038193197768514e+00
-2.342038193197768514e+00
-2.491155307344356196e+00
-2.688311034008792344e+00
-2.688311034008792344e+00
-2.688311034008792344e+00
-2.440032123976879852e+00
-2.595730244782047613e+00
-2.597758925016637743e+00
-2.597758925016637743e+00
-2.597758925016637743e+00
-2.597758925016637743e+00
-2.618546575312040492e+00
-2.574252721229413510e+00
-2.619630046095008602e+00
-2.597606824073029230e+00
-2.597606824073029230e+00
-2.597606824073029230e+00
-2.597606824073029230e+00
-2.596918812775156127e+00
-2.596918812775156127e+00
-2.572165639268232162e+00
-2.549463339683452290e+00
-2.549463339683452290e+00
-2.485050933459348244e+00
-2.526927348825467767e+00
-2.606066962273308807e+00
-2.606066962273308807e+00
-2.531087007548884049e+00
-2.490098548567710957e+00
-2.487948017268263978e+00
-2.489738097744903289e+00
-2.492022440502266178e+00
-2.492022440502266178e+00
-2.492022440502266178e+00
-2.467043424192448597e+00
-2.467043424192448597e+00
-2.467043424192448597e+00
-2.496176800491641590e+00
-2.494565821898031999e+00
-2.674122968107353504e+00
-2.680747278521830701e+00
-2.613797768184082049e+00
-2.578302027058414048e+00
-2.578302027058414048e+00
-2.578302027058414048e+00
-2.585180230318639083e+00
-2.594801019787742025e+00
-2.594801019787742025e+00
-2.594801019787742025e+00
-2.594801019787742025e+00
-2.594801019787742025e+00
-2.594801019787742025e+00
-2.568507868365174307e+00
-2.592760957912581876e+00
-2.592760957912581876e+00
-2.498351255459412279e+00
-2.674729999204426445e+00
-2.674729999204426445e+00
-2.674729999204426445e+00
-2.626996975900882436e+00
-2.626996975900882436e+00
-2.642249500443794918e+00
-2.695759034801858522e+00
-2.689676019530519380e+00
-2.684623391038044815e+00
-2.794530066582086913e+00
-2.621393308262158328e+00
-2.621393308262158328e+00
-2.621393308262158328e+00
-2.611687171784085049e+00
-2.646400103680039972e+00
-2.413633880450156255e+00
-2.413633880450156255e+00
-2.587994533470066472e+00
-2.648333997244327609e+00
-2.648333997244327609e+00
-2.639886707820774614e+00
-2.724734786067483316e+00
-2.724734786067483316e+00
-2.724734786067483316e+00
-2.724734786067483316e+00
-2.620699189594908329e+00
-2.620699189594908329e+00
-2.620699189594908329e+00
-2.620699189594908329e+00
-2.620699189594908329e+00
-2.620699189594908329e+00
-2.625330125506356804e+00
-2.603546339678571186e+00
-2.754770639857436976e+00
-2.754770639857436976e+00
-2.692685646423303769e+00
-2.692685646423303769e+00
-2.692685646423303769e+00
-2.692685646423303769e+00
-2.692685646423303769e+00
-2.705802826508465930e+00
-2.705802826508465930e+00
-2.741079331311407241e+00
-2.707875609334632117e+00
-2.712615389859616144e+00
-2.712615389859616144e+00
-2.680655673495155433e+00
-2.680655673495155433e+00
-2.650570727552291395e+00
-2.647899058009107964e+00
-2.713327614156874734e+00
-2.736966320453235735e+00
-2.736966320453235735e+00
-2.736966320453235735e+00
-2.736966320453235735e+00
-2.736966320453235735e+00
-2.735309242349447612e+00
-2.735309242349447612e+00
-2.735309242349447612e+00
-2.582563930114305073e+00
-2.620222174384274627e+00
-2.639125259347129937e+00
-2.639125259347129937e+00
-2.506524440581440416e+00
-2.506524440581440416e+00
-2.506524440581440416e+00
-2.506524440581440416e+00
-2.736135337427431313e+00
-2.736135337427431313e+00
-2.736135337427431313e+00
-2.687658487536872975e+00
-2.572913925995862883e+00
-2.684030516617460727e+00
-2.684030516617460727e+00
-2.684030516617460727e+00
-2.693500169862654836e+00
-2.590744039025228318e+00
-2.590744039025228318e+00
-2.599725724788426007e+00
-2.599725724788426007e+00
-2.698415369531845798e+00
-2.694768914233593549e+00
-2.694768914233593549e+00
-2.603933312639477915e+00
-2.580694024351748439e+00
-2.633998990507627092e+00
-2.633998990507627092e+00
-2.629519539076556889e+00
-2.629519539076556889e+00
-2.712104504027409657e+00
-2.706320652707857821e+00
-2.617370145496354272e+00
-2.528820508346525830e+00
-2.663719606622419356e+00
-2.663719606622419356e+00
-2.570107442395412445e+00
-2.468972838609829967e+00
-2.572435977166331433e+00
-2.572435977166331433e+00
-2.612021455347665722e+00
-2.612021455347665722e+00
-2.612021455347665722e+00
-2.582450222288770192e+00
-2.455418363990682362e+00
-2.493192851492162632e+00
-2.601799248124050834e+00
-2.601799248124050834e+00
-2.599842006221037671e+00
-2.599842006221037671e+00
-2.555318341661668935e+00
-2.555318341661668935e+00
-2.555318341661668935e+00
-2.555318341661668935e+00
-2.555197143808976445e+00
-2.596904174672050924e+00
-2.551563946124666415e+00
-2.551563946124666415e+00
-2.579024999489389458e+00
-2.521262027798631067e+00
-2.521262027798631067e+00
-2.521262027798631067e+00
-2.521262027798631067e+00
-2.532790927686565663e+00
-2.666798804840766923e+00
-2.620461981278995545e+00
-2.621340600204431048e+00
-2.603031022238290415e+00
-2.603031022238290415e+00
-2.557606772550239604e+00
-2.557606772550239604e+00
-2.464058938368450136e+00
-2.451683857862017035e+00
-2.451683857862017035e+00
-2.451683857862017035e+00
-2.451683857862017035e+00
-2.356351966542911125e+00
-2.386956136401706452e+00
-2.456605221124819494e+00
-2.456605221124819494e+00
-2.506752773952522162e+00
-2.598802564658131864e+00
-2.598802564658131864e+00
-2.598802564658131864e+00
-2.564568873906650559e+00
-2.541126731527663107e+00
-2.541329489154194654e+00
-2.561409951962770215e+00
-2.395123320655887067e+00
-2.442105728169759349e+00
-2.389820601922667986e+00
-2.481931370672976200e+00
-2.481931370672976200e+00
-2.512060061370750219e+00
-2.486954785521160449e+00
-2.486954785521160449e+00
-2.507578370231143605e+00
-2.507578370231143605e+00
-2.507578370231143605e+00
-2.557146479243106896e+00
-2.557146479243106896e+00
-2.398569725705223643e+00
-2.398569725705223643e+00
-2.524334545570498634e+00
-2.450908260228339408e+00
-2.450908260228339408e+00
-2.450908260228339408e+00
-2.450908260228339408e+00
-2.644899667550576705e+00
-2.651874025986532768e+00
-2.651874025986532768e+00
-2.651874025986532768e+00
-2.480263216917097058e+00
-2.518160125948600836e+00
-2.509223285021599192e+00
-2.418853757275507110e+00
-2.498215361336908469e+00
-2.577085773217001385e+00
-2.511890555192215491e+00
-2.483552541783713874e+00
-2.471732837236497282e+00
-2.468938110651526241e+00
-2.468938110651526241e+00
-2.441538311488654411e+00
-2.389060520267375143e+00
-2.434627533492841778e+00
-2.466998723691285367e+00
-2.466998723691285367e+00
-2.466998723691285367e+00
-2.462727980085809953e+00
-2.462727980085809953e+00
-2.513787010803291366e+00
-2.622963179347802765e+00
-2.622963179347802765e+00
-2.622963179347802765e+00
-2.492195127391245268e+00
-2.618377158038469155e+00
-2.557358566257371013e+00
-2.599893390223261491e+00
-2.552842348080937462e+00
-2.552842348080937462e+00
-2.546576592515482851e+00
-2.506238769307056025e+00
-2.506238769307056025e+00
-2.473017108370017425e+00
-2.438757345605435223e+00
-2.390929979932714389e+00
-2.355608296265891966e+00
-2.416201653013221762e+00
-2.416201653013221762e+00
-2.568593142416718322e+00
-2.531595877512223147e+00
-2.530077993382390478e+00
-2.493394938168322916e+00
-2.493379612399746037e+00
-2.505756577465103163e+00
-2.505756577465103163e+00
-2.527125956324063782e+00
-2.448430197501316297e+00
-2.478315020823833592e+00
-2.478315020823833592e+00
-2.488217606387100211e+00
-2.505933428831744525e+00
-2.505933428831744525e+00
-2.504064273788753514e+00
-2.474712618370702444e+00
-2.510714131516525782e+00
-2.610404550653810052e+00
-2.610404550653810052e+00
-2.550902446390179268e+00
-2.516497363420813649e+00
-2.516535355172178523e+00
-2.516535355172178523e+00
-2.371531286432907670e+00
-2.342008051795227530e+00
-2.342008051795227530e+00
-2.342008051795227530e+00
-2.342008051795227530e+00
-2.463495907205455193e+00
-2.533489286802199203e+00
-2.533489286802199203e+00
-2.540050566799762599e+00
-2.540050566799762599e+00
-2.540050566799762599e+00
-2.433316384165233437e+00
-2.481120223520357992e+00
-2.481120223520357992e+00
-2.580003369188139217e+00
-2.577107185984061299e+00
-2.578315687991940663e+00
-2.563725804239325168e+00
-2.582691523354623708e+00
-2.566084670450848204e+00
-2.571269462518459559e+00
-2.449867801689848967e+00
-2.445142919657316671e+00
-2.416485369841171682e+00
-2.433313497549140614e+00
-2.433313497549140614e+00
-2.433313497549140614e+00
-2.478986395270436294e+00
-2.478986395270436294e+00
-2.268435652049668239e+00
-2.458416397741870263e+00
-2.428726866255484396e+00
-2.440308352179016094e+00
-2.435869716490825176e+00
-2.455836121201729227e+00
-2.442966166801185057e+00
-2.548604440780275926e+00
-2.525813532720507126e+00
-2.525813532720507126e+00
-2.696135307089066568e+00
-2.683657501067536533e+00
-2.624765982139811715e+00
-2.590548521706252938e+00
-2.551910416686197003e+00
-2.498800898055849373e+00
-2.498800898055849373e+00
-2.498800898055849373e+00
-2.557460098757007305e+00
-2.557404841623396763e+00
-2.557404841623396763e+00
-2.557053240099279812e+00
-2.516214179199708134e+00
-2.600570904309603915e+00
-2.646767004039272120e+00
-2.609108646495187145e+00
-2.413305101132328989e+00
-2.741739043691424627e+00
-2.740887474381511701e+00
-2.490326848904958812e+00
-2.423434296966648915e+00
-2.497677051574980212e+00
-2.551217909240126591e+00
-2.612730370269081170e+00
-2.412985297484478764e+00
-2.412985297484478764e+00
-2.412985297484478764e+00
-2.453326843117641154e+00
-2.453326843117641154e+00
-2.514647013087900174e+00
-2.499482389646269898e+00
-2.541968251994865202e+00
-2.541968251994865202e+00
-2.521254253877527329e+00
-2.521254253877527329e+00
-2.499112906222356045e+00
-2.579459896197493496e+00
-2.579459896197493496e+00
-2.567944854786521791e+00
-2.347084675481148519e+00
-2.347084675481148519e+00
-2.370273784677570994e+00
-2.370273784677570994e+00
-2.439499008967757732e+00
-2.439499008967757732e+00
-2.538743799431803616e+00
-2.538743799431803616e+00
-2.538743799431803616e+00
-2.439139416619687584e+00
-2.439139416619687584e+00
-2.438962063888443499e+00
-2.528547860450861329e+00
-2.532661070840288353e+00
-2.510039346016787132e+00
-2.510039346016787132e+00
-2.424707098024534879e+00
-2.582229603496505099e+00
-2.582229603496505099e+00
-2.582229603496505099e+00
-2.582229603496505099e+00
-2.582229603496505099e+00
-2.582229603496505099e+00
-2.579784364984284650e+00
-2.569583767256828910e+00
-2.568522298652239577e+00
-2.567818833253203703e+00
-2.551052047676435119e+00
-2.374177942525201868e+00
-2.501969856072434162e+00
-2.501969856072434162e+00
-2.501969856072434162e+00
-2.528700717752189409e+00
-2.418165990170895618e+00
-2.548890166160283410e+00
-2.534666808841152807e+00
-2.306492433494419902e+00
-2.285053631200085089e+00
-2.285053631200085089e+00
-2.413266683439440730e+00
-2.423955177468802180e+00
-2.423955177468802180e+00
-2.420646536698451090e+00
-2.420646536698451090e+00
-2.753211479042426468e+00
-2.828803335641422834e+00
-2.838981807240935407e+00
-2.838981807240935407e+00
-2.838981807240935407e+00
-2.691995851652909444e+00
-2.691995851652909444e+00
-2.691995851652909444e+00
-2.719477999722325290e+00
-2.755338038378885468e+00
-2.471052247861650120e+00
-2.465303228866055907e+00
-2.465303228866055907e+00
-2.440331812290153390e+00
-2.470845521631813480e+00
-2.532808536737616301e+00
-2.518226405668234857e+00
-2.476312927009323150e+00
-2.661123969078169171e+00
-2.661123969078169171e+00
-2.661123969078169171e+00
-2.647800480100182430e+00
-2.652472167360212296e+00
-2.674779518876660767e+00
-2.638614723814762808e+00
-2.494280510945003027e+00
-2.494280510945003027e+00
-2.490614881886702658e+00
-2.490614881886702658e+00
-2.483489318660422995e+00
-2.568890600963005699e+00
-2.568890600963005699e+00
-2.542373987151930415e+00
-2.542373987151930415e+00
-2.455703706378913331e+00
-2.455703706378913331e+00
-2.455703706378913331e+00
-2.586681639954319323e+00
-2.621649222343048091e+00
-2.523382598326081805e+00
-2.523382598326081805e+00
-2.523382598326081805e+00
-2.523382598326081805e+00
-2.452609571869772243e+00
-2.482412991588289763e+00
-2.503524911147656518e+00
-2.510055777037286440e+00
-2.510055777037286440e+00
-2.502588703636090539e+00
-2.493754346685502554e+00
-2.493754346685502554e+00
-2.493754346685502554e+00
-2.493342435176034488e+00
-2.523834288725953723e+00
-2.498362450289580483e+00
-2.493356752007617860e+00
-2.538764831448260928e+00
-2.426498876487191314e+00
-2.616891986593131048e+00
-2.435952287900928770e+00
-2.498469169292153236e+00
-2.388606618849463459e+00
-2.369504335745146406e+00
-2.556492325888601869e+00
-2.576337206907730160e+00
-2.556348691055200906e+00
-2.580755140734298791e+00
-2.449648327826186467e+00
-2.449648327826186467e+00
-2.442666648155809916e+00
-2.442666648155809916e+00
-2.442666648155809916e+00
-2.423539110803075936e+00
-2.535808829670432196e+00
-2.588869186570670333e+00
-2.593576218168213821e+00
-2.593576218168213821e+00
-2.593576218168213821e+00
-2.414567166887524596e+00
-2.414567166887524596e+00
-2.428973143315919181e+00
-2.475531931794097140e+00
-2.467506038235468324e+00
-2.553717421926175124e+00
-2.358618489500652782e+00
-2.358618489500652782e+00
-2.313094320956676775e+00
-2.564011662353212984e+00
-2.564011662353212984e+00
-2.564011662353212984e+00
-2.504573324311535565e+00
-2.504573324311535565e+00
-2.504573324311535565e+00
-2.504573324311535565e+00
-2.500475806422764791e+00
-2.734487862599350727e+00
-2.717943628306038750e+00
-2.717943628306038750e+00
-2.593960398829694647e+00
-2.601198720556483490e+00
-2.601198720556483490e+00
-2.598906432167816138e+00
-2.507245837705276426e+00
-2.453144371193582973e+00
-2.453144371193582973e+00
-2.376067711210201328e+00
-2.376067711210201328e+00
-2.376067711210201328e+00
-2.588961331957060352e+00
-2.638708453276432220e+00
-2.638708453276432220e+00
-2.727403220757571578e+00
-2.716335813181274705e+00
-2.723060675323292656e+00
-2.614503511025642712e+00
-2.691235844919606990e+00
-2.619763293550288807e+00
-2.621006302197399496e+00
-2.621006302197399496e+00
-2.642634246471689430e+00
-2.642634246471689430e+00
-2.652337645629844864e+00
-2.697170477213012951e+00
-2.697170477213012951e+00
-2.645499334231922184e+00
-2.645499334231922184e+00
-2.652233139658846106e+00
-2.593656575590761015e+00
-2.593656575590761015e+00
-2.593656575590761015e+00
-2.593656575590761015e+00
-2.593656575590761015e+00
-2.624933087956076605e+00
-2.658961058877045591e+00
-2.658961058877045591e+00
-2.633930358412703399e+00
-2.633930358412703399e+00
-2.634044542449759163e+00
-2.730361575424438136e+00
-2.730361575424438136e+00
-2.730361575424438136e+00
-2.708898687659934801e+00
-2.652192466743172883e+00
-2.652192466743172883e+00
-2.566660634069965141e+00
-2.566660634069965141e+00
-2.452016293626029686e+00
-2.493111033319721948e+00
-2.592284569338260347e+00
-2.450090389188661177e+00
-2.450090389188661177e+00
-2.450090389188661177e+00
-2.450090389188661177e+00
-2.447153491110622969e+00
-2.488235476922940670e+00
-2.397313309853105423e+00
-2.439414677845022972e+00
-2.439414677845022972e+00
-2.439414677845022972e+00
-2.528590418866346390e+00
-2.528590418866346390e+00
-2.528590418866346390e+00
-2.570936913309197269e+00
-2.519226416694182458e+00
-2.478850170527086227e+00
-2.478850170527086227e+00
-2.581919695468367415e+00
-2.581919695468367415e+00
-2.559658428184967249e+00
-2.566847961777695808e+00
-2.503724976750642650e+00
-2.472562895766355240e+00
-2.521861446517187133e+00
-2.521861446517187133e+00
-2.524852841093659261e+00
-2.513243130874268427e+00
-2.513243130874268427e+00
-2.513243130874268427e+00
-2.654793803786197337e+00
-2.654793803786197337e+00
-2.654793803786197337e+00
-2.654793803786197337e+00
-2.654793803786197337e+00
-2.511566711239674454e+00
-2.602987386996329811e+00
-2.594109367662110088e+00
-2.787830246346200802e+00
-2.787830246346200802e+00
-2.841130389338966111e+00
-2.590536733407355019e+00
-2.590536733407355019e+00
-2.634762855027927841e+00
-2.631053218786046255e+00
-2.737876061902466240e+00
-2.737876061902466240e+00
-2.737876061902466240e+00
-2.665856657236018723e+00
-2.665856657236018723e+00
-2.665856657236018723e+00
-2.665856657236018723e+00
-2.724834400948845659e+00
-2.729634128827314932e+00
-2.729634128827314932e+00
-2.766394055662949825e+00
-2.621207087572579475e+00
-2.621207087572579475e+00
-2.629479585095868543e+00
-2.602505355804536347e+00
-2.602505355804536347e+00
-2.602505355804536347e+00
-2.589913897805436793e+00
-2.690542944011735216e+00
-2.782337701453800438e+00
-2.771510833505612226e+00
-2.771510833505612226e+00
-2.651908768086832513e+00
-2.428397730685783795e+00
-2.428397730685783795e+00
-2.463400794588016751e+00
-2.462998698669985664e+00
-2.564141529487226734e+00
-2.564141529487226734e+00
-2.564141529487226734e+00
-2.564141529487226734e+00
-2.564141529487226734e+00
-2.478289603475072322e+00
-2.600764172221925907e+00
-2.600764172221925907e+00
-2.595807385290014757e+00
-2.434446543564341425e+00
-2.434446543564341425e+00
-2.571035723845729315e+00
-2.667279844547158607e+00
-2.667279844547158607e+00
-2.542667262542349427e+00
-2.414455644406747314e+00
-2.414455644406747314e+00
-2.414455644406747314e+00
-2.414455644406747314e+00
-2.416872640577651943e+00
-2.416872640577651943e+00
-2.416872640577651943e+00
-2.313957120488602470e+00
-2.430835658779126440e+00
-2.311638391725131303e+00
-2.320316641092902810e+00
-2.381656394383468989e+00
-2.381656394383468989e+00
-2.381656394383468989e+00
-2.315630496485085121e+00
-2.504011196132592154e+00
-2.437442835197115798e+00
-2.336251412032563923e+00
-2.366138847086415975e+00
-2.366138847086415975e+00
-2.366138847086415975e+00
-2.458540971836417288e+00
-2.454573963527421299e+00
-2.454573963527421299e+00
-2.454573963527421299e+00
-2.445625991625135498e+00
-2.454632756929275406e+00
-2.443251748274802182e+00
-2.455791988309217189e+00
-2.455791988309217189e+00
-2.438421501061177832e+00
-2.438421501061177832e+00
-2.366894132676894635e+00
-2.249218191946973811e+00
-2.278107447026136434e+00
-2.278107447026136434e+00
-2.272489451137548411e+00
-2.272489451137548411e+00
-2.263179900042108450e+00
-2.370393727193315314e+00
-2.370393727193315314e+00
-2.358379364243105680e+00
-2.358379364243105680e+00
-2.432519892164395348e+00
-2.394353782864628855e+00
-2.418449692138024076e+00
-2.418449692138024076e+00
-2.418449692138024076e+00
-2.612507573564628149e+00
-2.612507573564628149e+00
-2.612507573564628149e+00
-2.612507573564628149e+00
-2.612507573564628149e+00
-2.612507573564628149e+00
-2.513120905522500781e+00
-2.513120905522500781e+00
-2.570792353812160425e+00
-2.570792353812160425e+00
-2.570792353812160425e+00
-2.570792353812160425e+00
-2.570792353812160425e+00
-2.575217105505655635e+00
-2.575217105505655635e+00
-2.575217105505655635e+00
-2.575217105505655635e+00
-2.575217105505655635e+00
-2.544050714245728262e+00
-2.508334705562852651e+00
-2.302442010884066637e+00
-2.607169044065683394e+00
-2.510423993228166673e+00
-2.510423993228166673e+00
-2.796645086991869977e+00
-2.796645086991869977e+00
-2.819573783601941663e+00
-2.796459207164258665e+00
-2.624078430114714866e+00
-2.624078430114714866e+00
-2.628498329193829530e+00
-2.505704110097454862e+00
-2.474941439288363743e+00
-2.375119740669015655e+00
-2.395008144809893658e+00
-2.555814610584170588e+00
-2.555814610584170588e+00
-2.527979921018677967e+00
-2.675693937966235669e+00
-2.598096108281525041e+00
-2.588117213485879198e+00
-2.531612753939973093e+00
-2.533066763880441385e+00
-2.736992397210160188e+00
-2.736992397210160188e+00
-2.605423729832280433e+00
-2.631147509543950935e+00
-2.542912927139283852e+00
-2.542912927139283852e+00
-2.542912927139283852e+00
-2.573119826072635785e+00
-2.448233172846015382e+00
-2.529485750574417491e+00
-2.511636078034176212e+00
-2.511636078034176212e+00
-2.523189005647484606e+00
-2.559513662458022587e+00
-2.604243911466137540e+00
-2.574702142863221077e+00
-2.574702142863221077e+00
-2.657554577198391499e+00
-2.749665317289282651e+00
-2.749665317289282651e+00
-2.682503824531482728e+00
-2.661859194861557754e+00
-2.275084504375294969e+00
-2.331637442020229933e+00
-2.535899293481823413e+00
-2.535899293481823413e+00
-2.682734806732284483e+00
-2.587764699784649736e+00
-2.599199893177973397e+00
-2.599199893177973397e+00
-2.612793805482724885e+00
-2.612793805482724885e+00
-2.631216650917147071e+00
-2.455303013207934093e+00
-2.455303013207934093e+00
-2.477873569658633812e+00
-2.477873569658633812e+00
-2.501706963031962161e+00
-2.501706963031962161e+00
-2.463999352226441175e+00
-2.486979061775551170e+00
-2.486979061775551170e+00
-2.486979061775551170e+00
-2.461738223637166101e+00
-2.415931529079020645e+00
-2.277495603251452394e+00
-2.277567522409114087e+00
-2.277567522409114087e+00
-2.392270072965015704e+00
-2.512960498694352118e+00
-2.512960498694352118e+00
-2.615992950955963625e+00
-2.562392466653271583e+00
-2.579415477600455642e+00
-2.579415477600455642e+00
-2.579415477600455642e+00
-2.301752352060701057e+00
-2.475769842603789073e+00
-2.472873814964820394e+00
-2.451295756711273199e+00
-2.589020477871296411e+00
-2.589020477871296411e+00
-2.589020477871296411e+00
-2.589020477871296411e+00
-2.483257934307768977e+00
-2.618864588531623294e+00
-2.486661980802393757e+00
-2.486661980802393757e+00
