# Variable: dg_gbvi_00000422
# Sample shape: (2565,)
# Date: 2013-03-08 06:18:14.937402
-1.307275774509479938e+01
-1.169492823366525869e+01
-9.225369979750054128e+00
-7.627549713282824051e+00
-5.952312200741426196e+00
-5.943526508612115400e+00
-6.000429762610487217e+00
-8.728909633338652441e+00
-8.112463853082775955e+00
-6.939307915364115509e+00
-6.939307915364115509e+00
-6.939307915364115509e+00
-7.823600023682457660e+00
-7.682198737414554834e+00
-7.670259243499136126e+00
-7.935344536925213355e+00
-7.751926096429582635e+00
-8.293289320569940060e+00
-8.193958878421218728e+00
-9.208738171603661371e+00
-9.301562396376604980e+00
-9.164613214565790145e+00
-9.164613214565790145e+00
-9.193377624198888043e+00
-8.982061491868329028e+00
-8.982494047506150991e+00
-8.982494047506150991e+00
-8.929613669111731156e+00
-9.499636170111200428e+00
-9.521348822679465584e+00
-9.533752991928068354e+00
-9.533752991928068354e+00
-9.533752991928068354e+00
-9.533752991928068354e+00
-9.533752991928068354e+00
-9.533752991928068354e+00
-9.533752991928068354e+00
-9.579467872992161404e+00
-9.579467872992161404e+00
-9.579467872992161404e+00
-9.594952986706159592e+00
-9.546301985816336710e+00
-9.634964804914146086e+00
-9.431371675967957557e+00
-9.456341878952883917e+00
-9.357041935161497292e+00
-9.453150312169288583e+00
-9.490960039766132894e+00
-9.525952653190429942e+00
-9.525952653190429942e+00
-9.365336593407890931e+00
-9.365336593407890931e+00
-9.366112430823369195e+00
-9.366112430823369195e+00
-9.304765279707252645e+00
-9.139583532023596746e+00
-9.253732176044135116e+00
-9.253732176044135116e+00
-9.118468062431061227e+00
-9.260070147540380603e+00
-9.259038216290894852e+00
-9.259038216290894852e+00
-9.259038216290894852e+00
-9.312646534986445346e+00
-9.428322085951966969e+00
-9.428322085951966969e+00
-9.428322085951966969e+00
-9.428322085951966969e+00
-9.428322085951966969e+00
-9.428322085951966969e+00
-9.428322085951966969e+00
-9.428322085951966969e+00
-9.192116351597379165e+00
-9.163057457523070326e+00
-9.030553473339770321e+00
-9.043409964253228850e+00
-8.857594818356249178e+00
-8.857594818356249178e+00
-8.871466263726105694e+00
-8.864219156289060209e+00
-8.816962839506715000e+00
-8.816962839506715000e+00
-8.793722221587643162e+00
-8.793722221587643162e+00
-8.868250514455679578e+00
-9.317601371586070158e+00
-8.875790222853273903e+00
-8.911285949857889577e+00
-8.911285949857889577e+00
-9.053682255411056090e+00
-8.810232140902316544e+00
-8.810232140902316544e+00
-8.810232140902316544e+00
-8.810232140902316544e+00
-8.810232140902316544e+00
-8.691915788989870606e+00
-8.691915788989870606e+00
-8.691915788989870606e+00
-8.814019134497215191e+00
-8.818661107109925013e+00
-8.655074414802392369e+00
-8.667763063283802083e+00
-8.667763063283802083e+00
-8.667763063283802083e+00
-8.653479045656597535e+00
-8.653479045656597535e+00
-8.653479045656597535e+00
-8.653479045656597535e+00
-8.653479045656597535e+00
-8.653479045656597535e+00
-8.653479045656597535e+00
-8.678028268495046049e+00
-8.678028268495046049e+00
-8.678028268495046049e+00
-8.678028268495046049e+00
-8.678028268495046049e+00
-8.678028268495046049e+00
-8.678028268495046049e+00
-8.810334317686464800e+00
-8.870425519545497295e+00
-9.208929864053425618e+00
-9.208929864053425618e+00
-9.208929864053425618e+00
-9.196831732798633752e+00
-9.196831732798633752e+00
-9.014786722430066845e+00
-9.384037965269531156e+00
-9.384037965269531156e+00
-9.379945072492382963e+00
-9.379945072492382963e+00
-9.379945072492382963e+00
-9.368184995608430654e+00
-9.368184995608430654e+00
-9.378223898056683439e+00
-9.083054451798879825e+00
-9.083054451798879825e+00
-9.083054451798879825e+00
-9.083054451798879825e+00
-9.186363566046967577e+00
-9.243924078084413409e+00
-9.014697438993264811e+00
-9.806504123089855085e+00
-9.797501204980806122e+00
-9.770978232766184490e+00
-9.658512378928712394e+00
-9.565431260291799020e+00
-9.618687377883379241e+00
-9.653306353968586606e+00
-9.619739787838804901e+00
-9.619739787838804901e+00
-9.619739787838804901e+00
-9.640059138513866088e+00
-9.696197912446095302e+00
-9.518617302114947165e+00
-9.518617302114947165e+00
-9.462188928916964059e+00
-9.480779216188986780e+00
-9.462261547396494166e+00
-9.462261547396494166e+00
-9.564894349208737268e+00
-9.564894349208737268e+00
-9.564894349208737268e+00
-9.564894349208737268e+00
-9.535309838220605627e+00
-9.535309838220605627e+00
-9.535309838220605627e+00
-9.535309838220605627e+00
-9.584754548953766218e+00
-9.584754548953766218e+00
-9.418410394113999828e+00
-9.346068498482873466e+00
-9.548699354067855083e+00
-9.289753599896945602e+00
-9.281496172664004618e+00
-9.281496172664004618e+00
-9.260060447895572366e+00
-9.246571294262645679e+00
-9.261155786431817916e+00
-9.158497222975038099e+00
-9.320973465114452239e+00
-9.320973465114452239e+00
-9.320973465114452239e+00
-9.320973465114452239e+00
-9.137871132923077511e+00
-9.269412708044109550e+00
-9.274023821964936687e+00
-9.274023821964936687e+00
-9.410548027792117409e+00
-9.410548027792117409e+00
-9.324607069234835066e+00
-9.312986612507126338e+00
-9.314607233390370666e+00
-9.314607233390370666e+00
-9.314607233390370666e+00
-9.314607233390370666e+00
-9.476624334413449091e+00
-9.476624334413449091e+00
-9.437257637882362715e+00
-9.145670878374653867e+00
-9.141768362965708050e+00
-9.141768362965708050e+00
-9.141768362965708050e+00
-9.141768362965708050e+00
-9.141768362965708050e+00
-9.141768362965708050e+00
-9.099245105798940969e+00
-9.167915739520013929e+00
-9.412276713983619203e+00
-9.412276713983619203e+00
-9.407464366253062593e+00
-9.407464366253062593e+00
-9.425397949787122087e+00
-9.425397949787122087e+00
-9.430456151088131733e+00
-9.345329252631596972e+00
-9.345329252631596972e+00
-9.345329252631596972e+00
-9.345329252631596972e+00
-9.435406004722473483e+00
-9.499562253843999216e+00
-9.283309984569976692e+00
-9.283309984569976692e+00
-9.283309984569976692e+00
-9.068294279722646678e+00
-9.086511288710424239e+00
-9.343122921043002904e+00
-9.297204946322349173e+00
-9.297204946322349173e+00
-9.297204946322349173e+00
-9.293677443460728327e+00
-9.146643177840074301e+00
-9.137890311729421455e+00
-9.208254083660392553e+00
-9.208254083660392553e+00
-9.208254083660392553e+00
-9.179626877005722108e+00
-9.540394184153912605e+00
-9.540394184153912605e+00
-9.542971653739027005e+00
-9.522561543433122111e+00
-9.667648073143753962e+00
-9.613871116947693807e+00
-9.555975116574574102e+00
-9.561378932568260325e+00
-9.296161221290416776e+00
-9.235040986066996638e+00
-9.143193896697194845e+00
-9.129113207009824649e+00
-9.129113207009824649e+00
-9.150116902119812323e+00
-9.180481203282047531e+00
-9.180481203282047531e+00
-9.180481203282047531e+00
-9.180481203282047531e+00
-9.220802841848628972e+00
-9.220802841848628972e+00
-9.220802841848628972e+00
-9.188040976244943536e+00
-9.275943958277144574e+00
-9.291523520074642661e+00
-9.291523520074642661e+00
-9.144847418963703234e+00
-9.125736065222717741e+00
-9.143689480292932714e+00
-9.148083988883820794e+00
-9.236570212884288367e+00
-9.203075617202824077e+00
-9.124344810505769843e+00
-9.310208221285382280e+00
-9.157432758931767225e+00
-9.159903402601281996e+00
-9.300300964049155183e+00
-9.300300964049155183e+00
-9.300300964049155183e+00
-9.313418454492417453e+00
-9.200903301932527256e+00
-9.111392780617045162e+00
-9.257358621136599908e+00
-9.257358621136599908e+00
-9.224192377096944284e+00
-9.257098730235824746e+00
-9.268876787390857075e+00
-9.268876787390857075e+00
-9.283623557015651784e+00
-9.205452648985518849e+00
-9.205452648985518849e+00
-9.310859819620890931e+00
-9.329114531694616019e+00
-9.329114531694616019e+00
-9.321750811327195407e+00
-9.259196737518797349e+00
-9.259196737518797349e+00
-9.259196737518797349e+00
-9.261173232428392410e+00
-9.261088604077475139e+00
-9.252820417971259204e+00
-9.223831860255433668e+00
-9.443445136202953449e+00
-9.401976532547461574e+00
-9.401976532547461574e+00
-9.379714117902704373e+00
-9.352857201025589262e+00
-9.352857201025589262e+00
-9.352857201025589262e+00
-9.352857201025589262e+00
-9.353967432965470508e+00
-9.341876625931696765e+00
-9.341210967371349483e+00
-9.246453099305126599e+00
-9.245432812058989924e+00
-9.270338441343445979e+00
-9.272361414128688750e+00
-9.272361414128688750e+00
-9.241477140960844494e+00
-9.290672052760092114e+00
-9.551475356065681765e+00
-9.547063369081627116e+00
-9.406863134020358785e+00
-9.403685358619778611e+00
-9.422651219017302182e+00
-9.183619012051162045e+00
-9.183619012051162045e+00
-9.183619012051162045e+00
-9.183619012051162045e+00
-9.172550417349754071e+00
-9.403384897730722614e+00
-9.434526050157693078e+00
-9.434526050157693078e+00
-9.434526050157693078e+00
-9.428816074016760140e+00
-9.428816074016760140e+00
-9.177892997909919970e+00
-9.158138452404910979e+00
-9.222329223549142085e+00
-9.222329223549142085e+00
-9.219324110952500817e+00
-9.219324110952500817e+00
-9.277504077965126328e+00
-9.277504077965126328e+00
-9.299795911566290485e+00
-9.299795911566290485e+00
-9.277365743767264306e+00
-9.390438233910773036e+00
-9.408529303856232318e+00
-9.408529303856232318e+00
-9.408529303856232318e+00
-9.286102377930847140e+00
-9.315128422543887510e+00
-9.297250543507251663e+00
-9.100688047820289839e+00
-9.256354196669148493e+00
-9.208939898748260688e+00
-9.208939898748260688e+00
-9.201927318198206862e+00
-9.222772845680104581e+00
-9.336033971344027904e+00
-9.248874300757558231e+00
-9.308422964522856446e+00
-9.305430529858128352e+00
-9.169505899839846208e+00
-9.169505899839846208e+00
-9.280078659797263541e+00
-9.261483776077195529e+00
-9.261483776077195529e+00
-9.470356521645006964e+00
-9.470356521645006964e+00
-9.476524530340196151e+00
-9.476524530340196151e+00
-9.476524530340196151e+00
-9.495102870207613677e+00
-9.495102870207613677e+00
-9.494074277710691234e+00
-9.514265834762499097e+00
-9.359836533535249359e+00
-9.422084669793843403e+00
-9.422084669793843403e+00
-9.422084669793843403e+00
-9.466187955335765736e+00
-9.466187955335765736e+00
-9.468974269977270097e+00
-9.371497844087130602e+00
-9.371497844087130602e+00
-9.371497844087130602e+00
-9.371497844087130602e+00
-9.371497844087130602e+00
-9.360056415548003272e+00
-9.356036904375496732e+00
-9.438923245086009217e+00
-9.438923245086009217e+00
-9.438923245086009217e+00
-9.438923245086009217e+00
-9.438923245086009217e+00
-9.438923245086009217e+00
-9.495775917687325318e+00
-9.456128398161295578e+00
-9.664542005415023951e+00
-9.608406808476471994e+00
-9.608406808476471994e+00
-9.600247711039973098e+00
-9.530240747400105406e+00
-9.531328672805026159e+00
-9.549632469319892181e+00
-9.540978713677233713e+00
-9.541528126986293046e+00
-9.541528126986293046e+00
-9.398118243589850707e+00
-9.398118243589850707e+00
-9.398118243589850707e+00
-9.388744228526535451e+00
-9.388744228526535451e+00
-9.435658563787674424e+00
-9.463412241489320920e+00
-9.469195162718218484e+00
-9.450354238995039680e+00
-9.450354238995039680e+00
-9.429731554240401437e+00
-9.247262176913162435e+00
-9.405242843060635849e+00
-9.400357857791549421e+00
-9.506396782939299683e+00
-9.506396782939299683e+00
-9.411197216456317349e+00
-9.533123554858860871e+00
-9.533123554858860871e+00
-9.421765333786121133e+00
-9.354365706145809867e+00
-9.368614896884407628e+00
-9.582659278254594071e+00
-9.297411588996247644e+00
-9.297411588996247644e+00
-9.297411588996247644e+00
-9.298687389611302478e+00
-9.296060901639151552e+00
-9.296060901639151552e+00
-9.296060901639151552e+00
-9.296060901639151552e+00
-8.968753874227452627e+00
-8.968753874227452627e+00
-9.215068602406377707e+00
-9.189453219690857821e+00
-9.496578719460387674e+00
-9.608336223263428622e+00
-9.608336223263428622e+00
-9.602908402235991403e+00
-9.594925237994724299e+00
-9.602317241761506139e+00
-9.602317241761506139e+00
-9.440263324417193402e+00
-9.468209296403685471e+00
-9.468209296403685471e+00
-9.474584644678591516e+00
-9.474584644678591516e+00
-9.474584644678591516e+00
-9.251000241166156712e+00
-9.313737537159195057e+00
-9.416734646034500500e+00
-9.368147562881562251e+00
-9.119625184003883334e+00
-9.119625184003883334e+00
-9.119625184003883334e+00
-9.086471300010607877e+00
-9.236151280417226772e+00
-9.209329762758525106e+00
-9.252321999733172930e+00
-9.252526899464831089e+00
-9.275584531480703276e+00
-9.192922069696253473e+00
-9.275460276916946967e+00
-9.274640982211689533e+00
-9.274640982211689533e+00
-9.274640982211689533e+00
-9.114094663509973770e+00
-9.000191317676859981e+00
-9.000191317676859981e+00
-9.315210817167818291e+00
-9.367402912648040925e+00
-9.354258203789525439e+00
-9.309745794743358616e+00
-9.309745794743358616e+00
-9.463320500573960459e+00
-9.463320500573960459e+00
-9.353920222577068344e+00
-9.353920222577068344e+00
-9.353920222577068344e+00
-9.250126937887962697e+00
-9.341545482198140959e+00
-9.376672065042738424e+00
-9.376672065042738424e+00
-9.376672065042738424e+00
-9.376672065042738424e+00
-9.324464870089762769e+00
-9.324464870089762769e+00
-9.324464870089762769e+00
-9.324464870089762769e+00
-9.324464870089762769e+00
-9.447266014273294488e+00
-9.448000157845227065e+00
-9.448000157845227065e+00
-9.334816583818662750e+00
-9.282268587247234137e+00
-9.282268587247234137e+00
-9.259108058976446287e+00
-9.163171859327876589e+00
-9.326893479364512629e+00
-9.326893479364512629e+00
-9.326893479364512629e+00
-9.162633140594108383e+00
-9.231008431254505098e+00
-9.193124107394533340e+00
-9.163679877385899175e+00
-9.254320227587511383e+00
-9.168893075336617571e+00
-9.262752442856093893e+00
-9.262752442856093893e+00
-9.262752442856093893e+00
-9.262752442856093893e+00
-9.224639088622307526e+00
-9.224639088622307526e+00
-9.166732348875989089e+00
-9.432961679085073214e+00
-9.411399885001280552e+00
-9.411399885001280552e+00
-9.481347210474616816e+00
-9.506958911638514920e+00
-9.429857662258894990e+00
-9.431055083824919194e+00
-9.501734576417245393e+00
-9.501734576417245393e+00
-9.501734576417245393e+00
-9.501734576417245393e+00
-9.522098007269987008e+00
-9.443160914806489004e+00
-9.443160914806489004e+00
-9.441927085249535168e+00
-9.459019201071482641e+00
-9.459019201071482641e+00
-9.381057437327655180e+00
-9.381057437327655180e+00
-9.381057437327655180e+00
-9.408642043742133865e+00
-9.358133856620506563e+00
-9.358133856620506563e+00
-9.358133856620506563e+00
-9.524223112609817576e+00
-9.465816925320169162e+00
-9.436467020868493094e+00
-9.540783540922983974e+00
-9.540783540922983974e+00
-9.540783540922983974e+00
-9.540783540922983974e+00
-9.401742828149464160e+00
-9.226318977325135506e+00
-9.226318977325135506e+00
-9.239265303320850720e+00
-9.503055386048149700e+00
-9.701547786618959890e+00
-9.635990310168498496e+00
-9.658017384479768097e+00
-9.658017384479768097e+00
-9.628890810290574365e+00
-9.628890810290574365e+00
-9.628890810290574365e+00
-9.510060731520391997e+00
-9.520687668397949110e+00
-9.520687668397949110e+00
-9.503173757717252812e+00
-9.564517615514841253e+00
-9.564517615514841253e+00
-9.583120635041209923e+00
-9.583120635041209923e+00
-9.620447326909728147e+00
-9.632271141998495878e+00
-9.632271141998495878e+00
-9.409973295090974688e+00
-9.424569532017752493e+00
-9.392117349481493349e+00
-9.261980307306197702e+00
-9.456146252788576234e+00
-9.448974645576292630e+00
-9.447641545512896144e+00
-9.454949993443175771e+00
-9.454949993443175771e+00
-9.454949993443175771e+00
-9.454949993443175771e+00
-9.454949993443175771e+00
-9.324122973101154344e+00
-9.330879397160694921e+00
-9.222711085803210196e+00
-9.222711085803210196e+00
-9.137378557748041530e+00
-9.137378557748041530e+00
-9.375283383365086820e+00
-9.375283383365086820e+00
-9.375283383365086820e+00
-9.387356434174929376e+00
-9.387356434174929376e+00
-9.387356434174929376e+00
-9.173391419875704500e+00
-9.173391419875704500e+00
-9.305046745277349984e+00
-9.288028443814287272e+00
-9.197816988842046015e+00
-9.197816988842046015e+00
-9.197816988842046015e+00
-9.205458369001968677e+00
-9.225657325163576061e+00
-9.306942817732108963e+00
-9.290038371728401856e+00
-9.290512110214880437e+00
-9.290512110214880437e+00
-9.322529782987404090e+00
-9.322529782987404090e+00
-9.279366716772381452e+00
-9.229791739182925170e+00
-9.522424430999087974e+00
-9.521152533787910599e+00
-9.514525954279580588e+00
-9.415554270477134224e+00
-9.418839043978044501e+00
-9.418839043978044501e+00
-9.410784156851793369e+00
-9.410784156851793369e+00
-9.410784156851793369e+00
-9.487419481590634973e+00
-9.518565005118594158e+00
-9.521108105477301464e+00
-9.521108105477301464e+00
-9.554937100489729218e+00
-9.548952181777073278e+00
-9.370844830568291428e+00
-9.604435904513943356e+00
-9.604435904513943356e+00
-9.604435904513943356e+00
-9.604435904513943356e+00
-9.538346373557233804e+00
-9.538346373557233804e+00
-9.549150577212445867e+00
-9.725849041496937630e+00
-9.725849041496937630e+00
-9.725849041496937630e+00
-9.726756845290921660e+00
-9.571275774687100224e+00
-9.245289330426208707e+00
-9.245289330426208707e+00
-9.274277507678629462e+00
-9.274277507678629462e+00
-9.359022262917219948e+00
-9.340893319457414634e+00
-9.361482840489987467e+00
-9.336044529535161729e+00
-9.428790469379372041e+00
-9.474944753440244227e+00
-9.447563109793060576e+00
-9.444617540092060892e+00
-9.431404597183570715e+00
-9.414923194593601607e+00
-9.337053601619908605e+00
-9.382536176971415287e+00
-9.382536176971415287e+00
-9.382536176971415287e+00
-9.382536176971415287e+00
-9.290217383535516404e+00
-9.290217383535516404e+00
-9.339467313806217419e+00
-9.339467313806217419e+00
-9.339467313806217419e+00
-9.339467313806217419e+00
-9.347334301324378814e+00
-9.347334301324378814e+00
-9.347334301324378814e+00
-9.348092890433406410e+00
-9.364976336086606068e+00
-9.364976336086606068e+00
-9.251150138036635440e+00
-9.251150138036635440e+00
-9.114206668005421008e+00
-9.195482312122193136e+00
-9.218317814440668556e+00
-9.213719967587877591e+00
-9.213719967587877591e+00
-9.213719967587877591e+00
-8.956269234250317623e+00
-8.956269234250317623e+00
-8.956269234250317623e+00
-9.052335906301053114e+00
-9.052335906301053114e+00
-9.052335906301053114e+00
-9.052335906301053114e+00
-9.052335906301053114e+00
-9.068116571430604012e+00
-9.126920432598145894e+00
-9.126920432598145894e+00
-9.122813181989590348e+00
-9.122813181989590348e+00
-9.122813181989590348e+00
-9.120011080960942706e+00
-9.093979337696394438e+00
-9.093979337696394438e+00
-9.113216529751877459e+00
-8.960092451516253220e+00
-8.978695552129064339e+00
-9.182019185465490452e+00
-9.182019185465490452e+00
-9.182019185465490452e+00
-9.423952365932262154e+00
-9.355826423374425715e+00
-9.329552148356187402e+00
-9.329552148356187402e+00
-9.329552148356187402e+00
-9.397786608447374235e+00
-9.447279841180087345e+00
-9.447279841180087345e+00
-9.444726978447711474e+00
-9.215181671210428860e+00
-9.291760372709736870e+00
-9.291760372709736870e+00
-9.291760372709736870e+00
-9.269516656232395846e+00
-9.269516656232395846e+00
-9.312010783903216904e+00
-9.203000170277068293e+00
-9.203000170277068293e+00
-9.203000170277068293e+00
-9.280179194314516877e+00
-9.410025288517031683e+00
-9.292786944598914189e+00
-9.292786944598914189e+00
-8.996116827477175448e+00
-8.996116827477175448e+00
-8.996116827477175448e+00
-9.378691156103652560e+00
-9.388841105805576959e+00
-9.388841105805576959e+00
-9.361633340316219076e+00
-9.388522906447446914e+00
-9.338007360936229517e+00
-9.338007360936229517e+00
-9.338007360936229517e+00
-9.338007360936229517e+00
-9.564749782309608150e+00
-9.568696190610525676e+00
-9.568696190610525676e+00
-9.564513555139878775e+00
-9.564513555139878775e+00
-9.532343895235385389e+00
-9.520444885091830400e+00
-9.528824467489233285e+00
-9.234308608346211145e+00
-9.234308608346211145e+00
-9.234308608346211145e+00
-9.203665958440696571e+00
-9.203665958440696571e+00
-9.015245152630056324e+00
-9.050232248489194831e+00
-9.242282310634827525e+00
-9.226512634812520375e+00
-9.226512634812520375e+00
-9.009592751166474400e+00
-9.070824708996685359e+00
-9.070824708996685359e+00
-9.436666171586466589e+00
-9.436666171586466589e+00
-9.421531239458188267e+00
-9.657080967964255080e+00
-9.657080967964255080e+00
-9.665989325355283768e+00
-9.665989325355283768e+00
-9.395398299548871179e+00
-9.442620935631671486e+00
-9.384322981059867175e+00
-9.384322981059867175e+00
-9.351467813304299881e+00
-9.585704237233132474e+00
-9.578732884716544049e+00
-9.466112870234459464e+00
-9.413434270430906636e+00
-9.467013643770139097e+00
-9.429937536720956359e+00
-9.280521401991821406e+00
-9.574970448535884415e+00
-9.574970448535884415e+00
-9.403383282077268035e+00
-9.403383282077268035e+00
-9.634982488311992554e+00
-9.634982488311992554e+00
-9.634982488311992554e+00
-9.402602745744930601e+00
-9.402602745744930601e+00
-9.454874592051632831e+00
-9.407801909558818565e+00
-9.543695941073673694e+00
-9.543695941073673694e+00
-9.311971807153993197e+00
-9.326210531210005428e+00
-9.478347818221012133e+00
-9.435852679006494270e+00
-9.424389617185635615e+00
-9.424389617185635615e+00
-9.435192622389543260e+00
-9.435192622389543260e+00
-9.443527815997816433e+00
-9.485757577106131322e+00
-9.526733257380136877e+00
-9.526733257380136877e+00
-9.444550103707898714e+00
-9.433353348535835181e+00
-9.350737968549273305e+00
-9.371494440856062980e+00
-9.344251062227526106e+00
-9.344251062227526106e+00
-9.344251062227526106e+00
-9.280013336604499230e+00
-9.280013336604499230e+00
-9.280013336604499230e+00
-9.295502877607125569e+00
-9.295502877607125569e+00
-9.306536475957866372e+00
-9.500231037706962312e+00
-9.488301414220281060e+00
-9.488301414220281060e+00
-9.471835100440944899e+00
-9.471835100440944899e+00
-9.471835100440944899e+00
-9.471835100440944899e+00
-9.498670389577563711e+00
-9.509049719827988412e+00
-9.420124978449415210e+00
-9.420124978449415210e+00
-9.598181486897276571e+00
-9.603580932782909585e+00
-9.603580932782909585e+00
-9.551496874640088564e+00
-9.504648869026382840e+00
-9.504648869026382840e+00
-9.504648869026382840e+00
-9.522935379016805868e+00
-9.501400768776479211e+00
-9.652072315550498161e+00
-9.652072315550498161e+00
-9.501977702902866696e+00
-9.515019590823959206e+00
-9.335394529811509301e+00
-9.335394529811509301e+00
-9.335394529811509301e+00
-9.337034251549111374e+00
-9.352285589524965914e+00
-9.352285589524965914e+00
-9.467037265793733170e+00
-9.393583049756164982e+00
-9.403228004978364751e+00
-9.337376134208488665e+00
-9.337376134208488665e+00
-9.352781851819296222e+00
-9.352781851819296222e+00
-9.352781851819296222e+00
-9.372867634337652021e+00
-9.278208774032840722e+00
-9.562544579097732367e+00
-9.512809585768509990e+00
-9.650298345405092348e+00
-9.665334167399464604e+00
-9.665334167399464604e+00
-9.665624472883031615e+00
-9.554054701380801262e+00
-9.565359831523064571e+00
-9.559936977789215362e+00
-9.398338991457784175e+00
-9.445687219247229649e+00
-9.471850252345744181e+00
-9.478422934196657934e+00
-9.461391307274782392e+00
-9.397069792176287351e+00
-9.481920700551139447e+00
-9.553321395609044586e+00
-9.553321395609044586e+00
-9.441833137251189001e+00
-9.486740983914078384e+00
-9.611682099843527283e+00
-9.660201660078053365e+00
-9.660201660078053365e+00
-9.599341495449637662e+00
-9.382384083906575967e+00
-9.435314121439279944e+00
-9.431466980568174563e+00
-9.546991975713591927e+00
-9.546991975713591927e+00
-9.323325566186563051e+00
-9.323325566186563051e+00
-9.531332645801871450e+00
-9.531332645801871450e+00
-9.531332645801871450e+00
-9.635231045912485470e+00
-9.635231045912485470e+00
-9.635231045912485470e+00
-9.635231045912485470e+00
-9.635231045912485470e+00
-9.609790828117589001e+00
-9.469550469188545705e+00
-9.469550469188545705e+00
-9.098295432764162527e+00
-9.098295432764162527e+00
-9.240960765127171683e+00
-9.240960765127171683e+00
-9.240960765127171683e+00
-9.240960765127171683e+00
-9.205462280836080424e+00
-9.205462280836080424e+00
-9.205462280836080424e+00
-9.181663178431294980e+00
-9.132806684283929499e+00
-9.152306634851473888e+00
-9.073347830973762740e+00
-9.073347830973762740e+00
-9.111309166776752733e+00
-9.201379984385594568e+00
-9.201379984385594568e+00
-9.183354668056091796e+00
-9.044082195842022998e+00
-9.068234788162616411e+00
-8.925132131048734152e+00
-8.926929866335965968e+00
-9.041228044981838963e+00
-9.256871404293830707e+00
-9.233207833200804515e+00
-9.248917501579741796e+00
-9.248917501579741796e+00
-9.594907041272161763e+00
-9.627262116252058632e+00
-9.627262116252058632e+00
-9.563622526696867965e+00
-9.489231653670966438e+00
-9.523334785890412491e+00
-9.523334785890412491e+00
-9.523334785890412491e+00
-9.153763823022970314e+00
-9.153763823022970314e+00
-9.153763823022970314e+00
-9.153763823022970314e+00
-9.153763823022970314e+00
-9.151330056287275028e+00
-9.151330056287275028e+00
-9.151330056287275028e+00
-9.192138468687581110e+00
-9.192138468687581110e+00
-9.181923824726668570e+00
-9.169067173927459180e+00
-9.169067173927459180e+00
-9.152200245246428167e+00
-9.189669386182950817e+00
-9.284898249979971041e+00
-9.284898249979971041e+00
-9.284898249979971041e+00
-9.284898249979971041e+00
-9.302663237569801069e+00
-9.299394834626458106e+00
-9.299394834626458106e+00
-9.277540582119518930e+00
-9.277540582119518930e+00
-9.322193373566502572e+00
-9.322193373566502572e+00
-9.296419388158851049e+00
-9.284625644250699139e+00
-9.349469521453059428e+00
-9.133893817676879578e+00
-9.134915296978537214e+00
-9.134915296978537214e+00
-9.128073037727620687e+00
-9.271760276277758450e+00
-9.280704281150470081e+00
-9.346066952229415747e+00
-9.346066952229415747e+00
-9.238961481841437617e+00
-9.238961481841437617e+00
-9.343671386379135413e+00
-9.359520545312475903e+00
-9.359520545312475903e+00
-9.357363052950786297e+00
-9.460170013127230604e+00
-9.307223514513593088e+00
-9.371298812717537174e+00
-9.360108510688167627e+00
-9.632765128304196622e+00
-9.600428715788524414e+00
-9.600428715788524414e+00
-9.611049478091457487e+00
-9.611049478091457487e+00
-9.284255979490467325e+00
-9.284255979490467325e+00
-9.284255979490467325e+00
-9.367431654905150396e+00
-9.367431654905150396e+00
-9.315605013356464070e+00
-9.211381822696530719e+00
-9.220706550260837631e+00
-9.220706550260837631e+00
-9.220706550260837631e+00
-9.333895196960567020e+00
-9.333895196960567020e+00
-9.333895196960567020e+00
-9.370470758691620716e+00
-9.370470758691620716e+00
-9.370470758691620716e+00
-9.417592718648602812e+00
-9.417592718648602812e+00
-9.361712343878053844e+00
-9.332030415715461658e+00
-9.332030415715461658e+00
-9.332030415715461658e+00
-9.265030506612157879e+00
-9.265030506612157879e+00
-9.193344283351336799e+00
-9.346595399867990039e+00
-9.346595399867990039e+00
-9.312102865570246024e+00
-9.312102865570246024e+00
-9.344586070106680964e+00
-9.343873615469389549e+00
-9.448552710994137627e+00
-9.399683607949743447e+00
-9.399683607949743447e+00
-9.551250494047504702e+00
-9.450749236126563702e+00
-9.459650843108033058e+00
-9.533217448482107059e+00
-9.533217448482107059e+00
-9.507336076708282846e+00
-9.584882737660663565e+00
-9.584882737660663565e+00
-9.211065567113113417e+00
-9.200665274632548574e+00
-9.220642434832546641e+00
-9.221825697809048705e+00
-9.221825697809048705e+00
-9.281240285805095525e+00
-9.300531182190518109e+00
-9.219863602890510990e+00
-9.219863602890510990e+00
-9.216419302287640392e+00
-9.080210132253423438e+00
-9.064610879920985909e+00
-9.064610879920985909e+00
-9.249548220131375231e+00
-9.249548220131375231e+00
-9.299605733468059299e+00
-9.299605733468059299e+00
-9.307385742826216557e+00
-9.307385742826216557e+00
-9.307385742826216557e+00
-9.271277914017570509e+00
-9.398875189454503953e+00
-9.439815288563067952e+00
-9.043639159329552868e+00
-9.255410840549826545e+00
-9.095603461512080656e+00
-9.144856826692123519e+00
-9.144856826692123519e+00
-9.144856826692123519e+00
-9.144856826692123519e+00
-9.151901191977556138e+00
-9.154252843651784488e+00
-9.154252843651784488e+00
-9.154252843651784488e+00
-9.271626333081014693e+00
-9.113561695638976445e+00
-9.140348168913215332e+00
-9.140348168913215332e+00
-9.423225468019124307e+00
-9.423225468019124307e+00
-9.464296274523132269e+00
-9.465218261639471109e+00
-9.484797193130727777e+00
-9.473588116242662949e+00
-9.473588116242662949e+00
-9.454512360441583496e+00
-9.454512360441583496e+00
-9.460392750945938900e+00
-9.460392750945938900e+00
-9.460392750945938900e+00
-9.009616729891993359e+00
-8.997903123781439305e+00
-9.382375230941168098e+00
-9.432381974346016662e+00
-9.024071854781960056e+00
-9.024071854781960056e+00
-9.029223819004167595e+00
-8.881320003267640928e+00
-9.032661242386115674e+00
-8.940629578379866160e+00
-8.940629578379866160e+00
-8.940629578379866160e+00
-8.940629578379866160e+00
-9.125458700758466435e+00
-9.144483223367659619e+00
-9.351992348767195651e+00
-9.371193407290329347e+00
-9.371193407290329347e+00
-9.371193407290329347e+00
-9.328802330469535775e+00
-9.180943745852513160e+00
-9.272282910523161448e+00
-9.281211690518963664e+00
-9.300869872783556147e+00
-9.286295020212678608e+00
-9.321279691191810102e+00
-9.304678881918206912e+00
-9.344909495955908696e+00
-9.293928283077381280e+00
-9.373993023421826720e+00
-9.318980373062329292e+00
-9.350870771054477615e+00
-9.350870771054477615e+00
-9.350870771054477615e+00
-9.232298514669645684e+00
-9.232298514669645684e+00
-9.211821568814992034e+00
-9.211821568814992034e+00
-9.092804928498598116e+00
-9.342005530155464754e+00
-9.339492397527145329e+00
-9.339492397527145329e+00
-9.392209054297561366e+00
-9.530405979876958256e+00
-9.423544590745803973e+00
-9.360773080297446924e+00
-9.347954031869484481e+00
-9.373188710825914427e+00
-9.372855226497360803e+00
-9.372855226497360803e+00
-9.372855226497360803e+00
-9.416573370510070262e+00
-9.418190463652379663e+00
-9.376148681827844555e+00
-9.246233964979317932e+00
-9.214138563067375998e+00
-9.214138563067375998e+00
-9.217978699905541973e+00
-9.183396445480465076e+00
-9.266346016011649311e+00
-9.266346016011649311e+00
-9.219865635336837784e+00
-9.159260633532428031e+00
-9.304127893821254602e+00
-9.486376154780964853e+00
-9.441260818292974477e+00
-9.336714775890314399e+00
-9.336714775890314399e+00
-9.326012047242498326e+00
-9.303990279721656265e+00
-9.303990279721656265e+00
-9.391865735543811766e+00
-9.365144058351770440e+00
-9.337625103355405187e+00
-9.337625103355405187e+00
-9.352320076662165249e+00
-9.352320076662165249e+00
-9.352320076662165249e+00
-9.352320076662165249e+00
-9.352320076662165249e+00
-9.600714491577884147e+00
-9.574300408657068218e+00
-9.574300408657068218e+00
-9.574300408657068218e+00
-9.574300408657068218e+00
-9.546241573396287095e+00
-9.546241573396287095e+00
-9.546241573396287095e+00
-9.418046626896735773e+00
-9.534907275352345835e+00
-9.398172794841100242e+00
-9.394166765966700083e+00
-9.394166765966700083e+00
-9.394166765966700083e+00
-9.394166765966700083e+00
-9.394166765966700083e+00
-9.456127653843095615e+00
-9.442703761328139933e+00
-9.442703761328139933e+00
-9.372465858979023068e+00
-9.372465858979023068e+00
-9.247420920536656652e+00
-9.247420920536656652e+00
-9.413420053077574678e+00
-9.436686751226579517e+00
-9.435926345810090154e+00
-9.309320467402597998e+00
-9.309320467402597998e+00
-9.059689369408612691e+00
-9.022318607062400631e+00
-9.098818728835698977e+00
-9.098818728835698977e+00
-9.098818728835698977e+00
-9.098818728835698977e+00
-9.298835839592491936e+00
-9.273813485821433389e+00
-9.273813485821433389e+00
-9.379255324980627861e+00
-9.379255324980627861e+00
-9.379255324980627861e+00
-9.356357979869269315e+00
-9.356357979869269315e+00
-9.398023531693249666e+00
-9.414810482997213015e+00
-9.412496290732434545e+00
-9.376346850154799739e+00
-9.425364179988619640e+00
-9.249089900720855795e+00
-9.255152261198078989e+00
-9.255152261198078989e+00
-9.298053235036382702e+00
-9.298053235036382702e+00
-9.282619188963449730e+00
-9.282619188963449730e+00
-9.282619188963449730e+00
-9.282619188963449730e+00
-9.282619188963449730e+00
-9.282619188963449730e+00
-9.389010443863645250e+00
-9.389010443863645250e+00
-9.371526365059052566e+00
-9.371526365059052566e+00
-9.365394320751711632e+00
-9.366902249661245961e+00
-9.366902249661245961e+00
-9.561497107801288919e+00
-9.440970066315301779e+00
-9.141170621075142222e+00
-9.533273727422315602e+00
-9.504968584143956178e+00
-9.519474071611391253e+00
-9.519474071611391253e+00
-9.506730129758745207e+00
-9.506730129758745207e+00
-9.437424384624785390e+00
-9.437424384624785390e+00
-9.457224273054537278e+00
-9.457224273054537278e+00
-9.570360525138882579e+00
-9.570360525138882579e+00
-9.483320143497598664e+00
-9.483320143497598664e+00
-9.578675185909645506e+00
-9.523462014905554440e+00
-9.483935438330943768e+00
-9.483935438330943768e+00
-9.517973547021432168e+00
-9.517973547021432168e+00
-9.397704961740135587e+00
-9.453004878296200175e+00
-9.347405469416761647e+00
-9.280586889251548399e+00
-9.280586889251548399e+00
-9.395698534482802344e+00
-9.395698534482802344e+00
-9.574893840288227764e+00
-9.587487075305684670e+00
-9.587487075305684670e+00
-9.587487075305684670e+00
-9.581393805740054503e+00
-9.577825517031103075e+00
-9.577825517031103075e+00
-9.619614105985590413e+00
-9.662834056891606238e+00
-9.419604298161237566e+00
-9.396217527852211759e+00
-9.396217527852211759e+00
-9.500986805453923267e+00
-9.497846213160288542e+00
-9.497846213160288542e+00
-9.520533336077743769e+00
-9.602808075284560374e+00
-9.614163848894840214e+00
-9.512950579817564645e+00
-9.520220485651959663e+00
-9.447462054231166917e+00
-9.447462054231166917e+00
-9.415629277837394895e+00
-9.558447872198721385e+00
-9.524756606077746213e+00
-9.418517094426562153e+00
-9.418517094426562153e+00
-9.511865373043363547e+00
-9.535146459812340325e+00
-9.535146459812340325e+00
-9.471418939035768148e+00
-9.412361538272422834e+00
-9.412361538272422834e+00
-9.513391859541856732e+00
-9.513391859541856732e+00
-9.513391859541856732e+00
-9.518336558185984231e+00
-9.518336558185984231e+00
-9.528823604365607380e+00
-9.468443626340226515e+00
-9.468443626340226515e+00
-9.525795930048502669e+00
-9.648836954748817973e+00
-9.648836954748817973e+00
-9.648836954748817973e+00
-9.648836954748817973e+00
-9.648836954748817973e+00
-9.651239937481928877e+00
-9.651239937481928877e+00
-9.651239937481928877e+00
-9.592527727427553330e+00
-9.685572110848076122e+00
-9.643225975097061919e+00
-9.947885340992634440e+00
-9.749325448722734322e+00
-9.784722086637613003e+00
-9.242298930735532991e+00
-9.536951255189524801e+00
-9.415309396893244198e+00
-9.471930532236854106e+00
-9.098401445147334954e+00
-9.450909070593409567e+00
-9.385255955893454072e+00
-9.429734132135250135e+00
-9.429734132135250135e+00
-9.453269083739137102e+00
-9.435645302671813894e+00
-9.435645302671813894e+00
-9.416281941586973403e+00
-9.275244564247440593e+00
-9.213323732730966498e+00
-9.276337588136353673e+00
-9.142427954838005633e+00
-9.142427954838005633e+00
-9.139286796838591798e+00
-9.061277901087944286e+00
-9.061277901087944286e+00
-9.061277901087944286e+00
-9.061277901087944286e+00
-9.061277901087944286e+00
-9.061277901087944286e+00
-8.916243556806602300e+00
-9.027094681905506235e+00
-9.317471003800058327e+00
-9.322195305048632363e+00
-9.285834159090086359e+00
-9.316236957562237464e+00
-9.368251683967653065e+00
-9.330811833988938986e+00
-9.330811833988938986e+00
-9.330811833988938986e+00
-9.330811833988938986e+00
-9.330811833988938986e+00
-9.330811833988938986e+00
-9.330811833988938986e+00
-9.154753844825949116e+00
-9.096630588634047498e+00
-9.096630588634047498e+00
-9.292485014126160792e+00
-9.292485014126160792e+00
-9.273044007261757926e+00
-9.273044007261757926e+00
-9.225785927165860656e+00
-9.162878259082711807e+00
-9.162878259082711807e+00
-9.233701627566462733e+00
-9.235546298387964370e+00
-9.211217732704042760e+00
-9.238089192055781496e+00
-9.091430079575355094e+00
-9.101489230307972633e+00
-9.051625074266734572e+00
-9.051625074266734572e+00
-9.059550357705182577e+00
-9.059550357705182577e+00
-9.067902205110835112e+00
-9.052792547400418499e+00
-8.991260700615841372e+00
-9.300108247519284888e+00
-9.302598225206505589e+00
-9.295609531614557497e+00
-9.295609531614557497e+00
-9.295609531614557497e+00
-9.260593219928304975e+00
-9.254311857523665807e+00
-9.269173485888728692e+00
-9.269173485888728692e+00
-9.139482874109697619e+00
-9.000789168944702823e+00
-9.108545630716365693e+00
-9.142184197832971648e+00
-9.142184197832971648e+00
-9.155815094138535670e+00
-9.155815094138535670e+00
-9.155815094138535670e+00
-9.116230259999021257e+00
-9.116230259999021257e+00
-9.141987264463836027e+00
-9.141987264463836027e+00
-9.166927001351826476e+00
-9.166927001351826476e+00
-9.300008585654536475e+00
-9.309086282260629730e+00
-9.309086282260629730e+00
-9.167169284668938545e+00
-9.131600353208220611e+00
-9.181758215570230419e+00
-9.321589969543465415e+00
-9.258824720307053724e+00
-9.185373644359762224e+00
-9.406807341563631297e+00
-9.420285249967438546e+00
-9.420285249967438546e+00
-9.641937335474757731e+00
-9.696620445192916549e+00
-9.687171873823253065e+00
-9.714497262558456470e+00
-9.672474939920334691e+00
-9.563690625978777504e+00
-9.469537636265927816e+00
-9.469537636265927816e+00
-9.432506875013169534e+00
-9.435135590126964900e+00
-9.265004514745104558e+00
-9.265004514745104558e+00
-9.127798703235002975e+00
-9.027636455198862819e+00
-9.027636455198862819e+00
-9.033492158657342230e+00
-9.033492158657342230e+00
-9.085142640421164373e+00
-9.051938113815642950e+00
-9.051938113815642950e+00
-9.051938113815642950e+00
-9.051938113815642950e+00
-9.051938113815642950e+00
-9.051938113815642950e+00
-9.058273239965162205e+00
-9.108750870029247437e+00
-9.108750870029247437e+00
-9.108750870029247437e+00
-9.108750870029247437e+00
-9.163512970078828701e+00
-8.918460953805144698e+00
-8.918460953805144698e+00
-8.748516236518124600e+00
-8.748516236518124600e+00
-8.784637863530344148e+00
-8.784637863530344148e+00
-8.784637863530344148e+00
-8.820515206903223770e+00
-9.043775157303741707e+00
-9.047951760598893500e+00
-9.047951760598893500e+00
-9.047951760598893500e+00
-9.508266034394717181e+00
-9.279520533453322173e+00
-9.279520533453322173e+00
-9.279520533453322173e+00
-9.300313070337105970e+00
-9.226454271253093253e+00
-9.146370251630601800e+00
-9.187057823521966426e+00
-9.168463510246530390e+00
-9.168463510246530390e+00
-9.266694485958071326e+00
-9.250914634084416832e+00
-9.273992187231641537e+00
-9.205391976805184839e+00
-9.205391976805184839e+00
-9.205391976805184839e+00
-9.205391976805184839e+00
-9.205391976805184839e+00
-9.205391976805184839e+00
-9.225116977831042675e+00
-8.966171900822578422e+00
-8.849404683650975656e+00
-8.849404683650975656e+00
-9.113441039362962570e+00
-9.113441039362962570e+00
-9.113441039362962570e+00
-9.113441039362962570e+00
-9.145006253525234996e+00
-9.145006253525234996e+00
-9.058438580980402222e+00
-9.058438580980402222e+00
-9.178576377920510510e+00
-9.079958766651603952e+00
-9.079958766651603952e+00
-9.069751132988182363e+00
-9.080327512642670129e+00
-9.080327512642670129e+00
-9.226263761110528705e+00
-9.281873430666143676e+00
-9.251439912478721439e+00
-9.251170635608769288e+00
-9.244648028711681675e+00
-9.243951753840946139e+00
-9.215620730085982260e+00
-9.215620730085982260e+00
-9.026262193094927611e+00
-9.026262193094927611e+00
-9.082400916430167115e+00
-9.079125663409568503e+00
-9.084335124859691746e+00
-9.091862579003564093e+00
-9.091862579003564093e+00
-9.112706756022880938e+00
-9.101508418141747825e+00
-9.115569623833795987e+00
-9.115569623833795987e+00
-9.054076711799838861e+00
-9.054076711799838861e+00
-9.054076711799838861e+00
-9.046963102403630330e+00
-9.046963102403630330e+00
-9.038816752954105027e+00
-9.016539584925597595e+00
-9.016539584925597595e+00
-9.219316771953202760e+00
-9.237563479074854200e+00
-9.237563479074854200e+00
-9.115807381677063503e+00
-9.070118940584084299e+00
-9.071517716210157900e+00
-9.411196573800683751e+00
-9.417261565920330924e+00
-9.437241292979786422e+00
-9.437241292979786422e+00
-9.437241292979786422e+00
-9.437241292979786422e+00
-9.437241292979786422e+00
-9.365974818210096586e+00
-9.368218336804460478e+00
-9.354663144678017517e+00
-9.354663144678017517e+00
-9.354663144678017517e+00
-9.342916077242053419e+00
-9.342916077242053419e+00
-9.342916077242053419e+00
-9.454437818085965617e+00
-9.458327473494646753e+00
-9.659344404653532834e+00
-9.595208161961497950e+00
-9.549265200052076352e+00
-9.334986850539786829e+00
-9.363140342463628585e+00
-9.391071742782056475e+00
-9.391071742782056475e+00
-9.395837124044433608e+00
-9.395837124044433608e+00
-9.384618405930218898e+00
-9.360904875563305083e+00
-9.360904875563305083e+00
-9.362048227977668446e+00
-9.320261089378558239e+00
-9.320261089378558239e+00
-9.310686926288827436e+00
-9.379826178800362513e+00
-9.271408201966449880e+00
-9.271408201966449880e+00
-9.214460008217637110e+00
-9.187700689635169837e+00
-9.106110829120131811e+00
-9.113564318300417355e+00
-9.113564318300417355e+00
-9.113564318300417355e+00
-9.113564318300417355e+00
-9.026135778403448384e+00
-9.172211861457473248e+00
-9.172211861457473248e+00
-9.109508601366684388e+00
-9.126030932351486769e+00
-9.392944498628859051e+00
-9.386479739082092877e+00
-9.386479739082092877e+00
-9.386479739082092877e+00
-9.326766729090621766e+00
-9.350376575245928024e+00
-9.350376575245928024e+00
-9.227425399961543206e+00
-9.247927138738601727e+00
-9.436521061879133754e+00
-9.314219570544931770e+00
-9.328070238448264107e+00
-9.328070238448264107e+00
-9.131349512783501154e+00
-9.131349512783501154e+00
-9.044935120709887144e+00
-9.044935120709887144e+00
-9.033658671955100417e+00
-9.035849720081134961e+00
-9.102320793174195401e+00
-9.179127414630611881e+00
-8.923688374850359040e+00
-9.067038353910643167e+00
-8.904490570556239604e+00
-8.934866985165065500e+00
-8.909487237703142881e+00
-8.909487237703142881e+00
-8.851203559265391263e+00
-8.824721022476047949e+00
-8.954549061087243800e+00
-8.818135126205598695e+00
-8.905706299128986814e+00
-8.882952490326333717e+00
-8.918596942637369906e+00
-8.918596942637369906e+00
-8.951927774544788718e+00
-8.951927774544788718e+00
-8.997520861298195172e+00
-8.958571463272079427e+00
-8.958571463272079427e+00
-8.958571463272079427e+00
-8.993512926714961608e+00
-8.948047382396728366e+00
-8.948047382396728366e+00
-8.953260243863995882e+00
-8.917020730602295941e+00
-9.006149637733550151e+00
-9.057407839660520210e+00
-9.057407839660520210e+00
-9.038165972652503655e+00
-8.815598278611110672e+00
-8.815598278611110672e+00
-9.236101534236393462e+00
-9.290989837036928378e+00
-9.100630843682665727e+00
-9.100630843682665727e+00
-9.110236757630074678e+00
-9.106010974276120606e+00
-9.085132218659715875e+00
-9.216749650790173831e+00
-9.216749650790173831e+00
-9.227389582391603895e+00
-9.159334010261140691e+00
-9.100076617581832394e+00
-9.148817625602111647e+00
-9.148817625602111647e+00
-9.148817625602111647e+00
-9.148817625602111647e+00
-9.079517517064195076e+00
-9.154697752854387360e+00
-9.154697752854387360e+00
-9.154697752854387360e+00
-9.251082198527635470e+00
-9.251082198527635470e+00
-9.310903138225693709e+00
-9.315494248658056975e+00
-9.315494248658056975e+00
-9.315494248658056975e+00
-9.216838633950864335e+00
-9.216838633950864335e+00
-9.233792338594616567e+00
-9.197166601937635022e+00
-9.244652439324669402e+00
-9.244652439324669402e+00
-9.244652439324669402e+00
-9.244652439324669402e+00
-9.222737813017033659e+00
-9.217379931581900721e+00
-9.222375641306525651e+00
-9.222375641306525651e+00
-8.720324072971342488e+00
-8.830131772531489176e+00
-8.836318669692566630e+00
-8.875343849489967241e+00
-8.857399666935611648e+00
-8.938287731200306396e+00
-8.938287731200306396e+00
-8.938287731200306396e+00
-8.975052028152852301e+00
-8.980494673481468126e+00
-8.980494673481468126e+00
-8.980494673481468126e+00
-8.975497465426624188e+00
-8.927890678512381939e+00
-8.927890678512381939e+00
-8.920212908616267811e+00
-8.929803820597804531e+00
-8.925498047790828338e+00
-8.925498047790828338e+00
-8.925498047790828338e+00
-9.120136581980757384e+00
-8.743722597704419286e+00
-8.741042886185356409e+00
-9.030350424020346267e+00
-9.030350424020346267e+00
-9.051932237127379821e+00
-9.051932237127379821e+00
-9.063487356096596059e+00
-9.063487356096596059e+00
-9.047654191542944702e+00
-8.980177772712451656e+00
-9.119729175797736787e+00
-9.041649632639767731e+00
-9.025900386999733627e+00
-9.035962917535961481e+00
-9.158693139719312981e+00
-9.158693139719312981e+00
-9.158693139719312981e+00
-8.768741719186433414e+00
-9.098073019579370424e+00
-9.020652893941219830e+00
-9.020652893941219830e+00
-9.020652893941219830e+00
-9.016713705045301452e+00
-9.016713705045301452e+00
-8.969378722417669536e+00
-8.969378722417669536e+00
-8.925221490949988734e+00
-8.914349233742937528e+00
-8.914349233742937528e+00
-8.945243376975493987e+00
-8.840063717454674119e+00
-9.046504571781090576e+00
-8.995295856263609835e+00
-8.984834322321844979e+00
-8.929446023755181372e+00
-9.050645944276681121e+00
-9.161933130061880703e+00
-9.042926014799125056e+00
-9.044527418709616740e+00
-9.044527418709616740e+00
-9.030359386079730655e+00
-8.973219159844120441e+00
-9.135320118749394425e+00
-8.961074371691054807e+00
-9.084215630145006770e+00
-9.148931772505491722e+00
-9.148931772505491722e+00
-9.098347701593979764e+00
-9.195616146127708390e+00
-9.008174076338477221e+00
-9.012555411454490795e+00
-8.897736668760849454e+00
-8.925313851102442797e+00
-8.925313851102442797e+00
-8.911879892189251251e+00
-8.977860762104759473e+00
-8.848661768993196119e+00
-8.903541549638223529e+00
-8.889478034438923260e+00
-8.894532884122774874e+00
-8.937509748839408630e+00
-8.938087078466963931e+00
-8.709614879364639961e+00
-8.743827083878953133e+00
-8.743827083878953133e+00
-8.883360462693424608e+00
-8.844434851096528050e+00
-8.844434851096528050e+00
-8.844434851096528050e+00
-8.844434851096528050e+00
-8.776062965853066444e+00
-8.925452710063243700e+00
-8.937463659913323255e+00
-8.822125375547839710e+00
-8.887355746660471567e+00
-8.814358683470375766e+00
-8.889018295532007841e+00
-8.868944812291079671e+00
-8.868944812291079671e+00
-8.888748795925492274e+00
-8.888748795925492274e+00
-8.842034897431066298e+00
-8.856149406754587616e+00
-8.849396375316393559e+00
-8.849396375316393559e+00
-8.909553954105581042e+00
-9.032387873164715586e+00
-9.085699976245480869e+00
-9.085699976245480869e+00
-9.085269145106670052e+00
-9.085269145106670052e+00
-9.060245571373462425e+00
-9.060245571373462425e+00
-9.072870397879754023e+00
-9.072870397879754023e+00
-9.039526590402511275e+00
-8.989193856112704495e+00
-9.065800810741272642e+00
-9.045343367234146115e+00
-9.045343367234146115e+00
-9.045343367234146115e+00
-9.130098170229588916e+00
-9.129459074267860075e+00
-9.129459074267860075e+00
-9.189283984314132070e+00
-9.063528127724204353e+00
-9.042621181548813780e+00
-8.941620217658352132e+00
-8.918524117475472579e+00
-8.908561107721055805e+00
-8.907561433216626412e+00
-9.026952285557500844e+00
-9.026952285557500844e+00
-8.997918717389595145e+00
-8.925432798156407443e+00
-8.915620663034109938e+00
-8.915620663034109938e+00
-8.915620663034109938e+00
-8.891564427610674670e+00
-8.891564427610674670e+00
-8.960192248102931245e+00
-8.968533814562643869e+00
-8.934150900070035206e+00
-9.120811584514514792e+00
-9.252407661770030600e+00
-9.116232333938363297e+00
-9.074868545380281759e+00
-9.074868545380281759e+00
-9.074868545380281759e+00
-9.087615462113852516e+00
-9.096623706862192904e+00
-9.096623706862192904e+00
-9.096623706862192904e+00
-9.088774448712189979e+00
-9.098927600208863709e+00
-9.028095532587217420e+00
-9.018869919470684948e+00
-9.012702432871160241e+00
-9.012702432871160241e+00
-9.063946702547738710e+00
-9.003863054102170693e+00
-9.033868386538852491e+00
-9.033868386538852491e+00
-9.033868386538852491e+00
-9.033868386538852491e+00
-9.033868386538852491e+00
-9.033868386538852491e+00
-9.028172669929723781e+00
-9.023441736545429137e+00
-9.023441736545429137e+00
-9.023441736545429137e+00
-9.043918402007111723e+00
-9.060346900443738249e+00
-8.934883452314014818e+00
-9.051114132225263731e+00
-8.984269860658493201e+00
-8.984269860658493201e+00
-8.984269860658493201e+00
-9.026935658549163577e+00
-8.797905724056127141e+00
-8.789993793227088403e+00
-8.856881460697778152e+00
-9.001082412135353650e+00
-9.001082412135353650e+00
-9.001082412135353650e+00
-9.001082412135353650e+00
-9.001082412135353650e+00
-9.001082412135353650e+00
-9.001082412135353650e+00
-9.001082412135353650e+00
-9.001082412135353650e+00
-8.907573312713402913e+00
-8.856851508615431356e+00
-8.856851508615431356e+00
-8.928207308463937508e+00
-8.928207308463937508e+00
-8.928207308463937508e+00
-8.928207308463937508e+00
-8.834423733302529058e+00
-8.905506546613112917e+00
-8.860948179986158024e+00
-8.964716359651223598e+00
-9.009877373632939168e+00
-8.984189746729740023e+00
-8.988734505266595676e+00
-8.988734505266595676e+00
-9.091907748845946102e+00
-8.611901366466621965e+00
-8.659184678380121625e+00
-8.464562239751344919e+00
-8.389940105290170536e+00
-8.965994772693500536e+00
-9.048166615296912241e+00
-9.048166615296912241e+00
-9.048166615296912241e+00
-9.087487518523124308e+00
-9.085947199481744008e+00
-9.085947199481744008e+00
-8.988810228460410556e+00
-8.951842563476676062e+00
-8.988469180414172754e+00
-8.871142419594340467e+00
-8.871142419594340467e+00
-8.846207332913570198e+00
-8.846207332913570198e+00
-8.904483405590438494e+00
-8.904483405590438494e+00
-9.196885425639360179e+00
-9.220579655313402512e+00
-9.220579655313402512e+00
-9.369522478722327463e+00
-9.258697228818162372e+00
-9.258697228818162372e+00
-9.258697228818162372e+00
-9.179806430315876398e+00
-9.249470686081851412e+00
-9.103790648708969258e+00
-9.014463548163188733e+00
-9.078859457172621106e+00
-9.078859457172621106e+00
-9.202811241739553338e+00
-9.102202400524609160e+00
-9.135138333154831258e+00
-9.135138333154831258e+00
-9.127763024473306785e+00
-9.142648585191810895e+00
-9.142648585191810895e+00
-9.142648585191810895e+00
-9.142648585191810895e+00
-9.297286099553691230e+00
-9.251380874981398605e+00
-9.310786738494259751e+00
-9.340565330603659788e+00
-9.373579397360263243e+00
-9.373579397360263243e+00
-9.290080508396499681e+00
-9.170784420133031745e+00
-9.166579989076614865e+00
-9.166579989076614865e+00
-9.205079214193057524e+00
-9.205079214193057524e+00
-9.205079214193057524e+00
-9.148097777115442142e+00
-9.148097777115442142e+00
-9.112582415499399957e+00
-9.112582415499399957e+00
-9.112117871349607157e+00
-9.249389455325804477e+00
-9.272427109689655111e+00
-9.200688211854112453e+00
-9.349044614545585219e+00
-9.349044614545585219e+00
-9.349044614545585219e+00
-9.349044614545585219e+00
-9.342954823035254819e+00
-9.226001158432657334e+00
-9.226001158432657334e+00
-9.452789309615054592e+00
-9.434628602175513024e+00
-8.967872796797360380e+00
-8.953353257184650360e+00
-8.953353257184650360e+00
-9.121653477105517993e+00
-9.145977557679083603e+00
-9.135709760153741144e+00
-9.135709760153741144e+00
-9.118219654030335519e+00
-9.118219654030335519e+00
-8.969080866238407168e+00
-9.021450852142072208e+00
-9.034028574748722562e+00
-9.034028574748722562e+00
-9.034028574748722562e+00
-9.196990559360184392e+00
-9.196990559360184392e+00
-8.983086946307274445e+00
-9.128994167671582005e+00
-9.095888087701224478e+00
-9.095888087701224478e+00
-9.096271304909338440e+00
-9.139539226331843125e+00
-9.139539226331843125e+00
-9.041490419130223444e+00
-9.041490419130223444e+00
-9.093282780881981608e+00
-9.093471271745814377e+00
-8.912913641810115806e+00
-8.912913641810115806e+00
-8.912913641810115806e+00
-8.887805442254288479e+00
-8.887805442254288479e+00
-9.052302081721810723e+00
-9.089810450220792148e+00
-9.104617451060308397e+00
-9.104617451060308397e+00
-9.123951929094371138e+00
-9.123951929094371138e+00
-9.030292990661038743e+00
-9.045050868069157701e+00
-9.045050868069157701e+00
-8.995707417509253290e+00
-9.038503553591288764e+00
-9.126724292872831157e+00
-9.031860589031888153e+00
-9.031860589031888153e+00
-9.047314995928465109e+00
-9.047314995928465109e+00
-9.107804754333075792e+00
-9.074970803677290476e+00
-9.074970803677290476e+00
-9.074970803677290476e+00
-9.074970803677290476e+00
-9.074970803677290476e+00
-9.099420509863755058e+00
-8.995405625019882834e+00
-9.002206839884054901e+00
-9.028111275929976642e+00
-9.028111275929976642e+00
-9.037192820181198627e+00
-9.026168055328309237e+00
-9.023561289371990313e+00
-9.028309305887431080e+00
-9.028309305887431080e+00
-9.009874758449043952e+00
-9.100351906455236062e+00
-9.128248651553208859e+00
-9.128248651553208859e+00
-8.988111714768482585e+00
-8.986889181785823411e+00
-8.986889181785823411e+00
-8.851968498530006002e+00
-9.042992830226047829e+00
-8.988321782694059792e+00
-9.110629209032323317e+00
-9.110629209032323317e+00
-9.083739481869397281e+00
-9.056019001182381345e+00
-9.157385675601091179e+00
-9.176632966078706488e+00
-9.240601787212794349e+00
-9.234749769096849192e+00
-9.234749769096849192e+00
-9.234749769096849192e+00
-9.273206954725733198e+00
-9.345891230272412642e+00
-9.287754783982990148e+00
-9.012763600833212152e+00
-9.062244261916701404e+00
-9.062244261916701404e+00
-9.281379207727978198e+00
-9.399919436053082222e+00
-9.395242068184870732e+00
-9.357395963365448210e+00
-9.357395963365448210e+00
-9.367669186586271124e+00
-9.367669186586271124e+00
-9.367669186586271124e+00
-9.300659008276470630e+00
-9.214680337656529829e+00
-9.214680337656529829e+00
-9.078863578032283499e+00
-9.092729279796088804e+00
-9.202925806065962888e+00
-9.201272363604036997e+00
-9.173872215868572155e+00
-9.143786502079311873e+00
-9.234871083083550758e+00
-9.234871083083550758e+00
-9.291065019223223587e+00
-9.322544324181960107e+00
-9.305706462500593190e+00
-9.305706462500593190e+00
-9.184277329802362999e+00
-9.150615860103517463e+00
-9.121980601742841088e+00
-9.121980601742841088e+00
-9.121980601742841088e+00
-9.154808901028150814e+00
-9.178274106763273821e+00
-9.178274106763273821e+00
-9.166688528214512743e+00
-9.189896896868201992e+00
-9.248015337834129213e+00
-9.095487277201540266e+00
-9.274670845519169760e+00
-9.274670845519169760e+00
-9.301647392167609496e+00
-9.298620527090607268e+00
-9.299701874221858233e+00
-9.307256779628529486e+00
-9.206842515552901673e+00
-9.200393707274461264e+00
-9.203409118039886039e+00
-9.219677020730312478e+00
-9.309649273276196624e+00
-9.309649273276196624e+00
-9.348405747152712664e+00
-9.348405747152712664e+00
-9.348405747152712664e+00
-9.348405747152712664e+00
-9.413187608176512455e+00
-9.286012105362283720e+00
-9.337759882352806073e+00
-9.310316326570035272e+00
-9.364468046960979564e+00
-9.272148777993006519e+00
-9.297231837768951124e+00
-9.297231837768951124e+00
-9.300544603981659719e+00
-9.278142196723690560e+00
-9.160236575234472767e+00
-9.458106614015168390e+00
-9.328023217659321631e+00
-9.395831555592172535e+00
-9.373487966224967494e+00
-9.373487966224967494e+00
-9.508496745907098813e+00
-9.508496745907098813e+00
-9.508496745907098813e+00
-9.406809265724620062e+00
-9.468402839110977354e+00
-9.411665742762018283e+00
-9.576901384755547753e+00
-9.544077541031780854e+00
-9.623178240235063186e+00
-9.623178240235063186e+00
-9.480193221823387972e+00
-9.494202058831925584e+00
-9.590882796060746784e+00
-9.590093332059655751e+00
-9.544735827033795417e+00
-9.544735827033795417e+00
-9.733582078744351662e+00
-9.804542014963516294e+00
-9.642748602549648496e+00
-9.560916867933684671e+00
-9.411368243103568787e+00
-9.604568553409837506e+00
-9.616828920537761505e+00
-9.405920650248289050e+00
-9.462594833576829956e+00
-9.448579173648685270e+00
-9.500295274622180486e+00
-9.355330577595408315e+00
-9.336909316819449245e+00
-9.336909316819449245e+00
-9.321440581202459441e+00
-9.343386984128672523e+00
-9.343386984128672523e+00
-9.319491114947739518e+00
-9.078973323359530667e+00
-9.078973323359530667e+00
-9.098762346970083570e+00
-9.243791358492108756e+00
-9.333982618494180983e+00
-9.333982618494180983e+00
-9.453673837702780247e+00
-9.334719969409292162e+00
-9.377613502858746841e+00
-9.247115888922934346e+00
-9.154398592455143202e+00
-9.110559300369601488e+00
-9.046949726286433346e+00
-9.050638060953660968e+00
-9.267126261090508521e+00
-9.173486368939855140e+00
-9.122419305012300583e+00
-9.298311120701319155e+00
-9.298311120701319155e+00
-9.340913258620133774e+00
-9.340913258620133774e+00
-9.340913258620133774e+00
-9.340913258620133774e+00
-9.281261326223999575e+00
-9.281261326223999575e+00
-9.420448392925630188e+00
-9.419863479550398822e+00
-9.494181401279242039e+00
-9.333494318309437432e+00
-9.333374133128554462e+00
-9.333374133128554462e+00
-9.333374133128554462e+00
-9.333374133128554462e+00
-9.311967606732933334e+00
-9.458299799866409785e+00
-9.444076089259537454e+00
-9.020654901526649283e+00
-9.020654901526649283e+00
-9.170570951526826775e+00
-9.069282700925679563e+00
-9.078450905807191162e+00
-9.033757097362242305e+00
-9.030909717781227641e+00
-9.030909717781227641e+00
-9.337668799968698252e+00
-9.291276357226706750e+00
-9.299429685972334880e+00
-9.323826550707616789e+00
-9.440652696925965870e+00
-9.401330141131747808e+00
-9.397988942347321739e+00
-9.277404028748787113e+00
-9.281829228750524408e+00
-9.259079154420687630e+00
-8.996516079364862861e+00
-9.078094524109182828e+00
-9.078094524109182828e+00
-9.008252283004791749e+00
-8.999486474502724320e+00
-9.078096628372497534e+00
-9.094876322593274054e+00
-9.129565937395380359e+00
-9.178149666526564943e+00
-9.178149666526564943e+00
-9.145216816153599382e+00
-9.175679408546136173e+00
-9.248075280732974690e+00
-9.239354061935358686e+00
-9.204857868494196182e+00
-9.218891096912342320e+00
-9.218891096912342320e+00
-9.218891096912342320e+00
-9.218891096912342320e+00
-9.147383665133117958e+00
-9.147383665133117958e+00
-9.147383665133117958e+00
-9.147383665133117958e+00
-9.147383665133117958e+00
-9.147383665133117958e+00
-9.147383665133117958e+00
-9.110616732843668686e+00
-9.110616732843668686e+00
-9.129505532100287368e+00
-9.055887683833637070e+00
-9.055887683833637070e+00
-9.079987791832278887e+00
-9.079987791832278887e+00
-9.202106530148672192e+00
-9.224712900401325300e+00
-9.240467712593432026e+00
-9.240467712593432026e+00
-9.240467712593432026e+00
-9.094128519139719202e+00
-9.106771769753558843e+00
-9.106771769753558843e+00
-9.165588208103814694e+00
-9.224554262811190952e+00
-9.248831829937989468e+00
-9.223864352380891418e+00
-9.155835557579845130e+00
-9.279388558117338093e+00
-9.162477215066896719e+00
-9.424282768004978550e+00
-9.375477966839715904e+00
-9.444364177833612928e+00
-9.444364177833612928e+00
-9.427619888060002395e+00
-9.603167457662758366e+00
-9.624104393379166567e+00
-9.598062469604716540e+00
-9.545237533930903240e+00
-9.368232373620017484e+00
-9.433912613525759383e+00
-9.432187004322761581e+00
-9.401300725657719681e+00
-9.339708121122448858e+00
-9.339708121122448858e+00
-9.404572377516467796e+00
-9.364020032138693495e+00
-9.316447662886167436e+00
-9.316447662886167436e+00
-9.428475181249785564e+00
-9.200846530445824456e+00
-8.937997564506682480e+00
-9.259795877512868145e+00
-8.924488650067315731e+00
-8.924488650067315731e+00
-9.198630633159242009e+00
-9.156568217337326843e+00
-9.156568217337326843e+00
-8.967967043019585915e+00
-9.272336509160389539e+00
-9.272336509160389539e+00
-9.272336509160389539e+00
-9.303915486022136250e+00
-9.303915486022136250e+00
-9.303915486022136250e+00
-9.303915486022136250e+00
-9.189215982720988052e+00
-9.356835465918612371e+00
-9.341543742407557360e+00
-9.341543742407557360e+00
-9.228818122716450745e+00
-9.234730803951574529e+00
-9.234730803951574529e+00
-9.232858329771406858e+00
-9.222463916861890709e+00
-9.222463916861890709e+00
-9.222463916861890709e+00
-9.152187276823230633e+00
-9.152187276823230633e+00
-9.209241347794137056e+00
-9.089707017650786369e+00
-9.089707017650786369e+00
-9.089707017650786369e+00
-9.089707017650786369e+00
-9.080817120111518648e+00
-9.101103101369622195e+00
-9.101103101369622195e+00
-9.120508649730325601e+00
-8.998696995390536912e+00
-8.998696995390536912e+00
-8.998696995390536912e+00
-9.001548362477624465e+00
-9.285650967720778581e+00
-9.386635272498129012e+00
-9.392295081260130019e+00
-9.358303920248321361e+00
-9.311638588235910063e+00
-9.343586071313774610e+00
-9.107580767024881396e+00
-9.121525033360105894e+00
-9.206153251414599836e+00
-9.206153251414599836e+00
-9.273686910016039064e+00
-9.304744159698813633e+00
-9.324159804333735480e+00
-9.360330812651133314e+00
-9.247264134562067639e+00
-9.224338077595318097e+00
-9.224338077595318097e+00
-9.210105495166315492e+00
-9.235226698341053364e+00
-9.230462897172710512e+00
-9.156309152940252716e+00
-9.134344311776096959e+00
-9.081030595889728829e+00
-9.081030595889728829e+00
-9.006371764642494782e+00
-9.006371764642494782e+00
-8.976388597049858475e+00
-8.989766344326127978e+00
-9.079640828271964281e+00
-9.253347693527885554e+00
-9.324853563151355829e+00
-9.205282197491266416e+00
-9.205282197491266416e+00
-9.207863349540444275e+00
-9.185360023521630168e+00
-9.312647236010981544e+00
-9.353747862109116795e+00
-9.356346386344945643e+00
-9.270486125856049142e+00
-9.329959779868353564e+00
-9.373789743848600864e+00
-9.194070018858731430e+00
-9.295791035678632852e+00
-9.448200615214373599e+00
-9.448200615214373599e+00
-9.032795005187306714e+00
-9.256939338767404379e+00
-9.280178253417895817e+00
-9.235296871091069448e+00
-9.155704127457495289e+00
-9.202336395653752277e+00
-9.176583048502664042e+00
-9.255633766445765076e+00
-9.255633766445765076e+00
-9.250597100760979075e+00
-9.240993293816432086e+00
-9.231468939271133323e+00
-9.206003003007046104e+00
-9.206003003007046104e+00
-9.206003003007046104e+00
-9.206003003007046104e+00
-9.334714951389893045e+00
-9.334714951389893045e+00
-9.315017056430701103e+00
-9.314213576261588301e+00
-9.301238405389639752e+00
-9.226695256621422203e+00
-9.315963707835797081e+00
-9.376710915383018374e+00
-9.376710915383018374e+00
-9.376710915383018374e+00
-9.495921116229803616e+00
-9.491995131326653734e+00
-9.549010601850170588e+00
-9.549010601850170588e+00
-9.227651472121340959e+00
-9.207806909373118742e+00
-9.207806909373118742e+00
-9.214274261697344315e+00
-9.190579501450649502e+00
-9.252507817715335037e+00
-9.248747840537594911e+00
-9.248747840537594911e+00
-9.288475105937671117e+00
-9.299552361929059430e+00
-9.299552361929059430e+00
-9.237131990732779130e+00
-9.205772349022026901e+00
-9.205772349022026901e+00
-9.205772349022026901e+00
-9.174689263712194176e+00
-9.179306220396631133e+00
-9.179306220396631133e+00
-9.106184051453725559e+00
-9.106184051453725559e+00
-9.148927765597024475e+00
-8.876229855612580266e+00
-8.928084944926569122e+00
-8.928084944926569122e+00
-8.610185059237169369e+00
-8.640978659052786170e+00
-8.847163212796308684e+00
-8.847163212796308684e+00
-8.605742334846532060e+00
-9.016988004316715433e+00
-9.024585923412118404e+00
-9.140785322361951515e+00
-9.140785322361951515e+00
-9.140785322361951515e+00
-8.989523460982299596e+00
-9.013673979237859513e+00
-8.994601394630333147e+00
-9.134905469477002882e+00
-9.134905469477002882e+00
-9.134905469477002882e+00
-8.994764188572666797e+00
-9.124731842507422641e+00
-9.124731842507422641e+00
-9.060898013007514962e+00
-9.060898013007514962e+00
-9.039194647164004337e+00
-9.100100143567487976e+00
-9.100100143567487976e+00
-9.117705758875121802e+00
-9.085125233430535019e+00
-9.206453875365058437e+00
-9.206453875365058437e+00
-9.229851068410976467e+00
-9.251418161658570227e+00
-9.163522342528580111e+00
-9.003557577376497534e+00
-9.021046327342885363e+00
-8.994308356540637206e+00
-9.017355776061361183e+00
-9.017355776061361183e+00
-9.017355776061361183e+00
-9.075839302953786714e+00
-9.072473666109953427e+00
-9.142642990703366834e+00
-9.142642990703366834e+00
-9.134115381741310102e+00
-9.099892492951751066e+00
-9.077097436741111025e+00
-8.999850953145710264e+00
-8.999850953145710264e+00
-9.138668034918476124e+00
-9.138668034918476124e+00
-8.881403646099167659e+00
-8.836187050424676670e+00
-8.825997511223853564e+00
-8.976200965746174987e+00
-9.001436095264534032e+00
-9.001436095264534032e+00
-8.994157631844945655e+00
-9.020850364799587240e+00
-9.136874305787021200e+00
-9.136874305787021200e+00
-9.136874305787021200e+00
-9.169353606642975052e+00
-9.136883312433209170e+00
-8.997398682768265488e+00
-9.148455358391151648e+00
-8.976842095121906340e+00
-9.138792609986509774e+00
-9.138792609986509774e+00
-9.138792609986509774e+00
-9.117672000368353125e+00
-9.117672000368353125e+00
-9.117672000368353125e+00
-9.120709719589893183e+00
-9.120709719589893183e+00
-9.180205121166606475e+00
-9.180205121166606475e+00
-9.158493737565013504e+00
-9.158493737565013504e+00
-9.075427341130763992e+00
-9.079186262777010796e+00
-9.079186262777010796e+00
-9.079186262777010796e+00
-9.079186262777010796e+00
-9.207954339109583941e+00
-9.199625197891917239e+00
-9.161826019245591368e+00
-8.968239242563219804e+00
-9.346119121801203633e+00
-9.234323048330690398e+00
-9.234323048330690398e+00
-9.195237140683010679e+00
-9.195237140683010679e+00
-9.210399775125381439e+00
-9.063793464872578198e+00
-9.063793464872578198e+00
-9.063793464872578198e+00
-9.063793464872578198e+00
-8.972351550160380995e+00
-8.946754717071483398e+00
-9.320188659311407164e+00
-9.320188659311407164e+00
-9.140760124343012549e+00
-9.140760124343012549e+00
-9.211709659927134197e+00
-9.279397561399406413e+00
-9.279397561399406413e+00
-9.196191319869811309e+00
-9.177511952145419372e+00
-9.108820084338480783e+00
-9.249258116702511856e+00
-9.249258116702511856e+00
-9.215430924913466271e+00
-9.261040332918900830e+00
-9.258435942057815282e+00
-9.258435942057815282e+00
-9.305818355588632684e+00
-9.145289007448887730e+00
-9.030397049496880157e+00
-9.051044128976103664e+00
-9.051044128976103664e+00
-9.051044128976103664e+00
-9.034693035253564375e+00
-9.214193458164828598e+00
-9.246182427351877564e+00
-9.100024370085337821e+00
-9.137628965424104521e+00
-9.343219222459527629e+00
-9.358009770101990199e+00
-9.358009770101990199e+00
-9.340303996597969061e+00
-9.326379666460669071e+00
-8.933183947901204291e+00
-8.928363122231116833e+00
-9.349817157530935674e+00
-9.349817157530935674e+00
-9.424028103857429173e+00
-9.407100657983349379e+00
-9.433006981407791258e+00
-9.541993855826747861e+00
-9.342349610913002422e+00
-9.511234228682633685e+00
-9.498717521475803949e+00
-9.104516882479215312e+00
-9.294633204644467739e+00
-9.294633204644467739e+00
-9.199923433144592266e+00
-9.199923433144592266e+00
-9.199923433144592266e+00
-9.189697510045414575e+00
-9.195800144818653266e+00
-9.195800144818653266e+00
-9.195800144818653266e+00
-9.195800144818653266e+00
-9.138456113810924819e+00
-9.019931483667704697e+00
-9.019931483667704697e+00
-8.959820626267452681e+00
-9.113068837085094742e+00
-9.237018240874201425e+00
-9.237018240874201425e+00
-9.263478812321594091e+00
-9.263478812321594091e+00
-9.186008422388278305e+00
-8.960586252910765381e+00
-9.342043982354987008e+00
-9.161654743513290455e+00
-9.159640335911507947e+00
-9.251413214180844946e+00
-9.283757974663236823e+00
-9.170652704111915909e+00
-9.337120181674510633e+00
-9.365324782624096400e+00
-9.365324782624096400e+00
-9.334742072333042984e+00
-9.467787989444376606e+00
-9.561411545887663621e+00
-9.436627028250377691e+00
