# Variable: dg_gbvi_00000441
# Sample shape: (2565,)
# Date: 2013-03-08 06:18:11.276833
-4.635380384553079658e+00
-4.692975160851001526e+00
-4.658124402208367876e+00
-4.907515099893060118e+00
-5.238694310360986428e+00
-5.222591309911057245e+00
-5.290192796997468250e+00
-6.111221296518581703e+00
-6.111221296518581703e+00
-3.862406583337026689e+00
-3.862406583337026689e+00
-3.862406583337026689e+00
-4.055622992430389928e+00
-4.169679989294927225e+00
-4.123506404743364051e+00
-4.325864149227673927e+00
-4.115371860045577534e+00
-4.115371860045577534e+00
-4.214546428969343062e+00
-5.319641881197997080e+00
-5.385683672965588364e+00
-4.648958738717247741e+00
-4.633126601164484271e+00
-4.689984384780873761e+00
-4.745837859865457808e+00
-4.735825429882670967e+00
-4.735825429882670967e+00
-4.702859203541255972e+00
-4.862084297967648183e+00
-4.901703153167175309e+00
-4.917128570292303991e+00
-4.917128570292303991e+00
-4.790827239874536403e+00
-4.790827239874536403e+00
-4.806129815462730548e+00
-5.003375520526205378e+00
-4.965527830310100477e+00
-5.135575472629271943e+00
-5.250190686239831095e+00
-4.766012010520194409e+00
-4.826161536510518602e+00
-4.637184258298317374e+00
-4.637184258298317374e+00
-4.532401823308831901e+00
-4.532401823308831901e+00
-4.557872848072718419e+00
-4.681128221089866592e+00
-4.579976873521473202e+00
-4.626402543108296683e+00
-4.626402543108296683e+00
-4.259790159047707192e+00
-4.294895267176636722e+00
-4.278250211511558376e+00
-4.278250211511558376e+00
-4.278250211511558376e+00
-4.153374278010862675e+00
-4.676995084921236057e+00
-4.676995084921236057e+00
-4.497037120667509491e+00
-4.685427243440569711e+00
-4.714662784005769325e+00
-4.714662784005769325e+00
-4.719473405865105775e+00
-4.701715064281463796e+00
-4.759840548358597268e+00
-4.759840548358597268e+00
-4.759840548358597268e+00
-4.759840548358597268e+00
-4.759840548358597268e+00
-4.759840548358597268e+00
-4.959637846761659752e+00
-4.959637846761659752e+00
-4.657423392638080806e+00
-4.657423392638080806e+00
-4.316298574262985355e+00
-4.316298574262985355e+00
-4.144933202554178742e+00
-4.144933202554178742e+00
-4.198058374474896937e+00
-4.240329313268241584e+00
-4.039930371285737287e+00
-4.039930371285737287e+00
-4.014113483969303786e+00
-3.732166002074050137e+00
-3.732166002074050137e+00
-3.770035789274988058e+00
-3.770035789274988058e+00
-3.935700497980582302e+00
-3.935700497980582302e+00
-4.095424645791393203e+00
-4.045956005448817727e+00
-4.045956005448817727e+00
-4.045956005448817727e+00
-4.026126670942005603e+00
-4.197992926884554166e+00
-4.254458736105076078e+00
-4.254458736105076078e+00
-4.348597357791054385e+00
-4.483739230355594962e+00
-4.502999375510468916e+00
-4.540664915534724067e+00
-4.540664915534724067e+00
-4.382752950579305029e+00
-4.382752950579305029e+00
-4.354152140616120548e+00
-4.426750590080760439e+00
-4.533688242831880544e+00
-4.533688242831880544e+00
-4.533688242831880544e+00
-4.533688242831880544e+00
-4.533414047270290403e+00
-4.533414047270290403e+00
-4.533414047270290403e+00
-4.533414047270290403e+00
-4.533414047270290403e+00
-4.458147984943858333e+00
-4.458147984943858333e+00
-4.598800920033577988e+00
-4.570689932828462254e+00
-4.570689932828462254e+00
-4.864293521686563260e+00
-4.864293521686563260e+00
-4.864293521686563260e+00
-4.910701102627093917e+00
-4.933897943494764959e+00
-4.431978207780696621e+00
-4.413088807527772772e+00
-4.547833085454852764e+00
-4.654099798466537763e+00
-4.654099798466537763e+00
-4.654099798466537763e+00
-4.686881792243809741e+00
-4.686881792243809741e+00
-4.643803877705230398e+00
-4.597964616248652270e+00
-4.597964616248652270e+00
-4.597964616248652270e+00
-4.597964616248652270e+00
-4.753128233702278216e+00
-4.731278263032717923e+00
-4.731278263032717923e+00
-4.731278263032717923e+00
-4.731278263032717923e+00
-4.685125098969948887e+00
-4.447277167536405784e+00
-4.454764985896141560e+00
-4.233576382726965903e+00
-4.521105850053424469e+00
-4.372609582130786876e+00
-4.366418348307123054e+00
-4.366418348307123054e+00
-4.058841770283187600e+00
-4.166844634698610328e+00
-3.910642115317393586e+00
-3.910642115317393586e+00
-4.086289744398299284e+00
-4.116417311607238005e+00
-3.985256058156025905e+00
-4.066070763258686327e+00
-4.536543105503178630e+00
-4.536543105503178630e+00
-4.536543105503178630e+00
-4.536543105503178630e+00
-4.493999490540534936e+00
-4.493999490540534936e+00
-4.493999490540534936e+00
-4.323041143932393915e+00
-4.356796341421111940e+00
-4.356796341421111940e+00
-4.050775060714601139e+00
-3.930908329619992703e+00
-4.266657041565891539e+00
-4.117636324561558148e+00
-4.096861149094547017e+00
-4.195140094726725444e+00
-4.180205872098452069e+00
-4.158713429434214959e+00
-4.412122267773661122e+00
-4.243520331262562451e+00
-4.414905453003882485e+00
-4.414905453003882485e+00
-4.327211974715951648e+00
-4.327211974715951648e+00
-4.379067078197292240e+00
-4.415850256005290575e+00
-4.415850256005290575e+00
-4.374010379997987918e+00
-4.213958679725247514e+00
-4.085931265516735245e+00
-3.981840574079273942e+00
-4.087962392428108771e+00
-4.095198158942388922e+00
-4.218473321315825864e+00
-4.218473321315825864e+00
-4.218473321315825864e+00
-4.470217712444114255e+00
-4.470217712444114255e+00
-4.293354437733316153e+00
-4.293354437733316153e+00
-4.332072070964763100e+00
-4.332072070964763100e+00
-4.332072070964763100e+00
-4.332072070964763100e+00
-4.332072070964763100e+00
-4.332072070964763100e+00
-4.334683429666409182e+00
-4.334683429666409182e+00
-4.609472717734133695e+00
-4.704685937263743511e+00
-4.683593824789687332e+00
-4.683593824789687332e+00
-4.627494590418713472e+00
-4.627494590418713472e+00
-4.635403574536828941e+00
-4.305338539836686351e+00
-4.305338539836686351e+00
-4.305338539836686351e+00
-4.305338539836686351e+00
-4.106286429201977839e+00
-3.895356679273286993e+00
-3.867416541575068756e+00
-3.846210506173690646e+00
-3.846210506173690646e+00
-3.808163268095628329e+00
-3.939514183650445922e+00
-4.324467561922245906e+00
-4.323300641378461151e+00
-4.271895664853368579e+00
-4.275292048027384162e+00
-4.259193285057788714e+00
-4.121599035389387211e+00
-3.960315804476212787e+00
-4.156510814694426514e+00
-4.156510814694426514e+00
-4.156510814694426514e+00
-4.206297514868503562e+00
-4.514604492698228277e+00
-4.514604492698228277e+00
-4.514604492698228277e+00
-4.498354858911929099e+00
-4.498354858911929099e+00
-4.503100017134909372e+00
-4.434343564138366389e+00
-4.590614481604972319e+00
-4.662240029809149533e+00
-4.686719194009027589e+00
-4.750080524265169579e+00
-4.769707034138725099e+00
-4.769707034138725099e+00
-4.462381680162476272e+00
-4.619047448558582403e+00
-4.619047448558582403e+00
-4.659769722469596864e+00
-4.659769722469596864e+00
-4.741172130788155137e+00
-4.741172130788155137e+00
-4.741172130788155137e+00
-4.620123864805712799e+00
-4.692646643017626573e+00
-4.764202134608882311e+00
-4.764202134608882311e+00
-4.764202134608882311e+00
-4.370827697513381516e+00
-4.334955939960414284e+00
-4.355334680399744585e+00
-4.239575256136273396e+00
-4.222658401709741938e+00
-4.153330778760116360e+00
-4.516937180676361407e+00
-4.436344860653968603e+00
-4.333807877610782455e+00
-4.179210660732442406e+00
-4.170958952869183278e+00
-4.170958952869183278e+00
-4.198986103509697365e+00
-4.198986103509697365e+00
-4.121387968162589566e+00
-4.479368099479225762e+00
-4.317673642035958714e+00
-4.317673642035958714e+00
-4.509703046337761201e+00
-4.528347996374772144e+00
-4.502430631936914729e+00
-4.195360615288262096e+00
-4.445612235007326163e+00
-4.445612235007326163e+00
-4.402104587849375861e+00
-4.402104587849375861e+00
-4.473312272698483305e+00
-4.439248523802810098e+00
-4.332340905678577769e+00
-4.332340905678577769e+00
-4.419975939617859950e+00
-4.429118984564521355e+00
-4.420325056616728254e+00
-4.286513818986080082e+00
-4.286513818986080082e+00
-4.236150627839204041e+00
-4.161454713298954999e+00
-4.161454713298954999e+00
-4.013362160004264823e+00
-3.955193998362012131e+00
-4.057808948375876135e+00
-4.128876337866124402e+00
-4.265251028900848951e+00
-4.265251028900848951e+00
-4.181122598150145642e+00
-3.795209375788382911e+00
-3.826270123419481806e+00
-3.826270123419481806e+00
-3.854719725565034949e+00
-3.877082270633468220e+00
-3.877082270633468220e+00
-3.776483859876928584e+00
-3.810773182277563009e+00
-4.464747490044929989e+00
-4.445591305987971253e+00
-4.189089556174879547e+00
-4.175292133225710245e+00
-4.197505925465807586e+00
-4.291044018660321591e+00
-4.291044018660321591e+00
-4.600543272359552738e+00
-4.600543272359552738e+00
-4.426064126287116984e+00
-4.855250905221979885e+00
-4.891082228625515782e+00
-4.891082228625515782e+00
-4.891082228625515782e+00
-4.764706775660049409e+00
-4.764980585366663135e+00
-4.764980585366663135e+00
-4.734514203440204128e+00
-4.788168733983055425e+00
-4.788168733983055425e+00
-4.797688158597923191e+00
-4.797688158597923191e+00
-4.811793184088759112e+00
-4.811793184088759112e+00
-4.830504658135501117e+00
-4.830504658135501117e+00
-4.811677068169387894e+00
-4.811677068169387894e+00
-4.852761409876493737e+00
-4.852761409876493737e+00
-4.852761409876493737e+00
-4.690626225333125454e+00
-4.550999590903733960e+00
-4.692510355168093561e+00
-4.595933803539647755e+00
-4.658912059116429916e+00
-4.795369729807325676e+00
-4.795369729807325676e+00
-4.763069554498329694e+00
-4.770958310533107039e+00
-4.760431235332934996e+00
-4.608960283143209935e+00
-4.767826527789985391e+00
-4.767826527789985391e+00
-4.797110227939084481e+00
-4.731772543196020031e+00
-4.701107372171281717e+00
-4.617097156576550177e+00
-4.617097156576550177e+00
-4.552875470647414602e+00
-4.701892211191012194e+00
-4.511432480355611396e+00
-4.511432480355611396e+00
-4.511432480355611396e+00
-4.511432480355611396e+00
-4.511432480355611396e+00
-4.722047029297971932e+00
-4.813865966251560380e+00
-4.375849991180496446e+00
-4.474439697239226632e+00
-4.474439697239226632e+00
-4.469122270676994191e+00
-4.458497067333270891e+00
-4.458497067333270891e+00
-4.666379986359332044e+00
-4.588420282078772061e+00
-4.588420282078772061e+00
-4.544635084034322148e+00
-4.544635084034322148e+00
-4.544635084034322148e+00
-4.521362667346116915e+00
-4.503116592155411269e+00
-4.671711401114711393e+00
-4.720650815676789236e+00
-4.720650815676789236e+00
-4.785068651196481504e+00
-4.785068651196481504e+00
-4.481314752328066753e+00
-4.371244232884343717e+00
-4.149753439061922400e+00
-4.691084479694486831e+00
-4.436265677052051437e+00
-4.433835221617987266e+00
-4.433835221617987266e+00
-4.433835221617987266e+00
-4.438781063890803402e+00
-4.521992366933135443e+00
-4.521992366933135443e+00
-4.790575244748559669e+00
-4.707144759729246175e+00
-4.422887160617497315e+00
-4.422887160617497315e+00
-4.422887160617497315e+00
-4.253173316436101636e+00
-4.253173316436101636e+00
-4.216625367004533054e+00
-4.342796988498195176e+00
-4.342796988498195176e+00
-4.236360101941220258e+00
-4.236360101941220258e+00
-4.219785241786455643e+00
-4.275184546485691683e+00
-4.149925786944614003e+00
-4.145483452040796379e+00
-4.262290983619862139e+00
-4.262290983619862139e+00
-4.295221085641506065e+00
-4.669169534459800985e+00
-4.669169534459800985e+00
-4.606187593668358282e+00
-4.401951483737337689e+00
-4.415126914940294078e+00
-4.598878482981613836e+00
-4.598853958666365038e+00
-4.598853958666365038e+00
-4.598853958666365038e+00
-4.600033620272465207e+00
-4.065043169903472808e+00
-4.065043169903472808e+00
-4.017388029238802893e+00
-4.114431038291792575e+00
-4.505945425069691090e+00
-4.546617027999670491e+00
-4.387716546577081544e+00
-4.387716546577081544e+00
-4.368206246937655912e+00
-4.308986294513761806e+00
-4.308986294513761806e+00
-4.304022831810151217e+00
-4.212368406846628055e+00
-4.212107546915376588e+00
-4.212107546915376588e+00
-3.923769901997955500e+00
-4.031890822315095768e+00
-4.135476767946942189e+00
-4.172239945084165846e+00
-3.890905695780058959e+00
-3.963889148337996104e+00
-3.963889148337996104e+00
-3.983732327972882903e+00
-4.294497609031330043e+00
-4.294497609031330043e+00
-4.294497609031330043e+00
-4.294497609031330043e+00
-4.294497609031330043e+00
-4.141515256090451125e+00
-4.226320466246821894e+00
-4.212641217829967033e+00
-4.346796455276039417e+00
-4.346796455276039417e+00
-4.456104105912834790e+00
-4.278740403779207391e+00
-4.271429591277271065e+00
-4.271429591277271065e+00
-4.403398067596576482e+00
-4.309528491859694554e+00
-4.309528491859694554e+00
-4.563909402625708545e+00
-4.639159848390131735e+00
-4.684481872529068447e+00
-4.532096387774082302e+00
-4.472588373048684396e+00
-4.253840561081625893e+00
-4.314899986277350941e+00
-4.547511677500323479e+00
-4.400495998172103462e+00
-4.493889991755349200e+00
-4.354157660969637966e+00
-4.354157660969637966e+00
-4.276716764545096972e+00
-4.001133875224791581e+00
-4.157105360497015845e+00
-4.157105360497015845e+00
-4.157105360497015845e+00
-4.157105360497015845e+00
-4.148244290084047492e+00
-4.148244290084047492e+00
-4.148244290084047492e+00
-4.148244290084047492e+00
-4.128910776897868118e+00
-4.065040023091887278e+00
-4.066099911269288825e+00
-4.066099911269288825e+00
-4.157672778657725665e+00
-4.140404267302849384e+00
-4.140404267302849384e+00
-4.104151185076915453e+00
-4.347466761197894769e+00
-4.520269990028357832e+00
-4.717212521370540479e+00
-4.717212521370540479e+00
-4.508734935322059378e+00
-4.342217249112000133e+00
-4.342217249112000133e+00
-4.356051512786840441e+00
-4.256686504703500518e+00
-4.086646031908162335e+00
-4.086646031908162335e+00
-4.095264936848418635e+00
-4.095264936848418635e+00
-4.095264936848418635e+00
-4.095264936848418635e+00
-4.037816088194996489e+00
-3.946338093976468286e+00
-3.979915569690502419e+00
-3.945880361276843828e+00
-4.111689645482483613e+00
-4.379909867051555494e+00
-4.379909867051555494e+00
-4.157387607916957606e+00
-4.162723417660465941e+00
-4.279237200570539024e+00
-4.363636291112279686e+00
-4.264117080561417694e+00
-4.264117080561417694e+00
-4.264117080561417694e+00
-4.148793479597798317e+00
-4.148793479597798317e+00
-4.153417298205051900e+00
-4.139422178728250579e+00
-4.095409709048096758e+00
-4.123253122645466284e+00
-4.146470084649833687e+00
-4.146470084649833687e+00
-4.262294490339824549e+00
-4.463391979371726492e+00
-4.463391979371726492e+00
-4.463391979371726492e+00
-4.193700248499188099e+00
-4.198989603024164019e+00
-4.144313161880211815e+00
-4.471701879726121653e+00
-4.471701879726121653e+00
-4.471701879726121653e+00
-4.471701879726121653e+00
-4.212680547609307879e+00
-4.202934779358932005e+00
-4.202934779358932005e+00
-4.227052712434343995e+00
-4.122349897177079114e+00
-4.251970213116224251e+00
-4.251970213116224251e+00
-4.295621363268438131e+00
-4.295621363268438131e+00
-4.310038167882683346e+00
-4.310038167882683346e+00
-4.310038167882683346e+00
-4.064722376056158382e+00
-4.085075919407516132e+00
-4.085075919407516132e+00
-4.060872872292451419e+00
-4.024990598689456078e+00
-4.024990598689456078e+00
-4.164417404148972324e+00
-4.164417404148972324e+00
-4.236677366869350259e+00
-4.196332653249031708e+00
-4.196332653249031708e+00
-4.196332653249031708e+00
-4.208179426077573559e+00
-4.208179426077573559e+00
-4.208179426077573559e+00
-3.965480983568876905e+00
-4.047536643025638980e+00
-3.842516690434993887e+00
-3.818914676034794731e+00
-3.993737733373535992e+00
-3.993737733373535992e+00
-3.993737733373535992e+00
-3.993737733373535992e+00
-3.954903419651316199e+00
-3.925138502320026035e+00
-4.189249236473314930e+00
-4.159454522279925293e+00
-4.506346449691864819e+00
-4.506346449691864819e+00
-4.369115346373267705e+00
-4.369115346373267705e+00
-4.369115346373267705e+00
-4.423559952807130990e+00
-4.423559952807130990e+00
-4.423559952807130990e+00
-4.197925885079062169e+00
-4.114786675418228512e+00
-4.219300594762796841e+00
-4.195596204074600877e+00
-4.359622988969801938e+00
-4.255532739584866775e+00
-4.255532739584866775e+00
-4.289312035495643549e+00
-4.224284711261397263e+00
-4.810984693659822398e+00
-4.735321802104341948e+00
-4.675677933877461889e+00
-4.675677933877461889e+00
-4.680936765396218391e+00
-4.680936765396218391e+00
-4.705047562512001846e+00
-4.482561796412911193e+00
-4.488961747160525206e+00
-4.564769297290857786e+00
-4.564769297290857786e+00
-4.441326423842798299e+00
-4.425283670258354896e+00
-4.425283670258354896e+00
-4.389161682619872273e+00
-4.389161682619872273e+00
-4.389161682619872273e+00
-4.629205668492727632e+00
-4.659776032514336919e+00
-4.548779729535283423e+00
-4.548779729535283423e+00
-4.529935783240639502e+00
-4.503236947358731257e+00
-4.539463877367781564e+00
-4.333718707762082012e+00
-4.417519817774897994e+00
-4.417519817774897994e+00
-4.417519817774897994e+00
-4.398790897710945558e+00
-4.267354748100339101e+00
-4.545511492164594713e+00
-4.829140958470087064e+00
-4.908305915021769827e+00
-4.858594449028683648e+00
-4.959395434713318451e+00
-4.389813682838893172e+00
-4.427048196459990592e+00
-4.427048196459990592e+00
-4.563598334723772076e+00
-4.552318869038877835e+00
-4.610604031621297949e+00
-4.610604031621297949e+00
-4.630052530660608845e+00
-4.510200280518740890e+00
-4.510200280518740890e+00
-4.602868418227510361e+00
-4.602868418227510361e+00
-4.597081676993464150e+00
-4.571124090070390444e+00
-4.538745425960036606e+00
-4.459516511587449550e+00
-4.447188519947442131e+00
-4.450904021850672798e+00
-4.450904021850672798e+00
-4.796165082202997532e+00
-4.461400623744620653e+00
-4.300792048524552769e+00
-4.392672329162089717e+00
-4.392672329162089717e+00
-4.392672329162089717e+00
-4.392672329162089717e+00
-4.430423001081068790e+00
-4.430423001081068790e+00
-4.430423001081068790e+00
-4.398524707842065951e+00
-4.480813060558818783e+00
-4.358674976962617187e+00
-4.372772541188215456e+00
-4.372772541188215456e+00
-4.376779514165924923e+00
-4.376779514165924923e+00
-4.433741185574592514e+00
-4.428251236430096327e+00
-4.428251236430096327e+00
-4.428251236430096327e+00
-4.350136589109555807e+00
-4.442969836739404599e+00
-4.442969836739404599e+00
-4.513102560775728911e+00
-4.513102560775728911e+00
-4.466997379942364788e+00
-4.466997379942364788e+00
-4.769843314477500762e+00
-4.802395735788026698e+00
-4.715320964782915070e+00
-4.818937254292100292e+00
-4.781100110679583182e+00
-4.933018586687270002e+00
-4.870753650906381793e+00
-4.844553066638194849e+00
-4.559742914826646398e+00
-4.559742914826646398e+00
-4.580779063105693716e+00
-4.285987596961457591e+00
-4.324221685451016484e+00
-4.790657700352180193e+00
-4.806752341694232378e+00
-4.806752341694232378e+00
-4.843343908982857826e+00
-4.827850528715915246e+00
-4.707692688734864461e+00
-4.788681987925681227e+00
-4.614190376551186468e+00
-5.040020285463610250e+00
-5.142081189048377965e+00
-5.184595515640593177e+00
-4.935291703536636376e+00
-4.461942112557208517e+00
-4.619856458394662191e+00
-4.619856458394662191e+00
-4.885354387114620778e+00
-4.646451873426304502e+00
-4.641865876228047583e+00
-4.641865876228047583e+00
-4.417073089159588406e+00
-4.570959765348580284e+00
-4.570959765348580284e+00
-4.638837711328376301e+00
-4.886810110101852622e+00
-4.642532666856779677e+00
-4.642532666856779677e+00
-4.978366892264642019e+00
-5.040374360813923538e+00
-5.040374360813923538e+00
-5.040374360813923538e+00
-5.094317712609687021e+00
-5.094317712609687021e+00
-4.939690151662938788e+00
-5.082545738407239000e+00
-4.983975670953848081e+00
-5.060553857185968951e+00
-4.844408379606149673e+00
-4.844408379606149673e+00
-4.723040252053689159e+00
-4.770025876930412245e+00
-4.827629061593405879e+00
-4.805749427681989872e+00
-4.805749427681989872e+00
-4.786459371534811602e+00
-4.874427463593997700e+00
-4.918433942389081714e+00
-4.918433942389081714e+00
-4.918433942389081714e+00
-4.918433942389081714e+00
-4.889305202096795533e+00
-4.889305202096795533e+00
-4.519212424435510300e+00
-4.920023696553733394e+00
-4.647899737810949006e+00
-4.564072423054263972e+00
-4.549723169487102759e+00
-4.864657569256454650e+00
-5.017691613655190785e+00
-4.810072955882202628e+00
-5.060683307769292760e+00
-5.060683307769292760e+00
-4.978515593446927845e+00
-5.331562684037717048e+00
-5.331562684037717048e+00
-5.331562684037717048e+00
-5.208685709188332069e+00
-4.731782308655410496e+00
-4.899413533456855596e+00
-4.899413533456855596e+00
-4.899413533456855596e+00
-4.899413533456855596e+00
-5.326753945773675447e+00
-5.291123070679546458e+00
-5.256966303859617717e+00
-5.271054121765224032e+00
-5.271054121765224032e+00
-5.103492337826634362e+00
-4.860421360608166097e+00
-4.968200937257789107e+00
-4.968200937257789107e+00
-4.666783356771311730e+00
-4.666783356771311730e+00
-4.666783356771311730e+00
-4.666783356771311730e+00
-4.693499275084741740e+00
-4.693499275084741740e+00
-4.693499275084741740e+00
-4.548266238880251500e+00
-4.642753202907174526e+00
-4.863318877396984874e+00
-4.863318877396984874e+00
-4.631657422583706385e+00
-4.875700226313008478e+00
-5.377627338797843493e+00
-5.377627338797843493e+00
-5.317912621736796019e+00
-5.146724269417942921e+00
-5.203000542654697469e+00
-5.321598390447022098e+00
-5.365019052024659452e+00
-5.269211475374325993e+00
-5.299618082707892697e+00
-5.299618082707892697e+00
-5.117375357812338876e+00
-4.928843699757385899e+00
-4.745642504691552688e+00
-4.852322987522300402e+00
-4.720090633360332077e+00
-4.720090633360332077e+00
-4.951930640337801393e+00
-4.809482247503881425e+00
-4.809482247503881425e+00
-4.757635175194315558e+00
-4.837831641362374313e+00
-4.837831641362374313e+00
-4.837831641362374313e+00
-5.053438956528986559e+00
-5.053438956528986559e+00
-5.053438956528986559e+00
-4.886626665276393666e+00
-5.002380982131383824e+00
-5.002380982131383824e+00
-5.002380982131383824e+00
-4.837146513180119456e+00
-4.837146513180119456e+00
-4.635542652421317023e+00
-4.544327885131327349e+00
-4.445762286113814632e+00
-4.428156438695498132e+00
-4.483524451047753878e+00
-4.392025952152269319e+00
-4.335783226683511238e+00
-4.335783226683511238e+00
-4.434629050024313734e+00
-4.527548294792512529e+00
-4.224365099386784728e+00
-4.405314100916861264e+00
-4.405314100916861264e+00
-4.405314100916861264e+00
-4.560252581827350937e+00
-4.560252581827350937e+00
-4.396343888673444056e+00
-4.396343888673444056e+00
-4.396343888673444056e+00
-4.430187034613253694e+00
-4.582676457878929632e+00
-4.654953339636477061e+00
-4.509691951419228850e+00
-4.560895950897587703e+00
-4.445017745019574917e+00
-4.736824805511699488e+00
-4.677558514247147414e+00
-4.677558514247147414e+00
-4.677558514247147414e+00
-4.784372424151140279e+00
-4.703523744940549811e+00
-4.703523744940549811e+00
-4.420118105128691965e+00
-4.662948166772060254e+00
-4.738720184378610867e+00
-4.738720184378610867e+00
-4.806056029964162590e+00
-4.602263197499946834e+00
-4.810365436389228755e+00
-4.810365436389228755e+00
-4.879624702251700974e+00
-4.873989869211355241e+00
-5.006620887218349303e+00
-4.974662241615617653e+00
-4.888322022251230692e+00
-4.756785585119236437e+00
-4.739675597941534591e+00
-4.739675597941534591e+00
-4.739675597941534591e+00
-4.625993190076795436e+00
-4.625993190076795436e+00
-4.833665663158698500e+00
-4.923510904231949148e+00
-4.923510904231949148e+00
-4.668529248604687432e+00
-4.283170483905653469e+00
-4.491312815547053638e+00
-4.608843989914410244e+00
-4.847148340149509238e+00
-4.655922596035303229e+00
-4.638261966244636270e+00
-4.608636352542039738e+00
-4.608636352542039738e+00
-4.608636352542039738e+00
-4.608636352542039738e+00
-4.808010949075299578e+00
-4.873877702747600793e+00
-4.873877702747600793e+00
-4.873877702747600793e+00
-4.873877702747600793e+00
-5.079484633384031333e+00
-4.828547246382179914e+00
-4.827983940127269946e+00
-4.830332215072627555e+00
-4.766354318375652710e+00
-4.710658511085815903e+00
-4.710658511085815903e+00
-4.710658511085815903e+00
-4.583607773431804588e+00
-4.601692714378021520e+00
-4.601692714378021520e+00
-4.601692714378021520e+00
-4.612406812333881945e+00
-4.478282411196147450e+00
-4.491750450640268788e+00
-4.469417558001329560e+00
-4.469417558001329560e+00
-4.664461176298775769e+00
-4.877333961921621608e+00
-4.877333961921621608e+00
-4.787333192030529538e+00
-4.822443896545854258e+00
-4.943932465149358357e+00
-4.772853726162666455e+00
-4.976457340589256262e+00
-4.997180950315210701e+00
-4.997180950315210701e+00
-4.832559210808898165e+00
-4.823692344006836663e+00
-4.823692344006836663e+00
-4.823692344006836663e+00
-4.823692344006836663e+00
-4.814968948619879008e+00
-4.814968948619879008e+00
-4.814538384900733270e+00
-4.870646651233626834e+00
-4.870646651233626834e+00
-4.810776831129171427e+00
-4.785873713474985358e+00
-4.785873713474985358e+00
-4.785873713474985358e+00
-4.960781774886668494e+00
-4.960781774886668494e+00
-4.967406644941370963e+00
-5.029101055542479770e+00
-4.920223358822203075e+00
-5.005303248689893181e+00
-5.005303248689893181e+00
-4.900112520652116999e+00
-4.873091336745577706e+00
-4.873091336745577706e+00
-4.787823540511856102e+00
-4.977242203200646919e+00
-4.977242203200646919e+00
-4.915564812434707775e+00
-5.031230099340990414e+00
-5.014888980798413165e+00
-4.984941356235621512e+00
-5.021626782781300591e+00
-5.021626782781300591e+00
-4.913560279247802143e+00
-4.913560279247802143e+00
-4.903638825872278950e+00
-4.848927540202961239e+00
-4.848927540202961239e+00
-4.849963521261687838e+00
-4.973047933982487123e+00
-4.850171352640982647e+00
-4.852110289443887226e+00
-4.852110289443887226e+00
-4.722618592292761264e+00
-4.722618592292761264e+00
-4.739595794067631651e+00
-4.863664963443611988e+00
-4.897581966509635620e+00
-4.897581966509635620e+00
-4.897581966509635620e+00
-4.794314193518201428e+00
-4.861700323165301540e+00
-4.861700323165301540e+00
-4.699306127403167999e+00
-4.639690733125910960e+00
-4.412138813833003326e+00
-4.536116835462869368e+00
-4.535052598841782689e+00
-4.593339774495584393e+00
-4.537811919421640638e+00
-4.499671063667909365e+00
-4.554287141248680726e+00
-4.575801320062229394e+00
-4.562031691055168814e+00
-4.562031691055168814e+00
-4.562031691055168814e+00
-4.730052919950433754e+00
-4.971913245632691769e+00
-4.971913245632691769e+00
-4.761374425397561616e+00
-4.807604355007545571e+00
-4.807604355007545571e+00
-4.807604355007545571e+00
-5.036254082474898475e+00
-5.036254082474898475e+00
-4.929119062068017421e+00
-4.929119062068017421e+00
-4.759633752816555763e+00
-4.627831118815306510e+00
-4.674029422129940770e+00
-5.014124263404090343e+00
-4.813956357722789292e+00
-5.041341023658666209e+00
-5.041341023658666209e+00
-5.066310861952464606e+00
-4.927749966291286476e+00
-4.927749966291286476e+00
-4.680375062462499791e+00
-4.644527018086106906e+00
-4.876610072704201215e+00
-4.876610072704201215e+00
-4.876610072704201215e+00
-4.700811698550124262e+00
-4.882709493680335022e+00
-4.853955212300019362e+00
-4.566567278436994393e+00
-4.566567278436994393e+00
-4.555873126119355909e+00
-4.592365811848596380e+00
-4.635734295042928110e+00
-4.777741700004147773e+00
-4.777741700004147773e+00
-4.753263884605726020e+00
-4.753263884605726020e+00
-4.753263884605726020e+00
-4.818172376154874925e+00
-5.055617316017462670e+00
-5.075586122273084477e+00
-4.916387196980031682e+00
-4.916387196980031682e+00
-5.231562142821473138e+00
-5.137219188578651341e+00
-4.981861097942791972e+00
-4.855100183999529584e+00
-4.997244318393409657e+00
-4.510295342870522362e+00
-4.434842598465895236e+00
-4.434842598465895236e+00
-4.582449916517610689e+00
-4.585450884456852449e+00
-4.679919261270812925e+00
-4.679919261270812925e+00
-4.717433824026350919e+00
-4.717433824026350919e+00
-4.562858284129005959e+00
-4.384234199179361191e+00
-4.621231320744681348e+00
-4.621231320744681348e+00
-4.701304077743359677e+00
-4.779489409974528868e+00
-4.757425116271861931e+00
-5.004068401728129167e+00
-5.004068401728129167e+00
-4.709701890543239955e+00
-4.709701890543239955e+00
-4.709701890543239955e+00
-4.705945048139419384e+00
-4.705945048139419384e+00
-4.705945048139419384e+00
-4.705945048139419384e+00
-4.447857645631565937e+00
-4.618738892962534592e+00
-4.618738892962534592e+00
-4.937742992178927537e+00
-4.937742992178927537e+00
-4.850649253790694893e+00
-4.851414545723244487e+00
-4.941306907578352003e+00
-4.890311431624613903e+00
-4.890311431624613903e+00
-4.860272241304779861e+00
-4.860272241304779861e+00
-4.900148279121236072e+00
-4.900148279121236072e+00
-4.982712694283001120e+00
-5.064680046713244899e+00
-5.010362704608537499e+00
-4.752464712773751820e+00
-4.875526450736502149e+00
-4.852841043399459764e+00
-4.852841043399459764e+00
-4.852841043399459764e+00
-4.514082193971579393e+00
-4.929464763677524175e+00
-4.704485851311386746e+00
-4.704485851311386746e+00
-4.704485851311386746e+00
-4.704485851311386746e+00
-5.228365320989882825e+00
-5.274872318892374068e+00
-5.139790045226413362e+00
-5.228085260544617086e+00
-5.252282113118245555e+00
-5.252282113118245555e+00
-4.945161757747130515e+00
-4.437499486344639976e+00
-4.619957674555203120e+00
-4.661016273033432356e+00
-4.594597074327539055e+00
-4.506152760302368776e+00
-4.848888777803233019e+00
-4.773914103664534281e+00
-4.773914103664534281e+00
-4.668277244499296152e+00
-4.845425809564328112e+00
-4.790560307692272701e+00
-4.934322888770544147e+00
-4.934322888770544147e+00
-5.044616602151584139e+00
-5.033036267725915280e+00
-5.033036267725915280e+00
-4.940604944506238105e+00
-4.930719193539757406e+00
-4.670682832947534280e+00
-4.666279497938716325e+00
-4.541676162508379910e+00
-4.541676162508379910e+00
-4.772157494271405120e+00
-4.772157494271405120e+00
-4.763710464995880578e+00
-4.623198454780641953e+00
-4.637941853545547666e+00
-4.684536427838982497e+00
-4.682950726501020178e+00
-4.682950726501020178e+00
-4.682950726501020178e+00
-4.673503861987829744e+00
-4.674956001805842476e+00
-4.487325545873526167e+00
-4.976664813624967820e+00
-4.877156315894466410e+00
-4.877156315894466410e+00
-4.799910973141105153e+00
-4.799910973141105153e+00
-4.478278286212415082e+00
-4.478278286212415082e+00
-4.621191117860226960e+00
-4.468239099447702145e+00
-4.329915957205718868e+00
-4.789865442166076015e+00
-4.789865442166076015e+00
-4.542710037529874789e+00
-4.556535994759824959e+00
-4.528481620000010643e+00
-4.608571683222226767e+00
-4.405802672587974200e+00
-4.634996818422956188e+00
-4.565302136079539608e+00
-4.471676578966308213e+00
-4.705482226887621522e+00
-4.705482226887621522e+00
-4.705482226887621522e+00
-4.705482226887621522e+00
-4.705482226887621522e+00
-4.631507587493717715e+00
-4.675168264672317164e+00
-4.654360672191451442e+00
-4.654360672191451442e+00
-4.758295487007551117e+00
-4.598220823246249367e+00
-4.539904689966506091e+00
-4.539904689966506091e+00
-4.539904689966506091e+00
-4.539904689966506091e+00
-4.549402204890711232e+00
-4.506593261454602484e+00
-4.506593261454602484e+00
-4.595545999414484051e+00
-4.595545999414484051e+00
-4.595545999414484051e+00
-4.402924518476184268e+00
-4.635674096347377038e+00
-4.628902573890294470e+00
-4.628902573890294470e+00
-4.433542397022828041e+00
-4.433542397022828041e+00
-4.503003363826625360e+00
-4.503003363826625360e+00
-4.993912099373954305e+00
-5.038474961847605016e+00
-5.034958765412230974e+00
-5.058260320999510284e+00
-5.367328185371908589e+00
-4.808961889585217975e+00
-4.665816165653604131e+00
-4.912337992578214241e+00
-4.912337992578214241e+00
-4.912337992578214241e+00
-4.912337992578214241e+00
-4.852176426405544696e+00
-4.786686591962694415e+00
-4.686451683854270023e+00
-4.962419670442007380e+00
-4.962419670442007380e+00
-5.058198690726794844e+00
-4.953467461697291796e+00
-5.098111569995459114e+00
-5.191671835466643792e+00
-5.191671835466643792e+00
-5.191671835466643792e+00
-5.039117383167146080e+00
-5.161949178587094345e+00
-4.699898269862031519e+00
-4.727433258976412311e+00
-4.727433258976412311e+00
-4.727433258976412311e+00
-4.727433258976412311e+00
-4.654400553107679528e+00
-4.692026852560184480e+00
-4.761587061334373594e+00
-4.761587061334373594e+00
-4.738897811070322597e+00
-4.738897811070322597e+00
-4.827690878697162624e+00
-4.901131337529670340e+00
-4.819093367120938609e+00
-4.836328711255643675e+00
-4.836328711255643675e+00
-4.834777568351666055e+00
-4.703889477262002572e+00
-5.272875521753767281e+00
-5.212573350001164840e+00
-4.221548010370510084e+00
-4.456874223873899865e+00
-4.332106607523628306e+00
-4.396046050525646898e+00
-4.396046050525646898e+00
-4.412298407668830080e+00
-4.412298407668830080e+00
-4.596148548185460925e+00
-4.596148548185460925e+00
-4.525373841700657707e+00
-4.625098520889251219e+00
-5.019924281907003127e+00
-5.019924281907003127e+00
-4.711240100009280063e+00
-4.711240100009280063e+00
-4.719226341547257064e+00
-4.515208021314579767e+00
-4.504500705198354105e+00
-4.504500705198354105e+00
-4.653931120320015324e+00
-4.653931120320015324e+00
-4.697093816858195936e+00
-4.696719187068743473e+00
-4.619943660314870471e+00
-4.476126363374277162e+00
-4.476126363374277162e+00
-4.466397007763678317e+00
-4.466397007763678317e+00
-4.466397007763678317e+00
-4.540785706723736048e+00
-4.540785706723736048e+00
-4.540785706723736048e+00
-4.291518414173578044e+00
-4.275711714114240891e+00
-4.267745331380461415e+00
-4.689587345533838381e+00
-4.778216716446077150e+00
-4.567066808334274697e+00
-4.519223210815033198e+00
-4.370158322804449824e+00
-4.647243494957142396e+00
-4.456356428539408832e+00
-4.456356428539408832e+00
-4.491725325663012747e+00
-4.660039267973049348e+00
-4.683270396296923543e+00
-4.476212865677950958e+00
-4.622745822199843424e+00
-4.473899912181887650e+00
-4.473899912181887650e+00
-4.413241543056743765e+00
-4.811138634646609624e+00
-4.946542111341352133e+00
-4.718352082027295502e+00
-4.616430879121073083e+00
-4.616430879121073083e+00
-4.714561236971343661e+00
-4.714561236971343661e+00
-4.525737780356927864e+00
-4.525737780356927864e+00
-4.488802305525466885e+00
-4.820588880692501910e+00
-4.820588880692501910e+00
-4.803784338146502186e+00
-4.965848971995590944e+00
-4.965848971995590944e+00
-4.958085683296475921e+00
-4.670160980827880337e+00
-4.670160980827880337e+00
-4.670160980827880337e+00
-4.574398299726158967e+00
-4.600782792889538619e+00
-4.600782792889538619e+00
-4.600782792889538619e+00
-4.600782792889538619e+00
-4.606257965378538266e+00
-4.606257965378538266e+00
-4.606257965378538266e+00
-4.570109878915734392e+00
-4.553854693122477038e+00
-4.584134697376235579e+00
-4.584333611557789290e+00
-4.605442373519424315e+00
-4.597548256084053264e+00
-4.597548256084053264e+00
-4.558629976776203740e+00
-4.479452636059175319e+00
-4.536968801302640131e+00
-4.503685858099720107e+00
-4.449372249780600974e+00
-4.512646017740473248e+00
-4.649381091345363259e+00
-4.649381091345363259e+00
-4.298408103302238104e+00
-4.386736272850723317e+00
-4.386736272850723317e+00
-4.545880194669194907e+00
-4.533274473931752091e+00
-4.533274473931752091e+00
-4.455082446169472021e+00
-4.463293062219338303e+00
-4.463293062219338303e+00
-4.450266347681953505e+00
-4.622327828118317328e+00
-4.622327828118317328e+00
-4.595236069110717914e+00
-4.595236069110717914e+00
-4.595236069110717914e+00
-4.595236069110717914e+00
-4.601175252895861156e+00
-4.574183502917733790e+00
-4.574183502917733790e+00
-4.574183502917733790e+00
-4.424600671868387458e+00
-4.549671995870983920e+00
-4.500008546844136426e+00
-4.457811287786949350e+00
-4.457811287786949350e+00
-4.457811287786949350e+00
-4.457811287786949350e+00
-4.457811287786949350e+00
-4.457811287786949350e+00
-4.457811287786949350e+00
-4.457811287786949350e+00
-4.487572317681801870e+00
-4.487572317681801870e+00
-4.832894746502661931e+00
-4.832894746502661931e+00
-4.910771552664519923e+00
-4.780440070400622687e+00
-4.748046277915999092e+00
-4.748046277915999092e+00
-4.748046277915999092e+00
-4.627947125657557947e+00
-4.631319962685223501e+00
-4.631319962685223501e+00
-4.960041991969239561e+00
-4.838740828030839047e+00
-4.858141612456858383e+00
-4.800018390412542857e+00
-4.800018390412542857e+00
-4.834309055446039061e+00
-4.772550762366889465e+00
-4.774158304123041319e+00
-4.984803708743235973e+00
-4.871351256227981708e+00
-4.871351256227981708e+00
-4.607165026856304912e+00
-4.695177707056280347e+00
-4.769651360621402603e+00
-4.769651360621402603e+00
-4.704409951534457512e+00
-4.677114582753824301e+00
-4.741695099013426784e+00
-4.741695099013426784e+00
-4.500059191336331033e+00
-4.512369579543012321e+00
-4.750653135399712568e+00
-4.883990176837263775e+00
-4.883990176837263775e+00
-4.943554753789054068e+00
-4.943554753789054068e+00
-4.675876008779149551e+00
-4.610464700547384886e+00
-4.742391917842067706e+00
-4.768652542819519446e+00
-4.776164807935826317e+00
-4.831234992138411677e+00
-4.831234992138411677e+00
-4.831234992138411677e+00
-4.831234992138411677e+00
-4.831234992138411677e+00
-4.982326193921014834e+00
-4.826588197877645925e+00
-4.937492839546375301e+00
-4.937492839546375301e+00
-4.937492839546375301e+00
-4.941048571745415785e+00
-4.941048571745415785e+00
-4.532923374065831901e+00
-4.638615908504916341e+00
-4.638615908504916341e+00
-4.638615908504916341e+00
-4.638995205198953364e+00
-4.756578361007899325e+00
-4.591863044800896354e+00
-4.659197927892994251e+00
-4.630226308987853479e+00
-4.724403475830646570e+00
-4.697882446342275031e+00
-4.716141657172634005e+00
-4.789440757432513962e+00
-4.919942801286986800e+00
-4.792669233188008526e+00
-4.820267975430779117e+00
-4.820267975430779117e+00
-4.820267975430779117e+00
-4.882196872826400913e+00
-5.006941860220964102e+00
-5.006941860220964102e+00
-4.921624789513692200e+00
-4.921624789513692200e+00
-4.921624789513692200e+00
-4.921624789513692200e+00
-4.902051558962433830e+00
-4.917352001565821418e+00
-4.868381345287863482e+00
-4.923986110931247495e+00
-4.923986110931247495e+00
-4.923986110931247495e+00
-5.056246203133709649e+00
-5.041219936842678884e+00
-5.041219936842678884e+00
-5.041219936842678884e+00
-5.041219936842678884e+00
-5.054988239319989418e+00
-5.054988239319989418e+00
-5.054988239319989418e+00
-4.966640891092507282e+00
-5.173549438776380960e+00
-5.192806638159328969e+00
-4.833308173488304327e+00
-4.941075147292131042e+00
-4.975353550214640208e+00
-5.125553719413667331e+00
-5.125553719413667331e+00
-4.952189538986462303e+00
-4.939158101392195022e+00
-5.057221281540548397e+00
-4.887133454279343425e+00
-4.856810085034698687e+00
-4.776847514582614806e+00
-4.776847514582614806e+00
-4.984368478527996693e+00
-5.094942415201721531e+00
-5.222756246744175712e+00
-5.265723708829701977e+00
-5.325392370832638278e+00
-5.058126593272586291e+00
-5.058126593272586291e+00
-5.058126593272586291e+00
-4.999913708984974114e+00
-5.086930932788778392e+00
-5.086930932788778392e+00
-4.988265391880609023e+00
-5.020436750410467219e+00
-5.025307343591015830e+00
-5.025307343591015830e+00
-5.025307343591015830e+00
-5.025307343591015830e+00
-5.250369224991659145e+00
-5.101744090387205333e+00
-4.901213168427837275e+00
-5.084697227500774908e+00
-4.923550966671360385e+00
-4.923550966671360385e+00
-4.923550966671360385e+00
-4.876926611629778918e+00
-4.971707871832903969e+00
-5.001598687716713343e+00
-4.911266768079353362e+00
-5.036685946938598946e+00
-4.990117802620738452e+00
-4.990282569946105973e+00
-4.960961636917133433e+00
-5.157151788538117287e+00
-5.377452564723036232e+00
-4.973557453006457685e+00
-5.051393582827986783e+00
-5.164302230207249877e+00
-5.129159571817285546e+00
-5.143521508612620252e+00
-4.753505006062231253e+00
-4.753505006062231253e+00
-4.959361466014776454e+00
-4.719037236710279082e+00
-5.080467624593523190e+00
-5.144649493659707140e+00
-5.144649493659707140e+00
-4.938798173952035242e+00
-4.938798173952035242e+00
-4.938798173952035242e+00
-4.789381927978377362e+00
-4.789381927978377362e+00
-4.756428302316620282e+00
-4.766807011371426483e+00
-4.930642961561805038e+00
-4.587768445900826109e+00
-4.757707241494669503e+00
-4.757707241494669503e+00
-4.775051784344291228e+00
-4.669963370568080308e+00
-4.676376102259917289e+00
-4.576141061096796747e+00
-4.603671509557853092e+00
-4.694364264836872636e+00
-4.694364264836872636e+00
-4.524483028057389333e+00
-4.506066810892097152e+00
-4.506066810892097152e+00
-4.506066810892097152e+00
-4.516250677880722542e+00
-4.654582815331532508e+00
-4.654582815331532508e+00
-4.654582815331532508e+00
-4.654582815331532508e+00
-4.654582815331532508e+00
-4.807407218391666959e+00
-5.019855613560355145e+00
-4.675379748401665481e+00
-4.575552158565914240e+00
-4.445399176365667060e+00
-4.356706331807890464e+00
-4.476248984395355457e+00
-4.604909786414914663e+00
-4.681548047526522538e+00
-4.681548047526522538e+00
-4.703325728845940468e+00
-4.703325728845940468e+00
-4.652056448498390395e+00
-4.679807186881849823e+00
-4.679807186881849823e+00
-4.745196251106707841e+00
-4.839968170170100947e+00
-4.839968170170100947e+00
-4.846093793562990193e+00
-5.036113094337814289e+00
-5.145117285300127463e+00
-5.145117285300127463e+00
-4.845853789000488909e+00
-4.845853789000488909e+00
-4.845853789000488909e+00
-5.100158600783607277e+00
-5.103820007433735206e+00
-4.879961765827013132e+00
-5.150046523164318657e+00
-4.909464809034061794e+00
-4.871489909113194017e+00
-4.871489909113194017e+00
-4.728930707743291606e+00
-4.728930707743291606e+00
-5.024583155085591279e+00
-4.976226026786453538e+00
-4.999420266389636325e+00
-4.999420266389636325e+00
-4.865435520721423046e+00
-4.890149736721715712e+00
-4.788490960125215246e+00
-4.788490960125215246e+00
-4.917220976834372870e+00
-4.917220976834372870e+00
-4.971595185569094966e+00
-5.020351900508910781e+00
-5.020351900508910781e+00
-4.872711231247913055e+00
-4.872711231247913055e+00
-4.643567522518805113e+00
-4.643567522518805113e+00
-4.652256517051632123e+00
-4.526040399941309467e+00
-4.526040399941309467e+00
-4.704081796276889271e+00
-4.704081796276889271e+00
-5.130879253765005643e+00
-4.878139054771546412e+00
-4.849492019420237554e+00
-4.896025905704098236e+00
-5.045879333726137617e+00
-4.940838965181799658e+00
-4.899195198881464819e+00
-5.278312431213610267e+00
-4.684740803437388301e+00
-4.960427962777701261e+00
-4.740423949024620498e+00
-5.079884829998443152e+00
-5.079884829998443152e+00
-5.075205601792465160e+00
-5.075205601792465160e+00
-5.207825308717867863e+00
-5.173984315323878036e+00
-5.173984315323878036e+00
-5.173984315323878036e+00
-5.173984315323878036e+00
-5.040099165859747821e+00
-5.040099165859747821e+00
-5.055449795598078389e+00
-5.055449795598078389e+00
-4.920486928230931589e+00
-5.058014270946425306e+00
-5.058014270946425306e+00
-5.042017023580638302e+00
-4.892792662447216223e+00
-4.828160748689652060e+00
-4.701693328367912983e+00
-4.956083835131588344e+00
-4.776470226487108839e+00
-4.776470226487108839e+00
-4.841786195474913512e+00
-4.821710337439936822e+00
-4.722519513255909018e+00
-5.094825843437756241e+00
-5.074884298711616282e+00
-5.074884298711616282e+00
-4.971555770362757976e+00
-5.028863126749061330e+00
-5.268765874524951265e+00
-5.268765874524951265e+00
-5.213480900007335883e+00
-5.213480900007335883e+00
-5.013218143296350071e+00
-4.634327963543477757e+00
-4.661638355172845749e+00
-4.661638355172845749e+00
-4.661638355172845749e+00
-4.798500653189964993e+00
-5.001623419980454344e+00
-4.958921357022334497e+00
-4.958921357022334497e+00
-4.958921357022334497e+00
-4.730423276949831113e+00
-4.686586102386375963e+00
-4.738116356910849980e+00
-4.564820046371369067e+00
-4.752032205502768392e+00
-4.752032205502768392e+00
-4.752032205502768392e+00
-4.752032205502768392e+00
-4.701341114504306695e+00
-4.805589960103035629e+00
-4.832895776507272423e+00
-4.832895776507272423e+00
-4.995012736061550385e+00
-5.529878076326641967e+00
-5.459910194368863934e+00
-5.489967708867987461e+00
-5.377675254018171813e+00
-5.561513943239693170e+00
-5.561513943239693170e+00
-5.725015511950530822e+00
-5.569501486924635536e+00
-5.446911236853600791e+00
-5.169948293066104483e+00
-5.169948293066104483e+00
-5.156568046504715674e+00
-5.733979443679144694e+00
-5.365945434723077945e+00
-5.365945434723077945e+00
-5.022083123296441798e+00
-5.127565830500226518e+00
-5.190411402467964841e+00
-5.190411402467964841e+00
-5.714532176593777102e+00
-5.714532176593777102e+00
-5.657287874112102877e+00
-5.565664020851366800e+00
-5.446477462149774240e+00
-5.248087771927675504e+00
-5.248087771927675504e+00
-5.248087771927675504e+00
-5.716433732336519746e+00
-5.395109109383992241e+00
-5.242394654143947896e+00
-5.514266266273732064e+00
-5.445395329877928958e+00
-5.371267589502839890e+00
-5.443664060087452405e+00
-5.644267557617556719e+00
-5.750536812772203632e+00
-5.779574038541766434e+00
-4.702504528397563277e+00
-5.062125829519224851e+00
-4.888484195405838229e+00
-4.888484195405838229e+00
-4.889374938387083702e+00
-4.908326352613176624e+00
-4.908326352613176624e+00
-4.792610426088844022e+00
-4.979771423191225566e+00
-4.979771423191225566e+00
-4.903055586051157100e+00
-4.903055586051157100e+00
-5.027371314672013369e+00
-4.836654013238748107e+00
-5.278182199175831535e+00
-5.163212270249278646e+00
-4.858164136451533111e+00
-4.650840806765396351e+00
-4.824317719141292926e+00
-4.819463708537728763e+00
-4.868114413808912744e+00
-4.904509319056606920e+00
-4.904509319056606920e+00
-4.904509319056606920e+00
-4.664206310036012049e+00
-5.235044551085926479e+00
-5.079370780341993630e+00
-4.981940834487188496e+00
-4.880826453817576294e+00
-4.880826453817576294e+00
-4.737478038268313263e+00
-5.295212929264120127e+00
-4.862686845086093612e+00
-4.882987896012845219e+00
-4.882987896012845219e+00
-4.977536213418777500e+00
-4.978049730417565044e+00
-5.200917472862918167e+00
-4.912320202161299498e+00
-5.211117100873352115e+00
-5.366529789014035323e+00
-5.483066775701249007e+00
-5.448762136059746020e+00
-5.619612301697817891e+00
-5.622289566165329155e+00
-4.911765236291143921e+00
-4.950846492989431802e+00
-4.950846492989431802e+00
-5.397158851627816389e+00
-5.366345494433706342e+00
-5.366345494433706342e+00
-5.378553082481052350e+00
-5.378553082481052350e+00
-5.449969605214930901e+00
-5.324018481003055747e+00
-5.333531257644802182e+00
-5.006578780451137689e+00
-5.172502646298034357e+00
-5.147176921072742495e+00
-5.402147956264505169e+00
-5.307836340490713845e+00
-5.307836340490713845e+00
-5.400881761302934514e+00
-5.400881761302934514e+00
-5.363835981531027031e+00
-5.418665314174594627e+00
-5.400623040515707629e+00
-5.329469625315256032e+00
-5.105106704770761006e+00
-5.063264609472003741e+00
-5.207809596083208703e+00
-5.207809596083208703e+00
-5.207809596083208703e+00
-5.077201731641261873e+00
-5.083430513180100974e+00
-5.083430513180100974e+00
-5.118859445150131471e+00
-5.118859445150131471e+00
-5.332383708717580717e+00
-5.366361321345272550e+00
-5.582182034276941707e+00
-5.222594938000660214e+00
-5.222594938000660214e+00
-5.222594938000660214e+00
-5.461370152281772583e+00
-5.458432103670975977e+00
-5.458432103670975977e+00
-5.631283671043183503e+00
-5.239462394286767299e+00
-5.180562362942686683e+00
-5.113368337257180762e+00
-5.056840908835648740e+00
-4.979749143732711048e+00
-5.188451779060473612e+00
-5.542547331580748526e+00
-5.542547331580748526e+00
-5.454918289918331276e+00
-5.244800809661400720e+00
-5.252985055428862182e+00
-5.252985055428862182e+00
-5.252985055428862182e+00
-5.252985055428862182e+00
-5.252985055428862182e+00
-5.452138311717254382e+00
-5.458885691805827278e+00
-4.993663838426923185e+00
-5.029065359430672899e+00
-5.356358654027579824e+00
-5.248375290099497548e+00
-5.252647351058651104e+00
-5.252647351058651104e+00
-5.252647351058651104e+00
-5.200494840732479140e+00
-5.242273036524241370e+00
-5.242273036524241370e+00
-5.242273036524241370e+00
-5.221318729083270327e+00
-5.414073176249112329e+00
-5.224980539306982585e+00
-5.242344081368893960e+00
-5.183466168974126376e+00
-5.183466168974126376e+00
-5.587318833789863604e+00
-5.280033861918415283e+00
-5.360135821712732174e+00
-5.412157152790410208e+00
-5.220833238661450437e+00
-5.160533517638499212e+00
-5.327680627783858647e+00
-5.327680627783858647e+00
-5.096044894045194340e+00
-5.074156471969824445e+00
-5.074156471969824445e+00
-5.443271711255688317e+00
-5.496333678248678467e+00
-5.521852515870553368e+00
-5.178236951869164884e+00
-5.439034487032865073e+00
-5.385012043605512666e+00
-5.168066654893689993e+00
-5.049400252749030038e+00
-5.132003220829393086e+00
-5.132003220829393086e+00
-5.095341475671300024e+00
-5.248514915632380706e+00
-5.112144473986236726e+00
-5.266027728801547347e+00
-5.266027728801547347e+00
-5.266027728801547347e+00
-5.266027728801547347e+00
-5.171768119393094665e+00
-5.171768119393094665e+00
-5.171768119393094665e+00
-5.171768119393094665e+00
-5.222165633373985649e+00
-5.102840416699100601e+00
-5.102840416699100601e+00
-5.288384201648415939e+00
-5.288384201648415939e+00
-5.454066208218744549e+00
-5.454066208218744549e+00
-5.210204328196796908e+00
-5.210920645121746908e+00
-5.119246256568247944e+00
-5.319274466758333375e+00
-5.331612800281653186e+00
-5.272276525074905962e+00
-5.292371160846635725e+00
-5.292371160846635725e+00
-5.530692746490457168e+00
-5.530692746490457168e+00
-5.653384179128334353e+00
-5.219200187768154642e+00
-5.219200187768154642e+00
-5.253419229243039723e+00
-5.493493073170601981e+00
-5.493493073170601981e+00
-5.506890966837527657e+00
-5.506890966837527657e+00
-5.500756645668515965e+00
-5.473049436074966856e+00
-5.193427743458348012e+00
-5.193427743458348012e+00
-5.166318005144771242e+00
-4.865074323404965817e+00
-4.865074323404965817e+00
-4.852873737159554501e+00
-4.852873737159554501e+00
-5.020798578584813932e+00
-5.020798578584813932e+00
-4.883750127728109014e+00
-5.129573185323883955e+00
-5.129573185323883955e+00
-5.074915309457039392e+00
-4.846901820771216229e+00
-4.846901820771216229e+00
-4.819742862688185525e+00
-4.876531605425939553e+00
-5.112902530428225845e+00
-5.081243367413371459e+00
-4.836373469035631700e+00
-4.790857183966364730e+00
-4.790857183966364730e+00
-5.114021627368404488e+00
-4.850743855970118368e+00
-4.850743855970118368e+00
-4.850743855970118368e+00
-4.777092882369556648e+00
-4.787653836758456016e+00
-4.754933195942149027e+00
-4.754933195942149027e+00
-4.754933195942149027e+00
-5.176575366821407620e+00
-5.051407947885371286e+00
-4.895650968393787217e+00
-5.187419370033709676e+00
-5.173309121729847249e+00
-5.173309121729847249e+00
-4.840866236336521133e+00
-4.840866236336521133e+00
-4.821832979971355293e+00
-4.821832979971355293e+00
-4.936761412240178615e+00
-4.998132035021789932e+00
-4.998132035021789932e+00
-4.912527930552378130e+00
-4.912527930552378130e+00
-4.834608082331762091e+00
-4.834608082331762091e+00
-4.833364750574356883e+00
-4.865049107518515825e+00
-4.884172172189682470e+00
-4.610001168956342710e+00
-4.610001168956342710e+00
-4.610001168956342710e+00
-4.687120058397149513e+00
-4.687120058397149513e+00
-4.573751321324893482e+00
-4.540264691225271321e+00
-4.540904800878001524e+00
-5.083227467858861814e+00
-5.069448349915097296e+00
-4.962489047651271079e+00
-5.209200240288160977e+00
-5.209200240288160977e+00
-5.064349160476373513e+00
-5.082664528522568226e+00
-5.036598189572184303e+00
-5.036598189572184303e+00
-4.958129057806542228e+00
-4.958129057806542228e+00
-4.712756853621778319e+00
-4.849812171869679389e+00
-4.490296727708678048e+00
-4.490296727708678048e+00
-4.556320023817197473e+00
-4.892144800138151339e+00
-4.892144800138151339e+00
-5.237904523434885995e+00
-5.655907680788183178e+00
-5.507141531621797981e+00
-5.510598626926081600e+00
-5.580758498115939936e+00
-5.559483728533525237e+00
-5.521229766069281730e+00
-5.521229766069281730e+00
-5.521229766069281730e+00
-5.658731860597446151e+00
-5.659596927527546839e+00
-5.190709888503200808e+00
-5.190709888503200808e+00
-5.190709888503200808e+00
-5.201720945981781696e+00
-5.201720945981781696e+00
-5.687060665506112223e+00
-5.410328209982366410e+00
-5.505913666750640090e+00
-5.505913666750640090e+00
-5.592334909516318397e+00
-5.592334909516318397e+00
-5.391403680584934577e+00
-5.239396101745019685e+00
-5.239396101745019685e+00
-5.463871270616762033e+00
-5.477114753157197313e+00
-5.254508449050538488e+00
-5.254508449050538488e+00
-5.391911626046144157e+00
-5.423229179501458219e+00
-5.423229179501458219e+00
-5.317447587858876723e+00
-5.246911266330072543e+00
-5.246911266330072543e+00
-5.246911266330072543e+00
-5.256802317618730847e+00
-5.454142804232000152e+00
-5.338670862177213650e+00
-5.338670862177213650e+00
-5.343791934783282294e+00
-5.343791934783282294e+00
-5.343791934783282294e+00
-5.350867381605738160e+00
-5.300831722478632990e+00
-5.448062028149483815e+00
-5.429770703952671695e+00
-5.429770703952671695e+00
-5.346105905283708992e+00
-5.733330048886165820e+00
-5.719293396176135857e+00
-5.809847493376143923e+00
-5.692870001395668567e+00
-5.692870001395668567e+00
-5.692870001395668567e+00
-5.284464196938619018e+00
-5.297477208388913894e+00
-5.145415258770210443e+00
-5.089239421579017097e+00
-5.228330852518511485e+00
-5.086280759907997329e+00
-5.014210122326330676e+00
-5.052704453519750949e+00
-5.095598889567175327e+00
-5.238159553384053702e+00
-5.211830944389118869e+00
-5.211830944389118869e+00
-5.211830944389118869e+00
-5.384852316402560568e+00
-5.360487905629268468e+00
-5.134020005738164194e+00
-4.978643135240438333e+00
-5.188542243776492313e+00
-5.188542243776492313e+00
-5.377511818524444820e+00
-5.260015413495112924e+00
-5.190877797363282475e+00
-5.297273520436424299e+00
-5.196340158630653683e+00
-5.245040175637384117e+00
-5.230336721145821599e+00
-5.170604819006626052e+00
-5.176263552704288173e+00
-5.179591968266652025e+00
-5.200178403822174111e+00
-4.869971569805755962e+00
-5.119346228272688926e+00
-5.350830696252483420e+00
-5.342927384945945768e+00
-5.312437030200258370e+00
-5.078508852941927110e+00
-5.078508852941927110e+00
-5.078508852941927110e+00
-5.179543436627920272e+00
-5.264408839215271918e+00
-5.273819950616542407e+00
-5.273819950616542407e+00
-5.311048981695748239e+00
-5.043484033786246989e+00
-5.044918589136863751e+00
-5.044918589136863751e+00
-5.224937141992468170e+00
-5.224937141992468170e+00
-5.122145141662590717e+00
-5.122145141662590717e+00
-5.179281720010638246e+00
-5.243203466872683016e+00
-5.243203466872683016e+00
-4.920584021037148759e+00
-5.389008505648946290e+00
-5.389008505648946290e+00
-5.389008505648946290e+00
-5.366549086393784584e+00
-5.371548711372166274e+00
-5.391236911620364225e+00
-5.073261341037087035e+00
-5.056449193888582272e+00
-5.056449193888582272e+00
-5.135054278205921641e+00
-5.115535849908328991e+00
-5.115535849908328991e+00
-5.185052633986572346e+00
-5.185052633986572346e+00
-5.176045576612636090e+00
-5.209675869125011793e+00
-5.161307888121651644e+00
-4.985888359820110693e+00
-4.985888359820110693e+00
-4.946288644664159406e+00
-5.066727353251222254e+00
-5.066727353251222254e+00
-4.932268856589034911e+00
-5.056156565646381829e+00
-5.056156565646381829e+00
-5.101787074020877277e+00
-4.587271281699111469e+00
-4.553482250667339137e+00
-4.580663107629734832e+00
-4.835148645065150852e+00
-4.357985869809063217e+00
-4.353394697758300680e+00
-4.353394697758300680e+00
-4.287211143128820900e+00
-4.287211143128820900e+00
-4.350071341716794215e+00
-4.392703299820682972e+00
-4.392703299820682972e+00
-4.035173670296013704e+00
-3.892855378948360201e+00
-3.814294483105369782e+00
-3.814294483105369782e+00
-4.109513111645931360e+00
-4.058134392446674177e+00
-4.243610943266023838e+00
-4.240148528657768701e+00
-4.274164178552224413e+00
-4.274164178552224413e+00
-4.100100583470662308e+00
-4.311803967793285786e+00
-4.464847909966430883e+00
-4.706220262385944153e+00
-4.415720916010728025e+00
-4.620667854848723444e+00
-4.516113238303907984e+00
-4.516113238303907984e+00
-4.816636336642347693e+00
-4.753748034316412685e+00
-4.731425792564216692e+00
-4.713930338756611604e+00
-4.628591111917520706e+00
-4.628591111917520706e+00
-4.628591111917520706e+00
-4.628591111917520706e+00
-4.533161385881759209e+00
-4.678510685768145549e+00
-4.703861400376532664e+00
-4.780089199093081831e+00
-4.912749464045618630e+00
-5.196148453288437885e+00
-5.018506657576626395e+00
-5.018506657576626395e+00
-5.018506657576626395e+00
-4.928068166273736672e+00
-5.012228171079627259e+00
-5.010907489037894180e+00
-4.798045944229120785e+00
-4.837038466858389896e+00
-4.839332799556602893e+00
-4.863175250639248937e+00
-4.863175250639248937e+00
-4.852144940356613034e+00
-4.718685017436495599e+00
-4.471373494379877300e+00
-4.795345097238700838e+00
-4.633075925890260294e+00
-4.892884392032550878e+00
-4.892884392032550878e+00
-4.892884392032550878e+00
-4.736956166740424301e+00
-4.736956166740424301e+00
-5.051020523661009953e+00
-5.048108639016701815e+00
-5.048108639016701815e+00
-5.048108639016701815e+00
-5.048002869991178088e+00
-4.952294265645398319e+00
-5.064152375167826570e+00
-5.064152375167826570e+00
-5.011065377934545317e+00
-5.096568258623690006e+00
-5.047735581145608386e+00
-5.047735581145608386e+00
-4.956484767994639995e+00
-5.014133598117962443e+00
-5.196230597705057797e+00
-5.196230597705057797e+00
-4.974707401341921020e+00
-4.960890854562247654e+00
-4.960890854562247654e+00
-4.960890854562247654e+00
-4.988112405920245962e+00
-4.988112405920245962e+00
-5.058380253396945747e+00
-4.760818812896873808e+00
-4.760818812896873808e+00
-4.866700833107806545e+00
-4.519983225572101304e+00
-4.586991624097378484e+00
-4.476077857943138838e+00
-4.476077857943138838e+00
-4.698905353387997863e+00
-4.839941511814869202e+00
-4.716695625320182828e+00
-4.716695625320182828e+00
-4.765440433414384280e+00
-4.760144125078652699e+00
-4.760144125078652699e+00
-4.763692978228024622e+00
-4.763692978228024622e+00
-4.665161773736182127e+00
-4.689548970771264536e+00
-4.530256358876340705e+00
-4.482394305504405096e+00
-4.499446793529569888e+00
-4.895618083330140813e+00
-4.895618083330140813e+00
-4.895618083330140813e+00
-5.085413295004399536e+00
-4.930709855335831726e+00
-4.930709855335831726e+00
-4.845290342014902052e+00
-4.845290342014902052e+00
-4.877219741978960244e+00
-4.877219741978960244e+00
-4.931805935610184655e+00
-4.931805935610184655e+00
-5.031215500396977625e+00
-5.047610959094212646e+00
-5.047610959094212646e+00
-5.062529420194884722e+00
-5.062529420194884722e+00
-5.062529420194884722e+00
-4.694193627595496743e+00
-4.694193627595496743e+00
-4.694193627595496743e+00
-4.603928430514042880e+00
-4.597097057629093264e+00
-4.625917471451544749e+00
-4.648497897204411977e+00
-4.678227816282264584e+00
-4.678227816282264584e+00
-4.805545580910917103e+00
-4.805545580910917103e+00
-4.676745718212917069e+00
-4.693195343731590974e+00
-4.629295028906358134e+00
-4.568431799009855077e+00
-5.077785247405783409e+00
-5.090635853126872945e+00
-5.090635853126872945e+00
-5.122939474638374513e+00
-5.062952439144553729e+00
-5.062952439144553729e+00
-5.187251729299277692e+00
-5.182132701391534368e+00
-4.942065685212037707e+00
-4.942065685212037707e+00
-5.094427935588902834e+00
-5.075540128151002861e+00
-5.267817928154207685e+00
-5.061701787165242550e+00
-5.190030557324256222e+00
-5.269760809453883255e+00
-5.172698035273461059e+00
-5.050015493333526173e+00
-5.050015493333526173e+00
-4.914731447066025716e+00
-4.914731447066025716e+00
-4.959181331018925221e+00
-4.951482845735370120e+00
-4.999561847547772331e+00
-4.999561847547772331e+00
-4.976672526234216853e+00
-4.936348034949144647e+00
-4.934820298941457573e+00
-4.934820298941457573e+00
-5.016477201560584298e+00
-5.016477201560584298e+00
-5.202486379237451608e+00
-5.202486379237451608e+00
-5.155079943936383025e+00
-5.040227850804474663e+00
-5.040227850804474663e+00
-4.754874080499519096e+00
-4.754874080499519096e+00
-4.754874080499519096e+00
-4.663251068391359944e+00
-4.977630876698078133e+00
-5.007989113941608394e+00
-4.776692210939544658e+00
-4.805185390282565194e+00
-5.009475609189961709e+00
-5.009475609189961709e+00
-4.989090703485227429e+00
-4.989090703485227429e+00
-4.989090703485227429e+00
-4.905498086320148055e+00
-4.956041446943996398e+00
-4.956041446943996398e+00
-4.956041446943996398e+00
-4.956041446943996398e+00
-4.909110849610016203e+00
-4.955269967346652038e+00
-4.955269967346652038e+00
-4.955269967346652038e+00
-4.996205450364300304e+00
-4.996205450364300304e+00
-4.996205450364300304e+00
-5.011418633178931437e+00
-4.600150681197032299e+00
-4.828988171716548372e+00
-4.859140097081194654e+00
-4.859140097081194654e+00
-4.859140097081194654e+00
-4.940972714627633877e+00
-4.351327869183075236e+00
-4.364325765297913051e+00
-4.382763591323542762e+00
-4.382763591323542762e+00
-4.772947404894122947e+00
-4.772947404894122947e+00
-4.747831776049913799e+00
-4.733167440194906206e+00
-4.733167440194906206e+00
-4.722704799570502487e+00
-4.657792187232505654e+00
-4.583880184992311868e+00
-4.583880184992311868e+00
-4.571040925285134726e+00
-4.611450369936881621e+00
-4.679759802704349880e+00
-4.743719160377328770e+00
-4.743719160377328770e+00
-4.841593603279938485e+00
-5.081825601410318249e+00
-5.081825601410318249e+00
-5.113620118686695193e+00
-5.019185062411698262e+00
-4.966051276088134792e+00
-4.966051276088134792e+00
-4.725683491693518867e+00
-4.899863288045836818e+00
-4.718703568193269859e+00
-4.675512775199766047e+00
-4.729475852368470790e+00
-4.912475749970369954e+00
-4.923510403021364112e+00
-4.632613791909824030e+00
-4.409373021024898698e+00
-4.843609706845817264e+00
-4.520771787550850185e+00
-4.520771787550850185e+00
-4.293713719055106459e+00
-4.293713719055106459e+00
-4.450153880007754914e+00
-4.314262279924124144e+00
-4.348690513582575079e+00
-4.348690513582575079e+00
-4.243193397937023548e+00
-4.152240543313174825e+00
-4.024872943349087961e+00
-4.399060407839745501e+00
-4.249006464816491579e+00
-4.540704078796176546e+00
-4.492306083964779262e+00
-4.729806014712259810e+00
-4.682450365698820782e+00
-4.682450365698820782e+00
-4.412333377089327158e+00
-4.454582943852052779e+00
-4.454582943852052779e+00
-4.360663498381194714e+00
-4.891876762319603777e+00
-4.662812758447794970e+00
-4.704497565892777011e+00
-4.828741416717452495e+00
-4.608182001534576244e+00
-4.947424358306723668e+00
-4.947424358306723668e+00
-4.947424358306723668e+00
-5.250934734186437858e+00
-5.229107477879068711e+00
-5.427689566708991720e+00
-5.427689566708991720e+00
-5.548664482610760729e+00
-5.443711617389506152e+00
-5.270600671456588948e+00
-5.268795189582334615e+00
-5.268795189582334615e+00
-5.410552457320663144e+00
-5.343169615662445970e+00
-5.139984873649432906e+00
-5.135336047180904195e+00
-5.135336047180904195e+00
-5.135336047180904195e+00
-5.516456320365264787e+00
-5.516456320365264787e+00
-5.516456320365264787e+00
-5.516456320365264787e+00
-5.433628222394315976e+00
-5.431439654082244495e+00
-5.431439654082244495e+00
-5.431439654082244495e+00
-5.431439654082244495e+00
-5.359010883485683330e+00
-5.298898393960036479e+00
-5.608789547016380439e+00
-5.608789547016380439e+00
-5.629624963030301465e+00
-5.621078912549664075e+00
-5.567406288321198993e+00
-5.567406288321198993e+00
-5.053620298094902985e+00
-5.053620298094902985e+00
-5.109519737577910448e+00
-5.135984629818969083e+00
-5.135984629818969083e+00
-5.135984629818969083e+00
-4.774200235433609052e+00
-4.831962850156767963e+00
-4.848682102904514402e+00
-5.121261752857992455e+00
-5.349658935564292506e+00
-5.349658935564292506e+00
-5.014472471653808050e+00
-4.999927136378355286e+00
-4.999927136378355286e+00
-5.055834436941731624e+00
-5.055834436941731624e+00
-5.003924861083008047e+00
-4.975615095436069168e+00
-4.975615095436069168e+00
-4.818968668089212315e+00
-4.818968668089212315e+00
-5.084459314843170041e+00
-5.084459314843170041e+00
-5.147700885091514245e+00
-5.147700885091514245e+00
-4.966043870920866077e+00
-4.986003360017680741e+00
-5.121727841111603396e+00
-5.078284504473934646e+00
-5.154531823638604848e+00
-4.959794041118095187e+00
-4.948591685939572216e+00
-4.868537988483774726e+00
-4.851636280515417177e+00
-4.851636280515417177e+00
-4.898831924350313116e+00
-4.819713507177938894e+00
-4.819713507177938894e+00
-4.771288807889640715e+00
-4.819628166471225938e+00
-4.804274176829473220e+00
-5.130700312169537369e+00
-5.130700312169537369e+00
-4.826510099646554863e+00
-4.826510099646554863e+00
-4.826510099646554863e+00
-4.797427965794148541e+00
-4.794250025184287445e+00
-4.794250025184287445e+00
-4.727456388500169915e+00
-4.727456388500169915e+00
-4.337680080314458841e+00
-4.337680080314458841e+00
-4.337680080314458841e+00
-4.596578178417274785e+00
-4.340995359551452992e+00
-4.114770216455883478e+00
-4.426763942744154967e+00
-4.625817549675596219e+00
-4.625817549675596219e+00
-4.625817549675596219e+00
-4.762285934476143012e+00
-4.512784436031846091e+00
-4.535028660252476307e+00
-4.535028660252476307e+00
-5.018709034472679242e+00
-5.018709034472679242e+00
-4.996740408633915109e+00
-4.996740408633915109e+00
-4.996740408633915109e+00
-4.996740408633915109e+00
-4.763576170443040603e+00
-4.776961778771759981e+00
-4.776961778771759981e+00
-4.776961778771759981e+00
-4.776961778771759981e+00
-4.812934766682469778e+00
-4.744806245752101859e+00
-4.695304696575169245e+00
-4.695304696575169245e+00
-4.864348701065845049e+00
-4.784950833241087054e+00
-4.784950833241087054e+00
-4.749542016544569201e+00
-4.749542016544569201e+00
-4.849179579919350225e+00
-4.521184353310936821e+00
-4.521184353310936821e+00
-4.521184353310936821e+00
-4.521184353310936821e+00
-4.801701524873635663e+00
-4.669304754456994111e+00
-4.624372380177970143e+00
-4.705976759138294163e+00
-4.514643849122217389e+00
-4.514643849122217389e+00
-4.594320395618819219e+00
-4.702305886116741718e+00
-4.702305886116741718e+00
-4.479552675483074786e+00
-4.479552675483074786e+00
-4.314568770486332916e+00
-4.254524372912170449e+00
-4.254524372912170449e+00
-4.211393295407350301e+00
-4.253600608055614352e+00
-4.240311567287562866e+00
-4.293497189933141556e+00
-4.335090322273159380e+00
-4.433676943275444593e+00
-4.433676943275444593e+00
-4.453280836040709012e+00
-4.453280836040709012e+00
-4.453280836040709012e+00
-4.324108387583106783e+00
-4.760106129127179564e+00
-4.834956784514848671e+00
-4.508591818076032709e+00
-4.600935804367678905e+00
-4.600935804367678905e+00
-4.437577615646432605e+00
-4.437577615646432605e+00
-4.831124091663029141e+00
-4.834311678368122145e+00
-4.834311678368122145e+00
-4.809065893076977183e+00
-4.677344472852631441e+00
-4.677344472852631441e+00
-4.701939065092633818e+00
-4.686208530057674793e+00
-4.555585045919192666e+00
-4.480738070486185443e+00
-4.741630834722005972e+00
-4.699947781313157158e+00
-4.658341940664132430e+00
-4.284797600596342626e+00
-4.336895682260147211e+00
-4.336895682260147211e+00
-4.336895682260147211e+00
-4.336895682260147211e+00
-4.336895682260147211e+00
-4.328258686325471061e+00
-4.328258686325471061e+00
-4.557388293711508886e+00
-4.455490802828550478e+00
-4.455490802828550478e+00
-4.309644714264826426e+00
-4.550269073828395960e+00
-4.550269073828395960e+00
-4.764962019748404387e+00
-4.647863928740566308e+00
-4.462537966214979335e+00
-4.462537966214979335e+00
-4.460205330787295530e+00
-4.460205330787295530e+00
-4.315458549013278855e+00
-4.437146655093318515e+00
-4.428792525256769252e+00
-4.397809483379258921e+00
-4.319134788944547054e+00
-3.923591646151717960e+00
-3.666532861730678050e+00
-3.992023201963213808e+00
-4.086059399472585341e+00
-4.086059399472585341e+00
-4.086059399472585341e+00
-4.086059399472585341e+00
-4.099127735222536373e+00
-4.389804249513198364e+00
-4.090827929226419357e+00
