# Variable: dg_gbvi_00000240
# Sample shape: (2565,)
# Date: 2013-03-08 06:18:16.815717
-2.639955964687297651e+00
-3.036233392738810988e+00
-3.981008457023755387e+00
-4.590758382497514667e+00
-4.777860277228020536e+00
-4.944743476050581954e+00
-4.865576245106845832e+00
-5.535444266248862100e+00
-5.244507057204017997e+00
-5.219382973401113901e+00
-5.339020744078831981e+00
-5.339020744078831981e+00
-5.339020744078831981e+00
-5.448814454720628753e+00
-5.356973127541809099e+00
-5.358721876957638131e+00
-5.315892893646858575e+00
-5.315892893646858575e+00
-5.315892893646858575e+00
-5.290265016769670758e+00
-5.318871659466020141e+00
-5.800363774288383567e+00
-5.800363774288383567e+00
-5.805695647193648057e+00
-6.120967446063244388e+00
-6.112556844761776631e+00
-6.112556844761776631e+00
-5.886025303774198747e+00
-5.886025303774198747e+00
-5.783088428736824049e+00
-5.812132221687629219e+00
-5.812132221687629219e+00
-5.812132221687629219e+00
-5.812132221687629219e+00
-5.812132221687629219e+00
-5.987018780733432521e+00
-5.987018780733432521e+00
-6.037611970259790795e+00
-6.065328096702462091e+00
-6.075118562317183724e+00
-6.103010515376178446e+00
-6.015379810290335527e+00
-6.119226199639565600e+00
-6.009056731817556063e+00
-6.013584508378301940e+00
-5.849017284514388848e+00
-5.844192134966836427e+00
-6.113203300252773253e+00
-6.083736558031025865e+00
-6.083736558031025865e+00
-6.083736558031025865e+00
-6.083736558031025865e+00
-5.974916518089670170e+00
-6.037739940765973756e+00
-5.737322178070795253e+00
-5.706396669994947324e+00
-5.984356710779266564e+00
-5.983063014284989656e+00
-5.983063014284989656e+00
-5.983063014284989656e+00
-5.770882343945854309e+00
-5.770882343945854309e+00
-5.770882343945854309e+00
-5.771935884222195057e+00
-5.771935884222195057e+00
-5.771935884222195057e+00
-5.771935884222195057e+00
-5.973858487011626472e+00
-5.973858487011626472e+00
-5.805449051753840628e+00
-5.805449051753840628e+00
-5.805449051753840628e+00
-5.804230827944931725e+00
-5.799095689271121401e+00
-6.113661459235677498e+00
-5.866927480292077668e+00
-5.866927480292077668e+00
-6.133987667673661548e+00
-6.159151806781151706e+00
-6.179121646890123998e+00
-5.889138785452287195e+00
-6.118668186204050841e+00
-6.118668186204050841e+00
-6.118668186204050841e+00
-6.016396561679168364e+00
-6.004823566936341450e+00
-6.004823566936341450e+00
-6.068862326935429152e+00
-6.068862326935429152e+00
-6.068862326935429152e+00
-6.050172439402514257e+00
-6.050172439402514257e+00
-6.142180016975842705e+00
-6.142180016975842705e+00
-6.142180016975842705e+00
-5.991995875080560197e+00
-5.991995875080560197e+00
-5.991995875080560197e+00
-5.991995875080560197e+00
-5.920212628719339065e+00
-5.968695650702151134e+00
-5.970974569131122678e+00
-5.970974569131122678e+00
-5.970974569131122678e+00
-5.970974569131122678e+00
-5.970974569131122678e+00
-6.101352045150695957e+00
-6.101352045150695957e+00
-5.730314633414638870e+00
-5.730314633414638870e+00
-5.730314633414638870e+00
-5.787140129898530994e+00
-5.787140129898530994e+00
-5.787140129898530994e+00
-5.787140129898530994e+00
-5.787140129898530994e+00
-5.787140129898530994e+00
-5.861573593404003191e+00
-5.917058722994696041e+00
-5.917058722994696041e+00
-5.842317934135251356e+00
-5.758570047149425442e+00
-5.758570047149425442e+00
-5.779463718257842331e+00
-5.779463718257842331e+00
-5.779463718257842331e+00
-5.770538757210498915e+00
-5.983150252702436944e+00
-5.983150252702436944e+00
-5.968731958360925738e+00
-5.968731958360925738e+00
-5.980464006297312451e+00
-5.980464006297312451e+00
-5.982351119805725759e+00
-5.898379493116343575e+00
-5.898379493116343575e+00
-5.898379493116343575e+00
-5.898379493116343575e+00
-5.881188936327160555e+00
-6.050165524828454267e+00
-5.917747642261266705e+00
-5.952256696004288195e+00
-5.949844604273862636e+00
-5.949844604273862636e+00
-5.939702983699263861e+00
-5.939702983699263861e+00
-5.969491694954760064e+00
-5.940548388874063335e+00
-5.870057759106659390e+00
-5.870057759106659390e+00
-5.870057759106659390e+00
-5.860096190709155550e+00
-5.912297883926468600e+00
-5.901938188423230258e+00
-5.901938188423230258e+00
-5.901938188423230258e+00
-5.899074611875803065e+00
-5.899074611875803065e+00
-5.899074611875803065e+00
-5.834028803835044741e+00
-5.834028803835044741e+00
-5.834028803835044741e+00
-5.834028803835044741e+00
-5.812845388972111671e+00
-5.812845388972111671e+00
-6.063830551739905594e+00
-6.063830551739905594e+00
-5.892708404819616774e+00
-5.892708404819616774e+00
-5.892708404819616774e+00
-5.892708404819616774e+00
-5.830995417572792938e+00
-5.830995417572792938e+00
-5.822025207721351237e+00
-5.822025207721351237e+00
-5.822025207721351237e+00
-5.812229658584094238e+00
-5.713214610229076840e+00
-5.688008252299928458e+00
-5.688008252299928458e+00
-5.688008252299928458e+00
-5.688008252299928458e+00
-5.672260753843357151e+00
-5.672260753843357151e+00
-5.690043754350687877e+00
-5.691403197893907695e+00
-5.691403197893907695e+00
-5.691403197893907695e+00
-5.691403197893907695e+00
-5.650863978519117481e+00
-5.833634216028371178e+00
-5.837102809042748142e+00
-5.837102809042748142e+00
-5.837102809042748142e+00
-5.803603595470536725e+00
-5.803603595470536725e+00
-5.803603595470536725e+00
-5.718823770059870526e+00
-5.733115177194236800e+00
-5.724710748979852326e+00
-5.724710748979852326e+00
-5.724710748979852326e+00
-5.724710748979852326e+00
-5.724710748979852326e+00
-5.724710748979852326e+00
-5.713149358952183121e+00
-5.687489801419490121e+00
-5.770968875695349887e+00
-5.743969698057889595e+00
-5.788881541966679478e+00
-5.788881541966679478e+00
-5.788881541966679478e+00
-5.788881541966679478e+00
-5.788881541966679478e+00
-5.891403445218710289e+00
-5.891403445218710289e+00
-5.866558578487349962e+00
-5.866558578487349962e+00
-5.767805973475186754e+00
-5.773025928456878120e+00
-5.773025928456878120e+00
-5.820883907440672189e+00
-5.656626268878496511e+00
-5.648988863341495303e+00
-5.708747993584976754e+00
-5.708747993584976754e+00
-5.656932795469630904e+00
-5.656932795469630904e+00
-5.656932795469630904e+00
-5.649218571566906988e+00
-5.649218571566906988e+00
-5.649218571566906988e+00
-5.910885273541137686e+00
-5.910885273541137686e+00
-5.805833357398883621e+00
-5.743181442041541906e+00
-5.789538143529981973e+00
-5.789538143529981973e+00
-5.789538143529981973e+00
-5.782529835532574936e+00
-5.795980277679922743e+00
-5.795980277679922743e+00
-5.808012022299744892e+00
-5.819608108091018472e+00
-5.819608108091018472e+00
-5.860905263423892286e+00
-5.771548183583298020e+00
-5.664957865321682995e+00
-5.659413529841491375e+00
-5.704856151534057673e+00
-5.542188104407693494e+00
-5.542188104407693494e+00
-5.530610813175136364e+00
-5.530610813175136364e+00
-5.698860263077096810e+00
-5.698860263077096810e+00
-5.698860263077096810e+00
-5.628002455317634656e+00
-5.660146543391332052e+00
-5.693842231182062008e+00
-5.693842231182062008e+00
-5.653003765548483273e+00
-5.895362055944546320e+00
-5.901506593924518818e+00
-5.707565467113543178e+00
-5.676355889066117655e+00
-5.664017240741083370e+00
-5.636887049077965450e+00
-5.636887049077965450e+00
-5.758557063814818910e+00
-5.758557063814818910e+00
-5.891129381078189731e+00
-5.891129381078189731e+00
-5.891129381078189731e+00
-5.895297408164767994e+00
-5.895297408164767994e+00
-5.841383196789652565e+00
-5.841383196789652565e+00
-5.841383196789652565e+00
-5.841383196789652565e+00
-5.854929032856727389e+00
-5.854929032856727389e+00
-5.877996067206251674e+00
-5.855955609393358685e+00
-5.942703812902964344e+00
-5.942703812902964344e+00
-6.175422913557164328e+00
-5.759405729115890438e+00
-5.748628719746172067e+00
-5.795138972802917010e+00
-5.795138972802917010e+00
-5.795138972802917010e+00
-5.795138972802917010e+00
-5.799502189201817259e+00
-5.799315367669046317e+00
-5.781062912257857178e+00
-6.032219960793944402e+00
-6.032219960793944402e+00
-5.799437863498003054e+00
-5.799437863498003054e+00
-5.880527625892520760e+00
-5.960275666870419542e+00
-5.960275666870419542e+00
-5.855927863630239649e+00
-5.855927863630239649e+00
-6.028296952658647179e+00
-6.003588675416071219e+00
-5.953916349332509128e+00
-5.972767163182341577e+00
-5.972767163182341577e+00
-6.024140203561564100e+00
-6.011259200773760192e+00
-6.011259200773760192e+00
-6.198895880028516991e+00
-6.017467373973974354e+00
-6.017467373973974354e+00
-6.008436050039128951e+00
-5.904221192902826765e+00
-5.897716296324809093e+00
-5.968129853572076371e+00
-5.968129853572076371e+00
-5.968129853572076371e+00
-5.968129853572076371e+00
-5.968129853572076371e+00
-5.872638335633381779e+00
-5.872638335633381779e+00
-5.908686677964726464e+00
-5.908686677964726464e+00
-5.908686677964726464e+00
-5.901624930950630343e+00
-5.830560767254004517e+00
-5.830560767254004517e+00
-5.835583774756551101e+00
-5.820754805555964140e+00
-5.820754805555964140e+00
-6.032446899816598318e+00
-5.895402966838100944e+00
-5.925136368865265624e+00
-5.925136368865265624e+00
-5.931681842996732179e+00
-5.931681842996732179e+00
-5.925095750272385331e+00
-5.975646561988089189e+00
-5.995142926085596180e+00
-5.995142926085596180e+00
-6.005627771882175558e+00
-6.005627771882175558e+00
-6.005627771882175558e+00
-6.056544775697869198e+00
-5.976221698966174500e+00
-5.993350482623426956e+00
-6.046917223238659211e+00
-6.046917223238659211e+00
-5.974271319685463766e+00
-5.979677263864389580e+00
-5.742669607381754027e+00
-5.742669607381754027e+00
-5.785081507864479278e+00
-5.784117306192145591e+00
-5.784117306192145591e+00
-5.957989104524049395e+00
-5.957989104524049395e+00
-5.918199114911273817e+00
-5.918199114911273817e+00
-5.887781621063115978e+00
-5.887781621063115978e+00
-5.887781621063115978e+00
-5.887781621063115978e+00
-5.887781621063115978e+00
-5.885703379378886879e+00
-5.885703379378886879e+00
-5.885422784623235870e+00
-5.928927756948782601e+00
-5.928927756948782601e+00
-5.928927756948782601e+00
-5.928927756948782601e+00
-5.928927756948782601e+00
-5.928927756948782601e+00
-5.928927756948782601e+00
-5.934888047735033645e+00
-5.944911016229418088e+00
-5.944911016229418088e+00
-5.680635987978397416e+00
-5.680635987978397416e+00
-5.680635987978397416e+00
-5.680635987978397416e+00
-5.659685133011519653e+00
-5.659685133011519653e+00
-5.946003475045611886e+00
-5.934424761957030725e+00
-5.961787650725725030e+00
-5.952634935413485984e+00
-5.952634935413485984e+00
-6.030238444015899368e+00
-5.687598635212161469e+00
-5.787970379129671272e+00
-5.801933037046547170e+00
-6.012400633151794516e+00
-6.012400633151794516e+00
-5.979643815984542421e+00
-5.981976986351308589e+00
-6.021231401621567336e+00
-6.018487996794600114e+00
-6.020646806432916165e+00
-6.020646806432916165e+00
-6.020646806432916165e+00
-6.020646806432916165e+00
-6.020646806432916165e+00
-6.106888517788736870e+00
-6.106888517788736870e+00
-5.984876791023284071e+00
-6.044397469637276643e+00
-6.046230765453388223e+00
-5.723642899549760799e+00
-5.723642899549760799e+00
-5.717950188045617388e+00
-5.698359706530181867e+00
-5.698359706530181867e+00
-5.696789163560872282e+00
-5.696789163560872282e+00
-5.575905868710149704e+00
-6.063257335240821000e+00
-6.014212667262106571e+00
-6.014212667262106571e+00
-5.666978172608841291e+00
-5.666978172608841291e+00
-5.622404022458498574e+00
-5.605685547854011297e+00
-5.613534514199296055e+00
-5.613534514199296055e+00
-5.887221653383441833e+00
-5.887642034461727292e+00
-5.694225643852572460e+00
-5.803638418405500765e+00
-5.910200500323846917e+00
-5.910200500323846917e+00
-5.913791928366397777e+00
-5.917944694263131744e+00
-5.917944694263131744e+00
-5.909079688678673392e+00
-5.800854329260975994e+00
-5.687727353291005095e+00
-5.687727353291005095e+00
-5.685922044477587534e+00
-5.780150905691047392e+00
-5.737413354942259680e+00
-5.737413354942259680e+00
-5.737413354942259680e+00
-5.677659941251958386e+00
-5.677659941251958386e+00
-5.677659941251958386e+00
-6.023842287379586047e+00
-6.023842287379586047e+00
-6.026877011857419753e+00
-6.044756534116173086e+00
-6.050345881944152460e+00
-6.033654408704187233e+00
-6.033654408704187233e+00
-6.033654408704187233e+00
-6.033654408704187233e+00
-5.959284956468785310e+00
-5.966151991928313691e+00
-5.588646761066825341e+00
-5.573387032584839140e+00
-5.573459488327665134e+00
-5.625022941278719379e+00
-5.625022941278719379e+00
-5.605095997245275186e+00
-5.609589501824765456e+00
-5.609589501824765456e+00
-5.680245405141531201e+00
-5.680245405141531201e+00
-5.680245405141531201e+00
-5.680245405141531201e+00
-5.705350082214250662e+00
-5.720649155471322800e+00
-5.692582103561685258e+00
-5.790351822934522552e+00
-5.790351822934522552e+00
-5.878875797094332611e+00
-5.902610633543465823e+00
-5.902610633543465823e+00
-5.858828647265053036e+00
-5.575233335795111600e+00
-5.575233335795111600e+00
-5.529262442471769567e+00
-5.603859162870264754e+00
-5.603859162870264754e+00
-5.662864323500019559e+00
-5.662864323500019559e+00
-5.698105382949995246e+00
-5.698105382949995246e+00
-5.698105382949995246e+00
-5.698105382949995246e+00
-5.853943399928179581e+00
-5.853943399928179581e+00
-6.014882899286873474e+00
-6.009967952769897259e+00
-6.019481093117086346e+00
-6.002123092696812101e+00
-5.784213552264212410e+00
-5.784213552264212410e+00
-5.784213552264212410e+00
-5.784213552264212410e+00
-5.784213552264212410e+00
-5.784213552264212410e+00
-5.780504455294017241e+00
-5.789489341685483126e+00
-5.793190009002146645e+00
-5.896832106488056446e+00
-5.896832106488056446e+00
-5.895729652724981840e+00
-5.904527130116162148e+00
-5.904527130116162148e+00
-5.904527130116162148e+00
-5.904527130116162148e+00
-5.904527130116162148e+00
-5.904527130116162148e+00
-5.880702326093346421e+00
-5.896656985633367931e+00
-5.896656985633367931e+00
-5.751656889948740137e+00
-5.816558849651340957e+00
-5.816558849651340957e+00
-5.791989615258459345e+00
-5.794524976420002638e+00
-5.845152402805562808e+00
-6.036072885696473378e+00
-6.036072885696473378e+00
-6.036072885696473378e+00
-6.036072885696473378e+00
-5.986818253351016139e+00
-5.986818253351016139e+00
-5.965314047774150197e+00
-5.960091187737104335e+00
-5.870352963994006856e+00
-5.760241165540556096e+00
-5.760241165540556096e+00
-5.760241165540556096e+00
-5.813443898007879085e+00
-5.813443898007879085e+00
-5.813443898007879085e+00
-5.783734208241732233e+00
-5.755415932910559640e+00
-5.885452715679384994e+00
-5.885452715679384994e+00
-5.885452715679384994e+00
-5.885452715679384994e+00
-5.574535314121854768e+00
-5.574535314121854768e+00
-5.574535314121854768e+00
-5.566299653043251361e+00
-5.875496092811559379e+00
-5.777414796419401810e+00
-5.777414796419401810e+00
-5.756537860048358546e+00
-5.741327827178534626e+00
-5.734305785474710149e+00
-5.734305785474710149e+00
-5.734305785474710149e+00
-5.734305785474710149e+00
-5.734305785474710149e+00
-5.816424223858876807e+00
-5.756549733126053781e+00
-5.756549733126053781e+00
-5.750925371499532979e+00
-5.755352674257324885e+00
-5.755352674257324885e+00
-5.794077798545934854e+00
-5.794077798545934854e+00
-5.794077798545934854e+00
-5.789726448884494836e+00
-5.789726448884494836e+00
-5.789726448884494836e+00
-5.794170550462120595e+00
-5.794170550462120595e+00
-5.792291561319195203e+00
-5.792291561319195203e+00
-5.789979229854363751e+00
-5.787124102338531806e+00
-5.787124102338531806e+00
-5.787124102338531806e+00
-5.787124102338531806e+00
-5.787124102338531806e+00
-5.787124102338531806e+00
-5.790624097927650205e+00
-5.715868415884528986e+00
-5.715868415884528986e+00
-5.920699509554659734e+00
-5.920699509554659734e+00
-5.845684342044974002e+00
-5.845684342044974002e+00
-5.845684342044974002e+00
-5.845684342044974002e+00
-5.871316971137011009e+00
-5.871316971137011009e+00
-5.871316971137011009e+00
-5.764578283803697190e+00
-5.764578283803697190e+00
-5.622277628242441594e+00
-5.757374216961875568e+00
-5.810756482337552598e+00
-5.810756482337552598e+00
-5.810756482337552598e+00
-5.826423402628465809e+00
-5.796263570161849898e+00
-5.837423061588287609e+00
-5.529969980960840914e+00
-5.501726200749638807e+00
-5.501726200749638807e+00
-5.513382473437734355e+00
-5.515127246920611626e+00
-5.569955766434277145e+00
-5.468160628060764417e+00
-5.471088832787565082e+00
-5.471088832787565082e+00
-5.469096856480009983e+00
-5.758499708822439445e+00
-5.604358225839159324e+00
-5.604358225839159324e+00
-5.744815529193126658e+00
-5.779591927360475445e+00
-5.697986162939915999e+00
-5.777486683006866741e+00
-5.845939718381236716e+00
-5.794576053258380099e+00
-5.916334412371878848e+00
-5.792573345730150258e+00
-5.780328612800500920e+00
-5.822626769210116571e+00
-5.802256612414169901e+00
-5.713119575055650934e+00
-5.713119575055650934e+00
-5.641013504795885147e+00
-5.633723639965886321e+00
-5.707534956420325045e+00
-5.661665927698462220e+00
-5.661665927698462220e+00
-5.681943276238407670e+00
-5.681943276238407670e+00
-5.683807167154586892e+00
-5.683807167154586892e+00
-5.701006046455225018e+00
-5.747630928813593165e+00
-5.739997385739081359e+00
-5.474022244358671685e+00
-5.492350296995334169e+00
-5.489681911648846224e+00
-5.405164964098033487e+00
-5.349673318291165991e+00
-5.349673318291165991e+00
-5.364261948121971102e+00
-5.364261948121971102e+00
-5.364261948121971102e+00
-5.364261948121971102e+00
-5.421828999647465785e+00
-5.388917258093637308e+00
-5.402698781804193828e+00
-5.402698781804193828e+00
-5.506710344097294652e+00
-5.506710344097294652e+00
-5.506710344097294652e+00
-5.506710344097294652e+00
-5.506710344097294652e+00
-5.506710344097294652e+00
-5.506710344097294652e+00
-5.506710344097294652e+00
-5.523947005251850229e+00
-5.552316815582064358e+00
-5.552316815582064358e+00
-5.461839445523482439e+00
-5.499373138095940305e+00
-5.499373138095940305e+00
-5.514694428313651642e+00
-5.514694428313651642e+00
-5.514694428313651642e+00
-5.514694428313651642e+00
-5.520468166757381390e+00
-5.537175576082860040e+00
-5.537175576082860040e+00
-5.537175576082860040e+00
-5.537175576082860040e+00
-5.444061124885974046e+00
-5.402351444121638480e+00
-5.292404589910377766e+00
-5.292404589910377766e+00
-5.292404589910377766e+00
-5.314503962160152639e+00
-5.447577421966647293e+00
-5.447577421966647293e+00
-5.447577421966647293e+00
-5.447577421966647293e+00
-5.446169207100813203e+00
-5.413065969628211960e+00
-5.412598451686830181e+00
-5.439298501363052374e+00
-5.423651898317711328e+00
-5.423651898317711328e+00
-5.302583790719943124e+00
-5.389133793318434229e+00
-5.456132495998240017e+00
-5.452453886454090792e+00
-5.305668083140172797e+00
-5.305668083140172797e+00
-5.326906785043610704e+00
-5.326906785043610704e+00
-5.275517833416859759e+00
-5.275517833416859759e+00
-5.275517833416859759e+00
-5.315582604005226308e+00
-5.315582604005226308e+00
-5.315582604005226308e+00
-5.309237169710335102e+00
-5.309237169710335102e+00
-5.454296418273201219e+00
-5.454296418273201219e+00
-5.454296418273201219e+00
-5.399007099505254814e+00
-5.407671523023388716e+00
-5.408052105200929383e+00
-5.408052105200929383e+00
-5.408052105200929383e+00
-5.408052105200929383e+00
-5.142075837558172324e+00
-5.125567416942119259e+00
-5.125567416942119259e+00
-5.359528469394101435e+00
-5.371419922957291426e+00
-5.371419922957291426e+00
-5.268179177873125951e+00
-5.250673089275490035e+00
-5.275743993105874274e+00
-5.275743993105874274e+00
-5.208539396821607603e+00
-5.274958024136489065e+00
-5.274958024136489065e+00
-5.274958024136489065e+00
-5.274958024136489065e+00
-5.167077326472169219e+00
-5.167077326472169219e+00
-5.211452837664695359e+00
-5.264721252368577353e+00
-5.254339077289689186e+00
-5.254339077289689186e+00
-5.237717899536774802e+00
-5.207988192092716240e+00
-5.228924600262192968e+00
-5.228924600262192968e+00
-5.228924600262192968e+00
-5.361146982281058904e+00
-5.340321671331627051e+00
-5.340321671331627051e+00
-5.340321671331627051e+00
-5.428765749940688501e+00
-5.428765749940688501e+00
-5.388935213698183624e+00
-5.433024266814960868e+00
-5.480354790003511667e+00
-5.480354790003511667e+00
-5.480354790003511667e+00
-5.454219357620234021e+00
-5.454219357620234021e+00
-5.415214025099993833e+00
-5.415214025099993833e+00
-5.290196402291473809e+00
-5.286887661321813425e+00
-5.252488423950489427e+00
-5.331053918420850302e+00
-5.345334326134129732e+00
-5.327704675839386894e+00
-5.327704675839386894e+00
-5.317769076517589788e+00
-5.317769076517589788e+00
-5.301316755211843201e+00
-5.301316755211843201e+00
-5.281027637004813258e+00
-5.223214620601432046e+00
-5.156816765859812079e+00
-5.322324131913431344e+00
-5.276644560031376940e+00
-5.276644560031376940e+00
-5.236975058111443815e+00
-5.236975058111443815e+00
-5.236975058111443815e+00
-5.236975058111443815e+00
-5.236975058111443815e+00
-5.236975058111443815e+00
-5.236975058111443815e+00
-5.391135514638746962e+00
-5.326553619294169373e+00
-5.268099214305665079e+00
-5.268099214305665079e+00
-5.271001528170619288e+00
-5.304761431057340104e+00
-5.304761431057340104e+00
-5.291814570856595346e+00
-5.264635741325639273e+00
-5.264635741325639273e+00
-5.290249581802779488e+00
-5.290249581802779488e+00
-5.535589430804451538e+00
-5.491983132027363546e+00
-5.515198090606570958e+00
-5.515198090606570958e+00
-5.515198090606570958e+00
-5.489005830126366448e+00
-5.489005830126366448e+00
-5.537560873168315467e+00
-5.489076988752365160e+00
-5.305011172461775004e+00
-5.363961663870851382e+00
-5.363961663870851382e+00
-5.363961663870851382e+00
-5.363961663870851382e+00
-5.411347502038251100e+00
-5.383874823729146719e+00
-5.385517795444708433e+00
-5.370276469917022233e+00
-5.370276469917022233e+00
-5.431178774213772265e+00
-5.354979932276246579e+00
-5.337363887445419230e+00
-5.337363887445419230e+00
-5.337363887445419230e+00
-5.345296931913516403e+00
-5.348365268088562274e+00
-5.348365268088562274e+00
-5.348365268088562274e+00
-5.348365268088562274e+00
-5.352283578394111174e+00
-5.352283578394111174e+00
-5.352283578394111174e+00
-5.412971963963741473e+00
-5.412971963963741473e+00
-5.450454073182041448e+00
-5.492720743032666775e+00
-5.481663949142220105e+00
-5.499696389118720496e+00
-5.499696389118720496e+00
-5.499696389118720496e+00
-5.503566339423924703e+00
-5.503566339423924703e+00
-5.503566339423924703e+00
-5.406475873470343529e+00
-5.406979190839244609e+00
-5.426751771410167180e+00
-5.351957282968332841e+00
-5.319425391865718389e+00
-5.317089662121515126e+00
-5.340528142441888448e+00
-5.271839043867938557e+00
-5.411672100315956691e+00
-5.346018955918781401e+00
-5.346018955918781401e+00
-5.346018955918781401e+00
-5.394912709350775160e+00
-5.394912709350775160e+00
-5.380389790129392225e+00
-5.380389790129392225e+00
-5.379146908277922634e+00
-5.414009827765383420e+00
-5.414009827765383420e+00
-5.414682946714528988e+00
-5.357862558374739237e+00
-5.357862558374739237e+00
-5.356152940736381929e+00
-5.199619346897117467e+00
-5.199619346897117467e+00
-5.261869917476987624e+00
-5.261869917476987624e+00
-5.221346003839072658e+00
-5.221346003839072658e+00
-5.221346003839072658e+00
-5.237052090546638894e+00
-5.237052090546638894e+00
-5.221021111856759767e+00
-5.235391912746491627e+00
-5.272986529102770881e+00
-5.272986529102770881e+00
-5.272986529102770881e+00
-5.317122682003117440e+00
-5.327458872594903916e+00
-5.372862398138058104e+00
-5.363839068459280490e+00
-5.370430630951975814e+00
-5.399920307583824908e+00
-5.399920307583824908e+00
-5.365794697786549605e+00
-5.365794697786549605e+00
-5.342607188465720469e+00
-5.232782252259279510e+00
-5.269743828360411442e+00
-5.027150316746622494e+00
-5.027150316746622494e+00
-5.027150316746622494e+00
-5.027150316746622494e+00
-4.968190002166088526e+00
-5.082650606020351347e+00
-5.082650606020351347e+00
-5.079059359933513207e+00
-5.288923597788317998e+00
-5.288923597788317998e+00
-5.288923597788317998e+00
-5.263588644461147936e+00
-5.263588644461147936e+00
-5.263588644461147936e+00
-5.263588644461147936e+00
-5.263588644461147936e+00
-5.260594765373771686e+00
-5.251607213799341700e+00
-5.296868555879714613e+00
-5.279744232036860829e+00
-5.279744232036860829e+00
-5.301343771983849429e+00
-5.143442332716733567e+00
-5.314505650722447072e+00
-5.161720170613831371e+00
-5.155991639635596258e+00
-5.212068224420467466e+00
-5.212068224420467466e+00
-5.216401071843762338e+00
-5.235186720917583969e+00
-5.265986128251753051e+00
-5.212018339687945812e+00
-5.214929661028939734e+00
-5.214929661028939734e+00
-5.239385755375861820e+00
-5.239385755375861820e+00
-5.239385755375861820e+00
-5.220131657438945361e+00
-5.219931070348480695e+00
-5.219931070348480695e+00
-5.219931070348480695e+00
-5.256087069704562964e+00
-5.270601457846892934e+00
-5.270601457846892934e+00
-5.270601457846892934e+00
-5.258462926366908263e+00
-5.306191200421331189e+00
-5.304514026245257696e+00
-5.304514026245257696e+00
-5.126063442460631947e+00
-5.217657093858940165e+00
-5.217657093858940165e+00
-5.317231646630473207e+00
-5.317231646630473207e+00
-5.317231646630473207e+00
-5.277210575258851399e+00
-5.283426902935119962e+00
-5.054926974689878172e+00
-5.054926974689878172e+00
-5.054926974689878172e+00
-5.054926974689878172e+00
-5.054926974689878172e+00
-5.053474211138292205e+00
-5.053474211138292205e+00
-5.006596788927058839e+00
-5.006596788927058839e+00
-5.006596788927058839e+00
-5.170767024422135094e+00
-5.170767024422135094e+00
-5.167469219841456685e+00
-5.167469219841456685e+00
-5.218053591871176344e+00
-5.218053591871176344e+00
-5.218053591871176344e+00
-5.202565017683724591e+00
-5.202565017683724591e+00
-5.202565017683724591e+00
-5.202565017683724591e+00
-5.202565017683724591e+00
-5.374365331169236093e+00
-5.374365331169236093e+00
-5.397942752934547173e+00
-5.426459835326673087e+00
-5.426459835326673087e+00
-5.361052061692086035e+00
-5.361052061692086035e+00
-5.361052061692086035e+00
-5.354583270426106267e+00
-5.381196338908424970e+00
-5.381196338908424970e+00
-5.381196338908424970e+00
-5.390603424086462425e+00
-5.396409728395693328e+00
-5.396409728395693328e+00
-5.383837339471698513e+00
-5.383837339471698513e+00
-5.426518492038570507e+00
-5.426518492038570507e+00
-5.426518492038570507e+00
-5.411451355234667027e+00
-5.411451355234667027e+00
-5.432567166353407195e+00
-5.263350606191280256e+00
-5.263350606191280256e+00
-5.263350606191280256e+00
-5.288613597639137076e+00
-5.313598601620409312e+00
-5.287256911354440092e+00
-5.287256911354440092e+00
-5.287256911354440092e+00
-5.307753596050774902e+00
-5.353643022391304740e+00
-5.273803049651924368e+00
-5.416806724573082654e+00
-5.416806724573082654e+00
-5.416806724573082654e+00
-5.416806724573082654e+00
-5.404876271503685992e+00
-5.404876271503685992e+00
-5.404876271503685992e+00
-5.470317872780290358e+00
-5.460302743983692864e+00
-5.460302743983692864e+00
-5.533941078028661309e+00
-5.448897666782630544e+00
-5.448897666782630544e+00
-5.448897666782630544e+00
-5.566750676473071202e+00
-5.561879612354114322e+00
-5.561879612354114322e+00
-5.581547311475554274e+00
-5.588032904834927983e+00
-5.588032904834927983e+00
-5.576844337902493898e+00
-5.463420132098877779e+00
-5.210331406394187681e+00
-5.240219459108939937e+00
-5.259352472082663432e+00
-5.287958831313406272e+00
-5.290602898750002225e+00
-5.290602898750002225e+00
-5.290602898750002225e+00
-5.433769968197459832e+00
-5.433769968197459832e+00
-5.433769968197459832e+00
-5.433769968197459832e+00
-5.528341724644890931e+00
-5.493634791572623577e+00
-5.484997768231404613e+00
-5.471206850717321046e+00
-5.668456181211281475e+00
-5.668456181211281475e+00
-5.542691269666571330e+00
-5.560243337464060076e+00
-5.787871885921603621e+00
-5.787871885921603621e+00
-5.957624189917009261e+00
-5.740806913831267622e+00
-5.740806913831267622e+00
-5.740806913831267622e+00
-5.740806913831267622e+00
-5.740806913831267622e+00
-5.740806913831267622e+00
-5.768154907099718010e+00
-5.768154907099718010e+00
-5.874549982964794026e+00
-5.876461595563634788e+00
-5.836777482476192880e+00
-5.836777482476192880e+00
-5.836777482476192880e+00
-5.836777482476192880e+00
-5.841544940258051710e+00
-5.898720486430575782e+00
-5.847211479078171514e+00
-5.728046663575502961e+00
-5.728046663575502961e+00
-5.413217281180521923e+00
-5.413537408878803525e+00
-5.454932326102475137e+00
-5.507901730787835071e+00
-5.507901730787835071e+00
-5.507901730787835071e+00
-5.593970667250085960e+00
-5.524264898823655123e+00
-5.524264898823655123e+00
-5.499642399218362065e+00
-5.379149195632420444e+00
-5.354261012000838704e+00
-5.314183643394517098e+00
-5.314183643394517098e+00
-5.224595974631981221e+00
-5.224595974631981221e+00
-5.226500771415424573e+00
-5.227574819525008465e+00
-5.227574819525008465e+00
-5.227574819525008465e+00
-5.162883392482710221e+00
-5.300776645357363925e+00
-5.352252512894724035e+00
-5.296628236425411806e+00
-5.431331544119060162e+00
-5.246647289469131614e+00
-5.288856163548991240e+00
-5.396142374688190912e+00
-5.491104752037273329e+00
-5.476728673469778208e+00
-5.489619425944266773e+00
-5.501303889909927136e+00
-5.520857375101821951e+00
-5.355304712257402677e+00
-5.440443650459986458e+00
-5.515689608619209316e+00
-5.320062597612362332e+00
-5.322557980367288444e+00
-5.323622537658581066e+00
-5.323622537658581066e+00
-5.369834549087376452e+00
-5.438425262843964880e+00
-5.438425262843964880e+00
-5.438425262843964880e+00
-5.432900157508216310e+00
-5.358637443346959017e+00
-5.314537439120880613e+00
-5.168163463921509937e+00
-5.258650318066531604e+00
-5.256296642992199786e+00
-5.200988749181469473e+00
-5.200988749181469473e+00
-5.264686345834368453e+00
-5.264686345834368453e+00
-5.490219520167721079e+00
-5.490219520167721079e+00
-5.490944101451415094e+00
-5.488177047305237366e+00
-5.546786892594369967e+00
-5.546786892594369967e+00
-5.546786892594369967e+00
-5.546786892594369967e+00
-5.547603891870929615e+00
-5.452074416307527649e+00
-5.451973378517525504e+00
-5.429264150796274890e+00
-5.428967314626758522e+00
-5.389451927943210485e+00
-5.314462080536576316e+00
-5.314462080536576316e+00
-5.291855862357039086e+00
-5.414721939840961618e+00
-5.414721939840961618e+00
-5.307473134243823942e+00
-5.434274808511217358e+00
-5.292847448344300432e+00
-5.292847448344300432e+00
-5.345976761790774745e+00
-5.345976761790774745e+00
-5.327411441698355787e+00
-5.327411441698355787e+00
-5.327411441698355787e+00
-5.327411441698355787e+00
-5.327411441698355787e+00
-5.358665733645057827e+00
-5.364060064807033790e+00
-5.423689946570549480e+00
-5.423689946570549480e+00
-5.423689946570549480e+00
-5.423689946570549480e+00
-5.409191071444956478e+00
-5.397562523074815211e+00
-5.397562523074815211e+00
-5.397562523074815211e+00
-5.397562523074815211e+00
-5.209503480509844131e+00
-5.295090337732001551e+00
-5.295090337732001551e+00
-5.295090337732001551e+00
-5.496041787694471381e+00
-5.472252007018881592e+00
-5.471153235024744710e+00
-5.471153235024744710e+00
-5.527087615293791778e+00
-5.527087615293791778e+00
-5.527087615293791778e+00
-5.376766757749964043e+00
-5.347317401170566420e+00
-5.347317401170566420e+00
-5.347317401170566420e+00
-5.347317401170566420e+00
-5.379448789369450701e+00
-5.693181900392154660e+00
-5.693181900392154660e+00
-5.431133938257815430e+00
-5.429452998434718403e+00
-5.471042545443473237e+00
-5.466611948487994255e+00
-5.466611948487994255e+00
-5.432334790894040033e+00
-5.432334790894040033e+00
-5.399534027517625567e+00
-5.399534027517625567e+00
-5.399534027517625567e+00
-5.399534027517625567e+00
-5.270889042310115791e+00
-5.252211336702595545e+00
-5.252211336702595545e+00
-5.605941978760634825e+00
-5.605941978760634825e+00
-5.605941978760634825e+00
-5.560891328941425904e+00
-5.562912585318549930e+00
-5.568646017757703959e+00
-5.567855626175512107e+00
-5.541892201029133602e+00
-5.535619391516688914e+00
-5.535619391516688914e+00
-5.548541222293676078e+00
-5.548541222293676078e+00
-5.511325959276588193e+00
-5.511325959276588193e+00
-5.477052611192046783e+00
-5.477052611192046783e+00
-5.364385394589267442e+00
-5.364385394589267442e+00
-5.364385394589267442e+00
-5.386631592425460191e+00
-5.428654262873574332e+00
-5.428654262873574332e+00
-5.389828544978494840e+00
-5.389828544978494840e+00
-5.387665434642840978e+00
-5.481093450875283324e+00
-5.481093450875283324e+00
-5.452152859445022592e+00
-5.452152859445022592e+00
-5.520050566322967533e+00
-5.520050566322967533e+00
-5.461494550834273376e+00
-5.491502650085394954e+00
-5.491502650085394954e+00
-5.458439822186755386e+00
-5.590408389471745565e+00
-5.590408389471745565e+00
-5.590408389471745565e+00
-5.590408389471745565e+00
-5.590408389471745565e+00
-5.590408389471745565e+00
-5.590408389471745565e+00
-5.622740116150152900e+00
-5.622740116150152900e+00
-5.622740116150152900e+00
-5.622740116150152900e+00
-5.606786300434667858e+00
-5.606786300434667858e+00
-5.677074259107914855e+00
-5.608541935289689029e+00
-5.608541935289689029e+00
-5.608541935289689029e+00
-5.656477331841649026e+00
-5.645100491353455041e+00
-5.497415800719259948e+00
-5.525169531856442440e+00
-5.525169531856442440e+00
-5.525620077963923293e+00
-5.518605373120483826e+00
-5.549639038991481144e+00
-5.549639038991481144e+00
-5.308410118631417873e+00
-5.358013762609489028e+00
-5.358013762609489028e+00
-5.441632283942923642e+00
-5.570619042175570357e+00
-5.572313197466741030e+00
-5.572313197466741030e+00
-5.527649610351029530e+00
-5.538432999724547834e+00
-5.546484215338070456e+00
-5.546484215338070456e+00
-5.548127172762725934e+00
-5.548127172762725934e+00
-5.548127172762725934e+00
-5.548127172762725934e+00
-5.523656291835216336e+00
-5.523656291835216336e+00
-5.523656291835216336e+00
-5.503306974113475469e+00
-5.474614542225838321e+00
-5.490143458554069156e+00
-5.490143458554069156e+00
-5.490143458554069156e+00
-5.518372439349129799e+00
-5.564814645721570585e+00
-5.541537053240236155e+00
-5.490335664557580486e+00
-5.490335664557580486e+00
-5.518045057805436748e+00
-5.536281932196861710e+00
-5.341538448318758903e+00
-5.341538448318758903e+00
-5.351509415207170939e+00
-5.305164777413362565e+00
-5.308720716268584994e+00
-5.308720716268584994e+00
-5.308720716268584994e+00
-5.393879458731769105e+00
-5.510309660542899834e+00
-5.510309660542899834e+00
-5.510309660542899834e+00
-5.442376404622502939e+00
-5.442376404622502939e+00
-5.442376404622502939e+00
-5.442376404622502939e+00
-5.442376404622502939e+00
-5.425810708525590442e+00
-5.378854411197471208e+00
-5.378854411197471208e+00
-5.394449510916491164e+00
-5.382925976090223052e+00
-5.388342626875332719e+00
-5.388342626875332719e+00
-5.397631296159118186e+00
-5.397631296159118186e+00
-5.397631296159118186e+00
-5.412395095002488610e+00
-5.384097022854312797e+00
-5.363384838257220011e+00
-5.387576244733867981e+00
-5.320308839035355675e+00
-5.367594598844197762e+00
-5.362828082279874842e+00
-5.362828082279874842e+00
-5.357591080015759566e+00
-5.334176831438383282e+00
-5.458170218480259628e+00
-5.420256387731610559e+00
-5.711849023118883650e+00
-5.545903364374640709e+00
-5.539586957647308907e+00
-5.563061862348319231e+00
-5.563061862348319231e+00
-5.589164221377522779e+00
-5.589164221377522779e+00
-5.589164221377522779e+00
-5.517780292285141996e+00
-5.474684549677509615e+00
-5.561924778180191709e+00
-5.561924778180191709e+00
-5.423431683186008989e+00
-5.513454581731397575e+00
-5.574300633242732950e+00
-5.550118363530981647e+00
-5.491719899228269419e+00
-5.542390223210245104e+00
-5.542390223210245104e+00
-5.542390223210245104e+00
-5.542390223210245104e+00
-5.463217345014830251e+00
-5.494991989637811436e+00
-5.535160187047631020e+00
-5.510322557769645080e+00
-5.510322557769645080e+00
-5.510322557769645080e+00
-5.511559806509712445e+00
-5.505249906392742254e+00
-5.657189370618777247e+00
-5.657189370618777247e+00
-5.657189370618777247e+00
-5.657189370618777247e+00
-5.704908181396828759e+00
-5.638359358145460298e+00
-5.638359358145460298e+00
-5.638359358145460298e+00
-5.638359358145460298e+00
-5.638359358145460298e+00
-5.610205623122112684e+00
-5.635308543679061088e+00
-5.651918261158098034e+00
-5.651918261158098034e+00
-5.655324258409832439e+00
-5.347526574034014324e+00
-5.347526574034014324e+00
-5.347526574034014324e+00
-5.567769311356834727e+00
-5.505395326669145106e+00
-5.505395326669145106e+00
-5.505395326669145106e+00
-5.510910890588582411e+00
-5.425390053516259137e+00
-5.510785774929706449e+00
-5.510785774929706449e+00
-5.580638378223050644e+00
-5.580638378223050644e+00
-5.580638378223050644e+00
-5.582718309908250909e+00
-5.582718309908250909e+00
-5.611484655677387856e+00
-5.648496919012554685e+00
-5.648496919012554685e+00
-5.648496919012554685e+00
-5.648496919012554685e+00
-5.542222776632797832e+00
-5.542222776632797832e+00
-5.542222776632797832e+00
-5.542222776632797832e+00
-5.542222776632797832e+00
-5.545651785471855000e+00
-5.610246442284016588e+00
-5.592501019643442817e+00
-5.517350992859476833e+00
-5.416640246361644984e+00
-5.474791383394590483e+00
-5.455656766740047736e+00
-5.453359399950363340e+00
-5.453359399950363340e+00
-5.457469562243208117e+00
-5.457469562243208117e+00
-5.457469562243208117e+00
-5.457469562243208117e+00
-5.457469562243208117e+00
-5.513828182157756608e+00
-5.513828182157756608e+00
-5.472633801383501861e+00
-5.472633801383501861e+00
-5.472633801383501861e+00
-5.443779123347272986e+00
-5.566344838177866627e+00
-5.556657047133512606e+00
-5.556657047133512606e+00
-5.546047353082611764e+00
-5.525459682593987232e+00
-5.525459682593987232e+00
-5.629698862760334599e+00
-5.629698862760334599e+00
-5.629698862760334599e+00
-5.564815589800357287e+00
-5.564815589800357287e+00
-5.564815589800357287e+00
-5.564815589800357287e+00
-5.564815589800357287e+00
-5.537849482873698825e+00
-5.537849482873698825e+00
-5.537849482873698825e+00
-5.537849482873698825e+00
-5.537849482873698825e+00
-5.499485209267544583e+00
-5.555776331098686960e+00
-5.550451704838201827e+00
-5.550451704838201827e+00
-5.550451704838201827e+00
-5.447808986896938599e+00
-5.533216598419821608e+00
-5.533216598419821608e+00
-5.511645070351693931e+00
-5.339894923827505302e+00
-5.339894923827505302e+00
-5.335657655758988760e+00
-5.335657655758988760e+00
-5.335657655758988760e+00
-5.322429281876617679e+00
-5.322429281876617679e+00
-5.322429281876617679e+00
-5.636901031899610892e+00
-5.642047434961773966e+00
-5.642047434961773966e+00
-5.642047434961773966e+00
-5.655936166037811574e+00
-5.617846463101530574e+00
-5.602273615194826917e+00
-5.602273615194826917e+00
-5.596000560506160681e+00
-5.621872601148955262e+00
-5.614060062996229838e+00
-5.516154373558652679e+00
-5.516154373558652679e+00
-5.516154373558652679e+00
-5.516154373558652679e+00
-5.516154373558652679e+00
-5.557755213461565091e+00
-5.557755213461565091e+00
-5.511590002762572382e+00
-5.494560316402421485e+00
-5.578621029111149099e+00
-5.578621029111149099e+00
-5.578621029111149099e+00
-5.578621029111149099e+00
-5.632529631463494724e+00
-5.493972742902401230e+00
-5.493972742902401230e+00
-5.493972742902401230e+00
-5.529923432316080856e+00
-5.529923432316080856e+00
-5.529923432316080856e+00
-5.507658284271801818e+00
-5.524283107184866815e+00
-5.524283107184866815e+00
-5.547275240313203071e+00
-5.547275240313203071e+00
-5.472193347795792029e+00
-5.472102981268188948e+00
-5.458010546736777435e+00
-5.434682534013369093e+00
-5.434682534013369093e+00
-5.434682534013369093e+00
-5.533744731067014477e+00
-5.533744731067014477e+00
-5.473587436649750337e+00
-5.438815166354687314e+00
-5.453964547947329322e+00
-5.456485896860099771e+00
-5.456485896860099771e+00
-5.463467731894997570e+00
-5.406997019740531485e+00
-5.460961599507112574e+00
-5.423705774617242348e+00
-5.439324252704000884e+00
-5.439324252704000884e+00
-5.521177082261455205e+00
-5.518563034032982095e+00
-5.518563034032982095e+00
-5.546476285672199857e+00
-5.553186136164844910e+00
-5.560565754222817958e+00
-5.551980925253879207e+00
-5.445480291472800438e+00
-5.445480291472800438e+00
-5.453938404166339460e+00
-5.407134141084421586e+00
-5.410198681834209822e+00
-5.410198681834209822e+00
-5.355368677380716314e+00
-5.398707309212520400e+00
-5.398707309212520400e+00
-5.398707309212520400e+00
-5.398707309212520400e+00
-5.398707309212520400e+00
-5.538881294644980358e+00
-5.598824314665757029e+00
-5.550372452274955570e+00
-5.550372452274955570e+00
-5.550372452274955570e+00
-5.550135213580063009e+00
-5.550135213580063009e+00
-5.550135213580063009e+00
-5.409114258504439832e+00
-5.409114258504439832e+00
-5.392713310858523457e+00
-5.392713310858523457e+00
-5.392713310858523457e+00
-5.541745044567510270e+00
-5.521189683435765438e+00
-5.520865329870348504e+00
-5.520865329870348504e+00
-5.531224903145540495e+00
-5.531224903145540495e+00
-5.497862348453600667e+00
-5.470184248003017835e+00
-5.344433198265212681e+00
-5.298461728775651025e+00
-5.297857014434375067e+00
-5.297857014434375067e+00
-5.300755445361612139e+00
-5.300755445361612139e+00
-5.490745973357899601e+00
-5.490745973357899601e+00
-5.526095891423630668e+00
-5.526095891423630668e+00
-5.497707543552927234e+00
-5.510981777732832931e+00
-5.510981777732832931e+00
-5.520049659560676503e+00
-5.387351584292711770e+00
-5.416331030701177163e+00
-5.416331030701177163e+00
-5.410318518078486960e+00
-5.309364327364887615e+00
-5.522166080009001554e+00
-5.530120699516264615e+00
-5.511667284522495436e+00
-5.513964243257706954e+00
-5.565196792093535016e+00
-5.565196792093535016e+00
-5.573242741320029836e+00
-5.585080624032201513e+00
-5.585080624032201513e+00
-5.592076954683009582e+00
-5.592076954683009582e+00
-5.348554087209214103e+00
-5.373659323384311293e+00
-5.373659323384311293e+00
-5.440330043292382456e+00
-5.440330043292382456e+00
-5.440330043292382456e+00
-5.370548165509146266e+00
-5.513523646772442000e+00
-5.514567450407557025e+00
-5.514567450407557025e+00
-5.514567450407557025e+00
-5.485775895867592844e+00
-5.485775895867592844e+00
-5.485775895867592844e+00
-5.496042944555567189e+00
-5.484431321139021875e+00
-5.484431321139021875e+00
-5.565484106834132305e+00
-5.579090721580187484e+00
-5.466222943839228243e+00
-5.466222943839228243e+00
-5.455235743963593009e+00
-5.583425876787452502e+00
-5.601546586203696165e+00
-5.601546586203696165e+00
-5.618249114723401050e+00
-5.552911127041901374e+00
-5.552911127041901374e+00
-5.538769734992486704e+00
-5.538769734992486704e+00
-5.538769734992486704e+00
-5.623949887246489254e+00
-5.623949887246489254e+00
-5.623949887246489254e+00
-5.623949887246489254e+00
-5.610792375431542744e+00
-5.559708779981616722e+00
-5.518314449437194291e+00
-5.517077577744586847e+00
-5.508273816619325025e+00
-5.532259104942115258e+00
-5.532259104942115258e+00
-5.486674536490734333e+00
-5.653167491269827316e+00
-5.653167491269827316e+00
-5.653167491269827316e+00
-5.653167491269827316e+00
-5.643660847687224091e+00
-5.596690411328321346e+00
-5.486688351182015921e+00
-5.486688351182015921e+00
-5.495817453119401286e+00
-5.495817453119401286e+00
-5.548821504858842069e+00
-5.574433294808841310e+00
-5.558258762175206869e+00
-5.558258762175206869e+00
-5.558258762175206869e+00
-5.558258762175206869e+00
-5.558258762175206869e+00
-5.442587793030138954e+00
-5.442587793030138954e+00
-5.442587793030138954e+00
-5.442587793030138954e+00
-5.487988258575763112e+00
-5.489864665629771601e+00
-5.489864665629771601e+00
-5.489864665629771601e+00
-5.489864665629771601e+00
-5.489864665629771601e+00
-5.517030574683477795e+00
-5.434155677910525561e+00
-5.500735549916670131e+00
-5.595014782379577056e+00
-5.611347426357963464e+00
-5.621140549391351549e+00
-5.626362654509031280e+00
-5.605787274681198973e+00
-5.603427633736989044e+00
-5.603427633736989044e+00
-5.654989297290636152e+00
-5.654989297290636152e+00
-5.676738435883577516e+00
-5.676738435883577516e+00
-5.643689198793331308e+00
-5.704038125007579119e+00
-5.592786802541119151e+00
-5.592786802541119151e+00
-5.596072240295167255e+00
-5.591233332522333122e+00
-5.649328909081543948e+00
-5.649328909081543948e+00
-5.649328909081543948e+00
-5.634843128115238464e+00
-5.634843128115238464e+00
-5.624417222073256006e+00
-5.621432532847467911e+00
-5.671757896675645227e+00
-5.671757896675645227e+00
-5.671757896675645227e+00
-5.671757896675645227e+00
-5.671757896675645227e+00
-5.619897169322742414e+00
-5.619897169322742414e+00
-5.619897169322742414e+00
-5.629499121100900894e+00
-5.629499121100900894e+00
-5.384771201048425660e+00
-5.384771201048425660e+00
-5.349139448306917899e+00
-5.349139448306917899e+00
-5.360800011253054720e+00
-5.373979923597201669e+00
-5.386955327284963957e+00
-5.375854363460890184e+00
-5.470598562862321934e+00
-5.470598562862321934e+00
-5.470598562862321934e+00
-5.444376763823508547e+00
-5.449737475464070613e+00
-5.444170139333632363e+00
-5.444170139333632363e+00
-5.434447509068291104e+00
-5.434447509068291104e+00
-5.449951422897539643e+00
-5.449951422897539643e+00
-5.449951422897539643e+00
-5.449951422897539643e+00
-5.625109416537323881e+00
-5.625109416537323881e+00
-5.625109416537323881e+00
-5.625109416537323881e+00
-5.597005525192758846e+00
-5.611119293230555805e+00
-5.704177807485358187e+00
-5.638553704347077478e+00
-5.575592692873009071e+00
-5.562258948288300253e+00
-5.544604165786971350e+00
-5.548115090101982894e+00
-5.569264658835130000e+00
-5.564460309454275055e+00
-5.542796046253970488e+00
-5.692182411782160223e+00
-5.692182411782160223e+00
-5.721392627345350590e+00
-5.549832138994575281e+00
-5.625725333513766913e+00
-5.635935754090233729e+00
-5.655188721456918977e+00
-5.650128241317823097e+00
-5.659809988370668066e+00
-5.723069716549159303e+00
-5.261956340033799862e+00
-5.261956340033799862e+00
-5.309450811516105873e+00
-5.332316794639803348e+00
-5.323873154718851808e+00
-5.335936847443005782e+00
-5.390339614833997040e+00
-5.369373676614517699e+00
-5.406126857499325311e+00
-5.407403304211862327e+00
-5.418769124707417006e+00
-5.425861381698368291e+00
-5.425861381698368291e+00
-5.457028607940024756e+00
-5.440857767680522983e+00
-5.464724760631884060e+00
-5.464724760631884060e+00
-5.608526521857863933e+00
-5.514698836359376521e+00
-5.614542179872144878e+00
-5.544796960508835859e+00
-5.544796960508835859e+00
-5.609604932016662993e+00
-5.544670760944065080e+00
-5.577179063199312559e+00
-5.532454128506956614e+00
-5.531838878666839321e+00
-5.575963351936714218e+00
-5.575963351936714218e+00
-5.624577828276954961e+00
-5.661487403611077163e+00
-5.519439391013329477e+00
-5.519439391013329477e+00
-5.519439391013329477e+00
-5.590284906978065571e+00
-5.590284906978065571e+00
-5.590284906978065571e+00
-5.422849599381302177e+00
-5.528420774706182428e+00
-5.528886035464821269e+00
-5.528886035464821269e+00
-5.528886035464821269e+00
-5.528886035464821269e+00
-5.530814448547568318e+00
-5.523845721636662986e+00
-5.554810519938758517e+00
-5.510035457556141658e+00
-5.510035457556141658e+00
-5.510035457556141658e+00
-5.510035457556141658e+00
-5.508636672730221839e+00
-5.508636672730221839e+00
-5.559112648121841360e+00
-5.512956963947977407e+00
-5.512956963947977407e+00
-5.486168561541861166e+00
-5.522292395595527204e+00
-5.553518978737238321e+00
-5.553518978737238321e+00
-5.502045489804536338e+00
-5.473907049370819955e+00
-5.469497208362985141e+00
-5.499536478934970773e+00
-5.530008418778584733e+00
-5.530008418778584733e+00
-5.617276303154438821e+00
-5.617276303154438821e+00
-5.617276303154438821e+00
-5.617276303154438821e+00
-5.620924770360075762e+00
-5.567269266110491444e+00
-5.567269266110491444e+00
-5.569991302173052716e+00
-5.607433740551923229e+00
-5.586308984789293497e+00
-5.453212176041478010e+00
-5.453212176041478010e+00
-5.442432573513828586e+00
-5.462304847409003017e+00
-5.462304847409003017e+00
-5.462304847409003017e+00
-5.462304847409003017e+00
-5.428892787217629134e+00
-5.428892787217629134e+00
-5.417250726521428028e+00
-5.433781087130887144e+00
-5.433781087130887144e+00
-5.433781087130887144e+00
-5.439535991810291904e+00
-5.439535991810291904e+00
-5.439535991810291904e+00
-5.407002236197634204e+00
-5.407002236197634204e+00
-5.417398014038891318e+00
-5.453868909726388381e+00
-5.441340398646973497e+00
-5.430934060798971785e+00
-5.637391089647835862e+00
-5.519384967409809661e+00
-5.519384967409809661e+00
-5.519384967409809661e+00
-5.499394315902359054e+00
-5.509294382545371960e+00
-5.481513418799465853e+00
-5.481513418799465853e+00
-5.600159617128849021e+00
-5.607361213787934062e+00
-5.607361213787934062e+00
-5.589973072408221277e+00
-5.600099805372194872e+00
-5.600099805372194872e+00
-5.600099805372194872e+00
-5.600099805372194872e+00
-5.403336746161318871e+00
-5.403336746161318871e+00
-5.403336746161318871e+00
-5.403336746161318871e+00
-5.403336746161318871e+00
-5.403336746161318871e+00
-5.404922979334602751e+00
-5.402349246315213627e+00
-5.505185705247406247e+00
-5.505185705247406247e+00
-5.462966294279439694e+00
-5.462966294279439694e+00
-5.462966294279439694e+00
-5.462966294279439694e+00
-5.648951120335324205e+00
-5.493418611520130668e+00
-5.637832619180843885e+00
-5.658723404612902463e+00
-5.308369587632991049e+00
-5.318032993060891833e+00
-5.318032993060891833e+00
-5.298836893589676578e+00
-5.298836893589676578e+00
-5.237500080969359040e+00
-5.244903070128990485e+00
-5.364333077197286137e+00
-5.412593113781556831e+00
-5.275291765258502963e+00
-5.275291765258502963e+00
-5.275291765258502963e+00
-5.275291765258502963e+00
-5.271936894440460541e+00
-5.271936894440460541e+00
-5.271936894440460541e+00
-5.648244593259122759e+00
-5.659269239268229335e+00
-5.655313403927588745e+00
-5.655313403927588745e+00
-5.544591340355538023e+00
-5.544591340355538023e+00
-5.544591340355538023e+00
-5.544591340355538023e+00
-5.544591340355538023e+00
-5.522279955163426735e+00
-5.522279955163426735e+00
-5.492963769459477952e+00
-5.481953563325683731e+00
-5.555890088260397874e+00
-5.507139000736924750e+00
-5.507139000736924750e+00
-5.508034178912142309e+00
-5.477380384238053956e+00
-5.477380384238053956e+00
-5.456054384282838399e+00
-5.456054384282838399e+00
-5.506025017965471946e+00
-5.531903746772679042e+00
-5.531903746772679042e+00
-5.471768934556536124e+00
-5.445587960052241883e+00
-5.452120975678926840e+00
-5.452120975678926840e+00
-5.371923717583226399e+00
-5.518822548286644647e+00
-5.571290348439442042e+00
-5.567615757606493965e+00
-5.543396852365206406e+00
-5.487139582433024465e+00
-5.500201441685798720e+00
-5.500201441685798720e+00
-5.491137267580053383e+00
-5.491137267580053383e+00
-5.550769045195089291e+00
-5.550769045195089291e+00
-5.612117125891385783e+00
-5.498622132338552682e+00
-5.635509922851359654e+00
-5.632730782898838662e+00
-5.558148343000847369e+00
-5.576237853176068349e+00
-5.639829128231620636e+00
-5.639829128231620636e+00
-5.704750035805421504e+00
-5.704750035805421504e+00
-5.672486296212650991e+00
-5.672486296212650991e+00
-5.688002430305641788e+00
-5.688002430305641788e+00
-5.685439190958923028e+00
-5.638041117690240078e+00
-5.626317268098203428e+00
-5.626317268098203428e+00
-5.643186328573205124e+00
-5.636003444608153501e+00
-5.636003444608153501e+00
-5.636003444608153501e+00
-5.242539561737549647e+00
-5.266170994411475625e+00
-5.539253431210197753e+00
-5.097627321617731688e+00
-5.109418180981450952e+00
-5.609522905228078393e+00
-5.609522905228078393e+00
-5.592205921422249482e+00
-5.592205921422249482e+00
-5.515754393330705163e+00
-5.351391862658551268e+00
-5.351391862658551268e+00
-5.351391862658551268e+00
-5.509294612062428875e+00
-5.436912836986079967e+00
-5.501907400813459859e+00
-5.507209482544172197e+00
-5.507209482544172197e+00
-5.545835313434269942e+00
-5.603728828722125854e+00
-5.603728828722125854e+00
-5.603728828722125854e+00
-5.577736526778667603e+00
-5.491900446481485787e+00
-5.492331046088003710e+00
-5.499601684161950388e+00
-5.413867337023603454e+00
-5.449384341536647192e+00
-5.409858673033289378e+00
-5.479491089985073060e+00
-5.479491089985073060e+00
-5.458078175423880296e+00
-5.306889905010357289e+00
-5.306889905010357289e+00
-5.349895245614788131e+00
-5.457429768522021440e+00
-5.457429768522021440e+00
-5.463522372489330259e+00
-5.463522372489330259e+00
-5.432403089126174756e+00
-5.432403089126174756e+00
-5.432403089126174756e+00
-5.436391180993154215e+00
-5.375954410694855135e+00
-5.375954410694855135e+00
-5.451035783391050771e+00
-5.547106503856649162e+00
-5.656324264585740558e+00
-5.212788878569333484e+00
-5.501615597626067000e+00
-5.377167259288603951e+00
-5.404649254057291685e+00
-5.382822875185948597e+00
-5.382822875185948597e+00
-5.426678469930028115e+00
-5.500703247053707834e+00
-5.452984148413582588e+00
-5.413873416692831952e+00
-5.388926067062540959e+00
-5.383027356061956148e+00
-5.383027356061956148e+00
-5.362972300513623836e+00
-5.297312993807909542e+00
-5.390257321142849278e+00
-5.369842142958062503e+00
-5.369842142958062503e+00
-5.369842142958062503e+00
-5.369338990376678389e+00
-5.369338990376678389e+00
-5.407400078401446208e+00
-5.495049816362984174e+00
-5.495049816362984174e+00
-5.478057144300798598e+00
-5.382135815283263014e+00
-5.240311350201007023e+00
-5.252861149572998656e+00
-5.280282962738073849e+00
-5.249949584894931576e+00
-5.286217331997051794e+00
-5.162194356108441795e+00
-5.240263925787037813e+00
-5.594084591513527549e+00
-5.627652127219193723e+00
-5.561201188948707852e+00
-5.529668152511081125e+00
-5.457110446165858164e+00
-5.546308848716389406e+00
-5.546308848716389406e+00
-5.540039279136835582e+00
-5.250373599738753505e+00
-5.492300258522867296e+00
-5.477622182499077397e+00
-5.577268860537465400e+00
-5.316132756578889840e+00
-5.316132756578889840e+00
-5.329510310315448862e+00
-5.305043152569567155e+00
-5.324050098370344486e+00
-5.324050098370344486e+00
-5.330348208453087544e+00
-5.418609407108700537e+00
-5.418609407108700537e+00
-5.414685540395515417e+00
-5.414685540395515417e+00
-5.413434882378473034e+00
-5.469435971711391176e+00
-5.469435971711391176e+00
-5.529790712842896916e+00
-5.507672581112248444e+00
-5.511933851620850255e+00
-5.511933851620850255e+00
-5.511933851620850255e+00
-5.511972646485689964e+00
-5.511972646485689964e+00
-5.511972646485689964e+00
-5.511972646485689964e+00
-5.525056505652707450e+00
-5.570184958392948360e+00
-5.376628061814292536e+00
-5.362352846292724351e+00
-5.362352846292724351e+00
-5.362352846292724351e+00
-5.350857911188459326e+00
-5.567911442836190439e+00
-5.567911442836190439e+00
-5.578560846001140661e+00
-5.573284181392524239e+00
-5.575782955802754515e+00
-5.566392453021872022e+00
-5.566392453021872022e+00
-5.555708589134388475e+00
-5.561009883418956967e+00
-5.511880547554558696e+00
-5.502122794859430677e+00
-5.483695595871257211e+00
-5.518448782800743579e+00
-5.518448782800743579e+00
-5.518448782800743579e+00
-5.547817084699418366e+00
-5.547817084699418366e+00
-5.508826182616616940e+00
-5.634304303828151284e+00
-5.195783893617481830e+00
-5.200042507721652107e+00
-5.200042507721652107e+00
-5.168462476741585654e+00
-5.159801668442903555e+00
-5.223963002467730377e+00
-5.341342372632078117e+00
-5.341342372632078117e+00
-5.405905904597606337e+00
-5.244697436466505103e+00
-5.251423853887565052e+00
-5.207357331212835838e+00
-5.163560722401877356e+00
-5.157725989991686077e+00
-5.157725989991686077e+00
-5.157725989991686077e+00
-5.166973246537684972e+00
-5.186873243441329606e+00
-5.186873243441329606e+00
-5.252843019088289545e+00
-5.174738563637413691e+00
-5.204061525961022561e+00
-5.236936736722931585e+00
-5.225149900159046901e+00
-5.260568719066504251e+00
-5.470994425376625614e+00
-5.469217068026565265e+00
-5.412140992160638930e+00
-5.297383080983262715e+00
-5.234704990455059104e+00
-5.246046571345716281e+00
-5.290500315639631523e+00
-5.226148050765634601e+00
-5.226148050765634601e+00
-5.293026898812499326e+00
-5.299903292453094217e+00
-5.299903292453094217e+00
-5.428511197045911452e+00
-5.396706157273301940e+00
-5.411561478454354202e+00
-5.411561478454354202e+00
-5.368250517741944172e+00
-5.368250517741944172e+00
-5.356552634357679921e+00
-5.365499678118402116e+00
-5.365499678118402116e+00
-5.341369069743428177e+00
-5.354227162074489677e+00
-5.354227162074489677e+00
-5.404085136148576218e+00
-5.404085136148576218e+00
-5.373279017838619609e+00
-5.373279017838619609e+00
-5.373279017838619609e+00
-5.373279017838619609e+00
-5.373279017838619609e+00
-5.299963793071412077e+00
-5.299963793071412077e+00
-5.299590525450791567e+00
-5.417384210037888614e+00
-5.425813596684049500e+00
-5.409155158546372633e+00
-5.409155158546372633e+00
-5.346317245636608817e+00
-5.346317245636608817e+00
-5.346317245636608817e+00
-5.346317245636608817e+00
-5.346317245636608817e+00
-5.312663920705152698e+00
-5.312663920705152698e+00
-5.310906372960358723e+00
-5.303574557498662578e+00
-5.348504476196184854e+00
-5.347629914420406472e+00
-5.335303580666002965e+00
-5.335303580666002965e+00
-5.429534113618400326e+00
-5.429534113618400326e+00
-5.429534113618400326e+00
-5.449185675398018347e+00
-5.367924545327450225e+00
-5.367924545327450225e+00
-5.362865426026569793e+00
-5.362865426026569793e+00
-5.347022273517829660e+00
-5.347022273517829660e+00
-5.441770987198340848e+00
-5.447137105827141390e+00
-5.447137105827141390e+00
-5.440179851458370131e+00
-5.440179851458370131e+00
-5.409546047650683143e+00
-5.483810649421457128e+00
-5.488926583019924976e+00
-5.488926583019924976e+00
-5.435453425076423706e+00
-5.419249726456393468e+00
-5.419249726456393468e+00
-5.460079936667130873e+00
-5.520733930962186342e+00
-5.510184686546407917e+00
-5.510184686546407917e+00
-5.318059098832014442e+00
-5.318059098832014442e+00
-5.308256189915528722e+00
-5.328302875885299272e+00
-5.345754080960075427e+00
-5.324478984095860845e+00
-5.584202398277951396e+00
-5.569499696815570999e+00
-5.569499696815570999e+00
-5.569499696815570999e+00
-5.541561850290806390e+00
-5.551357849063955463e+00
-5.552143558381200883e+00
-5.536301524897950799e+00
-5.459175898591488441e+00
-5.459175898591488441e+00
-5.456391354166680863e+00
-5.456391354166680863e+00
-5.456391354166680863e+00
-5.521265257315330466e+00
-5.521265257315330466e+00
-5.501122278312803537e+00
-5.520407470943937689e+00
-5.453805359141772335e+00
-5.453805359141772335e+00
-5.453805359141772335e+00
-5.554455857764843962e+00
-5.574520241623118544e+00
-5.436897352271248707e+00
-5.436897352271248707e+00
-5.436897352271248707e+00
-5.436897352271248707e+00
-5.382608177534597971e+00
-5.427216600528608659e+00
-5.437392595290908126e+00
-5.442377054056217744e+00
-5.442377054056217744e+00
-5.436678067107965084e+00
-5.432425138473512050e+00
-5.432425138473512050e+00
-5.432425138473512050e+00
-5.431544902942111896e+00
-5.446195809945757915e+00
-5.403775717401329004e+00
-5.716563569680323198e+00
-5.601981933315233420e+00
-5.601981933315233420e+00
-5.628654731589698201e+00
-5.607147458560253206e+00
-5.362235490959189832e+00
-5.294070749210995075e+00
-5.254079626880598042e+00
-5.254079626880598042e+00
-5.300867103885955167e+00
-5.294995691245163449e+00
-5.310267768670641431e+00
-5.310267768670641431e+00
-5.310267768670641431e+00
-5.302917800617738209e+00
-5.302917800617738209e+00
-5.302917800617738209e+00
-5.273810776999347638e+00
-5.285524135593898443e+00
-5.429456811440156905e+00
-5.404432232624418297e+00
-5.404432232624418297e+00
-5.404432232624418297e+00
-5.429768607196770347e+00
-5.238663687589746765e+00
-5.223401391930302395e+00
-5.251521695412564306e+00
-5.463261346847528621e+00
-5.524795027952106530e+00
-5.480434243758535828e+00
-5.480434243758535828e+00
-5.408775216111147977e+00
-5.408142917305435837e+00
-5.408142917305435837e+00
-5.408142917305435837e+00
-5.429387531559027202e+00
-5.429387531559027202e+00
-5.429387531559027202e+00
-5.429387531559027202e+00
-5.492587763736930029e+00
-5.504886400334762619e+00
-5.410053714330392616e+00
-5.410053714330392616e+00
-5.409649906155618915e+00
-5.424790546598975638e+00
-5.424790546598975638e+00
-5.546586106301335306e+00
-5.488151894561861255e+00
-5.453661865688522070e+00
-5.453661865688522070e+00
-5.453661865688522070e+00
-5.453661865688522070e+00
-5.453661865688522070e+00
-5.606716399866163769e+00
-5.638430505994873165e+00
-5.638430505994873165e+00
-5.694973984177249093e+00
-5.671823916374569841e+00
-5.672756838981991123e+00
-5.603550956545801043e+00
-5.611839688621443223e+00
-5.515646843142958389e+00
-5.516448922935815347e+00
-5.567746654881259971e+00
-5.587305006732249169e+00
-5.587305006732249169e+00
-5.591921689491260672e+00
-5.379514166512475271e+00
-5.379514166512475271e+00
-5.379514166512475271e+00
-5.379514166512475271e+00
-5.393644856764628237e+00
-5.369031483619628453e+00
-5.369031483619628453e+00
-5.369031483619628453e+00
-5.369031483619628453e+00
-5.497789354455468569e+00
-5.497789354455468569e+00
-5.407644858084092121e+00
-5.407644858084092121e+00
-5.407644858084092121e+00
-5.407644858084092121e+00
-5.382402739177898354e+00
-5.391855893554609480e+00
-5.489437612661789423e+00
-5.360051423109901236e+00
-5.253366801655845464e+00
-5.284174103748418894e+00
-5.284174103748418894e+00
-5.315944363194599731e+00
-5.315944363194599731e+00
-5.304985391217388546e+00
-5.328328153900668163e+00
-5.625042910900053705e+00
-5.389437978316529154e+00
-5.474856436887921340e+00
-5.474856436887921340e+00
-5.498873145651689498e+00
-5.465208577839954174e+00
-5.385148906167709804e+00
-5.340601323606556150e+00
-5.428172604174572591e+00
-5.428172604174572591e+00
-5.347299358475781972e+00
-5.358818844058545139e+00
-5.358818844058545139e+00
-5.537857192991103794e+00
-5.565278456335140511e+00
-5.565278456335140511e+00
-5.671857104385003012e+00
-5.617754641238418500e+00
-5.628157841952235785e+00
-5.628157841952235785e+00
-5.657947984141365794e+00
-5.673030931736743554e+00
-5.628749293393560116e+00
-5.563374255028859849e+00
-5.666797856561915481e+00
-5.666797856561915481e+00
-5.180103024829360692e+00
-5.155989651041728017e+00
-5.155989651041728017e+00
-5.155989651041728017e+00
-5.246377443542666441e+00
-5.246377443542666441e+00
-5.246377443542666441e+00
-5.246377443542666441e+00
-5.246377443542666441e+00
-5.194105021804984901e+00
-5.178681282928729424e+00
-5.189389139458837619e+00
-5.085136499825757106e+00
-5.343150925811183782e+00
-5.456147084994726448e+00
-5.280679837175983771e+00
-5.280679837175983771e+00
-5.311647244605392615e+00
-5.303402946262560036e+00
-5.335443206211707867e+00
-5.335443206211707867e+00
-5.335443206211707867e+00
-5.324178582819841132e+00
-5.324178582819841132e+00
-5.324178582819841132e+00
-5.324178582819841132e+00
-5.362304078117409389e+00
-5.370254096937844501e+00
-5.626544162285462392e+00
-5.641516099681018304e+00
-5.323053804775119247e+00
-5.323053804775119247e+00
-5.340033882610451421e+00
-5.340033882610451421e+00
-5.340033882610451421e+00
-5.312093904642798847e+00
-5.304251772322461811e+00
-5.365605328127180940e+00
-5.422730592057588339e+00
-5.339895154015070311e+00
-5.339895154015070311e+00
-5.278437597024507433e+00
-5.401675157589738596e+00
-5.401675157589738596e+00
-5.425666755592599699e+00
-5.410350892390028754e+00
-5.415750858379491994e+00
-5.415750858379491994e+00
-5.415750858379491994e+00
-5.415750858379491994e+00
-5.415750858379491994e+00
-5.403263041285916835e+00
-5.416390549640497376e+00
-5.416390549640497376e+00
-5.413018385966863910e+00
-5.303242602523158489e+00
-5.452727067963206053e+00
-5.514339301433123453e+00
-5.524736895151666438e+00
-5.524736895151666438e+00
-5.439961408917049823e+00
-5.352737453731262640e+00
-5.448855134634613684e+00
-5.448855134634613684e+00
-5.448855134634613684e+00
-5.416073149395626452e+00
-5.416073149395626452e+00
-5.416073149395626452e+00
-5.347365860747867572e+00
-5.289480533506040416e+00
-5.454135178199100764e+00
-5.455367204386379676e+00
-5.496254395297977879e+00
-5.496254395297977879e+00
-5.496254395297977879e+00
-5.460580927817435537e+00
-5.586149702019415741e+00
-5.585792217488863898e+00
-5.570462669314225401e+00
-5.646246550628463368e+00
-5.646246550628463368e+00
-5.646246550628463368e+00
-5.641442586763543154e+00
-5.633026095461986849e+00
-5.633026095461986849e+00
-5.546510124529436148e+00
-5.525099429604622081e+00
-5.533541794642583334e+00
-5.509378982059277341e+00
-5.526998974175558743e+00
-5.526595707182142547e+00
-5.514993235976664465e+00
-5.440620614512961417e+00
-5.310592965105680463e+00
-5.504053459495870548e+00
-5.530742525555723432e+00
-5.359605813029738819e+00
-5.359764584424011602e+00
-5.359764584424011602e+00
-5.337785647629385899e+00
-5.353647417206745196e+00
-5.353647417206745196e+00
-5.524595776879764664e+00
-5.524595776879764664e+00
-5.587473159367813302e+00
-5.504998781059855517e+00
-5.557068409679305709e+00
-5.557068409679305709e+00
-5.557068409679305709e+00
-5.560403583135054895e+00
-5.560403583135054895e+00
-5.560403583135054895e+00
-5.621667170374723632e+00
-5.621667170374723632e+00
-5.621667170374723632e+00
-5.521651604360744869e+00
-5.275348270221404512e+00
-5.293187526623904127e+00
-5.207749915973004740e+00
-5.207749915973004740e+00
-5.208316117765324549e+00
-5.208316117765324549e+00
-5.217874964808668636e+00
-5.217874964808668636e+00
-5.222503268667876952e+00
-5.222503268667876952e+00
-5.201306559773970939e+00
-5.377501777486707546e+00
-5.373494660379022569e+00
-5.373494660379022569e+00
-5.343978550736341759e+00
-4.977429261894886103e+00
-4.977429261894886103e+00
-5.187592429387290593e+00
-5.255796959502853305e+00
-5.305094809923017962e+00
-5.303870788026099348e+00
-5.155784241302726834e+00
-5.427176000636709574e+00
-5.430428974436078526e+00
-5.413013043276697189e+00
-5.346957604422406973e+00
-5.273490458588369734e+00
-5.288128000401758122e+00
-5.406478942486460326e+00
-5.406478942486460326e+00
-5.443089538684515283e+00
-5.464720355020090459e+00
-5.407708678009587544e+00
-5.340788007149508410e+00
-5.345366149683492552e+00
-5.269062230433655181e+00
-5.374736860491698742e+00
-5.374736860491698742e+00
-5.355369135293234883e+00
-5.373936376978115881e+00
-5.305808027315158881e+00
-5.305808027315158881e+00
-5.305808027315158881e+00
-5.327611152646380965e+00
-5.327611152646380965e+00
-5.339572036863523330e+00
-5.326688269867950076e+00
-5.453195215893487102e+00
-5.453195215893487102e+00
-5.479414095454782085e+00
-5.479414095454782085e+00
-5.433886976569596072e+00
-5.433886976569596072e+00
-5.332059613891080296e+00
-5.365158958488684959e+00
-5.365158958488684959e+00
-5.357685348652529989e+00
-5.567092221575750344e+00
-5.558413262101446151e+00
-5.591363161555286787e+00
-5.485562646882578441e+00
-5.203138981973529198e+00
-5.281357008903849071e+00
-5.252658047578306899e+00
-5.254152769410096013e+00
-5.254152769410096013e+00
-5.283150752476061029e+00
-5.283150752476061029e+00
-5.285187530846527260e+00
-5.322617599374939168e+00
-5.322617599374939168e+00
-5.338798244382816804e+00
-5.338798244382816804e+00
-5.355884206722705265e+00
-5.355884206722705265e+00
-5.351046441254975861e+00
-5.353582012043999860e+00
-5.353582012043999860e+00
-5.353582012043999860e+00
-5.335487064207394603e+00
-5.335487064207394603e+00
-5.333637942318842029e+00
-5.323510998074554301e+00
-5.323510998074554301e+00
-5.297124699312631968e+00
-5.361458010431634058e+00
-5.361458010431634058e+00
-5.115986472738612179e+00
-5.421297671345541858e+00
-5.434129173999464157e+00
-5.434129173999464157e+00
-5.434129173999464157e+00
-5.338588060870175234e+00
-5.364388317103196080e+00
-5.362160477464790631e+00
-5.314765840364488625e+00
-5.361758666269551554e+00
-5.361758666269551554e+00
-5.361758666269551554e+00
-5.361758666269551554e+00
-5.349181738992464297e+00
-5.349181738992464297e+00
-5.330123120427296968e+00
-5.330123120427296968e+00
