# Variable: dg_gbvi_00000464
# Sample shape: (2565,)
# Date: 2013-03-08 06:18:14.086328
-6.373017625735190039e-01
-9.879026239499163475e-01
-1.430659085088537008e+00
-4.145548926884595198e-01
-6.724969394576790771e-01
-2.114746936446334491e+00
-1.780538007639400844e+00
-1.587101763175507108e+00
-1.762705858112446844e+00
-1.231199850570780407e+00
-1.601155113336818703e+00
-1.504973353979840667e+00
-1.504973353979840667e+00
-1.504973353979840667e+00
-1.521509058784714652e+00
-1.532897395870100432e+00
-1.397762529207662086e+00
-1.397762529207662086e+00
-1.397762529207662086e+00
-1.463023327525605044e+00
-1.066060805362815112e+00
-1.679105892308528247e+00
-1.679105892308528247e+00
-1.713942946238829812e+00
-1.779380592207014500e+00
-1.943214375322241727e+00
-1.943214375322241727e+00
-1.708701228667674155e+00
-1.708701228667674155e+00
-1.708701228667674155e+00
-9.842882304808580063e-01
-1.395986314327403832e+00
-1.353731477905113056e+00
-1.353731477905113056e+00
-1.353731477905113056e+00
-1.074733490523928747e+00
-9.941545966379333743e-01
-9.933512974852848343e-01
-1.163826462946189411e+00
-1.163826462946189411e+00
-1.202145418313069092e+00
-9.901871558365967774e-01
-1.096409897543030088e+00
-1.096409897543030088e+00
-1.126325519999150870e+00
-1.007358940906060374e+00
-9.956880281445306125e-01
-1.152568798900112990e+00
-1.241754443006062747e+00
-1.241754443006062747e+00
-1.143974481250753072e+00
-1.143974481250753072e+00
-1.143974481250753072e+00
-1.143974481250753072e+00
-1.143974481250753072e+00
-1.071872242638165718e+00
-1.051906374704107305e+00
-1.051906374704107305e+00
-1.051906374704107305e+00
-1.051906374704107305e+00
-1.047596523899776866e+00
-1.047596523899776866e+00
-1.047596523899776866e+00
-1.069579052132185737e+00
-1.069579052132185737e+00
-1.069579052132185737e+00
-1.069579052132185737e+00
-1.069579052132185737e+00
-1.069579052132185737e+00
-1.069579052132185737e+00
-1.052520378083788843e+00
-1.052520378083788843e+00
-1.044527562492550965e+00
-1.010835710342696370e+00
-1.010835710342696370e+00
-1.196200909404731672e+00
-1.196200909404731672e+00
-1.196200909404731672e+00
-1.258673588822951883e+00
-1.127225240331479750e+00
-9.143974743623810575e-01
-9.143974743623810575e-01
-9.143974743623810575e-01
-9.482045455637501119e-01
-1.016895788035065973e+00
-1.016895788035065973e+00
-1.016895788035065973e+00
-1.175864463745667221e+00
-1.175864463745667221e+00
-1.175864463745667221e+00
-9.999092960201535485e-01
-9.999092960201535485e-01
-9.999092960201535485e-01
-9.999092960201535485e-01
-9.999092960201535485e-01
-1.123761824902413053e+00
-1.123761824902413053e+00
-1.123761824902413053e+00
-1.072193746740477405e+00
-1.081265323589600369e+00
-1.292155979822836365e+00
-1.028877056295468773e+00
-1.028877056295468773e+00
-1.028877056295468773e+00
-1.028877056295468773e+00
-1.028877056295468773e+00
-1.028877056295468773e+00
-1.028877056295468773e+00
-1.028877056295468773e+00
-1.028877056295468773e+00
-1.028877056295468773e+00
-1.028877056295468773e+00
-1.028877056295468773e+00
-1.258237411887539459e+00
-1.065975204409035149e+00
-1.065975204409035149e+00
-1.065975204409035149e+00
-1.211534304677092555e+00
-1.211534304677092555e+00
-1.211534304677092555e+00
-1.170733145508478845e+00
-1.170733145508478845e+00
-1.170733145508478845e+00
-1.233077366586821100e+00
-1.233077366586821100e+00
-1.265705648694165797e+00
-1.243550753176494439e+00
-1.243550753176494439e+00
-1.243550753176494439e+00
-1.243550753176494439e+00
-1.243550753176494439e+00
-1.256194799052853028e+00
-1.256194799052853028e+00
-1.269171480060478308e+00
-1.269171480060478308e+00
-1.269171480060478308e+00
-1.269171480060478308e+00
-1.269171480060478308e+00
-1.225497711565939785e+00
-1.214375149251598618e+00
-1.097333267097427845e+00
-1.036396754659651975e+00
-1.024405676711924507e+00
-1.024405676711924507e+00
-9.995889042422380077e-01
-9.860394814917369244e-01
-1.231500773975928498e+00
-1.160675856376054416e+00
-9.881837080734331424e-01
-1.222691139907074787e+00
-1.220661347568576804e+00
-8.750107593022928842e-01
-1.002686983400250309e+00
-9.773489776165750209e-01
-9.773489776165750209e-01
-9.773489776165750209e-01
-9.773489776165750209e-01
-9.773489776165750209e-01
-1.214010955967368188e+00
-1.142986547347754067e+00
-1.142986547347754067e+00
-1.142986547347754067e+00
-1.142986547347754067e+00
-1.089619660148326341e+00
-1.089619660148326341e+00
-1.089619660148326341e+00
-1.077348555648038220e+00
-1.157046364152415352e+00
-1.157046364152415352e+00
-1.157046364152415352e+00
-1.157046364152415352e+00
-1.157046364152415352e+00
-1.157046364152415352e+00
-1.116143432168305250e+00
-1.116143432168305250e+00
-1.116143432168305250e+00
-1.279238495332184478e+00
-1.358181034150176769e+00
-1.113511332705166668e+00
-1.113511332705166668e+00
-1.113511332705166668e+00
-1.307702329687540521e+00
-1.307702329687540521e+00
-1.054331309322425136e+00
-1.087917612866212025e+00
-1.094116489782743118e+00
-1.094116489782743118e+00
-1.094116489782743118e+00
-1.094116489782743118e+00
-1.367859469172768794e+00
-1.367859469172768794e+00
-1.376347493780158970e+00
-1.167425400352698261e+00
-1.167425400352698261e+00
-1.167425400352698261e+00
-1.364629093522302439e+00
-1.364629093522302439e+00
-1.157156972230685810e+00
-1.223039482925843080e+00
-1.202468888868173602e+00
-1.185325159189687616e+00
-1.185325159189687616e+00
-1.185325159189687616e+00
-1.185325159189687616e+00
-1.192189678128489083e+00
-1.136828439365145771e+00
-1.136828439365145771e+00
-1.341150982842853390e+00
-1.341150982842853390e+00
-1.316384846740079384e+00
-1.316384846740079384e+00
-1.316384846740079384e+00
-1.316384846740079384e+00
-1.316384846740079384e+00
-1.317973846827155571e+00
-1.317973846827155571e+00
-1.305732093085539391e+00
-1.089409012817836642e+00
-1.089409012817836642e+00
-1.113210813025327761e+00
-1.113210813025327761e+00
-1.113210813025327761e+00
-1.113210813025327761e+00
-1.068578627834041450e+00
-1.208160364004307485e+00
-1.208160364004307485e+00
-1.038488905658496053e+00
-1.038488905658496053e+00
-1.280073258196288144e+00
-1.014321773329782461e+00
-1.014321773329782461e+00
-1.096609915285452486e+00
-1.164651473755801359e+00
-1.164651473755801359e+00
-1.164651473755801359e+00
-1.008937169210323503e+00
-1.117767032979628095e+00
-1.117767032979628095e+00
-1.117767032979628095e+00
-1.066976793159102321e+00
-1.066976793159102321e+00
-1.100813108106398097e+00
-1.351849426883469985e+00
-1.043026504405272892e+00
-1.043026504405272892e+00
-1.043026504405272892e+00
-9.281002568732741320e-01
-9.442883809243716176e-01
-9.442883809243716176e-01
-1.365903771722089433e+00
-1.365903771722089433e+00
-1.365903771722089433e+00
-1.365903771722089433e+00
-1.365903771722089433e+00
-1.369974084508174261e+00
-1.369974084508174261e+00
-1.369974084508174261e+00
-1.178178016732724043e+00
-1.382832015957957239e+00
-1.462059819315329801e+00
-1.462059819315329801e+00
-1.403863533185561785e+00
-1.443457570668895462e+00
-1.485950403958522736e+00
-1.508366327754251390e+00
-1.527510602975477472e+00
-1.527510602975477472e+00
-1.339890522309694854e+00
-1.339890522309694854e+00
-1.339890522309694854e+00
-1.339890522309694854e+00
-1.378639046070368579e+00
-1.001049795174076218e+00
-1.001049795174076218e+00
-1.029873977026945386e+00
-1.029873977026945386e+00
-9.042114649731886056e-01
-1.019820044608592768e+00
-1.019820044608592768e+00
-1.040878237373745296e+00
-1.269902820477133432e+00
-1.269902820477133432e+00
-1.269902820477133432e+00
-1.233013867438427225e+00
-1.233013867438427225e+00
-1.233013867438427225e+00
-1.448220831419761323e+00
-1.148862194128931424e+00
-1.214547264948269367e+00
-1.819467805974985586e+00
-1.819467805974985586e+00
-1.819467805974985586e+00
-1.819467805974985586e+00
-1.828958440332744573e+00
-1.828552076151921835e+00
-1.788850313827564209e+00
-1.753483607921992649e+00
-1.862984612345542468e+00
-1.854294682647358750e+00
-1.854294682647358750e+00
-1.754751410874508810e+00
-1.829292125115913992e+00
-1.861159222430399884e+00
-1.861159222430399884e+00
-1.861159222430399884e+00
-1.838305721087381883e+00
-1.414575475849511044e+00
-1.414575475849511044e+00
-1.455578755365978250e+00
-1.269106045460869359e+00
-1.902335676306647905e+00
-1.861366348900586720e+00
-1.323701626025888922e+00
-1.555655647265126174e+00
-1.649202135421951931e+00
-1.649202135421951931e+00
-1.629577350332137131e+00
-1.629577350332137131e+00
-1.615442413052058379e+00
-1.592599128241588113e+00
-1.592599128241588113e+00
-1.592599128241588113e+00
-1.592599128241588113e+00
-1.459715226133126764e+00
-1.404295714498055014e+00
-1.404295714498055014e+00
-1.487757694736056013e+00
-1.487757694736056013e+00
-1.487757694736056013e+00
-1.430975754706463432e+00
-1.430975754706463432e+00
-1.430975754706463432e+00
-1.747478401499432898e+00
-1.891495671373210952e+00
-1.891495671373210952e+00
-1.898050308214831894e+00
-1.898050308214831894e+00
-1.771224801695361784e+00
-1.414982905557816251e+00
-1.464911615350746210e+00
-1.464911615350746210e+00
-1.555668718089229019e+00
-1.414114278281900283e+00
-1.457481792351891681e+00
-1.250298513038872850e+00
-1.250298513038872850e+00
-1.250298513038872850e+00
-1.250298513038872850e+00
-1.343782823282265060e+00
-1.237207750842524767e+00
-1.226062038510428609e+00
-1.135779387406043339e+00
-1.135779387406043339e+00
-1.100058443703108901e+00
-1.122031817952442001e+00
-1.122031817952442001e+00
-1.122031817952442001e+00
-1.221038262468449265e+00
-1.214404977266910546e+00
-1.338329571573973586e+00
-1.338329571573973586e+00
-1.338329571573973586e+00
-1.149713154835899864e+00
-1.149713154835899864e+00
-1.079360924571578284e+00
-1.082318387392474879e+00
-1.166602501882499476e+00
-1.166602501882499476e+00
-1.166602501882499476e+00
-1.166602501882499476e+00
-1.157387120857788609e+00
-1.155057391421742130e+00
-1.255335312797990044e+00
-1.250402183113937360e+00
-1.250402183113937360e+00
-1.250402183113937360e+00
-1.250402183113937360e+00
-1.250402183113937360e+00
-1.250402183113937360e+00
-1.242923290469045483e+00
-1.320538319198926169e+00
-1.320538319198926169e+00
-1.411595521963931787e+00
-1.411595521963931787e+00
-1.411595521963931787e+00
-1.174535447316232828e+00
-1.154390927971900016e+00
-1.154262593035645823e+00
-1.154262593035645823e+00
-1.154262593035645823e+00
-1.154262593035645823e+00
-1.154262593035645823e+00
-1.185083542484607122e+00
-1.103948589276349423e+00
-1.103948589276349423e+00
-1.335504422486096798e+00
-1.058134746965338602e+00
-1.058134746965338602e+00
-1.058134746965338602e+00
-1.490782197422966915e+00
-9.142081873942170533e-01
-1.352384094180940410e+00
-1.341348436535151567e+00
-1.344066367120476002e+00
-1.344066367120476002e+00
-1.344066367120476002e+00
-1.344066367120476002e+00
-1.537633593076811245e+00
-1.537633593076811245e+00
-1.443286237144293604e+00
-1.472921870838011627e+00
-1.606159632700615347e+00
-1.613339697657182326e+00
-1.436618938614501184e+00
-1.436618938614501184e+00
-1.237223303399690222e+00
-1.362291385838886759e+00
-1.362291385838886759e+00
-1.350445962444023706e+00
-1.142624721625516315e+00
-1.142624721625516315e+00
-1.117412366719764183e+00
-1.000722005391662561e+00
-1.026887758096922010e+00
-1.284261335787358904e+00
-1.284261335787358904e+00
-1.319304642073332090e+00
-1.356734698522105598e+00
-1.375407077192621896e+00
-1.375407077192621896e+00
-1.375407077192621896e+00
-1.190733751489644110e+00
-1.060676228790980336e+00
-1.060676228790980336e+00
-1.060676228790980336e+00
-1.067188166073252065e+00
-1.027101976178026232e+00
-1.027101976178026232e+00
-9.914382110022019745e-01
-1.062580241600631359e+00
-1.062580241600631359e+00
-1.062580241600631359e+00
-1.062580241600631359e+00
-1.049214481323427428e+00
-1.007876752012869526e+00
-1.147692229712337975e+00
-1.147692229712337975e+00
-1.147692229712337975e+00
-1.520923124810072302e+00
-1.520923124810072302e+00
-1.715739549020471433e+00
-1.715739549020471433e+00
-1.715739549020471433e+00
-1.726492623208083055e+00
-1.789845929477475561e+00
-1.802367723179655767e+00
-1.671222519160463715e+00
-1.671222519160463715e+00
-1.671222519160463715e+00
-1.683183777217771571e+00
-1.516574189248612425e+00
-1.475672008641872868e+00
-1.475672008641872868e+00
-1.519570620694995933e+00
-1.579402455042499875e+00
-1.696994430511992613e+00
-1.696994430511992613e+00
-1.696994430511992613e+00
-1.695949631406690417e+00
-1.695949631406690417e+00
-1.695949631406690417e+00
-1.695949631406690417e+00
-1.532155837168793777e+00
-1.532155837168793777e+00
-1.540075793963831874e+00
-1.655221095083832861e+00
-1.426239831639533717e+00
-1.203837203073488293e+00
-1.203837203073488293e+00
-1.446007774806674862e+00
-1.446007774806674862e+00
-1.446007774806674862e+00
-1.446007774806674862e+00
-1.446059003472561555e+00
-1.446059003472561555e+00
-1.339834980388619146e+00
-1.512204129142417974e+00
-1.654403068301244950e+00
-1.330637856986271350e+00
-1.685984378846686393e+00
-1.572475763781638447e+00
-1.572475763781638447e+00
-1.572475763781638447e+00
-1.572475763781638447e+00
-1.451998996156058430e+00
-1.451998996156058430e+00
-1.451998996156058430e+00
-1.451998996156058430e+00
-1.364812487000382379e+00
-1.299134758348761798e+00
-1.299134758348761798e+00
-1.299134758348761798e+00
-1.291326698666708683e+00
-1.291326698666708683e+00
-1.291326698666708683e+00
-1.291326698666708683e+00
-1.328096885191989429e+00
-1.360805190887883542e+00
-1.360805190887883542e+00
-1.163634716168751915e+00
-9.865947285395144650e-01
-9.840225654730294647e-01
-1.101517177627188149e+00
-1.101517177627188149e+00
-1.101517177627188149e+00
-1.246745841317824954e+00
-1.245670438683083692e+00
-1.245670438683083692e+00
-1.061567389758238722e+00
-1.098791613922295962e+00
-1.098791613922295962e+00
-1.098791613922295962e+00
-1.098791613922295962e+00
-1.098791613922295962e+00
-1.128884065799200753e+00
-1.253784813669797771e+00
-1.426495144706282359e+00
-1.426495144706282359e+00
-1.426495144706282359e+00
-1.432209779990421428e+00
-1.435027862566395029e+00
-1.216983460288990182e+00
-1.089763372236359329e+00
-1.093700458571454925e+00
-1.054414796489459905e+00
-1.129587462544899168e+00
-1.231970008077217793e+00
-1.196946139799637487e+00
-1.196946139799637487e+00
-1.325298853605396454e+00
-1.325298853605396454e+00
-1.325298853605396454e+00
-1.325298853605396454e+00
-1.317742800279259496e+00
-1.317742800279259496e+00
-1.317742800279259496e+00
-1.317742800279259496e+00
-1.292470826326621136e+00
-1.292470826326621136e+00
-1.292470826326621136e+00
-1.417133900579828909e+00
-1.077682113350252102e+00
-1.151146027549388995e+00
-1.185849467653616429e+00
-1.185849467653616429e+00
-1.134282266721216903e+00
-1.134282266721216903e+00
-1.134282266721216903e+00
-1.287559922943769086e+00
-1.287559922943769086e+00
-1.287559922943769086e+00
-1.287559922943769086e+00
-1.287559922943769086e+00
-1.284218992257078140e+00
-1.284218992257078140e+00
-9.713037497366755479e-01
-9.713037497366755479e-01
-9.713037497366755479e-01
-1.066619376661187335e+00
-1.066619376661187335e+00
-1.279277312062456762e+00
-1.234851332613930319e+00
-1.234851332613930319e+00
-1.066634038248629679e+00
-1.321331218429303345e+00
-1.321331218429303345e+00
-1.313768322084677642e+00
-1.313768322084677642e+00
-1.296333744288632239e+00
-1.289306309926053773e+00
-1.194117835700164942e+00
-1.194117835700164942e+00
-1.476043276380742286e+00
-1.476043276380742286e+00
-1.354568248964134414e+00
-1.368481705174801721e+00
-1.368481705174801721e+00
-9.182316436514090796e-01
-9.182316436514090796e-01
-1.203241819076079633e+00
-1.203241819076079633e+00
-1.203241819076079633e+00
-1.203241819076079633e+00
-1.182533483588706691e+00
-1.246054732096009143e+00
-1.475366865249989612e+00
-9.353847685911329535e-01
-8.180754742694429371e-01
-8.880016834542732163e-01
-1.308262561524394130e+00
-1.124983603593939785e+00
-1.053204447056272697e+00
-1.053204447056272697e+00
-1.096188842428343468e+00
-1.136601264061728678e+00
-1.243908936857479830e+00
-1.350078796080273369e+00
-1.260763454877060985e+00
-1.213990532369777720e+00
-1.190886591269626704e+00
-1.237485455562961079e+00
-1.231537494135836575e+00
-1.417140472944042440e+00
-1.155034811911860526e+00
-1.162574455236861759e+00
-1.162574455236861759e+00
-1.153888268777600201e+00
-1.056204027624205510e+00
-1.042087849631722296e+00
-1.100131545460163229e+00
-8.925206570019883490e-01
-8.925206570019883490e-01
-8.925206570019883490e-01
-1.086781456259946710e+00
-1.220093158829977265e+00
-1.091061894177042024e+00
-1.091061894177042024e+00
-1.091061894177042024e+00
-1.060024963521307040e+00
-1.085135179037204578e+00
-1.026773221933224622e+00
-1.026773221933224622e+00
-1.026773221933224622e+00
-8.134914447780721147e-01
-7.597318229954844737e-01
-9.204083942308560751e-01
-9.344411889655303005e-01
-9.344411889655303005e-01
-9.344411889655303005e-01
-9.344411889655303005e-01
-8.606012490667945825e-01
-8.606012490667945825e-01
-9.040379574917328798e-01
-9.040379574917328798e-01
-1.063333405835875212e+00
-1.063333405835875212e+00
-1.137724487498283699e+00
-1.113096414991330052e+00
-1.170261075258554717e+00
-1.030472805255190805e+00
-1.046855214383054067e+00
-1.212294478338953096e+00
-1.212294478338953096e+00
-1.212294478338953096e+00
-1.112550059820367032e+00
-1.112550059820367032e+00
-1.020606526023427607e+00
-1.012123997008368192e+00
-1.076814345466637235e+00
-9.690374885624430945e-01
-9.690374885624430945e-01
-9.690374885624430945e-01
-9.690374885624430945e-01
-9.690374885624430945e-01
-1.200775495067804455e+00
-1.200775495067804455e+00
-9.709498202596650307e-01
-1.014583199613091402e+00
-1.014583199613091402e+00
-1.014583199613091402e+00
-9.363293188056353022e-01
-1.031315843965109780e+00
-1.031315843965109780e+00
-1.085825103211845111e+00
-1.085825103211845111e+00
-1.085825103211845111e+00
-1.085825103211845111e+00
-1.085825103211845111e+00
-1.081189593614423350e+00
-8.621963027515331390e-01
-8.621963027515331390e-01
-8.621963027515331390e-01
-8.621963027515331390e-01
-1.221947711035199058e+00
-1.249923193472966432e+00
-9.643328034061782184e-01
-9.643328034061782184e-01
-1.073370635826516262e+00
-1.073370635826516262e+00
-1.192439230361710845e+00
-1.192439230361710845e+00
-1.192439230361710845e+00
-1.593878752245555974e+00
-1.593878752245555974e+00
-1.593878752245555974e+00
-1.575223831099433980e+00
-1.466033651693210205e+00
-1.466033651693210205e+00
-1.434408611758918317e+00
-1.380711705646018306e+00
-1.380711705646018306e+00
-1.434520787569365519e+00
-1.434520787569365519e+00
-1.135711722871415308e+00
-1.074001669588686037e+00
-1.182390829587951719e+00
-7.610933457489982290e-01
-7.610933457489982290e-01
-7.610933457489982290e-01
-1.075282975126012897e+00
-1.075282975126012897e+00
-1.084494150919195876e+00
-1.068995484070826230e+00
-1.068995484070826230e+00
-1.131959912967519521e+00
-1.131959912967519521e+00
-1.225113004876053013e+00
-1.087222576342844915e+00
-1.087222576342844915e+00
-1.179535109786057800e+00
-1.179535109786057800e+00
-1.179535109786057800e+00
-1.084766335557613592e+00
-1.084766335557613592e+00
-1.043647811895751287e+00
-1.043647811895751287e+00
-1.043647811895751287e+00
-1.254564329037691772e+00
-1.254564329037691772e+00
-1.254564329037691772e+00
-1.254564329037691772e+00
-1.473128635164736355e+00
-1.473128635164736355e+00
-1.325529457213722617e+00
-1.471402438145629654e+00
-1.290532385329787202e+00
-1.290532385329787202e+00
-1.290532385329787202e+00
-1.082143304287075614e+00
-1.082143304287075614e+00
-1.124263711646184882e+00
-1.367494141121710083e+00
-1.343497772457422634e+00
-1.303518878529951186e+00
-1.297504109919412452e+00
-1.229257585886540660e+00
-1.277318505624440714e+00
-1.426911554875334609e+00
-1.426911554875334609e+00
-1.426911554875334609e+00
-1.349390297247610615e+00
-1.349390297247610615e+00
-1.349390297247610615e+00
-1.542358732811042188e+00
-1.542358732811042188e+00
-1.455455953255357926e+00
-1.297792507100016479e+00
-1.353233153856274962e+00
-1.353233153856274962e+00
-1.353233153856274962e+00
-1.343226304656363723e+00
-1.343226304656363723e+00
-1.257656428731249720e+00
-1.257656428731249720e+00
-1.257656428731249720e+00
-1.257656428731249720e+00
-1.257656428731249720e+00
-1.284802638715547118e+00
-1.343330230904554057e+00
-1.167284967168731979e+00
-1.167284967168731979e+00
-1.124830857205821211e+00
-1.124830857205821211e+00
-1.085796927902833220e+00
-1.085796927902833220e+00
-1.085796927902833220e+00
-1.085796927902833220e+00
-1.035858597027631278e+00
-1.035858597027631278e+00
-1.181477592440335123e+00
-1.181477592440335123e+00
-1.087591692644870989e+00
-1.087591692644870989e+00
-1.107652634445580153e+00
-1.107652634445580153e+00
-1.107652634445580153e+00
-1.107652634445580153e+00
-1.107652634445580153e+00
-1.144946747535396270e+00
-1.144946747535396270e+00
-1.144946747535396270e+00
-1.303803649714119439e+00
-1.323394566098545111e+00
-1.404678280534658485e+00
-1.404678280534658485e+00
-1.202590926014861283e+00
-1.137152461167528994e+00
-1.137152461167528994e+00
-1.198822902043558347e+00
-1.198822902043558347e+00
-1.246405501043253761e+00
-1.141414620313945028e+00
-1.241494402969004707e+00
-1.241494402969004707e+00
-1.239533278189118182e+00
-1.110916751177865924e+00
-1.110916751177865924e+00
-1.116869089216112831e+00
-8.867366020886904288e-01
-8.749672982764469253e-01
-9.050376730048816931e-01
-9.050376730048816931e-01
-9.196893648281372347e-01
-9.196893648281372347e-01
-1.009769781459953775e+00
-1.009769781459953775e+00
-1.013724612634297362e+00
-9.994227842383555105e-01
-9.994227842383555105e-01
-1.212178614385750031e+00
-7.588092707779076074e-01
-7.588092707779076074e-01
-8.651375551279013587e-01
-8.651375551279013587e-01
-9.014711254655084494e-01
-9.155241928198841750e-01
-1.039575196380312372e+00
-1.039575196380312372e+00
-1.039575196380312372e+00
-1.055977932832717459e+00
-1.055977932832717459e+00
-1.055977932832717459e+00
-9.924566663043130621e-01
-9.924566663043130621e-01
-9.924566663043130621e-01
-1.097651400113068387e+00
-1.043447095443052808e+00
-1.088326848921485901e+00
-1.055143167671918736e+00
-1.061124390276612317e+00
-1.078708334423695847e+00
-1.078708334423695847e+00
-1.078708334423695847e+00
-1.078708334423695847e+00
-1.080995264178612025e+00
-1.131332969989787385e+00
-1.131332969989787385e+00
-1.070707889159767667e+00
-1.070707889159767667e+00
-1.112588388146741991e+00
-1.003077120207822581e+00
-1.007802332647303567e+00
-8.466321625767555537e-01
-8.466321625767555537e-01
-8.970601752948004215e-01
-1.019288024351715727e+00
-1.019288024351715727e+00
-1.019288024351715727e+00
-1.019288024351715727e+00
-1.019288024351715727e+00
-1.105938321167016181e+00
-1.105938321167016181e+00
-1.107611329555092450e+00
-1.103686936897892767e+00
-1.103686936897892767e+00
-1.362936001977383293e+00
-1.204989430400775774e+00
-1.442341401526194167e+00
-1.574249359171917995e+00
-1.574249359171917995e+00
-1.488379838073621064e+00
-1.488379838073621064e+00
-1.488379838073621064e+00
-1.622735285380110248e+00
-1.667328424444129764e+00
-1.606060500648357703e+00
-1.476166017115621898e+00
-1.476166017115621898e+00
-1.565515131243019997e+00
-1.565515131243019997e+00
-1.649460285969949647e+00
-1.684863824771744678e+00
-1.796274917426081918e+00
-1.776045655097640896e+00
-1.801606975505338548e+00
-1.801606975505338548e+00
-1.801606975505338548e+00
-1.801606975505338548e+00
-1.801606975505338548e+00
-1.801606975505338548e+00
-1.635910073822745225e+00
-1.644577290471902709e+00
-1.644577290471902709e+00
-1.644577290471902709e+00
-1.644577290471902709e+00
-1.644577290471902709e+00
-1.506053879467639245e+00
-1.525334292868949948e+00
-1.525334292868949948e+00
-1.516896894574118360e+00
-1.516896894574118360e+00
-1.516896894574118360e+00
-1.516896894574118360e+00
-1.516896894574118360e+00
-1.516896894574118360e+00
-1.427791180892158174e+00
-1.427791180892158174e+00
-1.427791180892158174e+00
-1.634471007244471918e+00
-1.587782036255588336e+00
-1.691627467792917061e+00
-1.639174144200915118e+00
-1.639174144200915118e+00
-1.846739146282138089e+00
-1.442750538022230300e+00
-1.442750538022230300e+00
-1.348502056500419766e+00
-1.348502056500419766e+00
-1.474853014187364586e+00
-1.824383664931166882e+00
-1.834146374688635506e+00
-1.921894920817517782e+00
-1.921894920817517782e+00
-1.801081956700862019e+00
-1.894557185866256876e+00
-1.894557185866256876e+00
-1.891327510684368995e+00
-1.891327510684368995e+00
-1.683034311422474394e+00
-1.601415533877003750e+00
-1.600948191736919712e+00
-1.600948191736919712e+00
-1.600948191736919712e+00
-1.600948191736919712e+00
-1.671229983377767292e+00
-1.671229983377767292e+00
-1.671229983377767292e+00
-1.671229983377767292e+00
-1.671229983377767292e+00
-1.652491989341328127e+00
-8.499462273649062150e-01
-9.962292743269555162e-01
-1.142573254802326854e+00
-1.142573254802326854e+00
-1.143371941251221990e+00
-1.143371941251221990e+00
-1.143371941251221990e+00
-1.044111024599567505e+00
-1.264614789442783938e+00
-1.264614789442783938e+00
-1.264614789442783938e+00
-1.301553008526480149e+00
-1.301553008526480149e+00
-1.301553008526480149e+00
-1.292537109602464929e+00
-1.292537109602464929e+00
-1.228325096933090110e+00
-1.228325096933090110e+00
-1.228325096933090110e+00
-1.120245804648115406e+00
-1.171637261611837344e+00
-7.880888600108270081e-01
-1.361186538771140375e+00
-1.301965282684538705e+00
-1.301965282684538705e+00
-1.301965282684538705e+00
-1.262392167578573865e+00
-1.264969295222564849e+00
-1.264969295222564849e+00
-1.264969295222564849e+00
-1.264969295222564849e+00
-1.264969295222564849e+00
-1.259720483780406353e+00
-1.196649787952535515e+00
-1.271033179986929218e+00
-1.271033179986929218e+00
-1.276016785913237417e+00
-1.276016785913237417e+00
-1.276016785913237417e+00
-1.431010143876214391e+00
-1.095162657076654167e+00
-1.095162657076654167e+00
-8.800334385120416325e-01
-8.800334385120416325e-01
-9.183096875249943114e-01
-9.183096875249943114e-01
-9.787103400150773957e-01
-9.787103400150773957e-01
-9.787103400150773957e-01
-9.787103400150773957e-01
-9.787103400150773957e-01
-9.039611709415587004e-01
-9.039611709415587004e-01
-9.478151365856497534e-01
-9.478151365856497534e-01
-9.478151365856497534e-01
-9.478151365856497534e-01
-9.478151365856497534e-01
-9.478151365856497534e-01
-1.000567789778992189e+00
-1.000567789778992189e+00
-1.000567789778992189e+00
-1.134477932901257979e+00
-1.134477932901257979e+00
-9.304068881764026022e-01
-8.283418614052753259e-01
-9.473374673154734138e-01
-9.473374673154734138e-01
-9.473374673154734138e-01
-9.473374673154734138e-01
-9.473374673154734138e-01
-9.473374673154734138e-01
-9.473374673154734138e-01
-8.976536105637635821e-01
-8.849805973258108027e-01
-1.077213659470935614e+00
-8.850936481647506682e-01
-8.850936481647506682e-01
-9.970160937927609046e-01
-9.970160937927609046e-01
-9.842792180953546799e-01
-1.065996382580235657e+00
-1.117423551848823582e+00
-1.117423551848823582e+00
-1.117423551848823582e+00
-1.046643439864136882e+00
-1.155642293514045127e+00
-9.862022171259412495e-01
-1.095332160113378084e+00
-1.066670371628635872e+00
-1.061404182452070799e+00
-1.067898453846035656e+00
-1.067898453846035656e+00
-1.067898453846035656e+00
-1.052851117778087486e+00
-1.052851117778087486e+00
-1.373854096118927837e+00
-1.373854096118927837e+00
-1.474102215701890373e+00
-1.160883044204159331e+00
-1.371867116181866075e+00
-8.097264647072964783e-01
-1.074629478335898725e+00
-1.029867802927700193e+00
-8.628412001724549141e-01
-1.067738820951864342e+00
-1.067738820951864342e+00
-1.067738820951864342e+00
-9.667546974519638514e-01
-9.667546974519638514e-01
-9.667546974519638514e-01
-9.667546974519638514e-01
-9.667546974519638514e-01
-9.667546974519638514e-01
-7.882093606148178333e-01
-7.882093606148178333e-01
-7.882093606148178333e-01
-7.579645005140417391e-01
-7.677959146157506964e-01
-7.807199319887508926e-01
-7.807199319887508926e-01
-7.807199319887508926e-01
-8.711624947138427721e-01
-8.466752275624612745e-01
-9.949719764489429741e-01
-1.150443526020840990e+00
-1.150443526020840990e+00
-1.166284962542218695e+00
-1.099805478167902306e+00
-1.102177093297360688e+00
-1.210006806455016903e+00
-1.124011167128698530e+00
-1.155379296719972082e+00
-1.155379296719972082e+00
-1.202378373513103949e+00
-1.213128217175053924e+00
-1.213128217175053924e+00
-9.262579831942078235e-01
-9.262579831942078235e-01
-1.099593336298042789e+00
-1.099593336298042789e+00
-1.099593336298042789e+00
-1.081749011636672808e+00
-9.788101619092977046e-01
-9.858539324435927620e-01
-9.919604238019670284e-01
-8.895058415860995771e-01
-8.895058415860995771e-01
-9.599179452968786830e-01
-9.599179452968786830e-01
-9.599179452968786830e-01
-9.348202744349243254e-01
-1.028140511126744538e+00
-9.553840471466077400e-01
-1.059433992389705592e+00
-1.059433992389705592e+00
-1.059433992389705592e+00
-9.554342552320673754e-01
-1.010665733757647455e+00
-1.079288568952791794e+00
-1.127673352975594678e+00
-1.127673352975594678e+00
-1.338518093657806052e+00
-1.524713004610663170e+00
-1.436360417093473174e+00
-1.490650323968724100e+00
-1.490650323968724100e+00
-1.010312699607683440e+00
-8.729235554845053979e-01
-1.042650171405544723e+00
-1.165916050008678928e+00
-1.165916050008678928e+00
-1.152244265886823493e+00
-1.152244265886823493e+00
-1.043119516056140617e+00
-1.043119516056140617e+00
-1.231838839552712228e+00
-1.232602915138728106e+00
-1.097207285967111146e+00
-1.097207285967111146e+00
-1.213557118939826873e+00
-1.213557118939826873e+00
-1.203592379065932860e+00
-1.062214499302677861e+00
-1.341021243836992616e+00
-1.405231277496781006e+00
-1.403376769805845026e+00
-1.403376769805845026e+00
-1.157101400951773051e+00
-1.157101400951773051e+00
-1.253946329144765670e+00
-1.025768752909712145e+00
-1.014716100065023108e+00
-9.605135739643357873e-01
-1.058340175668736949e+00
-1.137184796586711455e+00
-9.807227674611012080e-01
-9.807227674611012080e-01
-9.807227674611012080e-01
-1.265745309801450613e+00
-1.265745309801450613e+00
-1.016951437153710502e+00
-1.016951437153710502e+00
-1.016951437153710502e+00
-1.016951437153710502e+00
-1.016951437153710502e+00
-1.016951437153710502e+00
-1.001051186506833002e+00
-1.001051186506833002e+00
-1.001051186506833002e+00
-1.093176366694868618e+00
-1.093176366694868618e+00
-1.093176366694868618e+00
-1.112594840691651488e+00
-1.112594840691651488e+00
-1.057986214588847673e+00
-1.057986214588847673e+00
-1.134546073671421906e+00
-1.134546073671421906e+00
-1.076838058288373867e+00
-1.076838058288373867e+00
-1.076838058288373867e+00
-1.076838058288373867e+00
-1.076838058288373867e+00
-1.076838058288373867e+00
-1.076838058288373867e+00
-1.076838058288373867e+00
-1.085663701224514055e+00
-1.079027301871743560e+00
-1.083106638856281334e+00
-1.083106638856281334e+00
-1.083106638856281334e+00
-1.083106638856281334e+00
-1.221402209329542243e+00
-1.383057654207002551e+00
-1.315253872092138065e+00
-1.278356466508408840e+00
-1.472403449176798551e+00
-1.472403449176798551e+00
-1.521652217551607400e+00
-1.521652217551607400e+00
-1.521652217551607400e+00
-1.442708403355200897e+00
-1.439175240646170195e+00
-1.393296305847434358e+00
-1.552615869801620363e+00
-1.552615869801620363e+00
-1.480301186201818275e+00
-1.557341946317467807e+00
-1.567054108207462493e+00
-1.148008133471105419e+00
-1.177668103972002722e+00
-1.177668103972002722e+00
-1.177668103972002722e+00
-1.177668103972002722e+00
-1.177668103972002722e+00
-1.177668103972002722e+00
-1.177668103972002722e+00
-1.177668103972002722e+00
-1.177668103972002722e+00
-1.667555380554140321e+00
-1.686756929730604648e+00
-1.719378171515092868e+00
-1.189958107588874325e+00
-1.176523229078951349e+00
-1.176523229078951349e+00
-1.236058664596603185e+00
-1.236058664596603185e+00
-1.236058664596603185e+00
-1.117627622067183468e+00
-1.038022647566292145e+00
-1.038022647566292145e+00
-1.038022647566292145e+00
-1.038022647566292145e+00
-1.038022647566292145e+00
-1.038022647566292145e+00
-1.135626581714479277e+00
-1.278891404390740227e+00
-1.188712870464241789e+00
-1.205512939350048995e+00
-1.197688677723557360e+00
-1.197336322444273460e+00
-1.197336322444273460e+00
-1.242370680037540920e+00
-1.242370680037540920e+00
-1.242370680037540920e+00
-1.189097298114629719e+00
-1.055021909840289318e+00
-1.123731290505812330e+00
-1.123731290505812330e+00
-1.123731290505812330e+00
-1.123731290505812330e+00
-8.127859266426951113e-01
-8.127859266426951113e-01
-8.127859266426951113e-01
-9.385017159941719811e-01
-9.385017159941719811e-01
-9.385017159941719811e-01
-1.259279117605522247e+00
-1.259279117605522247e+00
-1.040109670893045735e+00
-1.040109670893045735e+00
-1.002445151027824943e+00
-1.074278199731828032e+00
-1.076847275123557379e+00
-1.076847275123557379e+00
-1.112539230417636915e+00
-1.194562514161533473e+00
-1.131309234248202733e+00
-1.103624427763904237e+00
-1.103624427763904237e+00
-1.262086591818536441e+00
-1.262086591818536441e+00
-1.247421864790233537e+00
-1.217764015770029129e+00
-1.217764015770029129e+00
-1.070580905795177395e+00
-1.040854985893419071e+00
-1.023447145454697838e+00
-1.023447145454697838e+00
-1.227312120520831717e+00
-1.227312120520831717e+00
-1.231442532308615334e+00
-1.231442532308615334e+00
-1.231442532308615334e+00
-1.231442532308615334e+00
-1.216096826894992766e+00
-1.216096826894992766e+00
-1.132489060211915977e+00
-1.132489060211915977e+00
-1.132489060211915977e+00
-1.132489060211915977e+00
-1.041493669866572658e+00
-1.041493669866572658e+00
-1.186130018012534704e+00
-1.016380965819839499e+00
-1.016380965819839499e+00
-1.015351333253824206e+00
-1.015351333253824206e+00
-1.015351333253824206e+00
-1.123531567147332932e+00
-1.244355787201121721e+00
-1.244355787201121721e+00
-1.128662419787092031e+00
-1.128662419787092031e+00
-1.128662419787092031e+00
-1.128662419787092031e+00
-1.128662419787092031e+00
-1.171040062444238972e+00
-1.193570207922205917e+00
-1.333128939809073987e+00
-1.330992731089988945e+00
-1.330992731089988945e+00
-1.330992731089988945e+00
-1.330992731089988945e+00
-1.331317937498631032e+00
-1.559891467655351471e+00
-1.559891467655351471e+00
-1.559891467655351471e+00
-9.913751623021117565e-01
-9.913751623021117565e-01
-1.496063444083702620e+00
-1.496063444083702620e+00
-1.382062711828768498e+00
-1.377708029906820508e+00
-1.395200205263424031e+00
-1.400101500795584375e+00
-1.374553164580784026e+00
-1.310053268326887732e+00
-1.310053268326887732e+00
-1.508602471021659674e+00
-1.508602471021659674e+00
-1.191390963644700429e+00
-1.451257024400742335e+00
-1.451257024400742335e+00
-1.374275164254772141e+00
-1.525141365155302520e+00
-1.363647405433049631e+00
-1.465782263563101928e+00
-1.433842716091131564e+00
-1.329773093958796615e+00
-1.290796147381496395e+00
-1.276088410508448900e+00
-1.101139890859138548e+00
-1.013601348055349405e+00
-1.040188117481361196e+00
-1.040188117481361196e+00
-1.025604282776492848e+00
-1.162444926381014154e+00
-1.162444926381014154e+00
-1.265537725065923658e+00
-1.066901614474132787e+00
-1.066901614474132787e+00
-1.066901614474132787e+00
-1.426962924087404216e+00
-1.420585550260407892e+00
-1.420585550260407892e+00
-1.420585550260407892e+00
-1.249773585983817270e+00
-1.392595314772393733e+00
-1.337609655961867317e+00
-1.276638932354306810e+00
-1.276638932354306810e+00
-1.545916566417676830e+00
-1.545916566417676830e+00
-1.545916566417676830e+00
-1.545916566417676830e+00
-1.545916566417676830e+00
-1.545916566417676830e+00
-1.436636651547977817e+00
-1.240600712631035440e+00
-1.240600712631035440e+00
-1.240600712631035440e+00
-1.244448616698573318e+00
-1.244448616698573318e+00
-1.244448616698573318e+00
-1.244448616698573318e+00
-1.244448616698573318e+00
-1.409389440031457275e+00
-1.180646025821056488e+00
-1.180646025821056488e+00
-1.180646025821056488e+00
-1.180646025821056488e+00
-1.180646025821056488e+00
-1.117111509903364164e+00
-1.117111509903364164e+00
-1.154594648772331977e+00
-1.283536594573284395e+00
-1.308660154042306845e+00
-1.255934731172887675e+00
-1.255934731172887675e+00
-1.239398849061601027e+00
-1.251724415258383294e+00
-1.237562260323528340e+00
-1.237562260323528340e+00
-1.068003404578450333e+00
-1.242945981201581507e+00
-1.211263885208004876e+00
-1.286223345616653413e+00
-1.286223345616653413e+00
-1.220628981679300118e+00
-1.220628981679300118e+00
-1.220628981679300118e+00
-1.220650716989044371e+00
-1.012866278461878489e+00
-1.324772895933033379e+00
-1.351141760028636174e+00
-1.354149539934403013e+00
-1.354149539934403013e+00
-1.203089677737174013e+00
-1.203089677737174013e+00
-1.203089677737174013e+00
-1.342062126118894527e+00
-1.342062126118894527e+00
-1.342062126118894527e+00
-1.340809187244986767e+00
-1.340809187244986767e+00
-1.337400413983864667e+00
-1.168666172179520180e+00
-1.224417472028892284e+00
-1.237402141549174717e+00
-1.180184085513992009e+00
-1.148938779359970130e+00
-1.148938779359970130e+00
-1.069103362817076075e+00
-1.069103362817076075e+00
-1.069103362817076075e+00
-1.083452616897214060e+00
-1.083452616897214060e+00
-1.144720558153804690e+00
-1.144720558153804690e+00
-1.184077127833180976e+00
-1.284961684541986671e+00
-1.284961684541986671e+00
-1.172340968477761702e+00
-1.185011719753534809e+00
-1.162541889724124866e+00
-1.162541889724124866e+00
-1.185151623767518370e+00
-1.163122344135661734e+00
-1.163122344135661734e+00
-1.163122344135661734e+00
-1.163122344135661734e+00
-1.163122344135661734e+00
-1.118737704935411248e+00
-1.062583823811421357e+00
-1.062583823811421357e+00
-1.062583823811421357e+00
-1.062583823811421357e+00
-1.062583823811421357e+00
-1.062583823811421357e+00
-1.045155997599721331e+00
-1.045155997599721331e+00
-1.250188221580491810e+00
-1.250188221580491810e+00
-1.190738371988856903e+00
-1.154881999100844325e+00
-1.154881999100844325e+00
-1.154881999100844325e+00
-1.154881999100844325e+00
-1.203371723955238837e+00
-1.203371723955238837e+00
-1.050417039130463026e+00
-1.058851316589421998e+00
-1.058851316589421998e+00
-1.079425516806096663e+00
-1.079425516806096663e+00
-1.263891677544926928e+00
-1.231980008692263873e+00
-1.231980008692263873e+00
-1.246897513442207783e+00
-1.246897513442207783e+00
-1.241667877619626603e+00
-1.241667877619626603e+00
-1.241667877619626603e+00
-1.229558700027346241e+00
-1.156268868445194720e+00
-1.156268868445194720e+00
-1.275565718027081852e+00
-1.174172481260351786e+00
-1.012075657619883717e+00
-1.028405136044728829e+00
-1.028405136044728829e+00
-1.028405136044728829e+00
-1.028405136044728829e+00
-1.028405136044728829e+00
-1.028405136044728829e+00
-1.128905902634983915e+00
-1.128905902634983915e+00
-1.042586239626791533e+00
-1.042586239626791533e+00
-1.042586239626791533e+00
-1.042586239626791533e+00
-1.042586239626791533e+00
-1.042586239626791533e+00
-1.121667246954067165e+00
-1.121667246954067165e+00
-1.064347030245688330e+00
-1.064347030245688330e+00
-1.033189719483808222e+00
-1.117596152121464348e+00
-1.026401032516248035e+00
-9.737074167905209743e-01
-1.013052406922504867e+00
-1.013052406922504867e+00
-9.821604711733079585e-01
-8.627999377698998273e-01
-8.627999377698998273e-01
-8.624420802872628800e-01
-1.234139426691103880e+00
-1.212488461311113097e+00
-1.193412302236439571e+00
-1.139135348207146903e+00
-1.321576495767373682e+00
-1.321576495767373682e+00
-1.184471170042182164e+00
-1.168244956707872095e+00
-1.227024525137768274e+00
-1.236771192404808151e+00
-1.236771192404808151e+00
-1.263760564107321516e+00
-1.269726864826825619e+00
-1.339099601017718966e+00
-1.339099601017718966e+00
-1.429966683222054336e+00
-1.429966683222054336e+00
-1.429966683222054336e+00
-1.414758355371971810e+00
-1.414758355371971810e+00
-1.441041511108612116e+00
-1.331134285898489145e+00
-1.142264282092989580e+00
-1.142264282092989580e+00
-9.014964773581665147e-01
-9.014964773581665147e-01
-9.508618633543119980e-01
-9.508618633543119980e-01
-9.577899230535983355e-01
-9.577899230535983355e-01
-9.875327221682204115e-01
-1.085513559829883512e+00
-1.356555947892352565e+00
-1.356555947892352565e+00
-1.356555947892352565e+00
-1.356555947892352565e+00
-1.356555947892352565e+00
-1.033302096354427713e+00
-1.277275793562608008e+00
-1.277275793562608008e+00
-1.277275793562608008e+00
-1.262441639596241005e+00
-1.262441639596241005e+00
-1.262441639596241005e+00
-1.297992870445459301e+00
-1.297992870445459301e+00
-1.201922116327106993e+00
-1.201922116327106993e+00
-1.201922116327106993e+00
-1.209068140236351230e+00
-1.347438297245661110e+00
-1.347438297245661110e+00
-1.347438297245661110e+00
-1.370859425795820208e+00
-1.370859425795820208e+00
-1.315721122131535248e+00
-1.304223982785947422e+00
-1.304223982785947422e+00
-1.205801720091591145e+00
-1.217341325993037016e+00
-1.217341325993037016e+00
-1.223933988697053277e+00
-1.223933988697053277e+00
-1.223933988697053277e+00
-1.223933988697053277e+00
-1.318698410065167970e+00
-1.318698410065167970e+00
-1.221938924152282224e+00
-1.241382235866180794e+00
-1.241382235866180794e+00
-1.241382235866180794e+00
-1.241382235866180794e+00
-1.556331037569805176e+00
-1.556331037569805176e+00
-1.556331037569805176e+00
-1.556331037569805176e+00
-1.556331037569805176e+00
-1.122795085790971203e+00
-1.082761612803336160e+00
-1.082761612803336160e+00
-1.082761612803336160e+00
-1.082761612803336160e+00
-1.164804558102938703e+00
-1.164804558102938703e+00
-1.164804558102938703e+00
-1.189289226374127484e+00
-1.189289226374127484e+00
-1.153660977941012522e+00
-1.316167867018301019e+00
-1.316167867018301019e+00
-1.328348705300371968e+00
-1.328348705300371968e+00
-1.328348705300371968e+00
-1.328348705300371968e+00
-1.323434102199794182e+00
-1.327930148570867441e+00
-1.392993461522268772e+00
-1.392993461522268772e+00
-1.388181279331320628e+00
-1.377041288955860976e+00
-1.377041288955860976e+00
-1.372631140409253936e+00
-1.370197806066851154e+00
-1.370197806066851154e+00
-1.295951259615949258e+00
-1.301550531346906903e+00
-1.461785813538825529e+00
-1.317662480319443885e+00
-1.317662480319443885e+00
-1.298466328607711828e+00
-1.378598400780262079e+00
-1.298443663881579280e+00
-1.383403812268851008e+00
-1.422123485545841115e+00
-1.422123485545841115e+00
-1.641363283519760685e+00
-1.641363283519760685e+00
-1.641363283519760685e+00
-1.684105979495104988e+00
-1.684105979495104988e+00
-1.438269757132648818e+00
-1.438269757132648818e+00
-1.393939201253917792e+00
-1.134646551803502934e+00
-1.134646551803502934e+00
-9.106392773693636755e-01
-8.672868314551270830e-01
-8.133284426169068437e-01
-8.133284426169068437e-01
-8.663046063064021585e-01
-1.147971459638978953e+00
-1.159291750361664430e+00
-1.254746870171491890e+00
-1.254746870171491890e+00
-1.231880373357342240e+00
-1.118901557645190614e+00
-1.118901557645190614e+00
-1.118901557645190614e+00
-1.153623513251929689e+00
-1.095505748488683651e+00
-1.095505748488683651e+00
-1.114348592309635233e+00
-1.042130589766025572e+00
-1.042130589766025572e+00
-1.042130589766025572e+00
-1.199703093890753802e+00
-1.199703093890753802e+00
-1.127994335283778016e+00
-1.127664760044381653e+00
-1.127664760044381653e+00
-1.127664760044381653e+00
-1.133002231417834960e+00
-1.133405968909012351e+00
-1.133405968909012351e+00
-1.044624843410871362e+00
-1.156661601552993357e+00
-1.156661601552993357e+00
-1.212017718291806379e+00
-1.004660927708249663e+00
-1.004660927708249663e+00
-1.049466897228766182e+00
-1.049466897228766182e+00
-1.049466897228766182e+00
-1.021027243664544226e+00
-9.743921505693383667e-01
-9.738184488618543133e-01
-9.738184488618543133e-01
-1.086086723601792370e+00
-1.086086723601792370e+00
-1.190196368857044940e+00
-1.190196368857044940e+00
-1.101586930241609474e+00
-1.232988234263388216e+00
-1.232988234263388216e+00
-1.292700087568763534e+00
-1.504686985009763056e+00
-1.549672462064185519e+00
-1.549672462064185519e+00
-1.549672462064185519e+00
-1.549672462064185519e+00
-1.389378487259689265e+00
-1.389378487259689265e+00
-1.404043285396796792e+00
-1.500229803294109265e+00
-1.605696539796652056e+00
-1.605696539796652056e+00
-1.607663582724464968e+00
-1.607663582724464968e+00
-1.607663582724464968e+00
-1.559352083587138615e+00
-1.559352083587138615e+00
-1.609076844738536849e+00
-1.642703422122857804e+00
-1.637554114145721940e+00
-1.584756520061181728e+00
-1.360757742236656131e+00
-1.280875215768561892e+00
-1.280875215768561892e+00
-1.324227661032491454e+00
-1.283252224907863948e+00
-1.203458345865893842e+00
-1.155508364265803500e+00
-1.250721141671471415e+00
-1.277674748563773610e+00
-1.277674748563773610e+00
-1.214088149292126273e+00
-1.246316630954704907e+00
-1.062085221682085967e+00
-1.323058614993100512e+00
-1.120909503058378887e+00
-1.027370357904880516e+00
-9.842383349014925953e-01
-9.842383349014925953e-01
-1.052345214398863193e+00
-1.052345214398863193e+00
-1.215248893626068583e+00
-1.215248893626068583e+00
-1.215248893626068583e+00
-9.988290423661010387e-01
-8.137917933717799812e-01
-8.251683508838926207e-01
-1.046944717853250495e+00
-1.355826075115500906e+00
-1.222187696910908450e+00
-1.201802753164433968e+00
-1.225481997781100896e+00
-1.233868157416008859e+00
-1.233868157416008859e+00
-1.049267614670228665e+00
-9.574924314564712269e-01
-1.292868254070169698e+00
-1.262119620908597861e+00
-1.233884666442933709e+00
-1.086789321134415287e+00
-1.086789321134415287e+00
-9.913360725549619223e-01
-1.026896309959336451e+00
-1.033200117938456453e+00
-1.055895188254814210e+00
-1.055895188254814210e+00
-1.055895188254814210e+00
-1.055895188254814210e+00
-9.863080340908673138e-01
-1.074285662174805811e+00
-1.000777759599188688e+00
-1.029050913883095442e+00
-1.090874643133044497e+00
-1.079424057896377631e+00
-1.148196316289312069e+00
-1.151186549008339499e+00
-1.177812375210548046e+00
-1.204980226541758848e+00
-1.204980226541758848e+00
-1.207781501837053462e+00
-1.116928571110542112e+00
-1.116928571110542112e+00
-1.116928571110542112e+00
-1.116928571110542112e+00
-9.660230870187062058e-01
-9.808747866415948868e-01
-1.008912154204851808e+00
-1.008912154204851808e+00
-9.540872116583423157e-01
-9.291258618836626404e-01
-1.433033857427769897e+00
-1.243248322177049836e+00
-7.836712063618703761e-01
-8.866926814341055119e-01
-8.866926814341055119e-01
-1.317628045920134383e+00
-1.409338690189531729e+00
-1.409338690189531729e+00
-1.334203848468776155e+00
-1.334203848468776155e+00
-1.319890964741422534e+00
-1.319890964741422534e+00
-1.319890964741422534e+00
-1.319314059777742409e+00
-1.319314059777742409e+00
-1.319075429127286370e+00
-1.227711006045404840e+00
-1.227711006045404840e+00
-1.227711006045404840e+00
-1.234989913648952164e+00
-1.208593679079051908e+00
-1.208593679079051908e+00
-1.109416770252701800e+00
-1.109416770252701800e+00
-1.109416770252701800e+00
-1.109416770252701800e+00
-1.106318457313180348e+00
-1.106318457313180348e+00
-1.330923407849036177e+00
-1.228688417264046207e+00
-1.328330880759811317e+00
-1.334039155508776497e+00
-1.423809916059630254e+00
-1.262759256479254244e+00
-1.262759256479254244e+00
-1.262759256479254244e+00
-1.262759256479254244e+00
-1.252943963441516262e+00
-1.252943963441516262e+00
-1.050417894718869372e+00
-1.030478056742459847e+00
-1.030478056742459847e+00
-1.030478056742459847e+00
-1.030478056742459847e+00
-1.030478056742459847e+00
-1.096584972825063842e+00
-9.243706577308680172e-01
-9.243706577308680172e-01
-9.201356224578497445e-01
-1.335951913150791981e+00
-1.272197770705467246e+00
-1.252590661621765911e+00
-1.252590661621765911e+00
-1.311659427369795239e+00
-1.355739201451856557e+00
-1.355739201451856557e+00
-1.355739201451856557e+00
-1.355739201451856557e+00
-1.074744777057472067e+00
-1.074744777057472067e+00
-1.095620894190866057e+00
-1.095620894190866057e+00
-1.095620894190866057e+00
-1.095620894190866057e+00
-1.263360209308280080e+00
-1.263360209308280080e+00
-1.263360209308280080e+00
-1.263360209308280080e+00
-1.263360209308280080e+00
-1.255270793690246078e+00
-1.276891259921998367e+00
-1.247856452025411622e+00
-1.223739777792650640e+00
-1.223739777792650640e+00
-1.223739777792650640e+00
-1.223739777792650640e+00
-1.223739777792650640e+00
-1.177411469299538105e+00
-1.266667330314269924e+00
-1.110938836824518772e+00
-1.110938836824518772e+00
-1.110938836824518772e+00
-1.151307983435042592e+00
-1.151307983435042592e+00
-9.171702132749205427e-01
-1.081749294357492452e+00
-1.081749294357492452e+00
-1.081749294357492452e+00
-1.090420201703055758e+00
-1.189336282782754939e+00
-1.189336282782754939e+00
-1.189336282782754939e+00
-1.144044339333353477e+00
-1.144044339333353477e+00
-1.144044339333353477e+00
-1.144026193723694629e+00
-8.957382933709883144e-01
-8.957382933709883144e-01
-8.957382933709883144e-01
-8.957382933709883144e-01
-8.957382933709883144e-01
-8.957382933709883144e-01
-8.957382933709883144e-01
-8.957382933709883144e-01
-9.605655100975513117e-01
-1.193713410643584938e+00
-9.092916544372291465e-01
-9.092916544372291465e-01
-9.323860311272403889e-01
-9.323860311272403889e-01
-1.327729305838472484e+00
-1.023871127823537952e+00
-8.852264223447569025e-01
-8.840937207740152681e-01
-8.840937207740152681e-01
-9.933111874799307461e-01
-9.933111874799307461e-01
-1.112257447551472378e+00
-1.112257447551472378e+00
-1.112257447551472378e+00
-1.104280521690674810e+00
-1.104280521690674810e+00
-1.147425459135687165e+00
-1.147425459135687165e+00
-1.147449177341719029e+00
-1.260175181252780607e+00
-1.260175181252780607e+00
-1.260175181252780607e+00
-1.260175181252780607e+00
-1.236248684319130486e+00
-1.236248684319130486e+00
-9.285359344188693909e-01
-9.285359344188693909e-01
-9.285359344188693909e-01
-8.531323384447641045e-01
-8.100856762418761070e-01
-6.922734266485349730e-01
-8.683151498238210753e-01
-8.683151498238210753e-01
-8.719619208654654230e-01
-8.684835309068548170e-01
-8.684835309068548170e-01
-8.711014889394201877e-01
-8.257188405142932286e-01
-8.709993974692036289e-01
-8.709993974692036289e-01
-8.709993974692036289e-01
-8.709993974692036289e-01
-9.790982308072067042e-01
-1.016257889953470439e+00
-1.016257889953470439e+00
-1.016257889953470439e+00
-1.016257889953470439e+00
-9.726645259645454455e-01
-9.726645259645454455e-01
-8.845739174503564062e-01
-9.157430746622793327e-01
-9.675465027883464186e-01
-9.675465027883464186e-01
-9.315979228257038613e-01
-9.315979228257038613e-01
-8.302718449701844694e-01
-9.635442743847927316e-01
-1.109554121652312597e+00
-1.061274544123181007e+00
-1.061274544123181007e+00
-1.049913646565229230e+00
-1.049913646565229230e+00
-1.015593325854962092e+00
-8.774678371854286452e-01
-8.774678371854286452e-01
-9.942704233495647248e-01
-1.123534436367433331e+00
-1.123384175464554602e+00
-1.123384175464554602e+00
-1.123384175464554602e+00
-1.015203100671117076e+00
-1.015203100671117076e+00
-9.081881028098323094e-01
-7.358575091873446050e-01
-9.571737312802923725e-01
-9.571737312802923725e-01
-9.174256281295631865e-01
-9.174256281295631865e-01
-9.174256281295631865e-01
-9.174256281295631865e-01
-9.739644360736482431e-01
-1.026658390637902096e+00
-1.122762304210046080e+00
-1.184378227249239357e+00
-1.092543028309185926e+00
-1.092543028309185926e+00
-8.594827481123112900e-01
-8.594827481123112900e-01
-1.028301405832435789e+00
-1.028301405832435789e+00
-1.019521018156288816e+00
-1.019521018156288816e+00
-8.196499156820868937e-01
-8.196499156820868937e-01
-9.724424559799044188e-01
-8.668554526785593461e-01
-8.668554526785593461e-01
-8.688837324997638056e-01
-1.032148061890226787e+00
-1.032148061890226787e+00
-1.032148061890226787e+00
-1.032148061890226787e+00
-1.198435298977930108e+00
-1.199454136604967358e+00
-9.903770439530242831e-01
-9.903770439530242831e-01
-9.903770439530242831e-01
-9.903770439530242831e-01
-9.903770439530242831e-01
-9.903770439530242831e-01
-9.824058237206475530e-01
-1.071067388763538464e+00
-1.071067388763538464e+00
-1.167516237690106040e+00
-1.167516237690106040e+00
-1.167516237690106040e+00
-1.200333340797190784e+00
-1.200333340797190784e+00
-1.112500862534208768e+00
-1.112500862534208768e+00
-1.112500862534208768e+00
-1.125749204152176830e+00
-1.125749204152176830e+00
-1.125749204152176830e+00
-1.125749204152176830e+00
-1.125749204152176830e+00
-1.140650277905873811e+00
-1.140650277905873811e+00
-1.140650277905873811e+00
-1.140650277905873811e+00
-1.140650277905873811e+00
-1.199493770802020132e+00
-1.095555286378788074e+00
-1.110706849206204661e+00
-1.169649747050965471e+00
-1.097763236913509965e+00
-1.269226554778930538e+00
-1.196880747116582322e+00
-1.183282355981027267e+00
-1.183282355981027267e+00
-1.183282355981027267e+00
-1.087117149485757883e+00
-1.182935708507593331e+00
-1.175686342305882537e+00
-1.175686342305882537e+00
-1.175686342305882537e+00
-1.174335981610204360e+00
-1.027701146306468694e+00
-1.312863520247536275e+00
-1.288487791013699590e+00
-1.288487791013699590e+00
-1.288487791013699590e+00
-1.288487791013699590e+00
-1.225093427681786196e+00
-1.188737500004431569e+00
-9.327022895676373437e-01
-9.327022895676373437e-01
-9.327022895676373437e-01
-9.047304716289439330e-01
-9.047304716289439330e-01
-9.375948071410520335e-01
-1.167308419281302578e+00
-1.209908261088185943e+00
-1.229211641609926797e+00
-1.069311848356598205e+00
-1.149227049468089401e+00
-1.149227049468089401e+00
-1.142036822874380908e+00
-9.735873653076771994e-01
-9.294902920086167697e-01
-9.180751757503236021e-01
-1.159228324324934833e+00
-1.210896640816254255e+00
-1.210896640816254255e+00
-1.210896640816254255e+00
-1.207557936274160415e+00
-1.207557936274160415e+00
-1.129438014855984163e+00
-1.129438014855984163e+00
-1.199427130784144424e+00
-1.141326837534588412e+00
-1.132980849850756533e+00
-1.132980849850756533e+00
-1.113223568691730447e+00
-1.106065123499114566e+00
-1.046639732308972448e+00
-1.128593901638250463e+00
-1.128593901638250463e+00
-1.128593901638250463e+00
-1.149568394701673046e+00
-1.149568394701673046e+00
-1.149694463302070924e+00
-1.397583463150434691e+00
-1.204540975145430348e+00
-1.204540975145430348e+00
-1.250179297971804493e+00
-1.250179297971804493e+00
-1.250179297971804493e+00
-1.188162801186754658e+00
-1.188162801186754658e+00
-1.021142910747588450e+00
-1.124454504929204512e+00
-1.124454504929204512e+00
-1.078348538455873307e+00
-1.273888737672538962e+00
-1.061289224657913310e+00
-1.066803735495505334e+00
-1.066803735495505334e+00
-1.066803735495505334e+00
-1.066803735495505334e+00
-1.227205844524535072e+00
-1.316300688558942555e+00
-1.389304537853707222e+00
-9.502836527496659746e-01
-1.030257028816042864e+00
-1.141563211164299707e+00
-1.141563211164299707e+00
-1.323545049981691424e+00
-1.177443699398393662e+00
-1.099156751679070565e+00
-1.169656757338390474e+00
-1.131721402448562674e+00
-1.131897033885893578e+00
-9.873763794988085207e-01
-8.351100069468339049e-01
-8.368056293527141865e-01
-8.453791883014348807e-01
-9.448124133843800454e-01
-9.448124133843800454e-01
-9.448124133843800454e-01
-1.177948602856944582e+00
-1.384209991613612356e+00
-1.196874374873622582e+00
-1.196874374873622582e+00
-1.176870705855697530e+00
-9.722152899399687520e-01
-1.064069055697639321e+00
-1.105863673448289397e+00
-1.105863673448289397e+00
-1.105863673448289397e+00
-1.285056188638476815e+00
-1.120901752686855213e+00
-1.116304625915842452e+00
-1.116304625915842452e+00
-1.118362431835856485e+00
-9.919357061235641870e-01
-1.037511371407765726e+00
-1.033602954962999920e+00
-1.002353667324646924e+00
-1.002353667324646924e+00
-9.354136104623055337e-01
-9.499178314371705678e-01
-9.499178314371705678e-01
-9.399332480073673279e-01
-1.033564776806843444e+00
-1.033564776806843444e+00
-1.059276884165199828e+00
-8.213424548566156114e-01
-1.097703850483320087e+00
-1.029359022011463898e+00
-1.022346766576800015e+00
-1.022346766576800015e+00
-9.493716661593014638e-01
-1.209590989254900162e+00
-1.205367223705817947e+00
-1.235717388823797780e+00
-1.199377495258314275e+00
-1.143811565212261128e+00
-1.173420095916959616e+00
-1.203209962560164437e+00
-1.259709865917990390e+00
-1.259709865917990390e+00
-1.116389735138005879e+00
-1.116389735138005879e+00
-1.116389735138005879e+00
-1.014669012843294915e+00
-1.014669012843294915e+00
-1.014669012843294915e+00
-1.014669012843294915e+00
-1.013814238320990491e+00
-1.013814238320990491e+00
-1.024692281553598150e+00
-1.024692281553598150e+00
-1.024692281553598150e+00
-1.024692281553598150e+00
-1.024692281553598150e+00
-1.024692281553598150e+00
-1.024692281553598150e+00
-1.024692281553598150e+00
-1.024692281553598150e+00
-1.024692281553598150e+00
-9.932997438444782778e-01
-9.932997438444782778e-01
-9.932997438444782778e-01
-9.899136996996371618e-01
-9.899136996996371618e-01
-9.899136996996371618e-01
-1.305513426796943932e+00
-1.305513426796943932e+00
-1.305513426796943932e+00
-1.305513426796943932e+00
-1.305513426796943932e+00
-1.305513426796943932e+00
-1.304855429551144086e+00
-1.304855429551144086e+00
-1.018427765035585741e+00
-1.174365782908836531e+00
-9.931302415511742421e-01
-1.074003502889014250e+00
-1.074003502889014250e+00
-1.057875055727755642e+00
-1.057875055727755642e+00
-1.057875055727755642e+00
-1.052869924279036917e+00
-1.054673447617115123e+00
-1.054673447617115123e+00
-1.054673447617115123e+00
-9.986895656367861251e-01
-9.986895656367861251e-01
-9.986895656367861251e-01
-1.197240152420112391e+00
-1.067690164026515953e+00
-1.067690164026515953e+00
-1.043424045692241453e+00
-1.043424045692241453e+00
-1.041845778944312295e+00
-1.041845778944312295e+00
-1.098771011902318850e+00
-1.098771011902318850e+00
-9.741603174374022789e-01
-1.065066852359578764e+00
-1.065066852359578764e+00
-1.065066852359578764e+00
-9.995956665839313970e-01
-1.022552183828965289e+00
-1.020094636163609403e+00
-1.017543881635391667e+00
-1.082732076549207445e+00
-1.082732076549207445e+00
-1.335252717460086336e+00
-8.526120712652656142e-01
-9.323907903235846284e-01
-1.014546695482166694e+00
-1.014546695482166694e+00
-1.014546695482166694e+00
-1.014546695482166694e+00
-1.014546695482166694e+00
-1.014546695482166694e+00
-1.217164302016914501e+00
-1.217164302016914501e+00
-1.220055542869095788e+00
-1.200697385853551902e+00
-1.081698744241638366e+00
-1.126381440781751841e+00
-1.231022073484145718e+00
-1.231022073484145718e+00
-1.236228472002359302e+00
-1.240045801355636135e+00
-1.424423261733598123e+00
-1.424423261733598123e+00
-1.249845088277006022e+00
-1.253885881362555521e+00
-1.253885881362555521e+00
-1.253885881362555521e+00
-1.252091397016066310e+00
-1.238964102060554184e+00
-1.165840295883509681e+00
-1.165840295883509681e+00
-1.398893637175926186e+00
-1.398893637175926186e+00
-1.515807481800992784e+00
-1.670136396418138380e+00
-1.670136396418138380e+00
-1.670136396418138380e+00
-1.588813494759432565e+00
-1.219177188244451537e+00
-1.488904315169182313e+00
-1.428911895871159743e+00
-1.428911895871159743e+00
-1.428911895871159743e+00
-1.428911895871159743e+00
-1.420475062675399025e+00
-1.420475062675399025e+00
-1.420475062675399025e+00
-1.420475062675399025e+00
-1.458595891711024661e+00
-1.458595891711024661e+00
-1.269540940036210541e+00
-1.269540940036210541e+00
-1.359803102877054526e+00
-1.359803102877054526e+00
-1.494714742879715841e+00
-1.537213795386998871e+00
-1.537213795386998871e+00
-1.537213795386998871e+00
-1.537213795386998871e+00
-1.433456396854469350e+00
-1.433456396854469350e+00
-1.433456396854469350e+00
-1.261608054439636861e+00
-1.400529156218324411e+00
-1.400529156218324411e+00
-1.259966925386583503e+00
-1.195781937344059465e+00
-1.224760794628062532e+00
-1.224760794628062532e+00
-1.257564209478002848e+00
-8.181530358824793403e-01
-7.967078259557764941e-01
-7.967078259557764941e-01
-7.967078259557764941e-01
-8.301764784477474457e-01
-8.301764784477474457e-01
-8.195773635717454875e-01
-8.195773635717454875e-01
-8.195773635717454875e-01
-8.195773635717454875e-01
-8.195773635717454875e-01
-8.195773635717454875e-01
-8.195773635717454875e-01
-8.746903926857254596e-01
-8.746903926857254596e-01
-8.746903926857254596e-01
-9.481101948043768601e-01
-8.969365620011865436e-01
-9.013128083173378435e-01
-1.001717764658993870e+00
-1.030121004660210948e+00
-9.991594220014098360e-01
-9.991594220014098360e-01
-9.991594220014098360e-01
-1.024750085785528952e+00
-9.909407965652130557e-01
-8.400772909874448802e-01
-8.741610834084585502e-01
-1.185533134074114869e+00
-1.185533134074114869e+00
-1.185533134074114869e+00
-1.152686557894693209e+00
-1.200163273634085925e+00
-1.200163273634085925e+00
-1.200163273634085925e+00
-1.200163273634085925e+00
-1.059006341594657119e+00
-1.059006341594657119e+00
-1.062834094915551475e+00
-1.062834094915551475e+00
-1.011421709061439911e+00
-1.127707164596021272e+00
-9.685580220274440100e-01
-1.005017236489240462e+00
-1.297848386510134233e+00
-1.297848386510134233e+00
-1.294206826391209653e+00
-1.366775983318554211e+00
-1.366775983318554211e+00
-1.366775983318554211e+00
-1.366775983318554211e+00
-1.323375730255589966e+00
-1.323375730255589966e+00
-1.252828157771353812e+00
-1.252828157771353812e+00
-1.027731497483812317e+00
-1.027731497483812317e+00
-1.207183421404785406e+00
-1.112452170390868966e+00
-1.112452170390868966e+00
-1.102369360151374433e+00
-1.312331158076549764e+00
-1.312331158076549764e+00
-1.312331158076549764e+00
-1.151398329426349010e+00
-1.151398329426349010e+00
-8.273768032465206312e-01
-8.273768032465206312e-01
-8.273768032465206312e-01
-8.273768032465206312e-01
-1.231158147019458138e+00
-1.268642684155533162e+00
-1.268642684155533162e+00
-1.268642684155533162e+00
-1.301801300863931976e+00
-1.301801300863931976e+00
-1.100116238432263804e+00
-1.327484499188378075e+00
-1.327484499188378075e+00
-1.327484499188378075e+00
-1.273939727987961179e+00
-1.273939727987961179e+00
-8.903163820756020419e-01
-8.903163820756020419e-01
-1.103196901733994428e+00
-1.103196901733994428e+00
-1.103196901733994428e+00
-1.040591811865774208e+00
-1.014039758237538447e+00
-8.816062229209579160e-01
-9.199768365531773018e-01
-1.109065766374097484e+00
-9.358958439150918407e-01
-1.138095842209398301e+00
-1.079051996133708391e+00
-1.134818428818253899e+00
-1.340248739320770932e+00
-1.259248700809141974e+00
-1.259248700809141974e+00
-1.259248700809141974e+00
-1.190209035349729216e+00
-1.144583505567663861e+00
-1.144583505567663861e+00
-1.144583505567663861e+00
-1.138847786007948892e+00
-1.137262410732991391e+00
-1.188521317478642425e+00
-1.193833692372851640e+00
-1.204524348133853895e+00
-1.062330779180651774e+00
-1.062330779180651774e+00
-1.098507188878105723e+00
-1.098507188878105723e+00
-1.098507188878105723e+00
-1.037955726487094221e+00
-1.037955726487094221e+00
-1.039612580411901854e+00
-1.039612580411901854e+00
-1.065305728923122475e+00
-1.098173967173883492e+00
-1.075389214044577324e+00
-1.124345913719894785e+00
-1.124345913719894785e+00
-1.084081139785923131e+00
-1.084081139785923131e+00
-9.311629341473066646e-01
-9.311629341473066646e-01
-1.204330423212157442e+00
-1.204330423212157442e+00
-1.271089440504761470e+00
-1.211879835594575683e+00
-1.188511495483386193e+00
-1.030825291337973626e+00
-1.030825291337973626e+00
-1.030825291337973626e+00
-1.030825291337973626e+00
-9.247222105858978747e-01
-9.610540539711960317e-01
-9.610540539711960317e-01
-9.610540539711960317e-01
-9.610540539711960317e-01
-9.610540539711960317e-01
-9.610540539711960317e-01
-9.610540539711960317e-01
-9.610540539711960317e-01
-9.610540539711960317e-01
-1.017815996775379039e+00
-1.017815996775379039e+00
-8.061641446202409966e-01
-7.744315243618210554e-01
-7.802869384366606376e-01
-7.802869384366606376e-01
-7.802869384366606376e-01
-1.047501387687957308e+00
-1.247870786136145771e+00
-1.247870786136145771e+00
-1.376619805575819422e+00
-1.307150047367714008e+00
-1.474016780183848407e+00
-9.868214856594077489e-01
-9.868214856594077489e-01
-9.756530645052763351e-01
-9.560861147656596337e-01
-9.560861147656596337e-01
-9.560861147656596337e-01
-9.275649741569087503e-01
-9.220197001426735373e-01
-8.658452109154145537e-01
-8.972001632036543661e-01
-8.972001632036543661e-01
-9.563155576184649842e-01
-8.881952398868193654e-01
-1.046810510324340360e+00
-9.817513111429687633e-01
-9.817513111429687633e-01
-9.817513111429687633e-01
-1.176494585163407880e+00
-1.176494585163407880e+00
-1.146985532646819239e+00
-1.185275266532162641e+00
-1.094249019643421139e+00
-1.064212748305185752e+00
-1.071762806672021506e+00
-1.253548501376997804e+00
-9.609241596619497727e-01
-1.083232473313365363e+00
-1.083232473313365363e+00
-1.083232473313365363e+00
-8.288828512689216943e-01
-8.288828512689216943e-01
-8.288828512689216943e-01
-1.163417604901174407e+00
-8.689698069199791597e-01
-8.577958794432947176e-01
-8.591812018129237893e-01
-8.591812018129237893e-01
-1.037018596341800603e+00
-1.199998848258123862e+00
-1.199998848258123862e+00
-1.199998848258123862e+00
-1.199998848258123862e+00
-1.221057570700967210e+00
-1.087144292166765780e+00
-1.087144292166765780e+00
-1.087144292166765780e+00
-1.087144292166765780e+00
-1.100460758810104966e+00
-1.095724825978812822e+00
-1.095724825978812822e+00
-1.095724825978812822e+00
-1.007209674233627394e+00
-1.007209674233627394e+00
-9.705343329553882681e-01
-9.705343329553882681e-01
-1.236827353794939910e+00
-1.271165439120251373e+00
-1.271165439120251373e+00
-9.719009702462769740e-01
-1.122984921515767898e+00
-1.122984921515767898e+00
-9.705718045673930039e-01
-9.705718045673930039e-01
-9.705718045673930039e-01
-9.641683479523032174e-01
-9.641683479523032174e-01
-1.006285282773738965e+00
-1.107974202531480934e+00
-9.958352557393145288e-01
-9.465555636898979053e-01
-9.196923240775193298e-01
-9.196923240775193298e-01
-1.185315964475675221e+00
-1.185315964475675221e+00
-9.711508359682418101e-01
-9.711508359682418101e-01
-9.557431742670504660e-01
-9.557431742670504660e-01
-9.557431742670504660e-01
-9.557431742670504660e-01
-9.557431742670504660e-01
-1.011679868013446892e+00
-1.011679868013446892e+00
-1.053759238686494237e+00
-1.053759238686494237e+00
-1.066074545586593869e+00
-1.066074545586593869e+00
-1.126306374947468658e+00
-1.126306374947468658e+00
-1.279728320837937972e+00
-1.365014469915533102e+00
-1.078367670850990168e+00
-1.239343087803042032e+00
-1.239343087803042032e+00
-1.209821275183316391e+00
-1.180894435086899286e+00
-1.180894435086899286e+00
-1.000133797763431476e+00
-1.076469271858632837e+00
-1.222996685724048183e+00
-1.230355897609422433e+00
-1.230355897609422433e+00
-1.292223674811191492e+00
-1.292223674811191492e+00
-1.298805904952476498e+00
-1.280366207395833289e+00
-1.280366207395833289e+00
-1.280366207395833289e+00
-1.280366207395833289e+00
-1.280366207395833289e+00
-1.178660164231573049e+00
-1.154456746879791496e+00
-1.162668068040346725e+00
-1.092832062252786507e+00
-1.203799311305129072e+00
-1.203799311305129072e+00
-1.203799311305129072e+00
-1.174061835292913525e+00
-9.299210398731900806e-01
-9.299210398731900806e-01
-8.886545965411182246e-01
-9.994094095125958255e-01
-9.994094095125958255e-01
-1.240391504284843904e+00
-1.331073558243284882e+00
-1.174049792732425157e+00
-1.174049792732425157e+00
-1.174049792732425157e+00
-1.069043548293427515e+00
-1.205452121548511224e+00
-1.205452121548511224e+00
-1.096999865517828576e+00
-1.165610525664810160e+00
-1.165610525664810160e+00
-1.133751715727845610e+00
-1.133751715727845610e+00
-1.093530332784242942e+00
-1.093530332784242942e+00
-9.973542802055348488e-01
-9.973542802055348488e-01
