# Variable: dg_gbvi_00000253
# Sample shape: (2565,)
# Date: 2013-03-08 06:18:15.251460
-5.979359081647187546e-01
-2.272405521485776347e-01
-3.516539303710632947e-01
-2.877542016464244568e-01
-2.124352312768084117e-01
-2.580585198431449845e-01
-2.580585198431449845e-01
-2.729599598660347737e-01
-4.783985292966996261e-01
-7.183181149785073938e-01
-6.443663320606367595e-01
-6.443663320606367595e-01
-6.443663320606367595e-01
-4.432465841813577057e-01
-1.013182426572282413e+00
-1.040008599552727508e+00
-1.040008599552727508e+00
-1.040008599552727508e+00
-1.040008599552727508e+00
-1.008308191381289021e+00
-1.266168029076457646e+00
-1.343519663025241062e+00
-1.024813436917069609e+00
-2.441387600191680107e-01
-1.288831094423954271e+00
-9.171897736989470529e-01
-9.171897736989470529e-01
-9.337934212807972312e-01
-8.451882622090823860e-01
-8.451882622090823860e-01
-1.208635219360341573e+00
-1.208635219360341573e+00
-1.343613486807024415e+00
-1.343613486807024415e+00
-1.343613486807024415e+00
-1.343613486807024415e+00
-1.343613486807024415e+00
-1.457224840327142612e+00
-1.457224840327142612e+00
-1.180137480641397341e+00
-1.180137480641397341e+00
-8.662717468199120363e-01
-1.123834457062398373e+00
-1.123834457062398373e+00
-1.196372114014278676e+00
-9.079088899696876602e-01
-9.079088899696876602e-01
-1.151151915831393868e+00
-1.151151915831393868e+00
-1.369902645454170953e+00
-1.369902645454170953e+00
-8.890935356611076035e-01
-8.890935356611076035e-01
-8.867183583128228630e-01
-8.867183583128228630e-01
-1.062753252088691980e+00
-9.776072177202412838e-01
-1.246220994588801867e+00
-1.246220994588801867e+00
-9.756253983485481118e-01
-1.507750707519119882e+00
-1.507750707519119882e+00
-1.507750707519119882e+00
-1.643400949207737272e+00
-1.643400949207737272e+00
-1.405718122879789478e+00
-1.405718122879789478e+00
-1.321995077920710138e+00
-8.786570453041968598e-01
-8.786570453041968598e-01
-1.230024407271824494e+00
-1.230024407271824494e+00
-1.210080834831863683e+00
-1.126013351187714395e+00
-1.126013351187714395e+00
-1.126013351187714395e+00
-8.675510064081827233e-01
-8.675510064081827233e-01
-8.675510064081827233e-01
-8.675510064081827233e-01
-8.087460624172916335e-01
-8.087460624172916335e-01
-8.087460624172916335e-01
-8.087460624172916335e-01
-9.703884696091854556e-01
-9.703884696091854556e-01
-9.703884696091854556e-01
-1.683125039029392145e+00
-8.663219335360047291e-01
-8.663219335360047291e-01
-9.319002797820740147e-01
-9.011863100736462462e-01
-9.011863100736462462e-01
-9.011863100736462462e-01
-9.128922841256246201e-01
-9.638413925343353172e-01
-9.638413925343353172e-01
-9.638413925343353172e-01
-1.049126659665519323e+00
-1.049126659665519323e+00
-1.049126659665519323e+00
-1.086003271779538482e+00
-9.212590378476960273e-01
-9.212590378476960273e-01
-9.212590378476960273e-01
-9.212590378476960273e-01
-9.212590378476960273e-01
-1.038501012690614678e+00
-1.038501012690614678e+00
-1.038501012690614678e+00
-1.038501012690614678e+00
-1.356825950757416521e-01
-9.328521620598388964e-01
-7.473645563288530136e-01
-7.473645563288530136e-01
-7.473645563288530136e-01
-7.473645563288530136e-01
-6.029422305492505574e-01
-6.029422305492505574e-01
-6.029422305492505574e-01
-6.029422305492505574e-01
-6.029422305492505574e-01
-6.029422305492505574e-01
-6.326374397069790545e-01
-6.326374397069790545e-01
-1.045004292102966525e+00
-1.045004292102966525e+00
-1.045004292102966525e+00
-7.891232986019104390e-01
-4.748490842393504052e-01
-4.748490842393504052e-01
-4.186878133953416681e-01
-4.186878133953416681e-01
-4.469480088114542449e-01
-4.469480088114542449e-01
-4.469480088114542449e-01
-4.469480088114542449e-01
-1.111059155800210752e+00
-1.108989140579431210e+00
-1.103954818284414330e+00
-7.738237792734439235e-01
-7.738237792734439235e-01
-6.658830020690362783e-01
-5.002966273059982205e-01
-5.002966273059982205e-01
-5.002966273059982205e-01
-5.925664889378009503e-01
-5.925664889378009503e-01
-6.307319831012117017e-01
-6.307319831012117017e-01
-6.307319831012117017e-01
-5.204175659787916297e-01
-9.156108248586214415e-01
-9.156108248586214415e-01
-9.156108248586214415e-01
-6.876294254601662548e-01
-6.876294254601662548e-01
-2.345938534462652381e-01
-5.681313809310953866e-01
-5.315976353365636786e-01
-4.493872780869058725e-01
-4.493872780869058725e-01
-4.493872780869058725e-01
-4.493872780869058725e-01
-4.493872780869058725e-01
-4.493872780869058725e-01
-4.493872780869058725e-01
-7.046966186804662913e-01
-7.046966186804662913e-01
-8.200205523508742322e-01
-2.995092190014754796e-01
-2.122162555793867533e-01
-5.718359388074429894e-01
-3.534103299468768222e-01
-3.534103299468768222e-01
-5.985604127557276888e-01
-6.979177404621114134e-01
-6.916270264715910221e-01
-6.708394109856492538e-01
-6.708394109856492538e-01
-6.708394109856492538e-01
-6.708394109856492538e-01
-6.708394109856492538e-01
-6.708394109856492538e-01
-6.510084701650215022e-01
-6.645238311275890597e-01
-8.796152176783885723e-01
-6.053573121318635009e-01
-6.106448864791443887e-01
-5.259270654526927435e-01
-5.259270654526927435e-01
-4.302728462356381622e-01
-4.302728462356381622e-01
-4.302728462356381622e-01
-4.302728462356381622e-01
-4.302728462356381622e-01
-6.605853502485241613e-01
-6.605853502485241613e-01
-8.027798640967104271e-01
-7.853671113049163210e-01
-8.339180526181094733e-01
-6.279482258183559651e-01
-7.130815914835667568e-01
-7.130815914835667568e-01
-8.428086639081496800e-01
-7.132195024862335586e-01
-7.132195024862335586e-01
-7.132195024862335586e-01
-8.291075656733889465e-01
-8.291075656733889465e-01
-8.523644848173494992e-01
-7.024974853487389037e-01
-7.024974853487389037e-01
-7.024974853487389037e-01
-7.024974853487389037e-01
-5.361473902751402454e-01
-6.997284416533259277e-01
-8.404489187689447860e-01
-7.343300519280366867e-01
-6.225247237558088065e-01
-7.318044544362967141e-01
-7.338114946195105626e-01
-7.338114946195105626e-01
-9.577867497120486906e-01
-9.279534583607867981e-01
-4.706625884363331846e-01
-3.916399209838978823e-01
-8.901764232198514648e-01
-7.045163493581571013e-01
-6.482543553673417724e-01
-6.482543553673417724e-01
-6.822144420024356393e-01
-7.737639171852995768e-01
-7.737639171852995768e-01
-8.892085942213732164e-01
-8.892085942213732164e-01
-8.862137633674932458e-01
-8.862137633674932458e-01
-8.862137633674932458e-01
-8.184318339411219556e-01
-8.184318339411219556e-01
-7.141139454550736732e-01
-8.365592669952601756e-01
-8.365592669952601756e-01
-8.365592669952601756e-01
-8.365592669952601756e-01
-5.548737734888935513e-01
-3.327149739262850736e-01
-4.158318089130710882e-01
-4.158318089130710882e-01
-5.395025075090481570e-01
-5.395025075090481570e-01
-5.395025075090481570e-01
-5.395025075090481570e-01
-5.482103887411401422e-01
-5.482103887411401422e-01
-5.359183121093744617e-01
-5.359183121093744617e-01
-8.079896041461671619e-01
-8.079896041461671619e-01
-1.107945744890470374e+00
-7.169403151082313075e-01
-9.065704040984171597e-01
-8.222062710896541615e-01
-8.222062710896541615e-01
-8.222062710896541615e-01
-8.222062710896541615e-01
-5.746643427599007481e-01
-5.746643427599007481e-01
-6.190139700524859290e-01
-6.190139700524859290e-01
-6.873492844096069643e-01
-4.976848993573488866e-01
-4.976848993573488866e-01
-5.361025987537907378e-01
-5.361025987537907378e-01
-5.361025987537907378e-01
-7.219715042858374510e-01
-6.688442094977288255e-01
-6.330659546980267338e-01
-5.391364374127676218e-01
-6.270717110033091624e-01
-7.554699206429477121e-01
-3.390710754997559584e-01
-3.767437365833378182e-01
-3.767437365833378182e-01
-7.074931098686737529e-01
-7.074931098686737529e-01
-6.065092057802239367e-01
-6.065092057802239367e-01
-4.352104771209077128e-01
-4.352104771209077128e-01
-4.352104771209077128e-01
-4.352104771209077128e-01
-4.352104771209077128e-01
-4.352104771209077128e-01
-3.502266763989065335e-01
-3.502266763989065335e-01
-3.293453634564328381e-01
-4.849475010375566275e-01
-4.508036009197609051e-01
-4.655637420112850311e-01
-7.084380005846335759e-01
-7.084380005846335759e-01
-4.681624005244733877e-01
-4.681624005244733877e-01
-7.170687030414221175e-01
-2.738089012746758311e-01
-2.738089012746758311e-01
-5.911617248183833606e-01
-5.911617248183833606e-01
-4.514465521288238414e-01
-4.514465521288238414e-01
-3.702685828203778895e-01
-5.016592067639992214e-01
-5.016592067639992214e-01
-6.037759831825958434e-01
-5.965874392113182934e-01
-5.965874392113182934e-01
-5.752519859379329192e-01
-5.752519859379329192e-01
-5.752519859379329192e-01
-5.752519859379329192e-01
-5.752519859379329192e-01
-5.752519859379329192e-01
-5.192348588352597716e-01
-5.192348588352597716e-01
-6.661848923603496120e-01
-6.661848923603496120e-01
-5.913725882108383791e-01
-5.913725882108383791e-01
-5.913725882108383791e-01
-6.407154405573611822e-01
-8.421876477556200502e-01
-8.421876477556200502e-01
-8.709242136125149303e-01
-9.588126798853967570e-01
-1.095645308693663500e+00
-1.095645308693663500e+00
-8.900030653859825058e-01
-8.900030653859825058e-01
-6.879337664824110021e-01
-6.879337664824110021e-01
-6.879337664824110021e-01
-6.853045677311545569e-01
-7.070872322486033701e-01
-7.070872322486033701e-01
-7.070872322486033701e-01
-5.643518119315309445e-01
-5.643518119315309445e-01
-5.520135571806247254e-01
-5.506856943277240735e-01
-5.506856943277240735e-01
-5.506856943277240735e-01
-6.009071749301830856e-01
-6.594445879202237570e-01
-6.594445879202237570e-01
-6.594445879202237570e-01
-4.781001241362449194e-01
-4.781001241362449194e-01
-4.323768640783839379e-01
-5.872484557893838941e-01
-5.872484557893838941e-01
-4.291646606827023147e-01
-4.291646606827023147e-01
-4.291646606827023147e-01
-1.004670937751432014e+00
-1.004670937751432014e+00
-1.004670937751432014e+00
-9.493806454620853374e-01
-9.493806454620853374e-01
-9.461369443470729612e-01
-9.456329900721219817e-01
-9.129906203701633194e-01
-9.129906203701633194e-01
-9.129906203701633194e-01
-6.779650380705461998e-01
-8.151812030086867944e-01
-8.151812030086867944e-01
-7.568152876064931922e-01
-1.057016912423644595e+00
-1.057016912423644595e+00
-3.181031665958464205e-01
-3.181031665958464205e-01
-5.740697420694567121e-01
-4.233218008058307058e-01
-4.233218008058307058e-01
-6.581819147598036990e-01
-5.855289066690124722e-01
-7.908716634059793638e-01
-6.931307265546363672e-01
-7.941785042961309049e-01
-3.084066328800920131e-01
-4.656336701717960214e-01
-4.888594644021923563e-01
-4.699409983902589349e-01
-5.907489538450996225e-01
-5.907489538450996225e-01
-5.907489538450996225e-01
-5.907489538450996225e-01
-5.907489538450996225e-01
-5.907489538450996225e-01
-5.658233615757835011e-01
-5.658233615757835011e-01
-4.154940792372730507e-01
-4.154940792372730507e-01
-4.154940792372730507e-01
-4.554154373758000918e-01
-4.554154373758000918e-01
-4.554154373758000918e-01
-6.971752738065315480e-01
-5.399197105728461565e-01
-5.779914258949293560e-01
-7.068260444566730749e-01
-7.068260444566730749e-01
-6.483401378665509807e-01
-7.966360284607231224e-01
-9.831646849238986352e-01
-1.083766138850820404e+00
-1.003680584637009376e+00
-1.003680584637009376e+00
-6.643953852408478467e-01
-6.643953852408478467e-01
-6.643953852408478467e-01
-6.643953852408478467e-01
-6.971137950371952829e-01
-7.409013786861846640e-01
-9.321238309501586050e-01
-1.005736802737542179e+00
-1.005736802737542179e+00
-1.005736802737542179e+00
-1.009657321956908493e+00
-9.301777564236843876e-01
-7.855462764649293606e-01
-8.411899712951541597e-01
-8.411899712951541597e-01
-8.480607466679233042e-01
-6.263465882650405270e-01
-5.114507226508736570e-01
-6.238948784480650156e-01
-6.238948784480650156e-01
-5.164509499588273433e-01
-5.164509499588273433e-01
-5.428910511504783099e-01
-5.428910511504783099e-01
-5.640313337524127668e-01
-5.640313337524127668e-01
-8.100690397954256605e-01
-8.100690397954256605e-01
-6.212519963888096797e-01
-6.212519963888096797e-01
-6.212519963888096797e-01
-2.027839360001842117e-01
-4.493893001351698668e-01
-5.919210548918439896e-01
-5.984320825176352443e-01
-4.650711083595409079e-01
-6.301283151275521854e-01
-3.438232633656393422e-01
-1.220788717296262815e+00
-1.220788717296262815e+00
-1.279682701714185633e+00
-1.279682701714185633e+00
-1.055569628596832787e+00
-1.056191765929473059e+00
-1.056191765929473059e+00
-1.056191765929473059e+00
-1.056191765929473059e+00
-1.059323940246507112e+00
-1.059323940246507112e+00
-5.521998569131005841e-01
-5.967772043444773411e-01
-7.390497675616686246e-01
-7.390497675616686246e-01
-6.474026147528020303e-01
-7.964733691619596545e-01
-3.954759626337815970e-01
-1.074436917132306712e+00
-1.074436917132306712e+00
-1.058890996089755898e+00
-8.523414659714192432e-01
-9.607482961396464072e-01
-9.551891982226480282e-01
-9.551891982226480282e-01
-1.017161647462071050e+00
-1.017161647462071050e+00
-1.017161647462071050e+00
-6.664635989192470023e-01
-1.018566922022057675e+00
-1.018566922022057675e+00
-8.650765136658820076e-01
-8.650765136658820076e-01
-7.879222655570474743e-01
-7.879222655570474743e-01
-9.131817502999408642e-01
-7.498396315642609222e-01
-7.498396315642609222e-01
-7.498396315642609222e-01
-7.092267682278091678e-01
-5.747046886835649460e-01
-5.747046886835649460e-01
-5.747046886835649460e-01
-5.747046886835649460e-01
-5.747046886835649460e-01
-5.747046886835649460e-01
-5.747046886835649460e-01
-5.747046886835649460e-01
-5.747046886835649460e-01
-5.747046886835649460e-01
-5.747046886835649460e-01
-5.747046886835649460e-01
-5.747046886835649460e-01
-8.151280971037510037e-01
-8.279033921361377280e-01
-9.497198883293989091e-01
-7.582633202724928800e-01
-7.582633202724928800e-01
-7.762516890294537397e-01
-7.762516890294537397e-01
-7.762516890294537397e-01
-7.762516890294537397e-01
-7.762516890294537397e-01
-7.762516890294537397e-01
-7.762516890294537397e-01
-5.590161765668762994e-01
-4.519680263672110065e-01
-6.074655359540735988e-01
-6.074655359540735988e-01
-6.074655359540735988e-01
-4.021880557099397069e-01
-5.731101922967086759e-01
-6.136239701412365966e-01
-6.136239701412365966e-01
-6.183134137265553498e-01
-5.678793430329982517e-01
-5.678793430329982517e-01
-8.696325977355724435e-01
-7.946332150277294337e-01
-5.014091050910726155e-01
-6.618187686853314045e-01
-6.618187686853314045e-01
-9.409787395663929965e-01
-8.187840740287292141e-01
-8.187840740287292141e-01
-8.187840740287292141e-01
-8.187840740287292141e-01
-8.187840740287292141e-01
-8.187840740287292141e-01
-6.770301407785516146e-01
-6.770301407785516146e-01
-6.770301407785516146e-01
-5.968687829506934550e-01
-5.968687829506934550e-01
-5.968687829506934550e-01
-5.968687829506934550e-01
-5.545585330828461945e-01
-5.545585330828461945e-01
-5.545585330828461945e-01
-5.545585330828461945e-01
-5.545585330828461945e-01
-7.168109856903429611e-01
-7.168109856903429611e-01
-7.168109856903429611e-01
-6.166393577604960541e-01
-6.166393577604960541e-01
-5.674491281518420083e-01
-3.719273176769409273e-01
-2.940936262927288380e-01
-2.940936262927288380e-01
-2.940936262927288380e-01
-2.107630623564698824e-01
-2.954210738488880494e-01
-7.531203048813452927e-01
-7.531203048813452927e-01
-7.954149703325007481e-01
-7.954149703325007481e-01
-7.789933552843745224e-01
-9.667040410455777222e-01
-7.381981800776590275e-01
-7.381981800776590275e-01
-7.381981800776590275e-01
-7.381981800776590275e-01
-4.560326930773557774e-01
-3.847181345019412002e-01
-3.260593213040551275e-01
-4.922329382389649677e-01
-4.922329382389649677e-01
-2.861197863012622244e-01
-2.861197863012622244e-01
-2.861197863012622244e-01
-2.861197863012622244e-01
-2.861197863012622244e-01
-5.775859846580032597e-01
-4.587749237848215422e-01
-4.587749237848215422e-01
-4.587749237848215422e-01
-4.587749237848215422e-01
-4.818808991962342803e-01
-4.818808991962342803e-01
-7.729542857915546739e-01
-7.729542857915546739e-01
-3.490854905817096232e-01
-3.490854905817096232e-01
-4.522361800951929522e-01
-4.522361800951929522e-01
-4.522361800951929522e-01
-7.329696299372665536e-01
-7.329696299372665536e-01
-7.824176304113641400e-01
-7.824176304113641400e-01
-1.895419121392379336e-01
-3.191119566942354213e-01
-3.191119566942354213e-01
-5.039775934750995168e-01
-5.039775934750995168e-01
-3.947468244947275884e-01
-5.246629151457802287e-01
-5.246629151457802287e-01
-5.116487272540585218e-01
-5.116487272540585218e-01
-5.664946116379294683e-01
-5.664946116379294683e-01
-5.402750359275629854e-01
-5.936663623699701686e-01
-5.936663623699701686e-01
-5.771499301577732721e-01
-5.771499301577732721e-01
-5.771499301577732721e-01
-5.771499301577732721e-01
-5.771499301577732721e-01
-5.451109064392455350e-01
-5.451109064392455350e-01
-5.451109064392455350e-01
-5.451109064392455350e-01
-4.793241763641184483e-01
-4.793241763641184483e-01
-5.089307944776629844e-01
-5.089307944776629844e-01
-5.089307944776629844e-01
-6.282267865851258737e-01
-6.282267865851258737e-01
-3.547086852059900264e-01
-6.261134094299883879e-01
-7.770469313157423175e-01
-8.165637652751569497e-01
-4.005388110290631354e-01
-5.474667701857048874e-01
-4.956355542605863085e-01
-5.896335803226706584e-01
-5.896335803226706584e-01
-5.896335803226706584e-01
-5.896335803226706584e-01
-5.896335803226706584e-01
-5.735980271172809175e-01
-5.735980271172809175e-01
-5.735980271172809175e-01
-5.802905044093807918e-01
-6.297886224300114355e-01
-4.319899902765243493e-01
-4.319899902765243493e-01
-4.319899902765243493e-01
-4.319899902765243493e-01
-4.319899902765243493e-01
-4.319899902765243493e-01
-4.319899902765243493e-01
-4.319899902765243493e-01
-4.319899902765243493e-01
-4.319899902765243493e-01
-4.319899902765243493e-01
-4.319899902765243493e-01
-7.451593252523919242e-01
-7.451593252523919242e-01
-7.451593252523919242e-01
-8.270714835001677923e-01
-7.859656135663908305e-01
-7.859656135663908305e-01
-7.859656135663908305e-01
-6.308093526919172911e-01
-5.085602876219939006e-01
-5.085602876219939006e-01
-5.085602876219939006e-01
-5.072535258066457331e-01
-2.452278996843947068e-01
-5.214068636502179332e-01
-6.094898243056643405e-01
-6.094898243056643405e-01
-9.027750256836273302e-01
-9.027750256836273302e-01
-9.027750256836273302e-01
-9.027750256836273302e-01
-5.788697050094107066e-01
-6.174055564419657083e-01
-6.053939667937078273e-01
-4.263111271798873392e-01
-5.069593380284529438e-01
-4.840867854408205107e-01
-3.903856083799254750e-01
-6.865840598497585656e-01
-7.558282714504528377e-01
-7.327002743722780265e-01
-4.979724182668087695e-01
-7.053418578316021925e-01
-7.053418578316021925e-01
-7.053418578316021925e-01
-9.350049119540538856e-01
-9.350049119540538856e-01
-8.021667722058140049e-01
-8.021667722058140049e-01
-8.021667722058140049e-01
-8.109194034023577968e-01
-9.724648707205507669e-01
-9.724648707205507669e-01
-9.724648707205507669e-01
-9.724648707205507669e-01
-6.850353301971836562e-01
-6.850353301971836562e-01
-6.850353301971836562e-01
-6.850353301971836562e-01
-6.850353301971836562e-01
-7.106697664842261952e-01
-1.022437917521891171e+00
-1.022437917521891171e+00
-1.052230850412883001e+00
-1.052230850412883001e+00
-7.583684109023973718e-01
-7.583684109023973718e-01
-8.224833891531500019e-01
-8.224833891531500019e-01
-8.224833891531500019e-01
-8.224833891531500019e-01
-8.224833891531500019e-01
-8.224833891531500019e-01
-8.224833891531500019e-01
-9.125096617726384807e-01
-1.456113353689273693e-01
-2.200815041642819880e-01
-2.200815041642819880e-01
-2.200815041642819880e-01
-1.593314821851531671e-01
-1.593314821851531671e-01
-3.201017337979822908e-01
-3.201017337979822908e-01
-3.201017337979822908e-01
-7.915310589777901917e-01
-7.635147424634987079e-01
-7.635147424634987079e-01
-7.635147424634987079e-01
-6.907173414403889877e-01
-6.907173414403889877e-01
-6.907173414403889877e-01
-7.101888768641553273e-01
-1.628078695559556643e-01
-1.628078695559556643e-01
-3.671079329396553237e-01
-3.671079329396553237e-01
-3.157825275890218109e-01
-5.086161096700918538e-01
-5.086161096700918538e-01
-5.086161096700918538e-01
-5.086161096700918538e-01
-5.460323311447574657e-01
-5.831563348841990457e-01
-5.831563348841990457e-01
-5.831563348841990457e-01
-5.831563348841990457e-01
-5.831563348841990457e-01
-4.822000872145708605e-01
-5.048757037600828390e-01
-6.338344674538317625e-01
-4.746304760825723057e-01
-4.784200893020250644e-01
-3.886969783922541444e-01
-3.778854220615982529e-01
-3.778854220615982529e-01
-3.778854220615982529e-01
-3.778854220615982529e-01
-3.778854220615982529e-01
-3.778854220615982529e-01
-3.778854220615982529e-01
-3.778854220615982529e-01
-4.453395695896918416e-01
-4.453395695896918416e-01
-4.453395695896918416e-01
-4.453395695896918416e-01
-4.453395695896918416e-01
-4.555622221413188067e-01
-4.555622221413188067e-01
-2.478260423150508152e-01
-4.757869843451700276e-01
-4.757869843451700276e-01
-4.757869843451700276e-01
-6.115201402277669063e-01
-6.742880961961473796e-01
-5.949060277616892156e-01
-5.949060277616892156e-01
-4.726202804818457892e-01
-4.008372950042028426e-01
-3.716778819990341765e-01
-3.716778819990341765e-01
-2.785473555760480946e-01
-1.342062759215604806e-01
-6.292696725488120535e-01
-7.572970555081562916e-01
-7.084027875727941792e-01
-7.084027875727941792e-01
-7.084027875727941792e-01
-7.084027875727941792e-01
-7.084027875727941792e-01
-6.730926891660233835e-01
-6.730926891660233835e-01
-6.730926891660233835e-01
-6.730926891660233835e-01
-6.730926891660233835e-01
-6.730926891660233835e-01
-6.730926891660233835e-01
-6.730926891660233835e-01
-7.021150280629202545e-01
-6.091653291658472025e-01
-6.091653291658472025e-01
-6.091653291658472025e-01
-6.460711360219177912e-01
-6.629246238098456256e-01
-6.676150084682439534e-01
-6.676150084682439534e-01
-7.475021218185639027e-01
-7.784007914022864627e-01
-1.114961657129505346e+00
-1.243826307878896253e+00
-7.165446683234549807e-01
-7.165446683234549807e-01
-1.108705091518671360e+00
-1.108705091518671360e+00
-8.559633622395892427e-01
-8.559633622395892427e-01
-8.559633622395892427e-01
-8.559633622395892427e-01
-8.796056614545286756e-01
-8.796056614545286756e-01
-6.508041187013926532e-01
-6.508041187013926532e-01
-9.574856712560175787e-01
-9.931711885295538833e-01
-9.931711885295538833e-01
-9.931711885295538833e-01
-9.983047864837075736e-01
-9.756963921508844395e-01
-9.756963921508844395e-01
-9.756963921508844395e-01
-9.756963921508844395e-01
-9.756963921508844395e-01
-8.275643347291442575e-01
-8.275643347291442575e-01
-8.801374102089224438e-01
-7.157523306347050029e-01
-7.093358126744357950e-01
-9.110776638689254137e-01
-9.110776638689254137e-01
-9.110776638689254137e-01
-9.110776638689254137e-01
-9.110776638689254137e-01
-9.110776638689254137e-01
-1.031711081463853263e+00
-9.969513094011791532e-01
-1.052848069346684623e+00
-1.052848069346684623e+00
-1.036315017368067082e+00
-1.036315017368067082e+00
-1.036315017368067082e+00
-1.036315017368067082e+00
-1.036315017368067082e+00
-1.036315017368067082e+00
-1.036315017368067082e+00
-1.036315017368067082e+00
-9.830766076401662446e-01
-9.830766076401662446e-01
-8.303929770831647295e-01
-9.672645989786748943e-01
-9.672645989786748943e-01
-9.672645989786748943e-01
-9.672645989786748943e-01
-8.864652810228126345e-01
-8.279289579008669575e-01
-8.921149484922759054e-01
-8.921149484922759054e-01
-9.266026809856242608e-01
-1.171808984978499169e+00
-1.171808984978499169e+00
-1.171808984978499169e+00
-1.171808984978499169e+00
-1.171808984978499169e+00
-1.171808984978499169e+00
-1.171808984978499169e+00
-9.197198817400946691e-01
-9.197198817400946691e-01
-9.197198817400946691e-01
-9.403152306604721788e-01
-9.403152306604721788e-01
-8.594294339542704053e-01
-8.594294339542704053e-01
-6.293100872977135385e-01
-8.663127894368272131e-01
-8.663127894368272131e-01
-8.663127894368272131e-01
-1.251257803581440342e+00
-3.682083886340618561e-01
-3.682083886340618561e-01
-5.579136975408939270e-01
-8.152036303290569608e-01
-8.353319736386575212e-01
-9.393636624216460396e-01
-9.393636624216460396e-01
-8.474554017948621176e-01
-7.326540730045703054e-01
-7.508881010359013120e-01
-6.127286923725000500e-01
-6.758463751950787302e-01
-6.758463751950787302e-01
-6.758463751950787302e-01
-6.758463751950787302e-01
-5.381058462993013602e-01
-4.045212234607197810e-01
-5.259037068535264980e-01
-5.259037068535264980e-01
-5.259037068535264980e-01
-5.120931108153714550e-01
-5.120931108153714550e-01
-5.120931108153714550e-01
-1.028479129696839856e+00
-1.028479129696839856e+00
-8.418274437527449860e-01
-8.418274437527449860e-01
-8.418274437527449860e-01
-8.418274437527449860e-01
-6.072389969187327319e-01
-6.473519356630157429e-01
-7.669510464004128947e-01
-7.669510464004128947e-01
-5.602138360274395712e-01
-5.602138360274395712e-01
-8.825045446176918995e-01
-8.825045446176918995e-01
-8.033038690259202141e-01
-7.721905565683957473e-01
-6.848115079093229918e-01
-7.317055734443204118e-01
-7.317055734443204118e-01
-7.317055734443204118e-01
-7.543337342176786864e-01
-7.543337342176786864e-01
-1.198603378797840291e+00
-1.198603378797840291e+00
-1.198603378797840291e+00
-1.198603378797840291e+00
-1.198603378797840291e+00
-1.187098064900715011e+00
-1.187098064900715011e+00
-1.187098064900715011e+00
-1.025847405571824966e+00
-1.273326360828629600e+00
-1.273326360828629600e+00
-1.273326360828629600e+00
-1.236570852141692045e+00
-1.236570852141692045e+00
-1.236570852141692045e+00
-4.768000098858118929e-01
-4.768000098858118929e-01
-4.768000098858118929e-01
-4.768000098858118929e-01
-4.768000098858118929e-01
-4.768000098858118929e-01
-4.768000098858118929e-01
-7.445772744681005140e-01
-5.862367290804171294e-01
-5.862367290804171294e-01
-5.922910179831054611e-01
-5.725882603028983331e-01
-5.702519339894083217e-01
-7.894468869711028791e-01
-7.894468869711028791e-01
-8.661865803738011405e-01
-5.307061961393858551e-01
-5.307061961393858551e-01
-5.307061961393858551e-01
-5.043518984099885083e-01
-1.034689153956946495e+00
-1.070093328582892855e+00
-5.798302391133900446e-01
-5.798302391133900446e-01
-5.684817347580088942e-01
-5.684817347580088942e-01
-3.806904149219730304e-01
-2.280114375040830366e-01
-8.514198619274777613e-01
-8.514198619274777613e-01
-5.158549878851583781e-01
-5.158549878851583781e-01
-5.158549878851583781e-01
-5.331376108687592152e-01
-5.331376108687592152e-01
-6.488642222564292572e-01
-6.968508190581409467e-01
-6.968508190581409467e-01
-7.736716212242090718e-01
-7.736716212242090718e-01
-8.455110681161168706e-01
-6.006535510135210254e-01
-5.736495015466146485e-01
-5.736495015466146485e-01
-5.736495015466146485e-01
-5.736495015466146485e-01
-5.848611179194578291e-01
-5.848611179194578291e-01
-5.848611179194578291e-01
-9.264408794092610089e-01
-9.264408794092610089e-01
-9.898840835558440077e-01
-9.467196268006927706e-01
-9.467196268006927706e-01
-9.467196268006927706e-01
-1.061832681274443635e+00
-1.061832681274443635e+00
-1.061832681274443635e+00
-8.492673094722071880e-01
-8.492673094722071880e-01
-8.492673094722071880e-01
-7.602883895315138973e-01
-5.906674625198212736e-01
-8.071063558160274098e-01
-8.395852827461894874e-01
-8.395852827461894874e-01
-8.296942297434448665e-01
-8.296942297434448665e-01
-8.296942297434448665e-01
-8.296942297434448665e-01
-7.982861979083658577e-01
-7.982861979083658577e-01
-7.982861979083658577e-01
-7.982861979083658577e-01
-1.023689004363719679e+00
-1.023689004363719679e+00
-1.167902042908860238e+00
-1.033182573439912266e+00
-1.033182573439912266e+00
-1.033182573439912266e+00
-6.991593493361418776e-01
-6.991593493361418776e-01
-6.991593493361418776e-01
-4.262604578657642196e-01
-4.262604578657642196e-01
-5.438954351979299329e-01
-5.438954351979299329e-01
-5.438954351979299329e-01
-5.438954351979299329e-01
-5.438954351979299329e-01
-5.438954351979299329e-01
-5.438954351979299329e-01
-5.438954351979299329e-01
-4.930820267474251839e-01
-5.139997074962784351e-01
-5.139997074962784351e-01
-5.139997074962784351e-01
-5.057568882530035781e-01
-6.757963363614892804e-01
-6.079447516860269074e-01
-5.833780692823261615e-01
-4.306510657486415372e-01
-5.617532100703207520e-01
-3.931705829473362557e-01
-2.851151277441649756e-01
-2.879186697214102808e-01
1.536884695867026251e-01
-3.026346508351002162e-01
-3.026346508351002162e-01
-3.026346508351002162e-01
-3.026346508351002162e-01
-3.142407686350875973e-01
-2.632927181993405252e-01
-2.632927181993405252e-01
-2.632927181993405252e-01
-9.278498196020521505e-01
-8.082692814797949321e-01
-8.082692814797949321e-01
-7.877734855162681349e-01
-7.877734855162681349e-01
-8.035871913641730035e-01
-1.112420399623666567e+00
-9.130447577549279936e-01
-1.341588921020772984e+00
-9.252417313104811525e-01
-9.252417313104811525e-01
-7.413681829617896346e-01
-6.227622865708077882e-01
-7.132857744408943601e-01
-7.132857744408943601e-01
-7.132857744408943601e-01
-8.577343752626439555e-01
-8.577343752626439555e-01
-6.872823492336557205e-01
-6.872823492336557205e-01
-7.775654595663769042e-01
-7.775654595663769042e-01
-7.775654595663769042e-01
-6.912192533679775153e-01
-6.912192533679775153e-01
-6.912192533679775153e-01
-7.881714755454627408e-01
-7.881714755454627408e-01
-7.881714755454627408e-01
-6.074164947563748251e-01
-6.074164947563748251e-01
-6.074164947563748251e-01
-6.074164947563748251e-01
-6.074164947563748251e-01
-6.186093189138831550e-01
-6.186093189138831550e-01
-6.186093189138831550e-01
-6.186093189138831550e-01
-6.008898172443275509e-01
-6.008898172443275509e-01
-6.008898172443275509e-01
-6.008898172443275509e-01
-6.427898611744576884e-01
-6.427898611744576884e-01
-6.427898611744576884e-01
-6.493589153451763130e-01
-6.223839065737025722e-01
-6.223839065737025722e-01
-6.084079072963273216e-01
-7.930655217848443517e-01
-7.930655217848443517e-01
-7.983117820378750062e-01
-9.794430821147521726e-01
-9.630888626930741436e-01
-5.948486805983045356e-01
-5.948486805983045356e-01
-4.878249893463290632e-01
-3.889736196378100197e-01
-3.889736196378100197e-01
-3.889736196378100197e-01
-3.889736196378100197e-01
-3.889736196378100197e-01
-3.889736196378100197e-01
-3.889736196378100197e-01
-3.889736196378100197e-01
-3.889736196378100197e-01
-1.073689053437346441e+00
-1.073689053437346441e+00
-1.056494354812990144e+00
-1.056494354812990144e+00
-1.056494354812990144e+00
-5.285995512487317027e-01
-5.285995512487317027e-01
-8.994836417318672339e-01
-9.441958426862789855e-01
-9.441958426862789855e-01
-9.441958426862789855e-01
-9.441958426862789855e-01
-9.441958426862789855e-01
-9.441958426862789855e-01
-8.676943178148154301e-01
-7.901603062930038224e-01
-3.652294884293570409e-01
-3.652294884293570409e-01
-7.816692543945548133e-01
-7.154656907413993183e-01
-7.154656907413993183e-01
-5.768357561640197195e-01
-5.965948775791505287e-01
-4.285985446307516433e-01
-1.661263965791459629e-01
-1.661263965791459629e-01
-1.661263965791459629e-01
-1.661263965791459629e-01
-1.661263965791459629e-01
-1.661263965791459629e-01
-1.661263965791459629e-01
-5.012828732108310925e-01
-5.012828732108310925e-01
-5.012828732108310925e-01
-4.924390912837126044e-01
-4.924390912837126044e-01
-4.924390912837126044e-01
-4.924390912837126044e-01
-4.924390912837126044e-01
-4.624158080453494857e-01
-4.624158080453494857e-01
-3.279383224424365362e-01
-5.913772170744255874e-01
-5.913772170744255874e-01
-5.913772170744255874e-01
-5.913772170744255874e-01
-5.913772170744255874e-01
-5.800368794936346939e-01
-5.800368794936346939e-01
-2.783990335146915296e-01
-2.783990335146915296e-01
-2.622128293287082079e-01
-2.147965258785128895e-01
-2.069549582419511202e-01
-4.114839512094577989e-01
-4.272905402300104516e-01
-6.377100397583933544e-01
-6.298509507347351821e-01
-6.313522327029852388e-01
-6.775331675924662900e-01
-4.923514068145243283e-01
-4.663623563424467711e-01
-4.663623563424467711e-01
-4.421762190890615174e-01
-4.987326919843065864e-01
-7.050409280192924122e-01
-7.050409280192924122e-01
-7.050409280192924122e-01
-4.517062533114337697e-01
-4.517062533114337697e-01
-3.629969812274768670e-01
-3.629969812274768670e-01
-3.629969812274768670e-01
-3.629969812274768670e-01
-3.629969812274768670e-01
-3.469530016602916378e-01
-4.361269315476636321e-01
-6.519319601052150359e-01
-7.440922799315244918e-01
-3.727231721736495307e-01
-3.727231721736495307e-01
-5.392840222350376855e-01
-5.392840222350376855e-01
-5.392840222350376855e-01
-5.392840222350376855e-01
-6.262324384757159690e-01
-6.262324384757159690e-01
-6.262324384757159690e-01
-5.948408797106544688e-01
-5.948408797106544688e-01
-7.030754080259308259e-01
-7.030754080259308259e-01
-6.237807453615408226e-01
-4.911090978010669850e-01
-4.961442704753603050e-01
-5.819656828625024980e-01
-5.819656828625024980e-01
-5.819656828625024980e-01
-5.819656828625024980e-01
-5.819656828625024980e-01
-5.626963837606574481e-01
-5.241931630715553903e-01
-5.241931630715553903e-01
-5.429558412969017756e-01
-5.429558412969017756e-01
-5.429558412969017756e-01
-3.808010496247369314e-01
-8.466437332584476616e-01
-8.194769860906514491e-01
-8.712680767901938017e-01
-1.009874333695475190e+00
-1.009874333695475190e+00
-8.066917388915333387e-01
-8.066917388915333387e-01
-8.066917388915333387e-01
-8.066917388915333387e-01
-8.066917388915333387e-01
-8.951140300594261356e-01
-8.951140300594261356e-01
-8.951140300594261356e-01
-8.951140300594261356e-01
-8.951140300594261356e-01
-8.951140300594261356e-01
-4.041471495182535345e-01
-4.041471495182535345e-01
-4.041471495182535345e-01
-4.041471495182535345e-01
-3.468131727198699443e-01
-4.535479122903233740e-01
-6.143219806797713956e-01
-5.600907672526024283e-01
-5.600907672526024283e-01
-2.740923387905224717e-01
-2.740923387905224717e-01
-2.740923387905224717e-01
-5.256547421523397601e-01
-4.501624220590719205e-01
-7.141973417924277756e-01
-7.141973417924277756e-01
-7.649715820543823153e-01
-8.146060597284605631e-01
-8.146060597284605631e-01
-7.772726706014756459e-01
-7.373933488325100649e-01
-6.973520528625377635e-01
-6.973520528625377635e-01
-5.321090126810825716e-01
-5.321090126810825716e-01
-4.833526708617322809e-01
-4.833526708617322809e-01
-4.519414806636202764e-01
-4.519414806636202764e-01
-4.519414806636202764e-01
-4.519414806636202764e-01
-4.519414806636202764e-01
-4.519414806636202764e-01
-4.519414806636202764e-01
-4.519414806636202764e-01
-1.521675118508641067e-01
-1.426370925728648043e-01
-3.090238904341620074e-01
-3.090238904341620074e-01
-3.683693360412642059e-01
-3.859701058808598928e-01
-3.859701058808598928e-01
-3.270312998639305913e-01
-5.743082969072225152e-01
-4.960154181598752654e-01
-6.298602577805930691e-01
-6.790073961653578793e-01
-4.912360064977532859e-01
-7.116201634974850254e-01
-5.851480920550481413e-01
-5.851480920550481413e-01
-5.357971999272271857e-01
-6.403354044799683953e-01
-6.590277130836758035e-01
-6.590277130836758035e-01
-6.590277130836758035e-01
-5.499165852029087587e-01
-6.177830060243957311e-01
-6.177830060243957311e-01
-6.177830060243957311e-01
-6.258706598313794611e-01
-6.258706598313794611e-01
-6.258706598313794611e-01
-4.947651383882705756e-01
-4.947651383882705756e-01
-4.947651383882705756e-01
-4.947651383882705756e-01
-6.862574224400411760e-01
-8.617956009438856313e-01
-8.617956009438856313e-01
-8.617956009438856313e-01
-8.617956009438856313e-01
-8.655829023645947862e-01
-8.928740072687357809e-01
-8.928740072687357809e-01
-8.928740072687357809e-01
-5.409362721587602785e-01
-5.409362721587602785e-01
-5.409362721587602785e-01
-5.409362721587602785e-01
-5.409362721587602785e-01
-3.644933274704908466e-01
-3.644933274704908466e-01
-4.722517352415604996e-01
-4.722517352415604996e-01
-4.200038477891200883e-01
-4.200038477891200883e-01
-4.200038477891200883e-01
-1.890946422596264942e-01
-2.478708211781601445e-01
-2.239533021980000538e-01
-3.268296701139470906e-01
-3.268296701139470906e-01
-4.783840528201007691e-01
-4.783840528201007691e-01
-4.783840528201007691e-01
-4.783840528201007691e-01
-4.986806291168168204e-01
-4.820345156070205972e-01
-4.820345156070205972e-01
-5.149224323881371745e-01
-5.149224323881371745e-01
-5.149224323881371745e-01
-6.667107613050733406e-01
-6.667107613050733406e-01
-6.252816789802461139e-01
-5.996037282414321545e-01
-5.996037282414321545e-01
-5.996037282414321545e-01
-5.996037282414321545e-01
-3.425341084211969145e-01
-3.425341084211969145e-01
-3.425341084211969145e-01
-6.627507322037813342e-01
-6.627507322037813342e-01
-5.582255482026596827e-01
-5.582255482026596827e-01
-5.582255482026596827e-01
-5.582255482026596827e-01
-5.582255482026596827e-01
-5.582255482026596827e-01
-5.582255482026596827e-01
-5.582255482026596827e-01
-5.582255482026596827e-01
-5.582255482026596827e-01
-4.631112043672598877e-01
-4.748821609704985680e-01
-6.275087597778445936e-01
-5.410760301924130156e-01
-5.514601689956378783e-01
-4.723571087612412067e-01
-4.723571087612412067e-01
-5.555460113620449558e-01
-3.841399240482240018e-01
-3.635603295021725412e-01
-3.635603295021725412e-01
-8.718106663456413052e-01
-4.278288122849563946e-01
-4.278288122849563946e-01
-4.278288122849563946e-01
-4.278288122849563946e-01
-8.012339562934108761e-01
-8.012339562934108761e-01
-8.314805712361507117e-01
-8.314805712361507117e-01
-8.314805712361507117e-01
-6.965201019643360025e-01
-6.965201019643360025e-01
-6.965201019643360025e-01
-6.965201019643360025e-01
-7.179661762218981780e-01
-6.789189012976982740e-01
-6.789189012976982740e-01
-6.789189012976982740e-01
-6.789189012976982740e-01
-6.789189012976982740e-01
-5.925152414870431539e-01
-5.925152414870431539e-01
-5.925152414870431539e-01
-5.925152414870431539e-01
-5.925152414870431539e-01
-5.925152414870431539e-01
-5.925152414870431539e-01
-5.925152414870431539e-01
-5.925152414870431539e-01
-5.925152414870431539e-01
-3.431176818933324713e-01
-3.692197117782104465e-01
-5.376660770893295638e-01
-5.376660770893295638e-01
-3.986759196626075696e-01
-4.806253750770663191e-01
-5.848945692700097121e-01
-5.848945692700097121e-01
-2.901057473859304237e-01
-7.240021844680373242e-01
-7.240021844680373242e-01
-7.240021844680373242e-01
-7.240021844680373242e-01
-7.240021844680373242e-01
-5.355864451121925551e-01
-5.355864451121925551e-01
-5.355864451121925551e-01
-4.350243681617934066e-01
-4.357288914949214442e-01
-4.357288914949214442e-01
-4.357288914949214442e-01
-4.334668545430555020e-01
-5.696093442538677776e-01
-5.696093442538677776e-01
-2.603350949039917039e-01
-3.259212114079717559e-01
-3.674409202626472415e-01
-3.759322812123811475e-01
-3.759322812123811475e-01
-3.759322812123811475e-01
-3.759322812123811475e-01
-3.759322812123811475e-01
-3.759322812123811475e-01
-3.867602908011955054e-01
-4.468836185098166713e-01
-5.063663930540358571e-01
-5.675316316548929541e-01
-5.675316316548929541e-01
-5.675316316548929541e-01
-5.675316316548929541e-01
-5.675316316548929541e-01
-5.675316316548929541e-01
-5.675316316548929541e-01
-5.675316316548929541e-01
-5.675316316548929541e-01
-5.675316316548929541e-01
-5.675316316548929541e-01
-3.305744208251473193e-01
-3.884906855520848246e-01
-3.884906855520848246e-01
-3.884906855520848246e-01
-3.453414092936346602e-01
-6.859668013405899600e-01
-3.463355439107487777e-01
-3.455771276440899875e-01
-3.455771276440899875e-01
-3.455771276440899875e-01
-3.455771276440899875e-01
-1.044255170321532145e+00
-7.033210990262412921e-01
-9.372718592873426902e-01
-7.543830949873155944e-01
-7.543830949873155944e-01
-8.373262381829156276e-01
-8.600697027307910858e-01
-8.600697027307910858e-01
-9.230483395989366180e-01
-7.432391637194929457e-01
-7.226897910481748788e-01
-7.226897910481748788e-01
-1.009890736036239023e+00
-1.009890736036239023e+00
-7.017085079916031143e-01
-6.802607675800275144e-01
-6.802607675800275144e-01
-6.067756156731118899e-01
-6.067756156731118899e-01
-7.222077243383584477e-01
-7.228356954763879294e-01
-7.228356954763879294e-01
-7.228356954763879294e-01
-7.924538674805375882e-01
-7.439994754243655084e-01
-1.004769398018893201e+00
-1.004769398018893201e+00
-1.026922806655605314e+00
-9.575120585793932548e-01
-9.575120585793932548e-01
-8.127937242860934219e-01
-8.127937242860934219e-01
-8.127937242860934219e-01
-8.127937242860934219e-01
-8.127937242860934219e-01
-7.733342043427291479e-01
-6.553514427560560573e-01
-6.553514427560560573e-01
-6.210653256503345654e-01
-6.210653256503345654e-01
-6.210653256503345654e-01
-8.723887568358063005e-01
-8.723887568358063005e-01
-7.368953188481639494e-01
-6.614137115097875608e-01
-3.837917249319073854e-01
-3.837917249319073854e-01
-4.784675183182925950e-01
-4.784675183182925950e-01
-5.698648348019695886e-01
-5.698648348019695886e-01
-5.698648348019695886e-01
-5.698648348019695886e-01
-5.856152141876425077e-01
-6.309086616592100016e-01
-8.426843386433457983e-01
-8.939882470383732072e-01
-8.939882470383732072e-01
-8.939882470383732072e-01
-8.939882470383732072e-01
-6.699359534359944357e-01
-6.699359534359944357e-01
-6.489495295264545716e-01
-6.489495295264545716e-01
-6.832393858057019820e-01
-6.832393858057019820e-01
-6.832393858057019820e-01
-8.065225246659608604e-01
-8.065225246659608604e-01
-9.181642355887070783e-01
-9.181642355887070783e-01
-9.181642355887070783e-01
-9.181642355887070783e-01
-5.384681737479147801e-01
-6.065626324711169692e-01
-3.841476583218100815e-01
-3.841476583218100815e-01
-3.841476583218100815e-01
-3.841476583218100815e-01
-3.874480249414055666e-01
-3.874480249414055666e-01
-3.874480249414055666e-01
-5.877688921756346607e-01
-5.877688921756346607e-01
-5.297625036968127699e-01
-5.291019209262662892e-01
-7.820789168925347257e-01
-8.115684321211124042e-01
-4.671144341897390251e-01
-4.671144341897390251e-01
-4.671144341897390251e-01
-4.720381919663969028e-01
-4.777049232786444999e-01
-4.777049232786444999e-01
-4.777049232786444999e-01
-4.777049232786444999e-01
-4.777049232786444999e-01
-4.777049232786444999e-01
-4.613493261971617354e-01
-4.613493261971617354e-01
-4.613493261971617354e-01
-4.190375093173571153e-01
-4.453268902897048465e-01
-3.237585107477828350e-01
-3.237585107477828350e-01
-3.237585107477828350e-01
-7.070132055938387339e-01
-6.920495631023324545e-01
-6.920495631023324545e-01
-4.333976694904366211e-01
-4.333976694904366211e-01
-5.584166057765730384e-01
-4.499392328339475444e-01
-4.499392328339475444e-01
-4.499392328339475444e-01
-5.472541684463791967e-01
-5.472541684463791967e-01
-5.472541684463791967e-01
-6.251263026878848272e-01
-5.241961883710316572e-01
-5.241961883710316572e-01
-5.241961883710316572e-01
-6.255057584816761107e-01
-5.717097496787926225e-01
-4.046331233017912976e-01
-4.046331233017912976e-01
-4.046331233017912976e-01
-4.046331233017912976e-01
-4.046331233017912976e-01
-4.170215957316882327e-01
-5.009380722929436258e-01
-5.200358024226658937e-01
-7.979019040710603194e-01
-5.617922611001667788e-01
-5.617922611001667788e-01
-7.401434896747557390e-01
-7.401434896747557390e-01
-7.401434896747557390e-01
-8.016337791579335459e-01
-8.824267127995443216e-01
-8.824267127995443216e-01
-8.931364464937847636e-01
-9.895583717057648832e-01
-9.895583717057648832e-01
-9.895583717057648832e-01
-7.748093971054617057e-01
-7.748093971054617057e-01
-7.748093971054617057e-01
-4.147037422046146449e-01
-4.192004810121729430e-01
-4.192004810121729430e-01
-4.192004810121729430e-01
-4.192004810121729430e-01
-1.318459480269482675e+00
-1.278778229098558761e+00
-1.278778229098558761e+00
-1.278778229098558761e+00
-1.278778229098558761e+00
-1.012174146220247151e+00
-1.012174146220247151e+00
-1.012174146220247151e+00
-6.138284470744049814e-01
-6.181688789000168160e-01
-6.181688789000168160e-01
-6.181688789000168160e-01
-9.311586889695891989e-01
-1.081100707151560814e+00
-1.081100707151560814e+00
-1.183043363401579340e+00
-1.183043363401579340e+00
-1.183043363401579340e+00
-1.183043363401579340e+00
-1.159978814898112276e+00
-8.172026003926855520e-01
-5.100166359048331488e-01
-5.100166359048331488e-01
-5.100166359048331488e-01
-7.211051902167987526e-01
-3.724446670886085720e-01
-3.449654212393200581e-01
-5.964549514154422472e-01
-3.709716072371009310e-01
-3.709716072371009310e-01
-5.969659192663987479e-01
-5.969659192663987479e-01
-6.166680116473680640e-01
-6.128826267448412857e-01
-4.702397604174020640e-01
-4.702397604174020640e-01
-5.166668026559496640e-01
-4.003552447765043043e-01
-4.333589034092670822e-01
-4.333589034092670822e-01
-4.333589034092670822e-01
-3.932473920662961642e-01
-4.928752042593957383e-01
-3.753104264943524782e-01
-3.753104264943524782e-01
-2.936552898448087645e-01
-1.261391496117606259e+00
-1.261391496117606259e+00
-1.261391496117606259e+00
-1.086955515643095227e+00
-1.056401638560184209e+00
-1.114077279485771399e+00
-1.036826533168360376e+00
-1.036826533168360376e+00
-1.234330696021703089e+00
-1.234330696021703089e+00
-1.123160164958527885e+00
-1.123160164958527885e+00
-1.123160164958527885e+00
-9.022168810370193581e-01
-9.645470734438740257e-01
-9.897347018534743412e-01
-9.167284409014371249e-01
-6.420667032296726306e-01
-9.716406924292150249e-01
-9.716406924292150249e-01
-1.080370093829971845e+00
-5.685136541564197454e-01
-5.690162106404916820e-01
-4.862486678246115135e-01
-4.996975540924755155e-01
-4.996975540924755155e-01
-4.592593101263715005e-01
-4.592593101263715005e-01
-6.291042258628685158e-01
-6.291042258628685158e-01
-8.663168198755667460e-01
-3.678490537170974184e-01
-3.678490537170974184e-01
-5.633860535481717280e-01
-6.601847466297713352e-01
-6.652759027487181731e-01
-6.652759027487181731e-01
-6.652759027487181731e-01
-6.652759027487181731e-01
-6.652759027487181731e-01
-4.350128357216568320e-01
-6.332079373445318460e-01
-9.402862091910132447e-01
-9.402862091910132447e-01
-9.812361321476696929e-01
-1.042755481795847983e+00
-5.560335376826416320e-01
-5.560335376826416320e-01
-7.500441537169419970e-01
-5.668423248167391293e-01
-4.611846394510316083e-01
-6.781922728071863027e-01
-5.586156873833892922e-01
-5.556699820391608480e-01
-5.556699820391608480e-01
-5.556699820391608480e-01
-5.513182546315178456e-01
-5.513182546315178456e-01
-5.887445825494502794e-01
-7.085540992512803227e-01
-7.085540992512803227e-01
-5.926418267710986676e-01
-5.926418267710986676e-01
-5.926418267710986676e-01
-5.926418267710986676e-01
-6.947722942001408608e-01
-6.947722942001408608e-01
-5.765303397529960572e-01
-5.765303397529960572e-01
-5.765303397529960572e-01
-6.309120298667816318e-01
-6.309120298667816318e-01
-4.708314169834469376e-01
-5.409193207055371655e-01
-5.409193207055371655e-01
-5.396375836692551831e-01
-5.396375836692551831e-01
-5.396718727433478247e-01
-5.396718727433478247e-01
-3.580481316331722286e-01
-3.580481316331722286e-01
-4.930848137387646157e-01
-4.988942835222193728e-01
-4.988942835222193728e-01
-4.988942835222193728e-01
-4.988942835222193728e-01
-5.354517814871365688e-01
-5.354517814871365688e-01
-5.354517814871365688e-01
-5.354517814871365688e-01
-5.354517814871365688e-01
-6.343226377886805878e-01
-6.343226377886805878e-01
-4.303082344552245364e-01
-4.535071636734232525e-01
-4.535071636734232525e-01
-4.434356809430168300e-01
-4.434356809430168300e-01
-3.656192698347960346e-01
-4.522334472649395254e-01
-4.522334472649395254e-01
-4.898863181524431010e-01
-4.898863181524431010e-01
-4.898863181524431010e-01
-6.870364668391936158e-01
-7.363377001920183851e-01
-7.363377001920183851e-01
-7.627497132221777720e-01
-7.627497132221777720e-01
-6.379091573879633881e-01
-7.142757668500848700e-01
-7.142757668500848700e-01
-7.130168195637026640e-01
-5.455755945685077934e-01
-5.455755945685077934e-01
-5.719979178364268391e-01
-5.719979178364268391e-01
-5.719979178364268391e-01
-5.719979178364268391e-01
-5.719979178364268391e-01
-5.719979178364268391e-01
-5.719979178364268391e-01
-6.220659591458064241e-01
-6.220659591458064241e-01
-6.220659591458064241e-01
-8.353312226361796489e-01
-1.107129528133044216e+00
-1.138804177458410560e+00
-1.138804177458410560e+00
-9.341295039601331673e-01
-9.341295039601331673e-01
-9.341295039601331673e-01
-9.341295039601331673e-01
-9.341295039601331673e-01
-9.341295039601331673e-01
-9.341295039601331673e-01
-9.819794650651347823e-01
-9.819794650651347823e-01
-5.033231472234684922e-01
-5.033231472234684922e-01
-8.940778136124479802e-01
-5.526957969387642500e-01
-9.568665208216837748e-01
-9.447182754566710861e-01
-9.997821837870718431e-01
-1.055422888601915243e+00
-1.055422888601915243e+00
-9.664372508544111229e-01
-9.664372508544111229e-01
-9.664372508544111229e-01
-1.159907607565831889e+00
-3.036661317221318601e-01
-3.036661317221318601e-01
-8.340964665594535754e-01
-6.841848295530765789e-01
-6.841848295530765789e-01
-6.841848295530765789e-01
-6.840436240278182645e-01
-6.646706369191704988e-01
-4.992414739002635771e-01
-4.992414739002635771e-01
-4.468781664842231827e-01
-4.468781664842231827e-01
-4.468781664842231827e-01
-4.468781664842231827e-01
-4.356605344334338881e-01
-4.356605344334338881e-01
-4.356605344334338881e-01
-4.556371743522305562e-01
-4.188391561303529409e-01
-5.061057470288049531e-01
-5.061057470288049531e-01
-5.061057470288049531e-01
-3.932455768699736343e-01
-3.932455768699736343e-01
-4.044761353756546329e-01
-4.044761353756546329e-01
-1.480904198286925877e-01
-1.480904198286925877e-01
-1.480904198286925877e-01
-5.384174596532349533e-01
-5.479479956162345289e-01
-3.439588020218591335e-01
-3.439588020218591335e-01
-4.250088585322243651e-01
-4.250088585322243651e-01
-4.211085253269110096e-01
-4.212477356766360925e-01
-4.212477356766360925e-01
-4.212477356766360925e-01
-4.212477356766360925e-01
-4.212477356766360925e-01
-4.212477356766360925e-01
-4.212477356766360925e-01
-4.212477356766360925e-01
-3.248832939595100444e-01
-2.962850819085779963e-01
-2.240436075409422412e-01
-1.097097411538668466e+00
-1.097097411538668466e+00
-1.097097411538668466e+00
-1.211292226851166109e+00
-1.057097013714219935e+00
-1.150795014135334915e+00
-1.126606828877702249e+00
-9.958368145082296952e-01
-1.019710519469323229e+00
-7.121693282597542085e-01
-1.213577791792863181e+00
-1.082584675840387423e+00
-1.082584675840387423e+00
-1.130992575790972454e+00
-1.047011656185506734e+00
-1.047011656185506734e+00
-1.075587429220819402e+00
-1.075587429220819402e+00
-1.075587429220819402e+00
-1.002304887278742118e+00
-1.002304887278742118e+00
-1.118202804250252758e+00
-1.118202804250252758e+00
-9.705230446221529972e-01
-9.705230446221529972e-01
-9.705230446221529972e-01
-1.113098043856463937e+00
-8.811270611775136041e-01
-8.811270611775136041e-01
-1.003043412558013658e+00
-8.768668104283059428e-01
-8.768668104283059428e-01
-9.321890515846237291e-01
-9.321890515846237291e-01
-1.125222897262036614e+00
-8.068883785642959605e-01
-1.056738112278698516e+00
-1.047813000316733190e+00
-1.047813000316733190e+00
-1.047813000316733190e+00
-1.047813000316733190e+00
-1.047813000316733190e+00
-1.076160195073376569e+00
-9.817024865509229592e-01
-1.127721005288891298e+00
-1.127721005288891298e+00
-1.293871258622428577e+00
-1.293871258622428577e+00
-1.293871258622428577e+00
-5.578655631571377560e-01
-5.578655631571377560e-01
-6.277371671268652253e-01
-6.277371671268652253e-01
-4.468295066696001960e-01
-6.396134614692858267e-02
-6.396134614692858267e-02
-6.396134614692858267e-02
-6.396134614692858267e-02
-4.120809720457779268e-01
-4.120809720457779268e-01
-6.263969555706779824e-01
-6.263969555706779824e-01
-7.082385293029836992e-01
-7.075064154336294653e-01
-7.075064154336294653e-01
-7.228051835211980469e-01
-4.169761337500744736e-01
-4.169761337500744736e-01
-4.801074241899080941e-01
-4.801074241899080941e-01
-4.801074241899080941e-01
-9.058771353327961240e-01
-9.943467805182742980e-01
-9.943467805182742980e-01
-9.853659034005249895e-01
-9.853659034005249895e-01
-9.853659034005249895e-01
-9.853659034005249895e-01
-8.914818842842698876e-01
-8.914818842842698876e-01
-9.545103125070569794e-01
-9.630390187063306850e-01
-9.630390187063306850e-01
-9.630390187063306850e-01
-9.630390187063306850e-01
-9.630390187063306850e-01
-1.178973226816532271e+00
-1.178973226816532271e+00
-1.050068562507131542e+00
-1.050068562507131542e+00
-1.050068562507131542e+00
-1.061405650202745132e+00
-1.061405650202745132e+00
-7.353152972101661966e-01
-8.001822150433876013e-01
-8.001822150433876013e-01
-7.962334820127734414e-01
-7.962334820127734414e-01
-7.220081754577110100e-01
-7.298910571805640179e-01
-8.466489705262273402e-01
-8.466489705262273402e-01
-8.466489705262273402e-01
-8.677428257365354947e-01
-7.955821666204129228e-01
-7.955821666204129228e-01
-8.235279267084278931e-01
-8.300433929548028944e-01
-8.300433929548028944e-01
-8.300433929548028944e-01
-8.300433929548028944e-01
-5.435582010272007603e-01
-4.997675565602052727e-01
-9.077224470284759317e-01
-9.868600921625607647e-01
-9.868600921625607647e-01
-4.209857950534113824e-01
-4.209857950534113824e-01
-3.984262642290189449e-01
-7.265055955821572153e-01
-7.017005015295028070e-01
-7.017005015295028070e-01
-7.017005015295028070e-01
-7.017005015295028070e-01
-6.229861088736911023e-01
-3.627839372563581022e-01
-4.843118907588843669e-01
-4.843118907588843669e-01
-4.843118907588843669e-01
-4.065648001924407340e-01
-4.065648001924407340e-01
-4.555140973238072655e-01
-4.492505861458433447e-01
-4.492505861458433447e-01
-4.492505861458433447e-01
-4.492505861458433447e-01
-4.935136866616479656e-01
-4.935136866616479656e-01
-4.935136866616479656e-01
-4.735383857767695437e-01
-4.765756685868534070e-01
-3.724364438415366796e-01
-6.795001759416614551e-01
-6.795001759416614551e-01
-8.594988960254984489e-01
-5.774432656316735857e-01
-5.935179397785869115e-01
-5.935179397785869115e-01
-5.935179397785869115e-01
-5.935179397785869115e-01
-5.935179397785869115e-01
-5.935179397785869115e-01
-5.935179397785869115e-01
-5.863786314492539509e-01
-6.023247289092807932e-01
-4.672830614747973121e-01
-3.860503904187161939e-01
-4.959832595273478972e-01
-4.959832595273478972e-01
-4.959832595273478972e-01
-4.959832595273478972e-01
-4.962668705600052355e-01
-4.962668705600052355e-01
-4.962668705600052355e-01
-4.962668705600052355e-01
-5.919168186850418678e-01
-8.016814361168967951e-01
-8.016814361168967951e-01
-8.016814361168967951e-01
-7.917711390496605661e-01
-7.917711390496605661e-01
-7.237848480204949198e-01
-7.237848480204949198e-01
-7.237848480204949198e-01
-2.080671700240685762e-01
3.979633939094291695e-02
3.979633939094291695e-02
-4.298520003849764515e-01
-4.168115325786662106e-01
-4.250289039441912942e-01
-7.587351202510498327e-01
-3.679231889805651412e-01
-3.957401283430264094e-01
-3.957401283430264094e-01
-5.074377374676440899e-01
-5.074377374676440899e-01
-5.074377374676440899e-01
-3.395431514499842596e-01
-3.395431514499842596e-01
-5.808501739303834066e-01
-4.331490709687451646e-01
-8.743671111706293742e-01
-8.377911910757878111e-01
-8.377911910757878111e-01
-8.377911910757878111e-01
-8.872042696084393443e-01
-8.975096741278456580e-01
-6.120751943573006226e-01
-6.120751943573006226e-01
-5.968557536045383527e-01
-6.551784641198276082e-01
-6.551784641198276082e-01
-6.551784641198276082e-01
-6.551784641198276082e-01
-6.105023188153395619e-01
-6.105023188153395619e-01
-6.105023188153395619e-01
-6.644229371108897331e-01
-6.644229371108897331e-01
-6.976714541962065752e-01
-6.976714541962065752e-01
-7.379283137680270332e-01
-7.300602709029480053e-01
-7.300602709029480053e-01
-7.347862536122831134e-01
-4.453666365098575275e-01
-6.612918212181639888e-01
-8.690833152642727377e-01
-5.903961126427189621e-01
-5.903961126427189621e-01
-5.891472263185077995e-01
-3.114955736295915156e-01
-3.669597178224175971e-01
-4.466633594852325029e-01
-4.466633594852325029e-01
-4.466633594852325029e-01
-4.814086862203899586e-01
-4.264931529867221349e-01
-4.264931529867221349e-01
-4.264931529867221349e-01
-4.886738196393110578e-01
-2.334641309920066632e-01
-5.868726997943869428e-01
-6.408005562947781675e-01
-6.242746494525992507e-01
-6.897329022310337843e-01
-6.897329022310337843e-01
-6.897329022310337843e-01
-6.897329022310337843e-01
-8.274292294362914912e-01
-8.274292294362914912e-01
-8.274292294362914912e-01
-8.376288425460792775e-01
-6.443600579293297104e-01
-8.131135070516501973e-01
-7.656302480113186260e-01
-6.980362076466434251e-01
-7.467403849862523924e-01
-7.467403849862523924e-01
-7.467403849862523924e-01
-5.744043919514733032e-01
-8.632961999029878930e-01
-4.310843286393947205e-01
-4.279025738399440115e-01
-4.279025738399440115e-01
-4.279025738399440115e-01
-2.485164995706510838e-01
-2.935866590610025084e-01
-2.935866590610025084e-01
-2.935866590610025084e-01
-2.935866590610025084e-01
-5.687132228164252234e-01
-5.687132228164252234e-01
-5.687132228164252234e-01
-5.687132228164252234e-01
-5.687132228164252234e-01
-9.258187998696354448e-01
-7.659309266212467326e-01
-7.659309266212467326e-01
-2.374067143189020901e-01
-2.374067143189020901e-01
-2.374067143189020901e-01
-2.374067143189020901e-01
-2.382957001863706958e-01
-3.693267324622551695e-01
-6.448621522177797605e-01
-5.779824999641816063e-01
-5.320692510058492308e-01
-5.395732214910603508e-01
-5.395732214910603508e-01
-5.395732214910603508e-01
-6.741932435643749333e-01
-8.864940813704862421e-01
-9.232194255122267990e-01
-7.566932828394439259e-01
-8.120255614082639850e-01
-7.582198382705694906e-01
-6.418732038100521953e-01
-6.917423919782187403e-01
-7.424668808505475726e-01
-7.412453344257540211e-01
-7.412453344257540211e-01
-7.056829220249619672e-01
-5.135656008861319011e-01
-2.604843803675122027e-01
-2.669517803862864191e-01
-2.669517803862864191e-01
-2.669517803862864191e-01
-4.202183147449599088e-01
-1.823620835115199457e-01
-3.457978190258039763e-01
-5.339891646127857827e-01
-5.339891646127857827e-01
-5.339891646127857827e-01
-1.703128314962002010e+00
-5.424343688791047891e-01
-6.562693494182804121e-01
-5.326588281219331034e-01
-5.326588281219331034e-01
-5.326588281219331034e-01
-5.326588281219331034e-01
-5.326588281219331034e-01
-5.326588281219331034e-01
-5.326588281219331034e-01
-3.501869347862774373e-01
-3.501869347862774373e-01
-4.704285832972147086e-01
-4.704285832972147086e-01
-4.704285832972147086e-01
-4.704285832972147086e-01
-4.672989149439405465e-01
-4.164457595585414618e-01
-7.183149305961810116e-01
-7.183149305961810116e-01
-5.967120826313687676e-01
-8.422474138566548030e-01
-7.464005548705919812e-01
-7.050388021037813369e-01
-8.086163223929038191e-01
-8.086163223929038191e-01
-7.391014697959881197e-01
-7.314138311081646027e-01
-8.720672162100566727e-01
-7.668083105806718924e-01
-6.212191987687294414e-01
-8.091698651927938801e-01
-8.091698651927938801e-01
-8.091698651927938801e-01
-6.116735636990886515e-01
-5.916890360161022322e-01
-7.431664711421841485e-01
-6.101689058408042987e-01
-6.101689058408042987e-01
-6.101689058408042987e-01
-6.101689058408042987e-01
-6.101689058408042987e-01
-4.846956535194769100e-01
-4.958510708280208235e-01
-4.958510708280208235e-01
-4.444410277560926215e-01
-4.444410277560926215e-01
-4.444410277560926215e-01
-4.444410277560926215e-01
-5.471717726367990586e-01
-4.037671251067226907e-01
-4.857966165238678524e-01
-7.050967755282360194e-01
-6.958926264647610216e-01
-6.871815534449450258e-01
-6.871815534449450258e-01
-6.871815534449450258e-01
-6.871815534449450258e-01
-6.626505569089308212e-01
-6.626505569089308212e-01
-6.626505569089308212e-01
-7.607118553296929875e-01
-6.191193472983355095e-01
-6.191193472983355095e-01
-4.766005878941299567e-01
-4.732672427686936412e-01
-4.534622908334562386e-01
-2.309295570143072018e-01
-5.738070012425868782e-01
-6.127030257199491681e-01
-6.127030257199491681e-01
-5.901620860344591879e-01
-5.901620860344591879e-01
-6.877449126803658608e-01
-6.404108685958180835e-01
-6.404108685958180835e-01
-4.115746532715283124e-01
-2.409683567394831083e-01
-2.409683567394831083e-01
-6.997793831956041766e-01
-5.658075875501122898e-01
-5.658075875501122898e-01
-5.658075875501122898e-01
-5.658075875501122898e-01
-5.658075875501122898e-01
-3.238657482536952403e-01
-3.238657482536952403e-01
-3.238657482536952403e-01
-7.326166258587586411e-01
-7.326166258587586411e-01
-7.326166258587586411e-01
-6.996432346676076941e-01
-6.271713665836587959e-01
-3.466422080187623322e-01
-3.945283681230810080e-01
-3.945283681230810080e-01
-3.945283681230810080e-01
-3.945283681230810080e-01
-7.694367066360586760e-01
-7.727540291813341788e-01
-7.983589001785499351e-01
-7.983589001785499351e-01
-6.493555079775710226e-01
-6.493555079775710226e-01
-6.454070292440274859e-01
-6.454070292440274859e-01
-8.826433833125030270e-01
-7.070302953379600241e-01
-7.070302953379600241e-01
-1.028962445643470724e+00
-9.631697108907949501e-01
-9.685038489124561112e-01
-9.685038489124561112e-01
-9.685038489124561112e-01
-1.283174727816767557e+00
-1.269839459983058916e+00
-1.351555104089551262e+00
-1.393522537616128876e+00
-1.428131341096428475e+00
-1.427100191885976255e+00
-7.548871306224347322e-01
-8.881407443145453717e-01
-8.881407443145453717e-01
-8.881407443145453717e-01
-7.944844813611940948e-01
-7.944844813611940948e-01
-7.944844813611940948e-01
-5.573082530511251909e-01
-6.088982259793678242e-01
-6.088982259793678242e-01
-6.088982259793678242e-01
-4.129290519026443396e-01
-4.129290519026443396e-01
-4.900929334275162530e-01
-5.354256855604245802e-01
-5.354256855604245802e-01
-5.354256855604245802e-01
-5.354256855604245802e-01
-7.275742016162638492e-01
-7.275742016162638492e-01
-7.812119284159244614e-01
-8.988833436317598125e-01
-8.988833436317598125e-01
-6.515198773961186074e-01
-8.669828932049855608e-01
-8.669828932049855608e-01
-8.669828932049855608e-01
-8.669828932049855608e-01
-8.669828932049855608e-01
-8.669828932049855608e-01
-9.279606351135833986e-01
-9.279606351135833986e-01
-9.403368101680851243e-01
-9.403368101680851243e-01
-9.403368101680851243e-01
-9.403368101680851243e-01
-9.403368101680851243e-01
-8.227680895799535099e-01
-8.227680895799535099e-01
-8.227680895799535099e-01
-8.108698852825039216e-01
-7.541616949958619420e-01
-6.300570313717780424e-01
-6.336677056389392604e-01
-6.336677056389392604e-01
-6.198646293364630244e-01
-6.447509636116162124e-01
-6.447509636116162124e-01
-6.447509636116162124e-01
-6.447509636116162124e-01
-6.447509636116162124e-01
-6.447509636116162124e-01
-6.447509636116162124e-01
-6.447509636116162124e-01
-5.912421892735827411e-01
-9.362865418688729457e-01
-7.016238991297794048e-01
-7.016238991297794048e-01
-7.070090825572945548e-01
-7.070090825572945548e-01
-7.070090825572945548e-01
-7.777970667240439173e-01
-8.105064955371147351e-01
-8.105064955371147351e-01
-8.105064955371147351e-01
-7.950180912130447863e-01
-8.040102253392001908e-01
-9.148512400315560456e-01
-9.326521536100489396e-01
-8.609704497081528407e-01
-8.609704497081528407e-01
-8.609704497081528407e-01
-8.609704497081528407e-01
-7.820705319802366828e-01
-7.820705319802366828e-01
-7.820705319802366828e-01
-7.820705319802366828e-01
-7.820705319802366828e-01
-8.698736819277131938e-01
-8.698736819277131938e-01
-9.688702440258185611e-01
-7.682119236148197139e-01
-7.682119236148197139e-01
-1.171306645134828628e+00
-1.049846362211127149e+00
-1.049846362211127149e+00
-1.049846362211127149e+00
-1.049846362211127149e+00
-1.049846362211127149e+00
-1.049846362211127149e+00
-1.130900547938159528e+00
-9.679079433715418457e-01
-9.786429347909303411e-01
-7.471549016302599933e-01
-9.244258568984236035e-01
-7.897599183046944971e-01
-7.897599183046944971e-01
-7.897599183046944971e-01
-7.897599183046944971e-01
-7.897599183046944971e-01
-5.809903999333995150e-01
-7.013533389667941931e-01
-6.023239294470069671e-01
-6.429054796160822427e-01
-6.429054796160822427e-01
-6.429054796160822427e-01
-6.486514962006578733e-01
-6.486514962006578733e-01
-6.486514962006578733e-01
-8.141040133610641938e-01
-7.230321056309155781e-01
-7.080384718927059673e-01
-7.080384718927059673e-01
-6.195120107517849695e-01
-6.195120107517849695e-01
-6.261603845919586631e-01
-6.261603845919586631e-01
-6.261603845919586631e-01
-6.851064379586602193e-01
-6.503110128838118786e-01
-6.503110128838118786e-01
-6.503110128838118786e-01
-1.086218693220430298e+00
-7.870880521309169264e-01
-1.154194325543192567e+00
-1.163706873847124124e+00
-1.018776419878086648e+00
-1.018776419878086648e+00
-1.018776419878086648e+00
-1.005156690409961140e+00
-1.005156690409961140e+00
-1.267286993210420043e+00
-1.163963941474883690e+00
-1.010070494346841929e+00
-1.010070494346841929e+00
-1.010070494346841929e+00
-9.740497737262034939e-01
-1.005056055667466586e+00
-1.125236200270156806e+00
-7.710422573250808043e-01
-9.573346335979175947e-01
-4.311236679161505880e-01
-4.311236679161505880e-01
-7.767941279171594049e-01
-7.767941279171594049e-01
-7.767941279171594049e-01
-7.767941279171594049e-01
-7.771137632004435636e-01
-6.256165947909630987e-01
-6.291981643862328832e-01
-6.291981643862328832e-01
-6.291981643862328832e-01
-6.291981643862328832e-01
-6.291981643862328832e-01
-6.291981643862328832e-01
-7.697156310561770187e-01
-7.697156310561770187e-01
-9.902434432926801033e-01
-9.902434432926801033e-01
-9.620963938710382912e-01
-4.476965523530083146e-01
-4.459350698471217789e-01
-4.459350698471217789e-01
-2.945783559303123411e-01
-2.945783559303123411e-01
-4.165275423897847329e-01
-4.165275423897847329e-01
-8.214737360310137015e-01
-8.058799123073652204e-01
-8.058799123073652204e-01
-9.169002942590225302e-01
-5.159194706250643803e-01
-6.223851773813420252e-01
-5.301727318227661412e-01
-8.292477840778144094e-01
-8.292477840778144094e-01
-8.292477840778144094e-01
-8.292477840778144094e-01
-7.203073118567387967e-01
-8.539593462094000609e-01
-8.755274608946350678e-01
-8.755274608946350678e-01
-8.272874590771841508e-01
-8.667820477930360257e-01
-9.696380519858764924e-01
-7.039348395912099488e-01
-6.368682482672992640e-01
-6.368682482672992640e-01
-6.105595932907996737e-01
-6.105595932907996737e-01
-7.248122332554272074e-01
-7.248122332554272074e-01
-7.248122332554272074e-01
-7.975784820998786939e-01
-7.975784820998786939e-01
-7.975784820998786939e-01
-7.975784820998786939e-01
-7.134040722244143762e-01
-7.566102216301584527e-01
-7.999966920007300919e-01
-7.999966920007300919e-01
-7.999966920007300919e-01
-7.821690161981391665e-01
-7.821690161981391665e-01
-7.277931583772031532e-01
-5.663557401827563620e-01
-6.034355221241487488e-01
-6.290199689886275536e-01
-6.290199689886275536e-01
-6.290199689886275536e-01
-6.196690804496779448e-01
-6.359386722543962644e-01
-6.460496987672619262e-01
-6.460496987672619262e-01
-6.460496987672619262e-01
-6.460496987672619262e-01
-1.045115895929848326e+00
-8.493908616941062695e-01
-6.614184551803514722e-01
-9.654329386856428385e-01
-9.654329386856428385e-01
-5.779396017565747723e-01
-5.779396017565747723e-01
-5.432874746769232877e-01
-5.622541273902070813e-01
-5.622541273902070813e-01
-5.622541273902070813e-01
-5.622541273902070813e-01
-5.622541273902070813e-01
-5.484222703438459412e-01
-5.484222703438459412e-01
-5.484222703438459412e-01
-6.590089386191654297e-01
-6.590089386191654297e-01
-6.590089386191654297e-01
-7.440206746905575486e-01
-7.440206746905575486e-01
-9.133137017071355501e-01
-9.538936501225873110e-01
-9.538936501225873110e-01
-5.091135134534428008e-01
-6.695404648261985558e-01
-7.412586117741938319e-01
-2.791412937109194470e-01
-3.643953105524657676e-01
-3.643953105524657676e-01
-3.498485356891442022e-01
-6.932764530369727174e-01
-1.624936926853715047e-01
-1.624936926853715047e-01
-7.760039315224447343e-01
-6.864744127169654098e-01
