# Variable: dg_gbvi_00000395
# Sample shape: (2565,)
# Date: 2013-03-08 06:18:15.265088
-1.190640393030773847e+00
-1.480958762468352008e+00
-2.259653622191146294e+00
-2.792024090057590779e+00
-2.786319658898657181e+00
-2.786319658898657181e+00
-2.713455918750699247e+00
-1.915964939243947507e+00
-1.615155665509946381e+00
-1.615155665509946381e+00
-1.615155665509946381e+00
-1.615155665509946381e+00
-1.615155665509946381e+00
-1.732403651552660406e+00
-1.721228207726997583e+00
-1.732244975887283767e+00
-1.732244975887283767e+00
-1.732244975887283767e+00
-1.732244975887283767e+00
-1.725365968006683071e+00
-1.637751747827999260e+00
-1.554428327502719975e+00
-1.554428327502719975e+00
-1.588148729513950252e+00
-1.588148729513950252e+00
-1.579135695280880824e+00
-1.579135695280880824e+00
-1.438231368128843002e+00
-1.438231368128843002e+00
-1.366283147832592304e+00
-1.366283147832592304e+00
-1.366283147832592304e+00
-1.366283147832592304e+00
-1.366283147832592304e+00
-1.366283147832592304e+00
-1.366283147832592304e+00
-1.366283147832592304e+00
-1.368125245296004655e+00
-1.397809814075148260e+00
-1.371935701597964297e+00
-1.371935701597964297e+00
-1.371935701597964297e+00
-1.475614923529156020e+00
-1.475614923529156020e+00
-1.504814211836077664e+00
-1.231725839460220184e+00
-1.231725839460220184e+00
-1.523633248656782513e+00
-1.515632968797719915e+00
-1.515632968797719915e+00
-1.515632968797719915e+00
-1.515632968797719915e+00
-1.515632968797719915e+00
-1.515632968797719915e+00
-1.515632968797719915e+00
-1.515632968797719915e+00
-1.796590124861509041e+00
-1.796590124861509041e+00
-1.796590124861509041e+00
-1.796590124861509041e+00
-1.571272402342915209e+00
-1.571272402342915209e+00
-1.571272402342915209e+00
-1.593518575962512118e+00
-1.593518575962512118e+00
-1.593518575962512118e+00
-1.593518575962512118e+00
-1.593518575962512118e+00
-1.593518575962512118e+00
-1.413033125661830036e+00
-1.413033125661830036e+00
-1.413033125661830036e+00
-1.405001735557538156e+00
-1.371147281534071949e+00
-1.371147281534071949e+00
-1.371147281534071949e+00
-1.371147281534071949e+00
-1.657357362953613134e+00
-1.657357362953613134e+00
-1.657357362953613134e+00
-1.438455623420861640e+00
-1.449090715373759775e+00
-1.449090715373759775e+00
-1.449090715373759775e+00
-1.514185032525968699e+00
-1.501782181318199294e+00
-1.501782181318199294e+00
-1.501782181318199294e+00
-1.501782181318199294e+00
-1.501782181318199294e+00
-1.427727534853212354e+00
-1.427727534853212354e+00
-1.526332634050761694e+00
-1.526332634050761694e+00
-1.526332634050761694e+00
-1.580855749174077118e+00
-1.580855749174077118e+00
-1.580855749174077118e+00
-1.580855749174077118e+00
-1.520603981660315851e+00
-1.520603981660315851e+00
-1.535486350880911344e+00
-1.535486350880911344e+00
-1.535486350880911344e+00
-1.535486350880911344e+00
-1.535486350880911344e+00
-1.674869235663648759e+00
-1.674869235663648759e+00
-1.674869235663648759e+00
-1.674869235663648759e+00
-1.674869235663648759e+00
-1.674869235663648759e+00
-1.674869235663648759e+00
-1.674869235663648759e+00
-1.674869235663648759e+00
-1.674869235663648759e+00
-1.674869235663648759e+00
-1.674869235663648759e+00
-1.734186823800833999e+00
-1.734186823800833999e+00
-1.671319843820118445e+00
-1.581787338368100038e+00
-1.581787338368100038e+00
-1.594736824826199717e+00
-1.594736824826199717e+00
-1.594736824826199717e+00
-1.594736824826199717e+00
-1.594736824826199717e+00
-1.594736824826199717e+00
-1.579322632740867816e+00
-1.579322632740867816e+00
-1.554831826415805196e+00
-1.554831826415805196e+00
-1.567155532098442050e+00
-1.567155532098442050e+00
-1.567155532098442050e+00
-1.567155532098442050e+00
-1.567155532098442050e+00
-1.566477497030436705e+00
-1.532587797507805050e+00
-1.401578316451953521e+00
-1.401578316451953521e+00
-1.389203320033217004e+00
-1.389203320033217004e+00
-1.389203320033217004e+00
-1.389203320033217004e+00
-1.490358228165370003e+00
-1.490358228165370003e+00
-1.490358228165370003e+00
-1.490358228165370003e+00
-1.490358228165370003e+00
-1.439251393508479637e+00
-1.439251393508479637e+00
-1.439251393508479637e+00
-1.439251393508479637e+00
-1.439251393508479637e+00
-1.436205462843185288e+00
-1.436205462843185288e+00
-1.436205462843185288e+00
-1.359906606667493634e+00
-1.359906606667493634e+00
-1.359906606667493634e+00
-1.359906606667493634e+00
-1.359906606667493634e+00
-1.359906606667493634e+00
-1.359906606667493634e+00
-1.359906606667493634e+00
-1.502578285734319286e+00
-1.502578285734319286e+00
-1.502578285734319286e+00
-1.502578285734319286e+00
-1.502578285734319286e+00
-1.502578285734319286e+00
-1.460501686738140403e+00
-1.460501686738140403e+00
-1.460501686738140403e+00
-1.449100880779705891e+00
-1.449100880779705891e+00
-1.422399661100314905e+00
-1.422399661100314905e+00
-1.422399661100314905e+00
-1.422399661100314905e+00
-1.405718258064158510e+00
-1.405718258064158510e+00
-1.399433104581710330e+00
-1.405809851812076960e+00
-1.405809851812076960e+00
-1.405809851812076960e+00
-1.405809851812076960e+00
-1.362866456133896120e+00
-1.362866456133896120e+00
-1.362866456133896120e+00
-1.362866456133896120e+00
-1.362866456133896120e+00
-1.362866456133896120e+00
-1.362866456133896120e+00
-1.362866456133896120e+00
-1.362866456133896120e+00
-1.429894104687572387e+00
-1.429894104687572387e+00
-1.429894104687572387e+00
-1.429894104687572387e+00
-1.429894104687572387e+00
-1.429894104687572387e+00
-1.429894104687572387e+00
-1.369799575838010375e+00
-1.369799575838010375e+00
-1.369799575838010375e+00
-1.369799575838010375e+00
-1.369799575838010375e+00
-1.369799575838010375e+00
-1.369799575838010375e+00
-1.369799575838010375e+00
-1.369799575838010375e+00
-1.478401535247468424e+00
-1.478401535247468424e+00
-1.452083244982611765e+00
-1.452083244982611765e+00
-1.347474121849726814e+00
-1.371956057371491511e+00
-1.371956057371491511e+00
-1.422652251317868988e+00
-1.422652251317868988e+00
-1.422652251317868988e+00
-1.407735376306926467e+00
-1.407735376306926467e+00
-1.380702053225703052e+00
-1.380702053225703052e+00
-1.380702053225703052e+00
-1.380702053225703052e+00
-1.380702053225703052e+00
-1.380702053225703052e+00
-1.380702053225703052e+00
-1.380702053225703052e+00
-1.380702053225703052e+00
-1.380702053225703052e+00
-1.349382657964517840e+00
-1.349382657964517840e+00
-1.349382657964517840e+00
-1.328514732388402564e+00
-1.328514732388402564e+00
-1.328514732388402564e+00
-1.384863021130761984e+00
-1.384863021130761984e+00
-1.384863021130761984e+00
-1.428607246189233182e+00
-1.397671033229039850e+00
-1.414483114149073684e+00
-1.414483114149073684e+00
-1.414483114149073684e+00
-1.414483114149073684e+00
-1.414483114149073684e+00
-1.414483114149073684e+00
-1.414483114149073684e+00
-1.418630335117891272e+00
-1.418630335117891272e+00
-1.418630335117891272e+00
-1.418630335117891272e+00
-1.506829173547306278e+00
-1.506829173547306278e+00
-1.506829173547306278e+00
-1.438532520687192839e+00
-1.467521779047946673e+00
-1.483058489707151040e+00
-1.483058489707151040e+00
-1.483058489707151040e+00
-1.483058489707151040e+00
-1.414458712250739492e+00
-1.414458712250739492e+00
-1.542706875701894687e+00
-1.542706875701894687e+00
-1.491710772949648378e+00
-1.491710772949648378e+00
-1.491710772949648378e+00
-1.502249796562969753e+00
-1.502249796562969753e+00
-1.502249796562969753e+00
-1.502249796562969753e+00
-1.502249796562969753e+00
-1.502249796562969753e+00
-1.527872190954877141e+00
-1.527872190954877141e+00
-1.552161481244640040e+00
-1.499128524020818087e+00
-1.499128524020818087e+00
-1.499128524020818087e+00
-1.585481368371994604e+00
-1.586230291575921880e+00
-1.586230291575921880e+00
-1.586230291575921880e+00
-1.586230291575921880e+00
-1.586230291575921880e+00
-1.586230291575921880e+00
-1.586230291575921880e+00
-1.586230291575921880e+00
-1.586230291575921880e+00
-1.545394374932369308e+00
-1.545394374932369308e+00
-1.373330180974675185e+00
-1.373330180974675185e+00
-1.506994788821762299e+00
-1.510007570538342225e+00
-1.510007570538342225e+00
-1.510007570538342225e+00
-1.510007570538342225e+00
-1.510007570538342225e+00
-1.510007570538342225e+00
-1.510007570538342225e+00
-1.510007570538342225e+00
-1.510007570538342225e+00
-1.510007570538342225e+00
-1.504090446516544555e+00
-1.504090446516544555e+00
-1.489238884445607036e+00
-1.514356952202688289e+00
-1.514356952202688289e+00
-1.514356952202688289e+00
-1.514356952202688289e+00
-1.514356952202688289e+00
-1.588190567124957431e+00
-1.588190567124957431e+00
-1.588190567124957431e+00
-1.588190567124957431e+00
-1.588190567124957431e+00
-1.512753413076943998e+00
-1.512753413076943998e+00
-1.512753413076943998e+00
-1.512753413076943998e+00
-1.512753413076943998e+00
-1.500671439360951265e+00
-1.425751847604073363e+00
-1.425751847604073363e+00
-1.425751847604073363e+00
-1.422215221718808209e+00
-1.422215221718808209e+00
-1.425934451218590970e+00
-1.281472773343258265e+00
-1.372917495811794009e+00
-1.372917495811794009e+00
-1.384543936773234174e+00
-1.384543936773234174e+00
-1.372845346772232356e+00
-1.372845346772232356e+00
-1.372845346772232356e+00
-1.372845346772232356e+00
-1.383897703364155740e+00
-1.383897703364155740e+00
-1.383897703364155740e+00
-1.315740892130104145e+00
-1.315740892130104145e+00
-1.345890898460067930e+00
-1.328961298663020152e+00
-1.328961298663020152e+00
-1.328961298663020152e+00
-1.352576570920920984e+00
-1.352576570920920984e+00
-1.352576570920920984e+00
-1.352576570920920984e+00
-1.348364562019227275e+00
-1.348364562019227275e+00
-1.348364562019227275e+00
-1.348364562019227275e+00
-1.348364562019227275e+00
-1.348364562019227275e+00
-1.348364562019227275e+00
-1.348364562019227275e+00
-1.348364562019227275e+00
-1.348364562019227275e+00
-1.348364562019227275e+00
-1.346167819424785250e+00
-1.346167819424785250e+00
-1.345551449663626942e+00
-1.345455688012022311e+00
-1.345455688012022311e+00
-1.345455688012022311e+00
-1.345455688012022311e+00
-1.345455688012022311e+00
-1.345455688012022311e+00
-1.345455688012022311e+00
-1.345455688012022311e+00
-1.366530930913286701e+00
-1.366530930913286701e+00
-1.366530930913286701e+00
-1.366530930913286701e+00
-1.366530930913286701e+00
-1.366530930913286701e+00
-1.366530930913286701e+00
-1.366530930913286701e+00
-1.366530930913286701e+00
-1.354292002003563145e+00
-1.383215117020119234e+00
-1.373540515777264437e+00
-1.373540515777264437e+00
-1.492743607386585625e+00
-1.492743607386585625e+00
-1.492743607386585625e+00
-1.492743607386585625e+00
-1.492743607386585625e+00
-1.492743607386585625e+00
-1.458119003291835414e+00
-1.458119003291835414e+00
-1.458119003291835414e+00
-1.446128904365014289e+00
-1.447165349326995587e+00
-1.447165349326995587e+00
-1.447165349326995587e+00
-1.447165349326995587e+00
-1.447165349326995587e+00
-1.538324545194605930e+00
-1.538324545194605930e+00
-1.614464935265816470e+00
-1.614464935265816470e+00
-1.622477386793649057e+00
-1.622477386793649057e+00
-1.622477386793649057e+00
-1.610016061543991350e+00
-1.589343398131503715e+00
-1.589343398131503715e+00
-1.587256721027778594e+00
-1.587256721027778594e+00
-1.460261704911970382e+00
-1.433166029993301782e+00
-1.433166029993301782e+00
-1.433166029993301782e+00
-1.461235715357972031e+00
-1.461235715357972031e+00
-1.467408906676525682e+00
-1.464851234338915287e+00
-1.464851234338915287e+00
-1.464851234338915287e+00
-1.752375682562310688e+00
-1.752928398953405242e+00
-1.741723337539529792e+00
-1.741723337539529792e+00
-1.741723337539529792e+00
-1.741723337539529792e+00
-1.745377631507517124e+00
-1.745377631507517124e+00
-1.745377631507517124e+00
-1.709861492906731506e+00
-1.547452740529015269e+00
-1.547452740529015269e+00
-1.547452740529015269e+00
-1.544975598326273181e+00
-1.544975598326273181e+00
-1.555464451246153290e+00
-1.555464451246153290e+00
-1.555464451246153290e+00
-1.555464451246153290e+00
-1.555464451246153290e+00
-1.555464451246153290e+00
-1.555464451246153290e+00
-1.555464451246153290e+00
-1.567622682320854333e+00
-1.639254675510020132e+00
-1.639254675510020132e+00
-1.572382447038871200e+00
-1.572382447038871200e+00
-1.572382447038871200e+00
-1.572382447038871200e+00
-1.572382447038871200e+00
-1.599894336347088553e+00
-1.599894336347088553e+00
-1.595483079396935233e+00
-1.595773461819738559e+00
-1.595773461819738559e+00
-1.595773461819738559e+00
-1.595773461819738559e+00
-1.594612363268869792e+00
-1.594612363268869792e+00
-1.594612363268869792e+00
-1.594612363268869792e+00
-1.594612363268869792e+00
-1.594612363268869792e+00
-1.583362114461371650e+00
-1.601661461747392767e+00
-1.601661461747392767e+00
-1.601661461747392767e+00
-1.601661461747392767e+00
-1.615235820069296890e+00
-1.618387403591674545e+00
-1.618387403591674545e+00
-1.618387403591674545e+00
-1.618387403591674545e+00
-1.618387403591674545e+00
-1.618387403591674545e+00
-1.618387403591674545e+00
-1.618387403591674545e+00
-1.680541287915225945e+00
-1.680541287915225945e+00
-1.711682102154563179e+00
-1.711682102154563179e+00
-1.711682102154563179e+00
-1.711682102154563179e+00
-1.711682102154563179e+00
-1.711682102154563179e+00
-1.711682102154563179e+00
-1.706504876738816234e+00
-1.726180789751951217e+00
-1.654458654693672592e+00
-1.654458654693672592e+00
-1.654458654693672592e+00
-1.654458654693672592e+00
-1.654458654693672592e+00
-1.654458654693672592e+00
-1.654458654693672592e+00
-1.654458654693672592e+00
-1.654458654693672592e+00
-1.654458654693672592e+00
-1.654458654693672592e+00
-1.654458654693672592e+00
-1.654458654693672592e+00
-1.759388129507499565e+00
-1.759388129507499565e+00
-1.759388129507499565e+00
-1.759388129507499565e+00
-1.759388129507499565e+00
-1.759388129507499565e+00
-1.734303498762540974e+00
-1.734303498762540974e+00
-1.734303498762540974e+00
-1.581635973995105138e+00
-1.649969870559577112e+00
-1.649969870559577112e+00
-1.565108098580292539e+00
-1.565108098580292539e+00
-1.593004860042533499e+00
-1.593004860042533499e+00
-1.593004860042533499e+00
-1.593004860042533499e+00
-1.593004860042533499e+00
-1.559767908350266907e+00
-1.559767908350266907e+00
-1.563021875035681241e+00
-1.553806026230930559e+00
-1.553806026230930559e+00
-1.662090960563431308e+00
-1.662090960563431308e+00
-1.662090960563431308e+00
-1.662090960563431308e+00
-1.662090960563431308e+00
-1.662090960563431308e+00
-1.630812176757198362e+00
-1.600998293851613408e+00
-1.600998293851613408e+00
-1.600998293851613408e+00
-1.600998293851613408e+00
-1.600998293851613408e+00
-1.619606773964415325e+00
-1.619606773964415325e+00
-1.619606773964415325e+00
-1.605095423990934522e+00
-1.605095423990934522e+00
-1.605095423990934522e+00
-1.605095423990934522e+00
-1.605095423990934522e+00
-1.589082085125206989e+00
-1.594474012889014025e+00
-1.594474012889014025e+00
-1.594474012889014025e+00
-1.594474012889014025e+00
-1.594474012889014025e+00
-1.680936077972670972e+00
-1.619320765954770369e+00
-1.619320765954770369e+00
-1.595249748488240193e+00
-1.640274940863220232e+00
-1.640274940863220232e+00
-1.640274940863220232e+00
-1.640274940863220232e+00
-1.640274940863220232e+00
-1.600349286520662773e+00
-1.600349286520662773e+00
-1.600349286520662773e+00
-1.608287168003150969e+00
-1.608287168003150969e+00
-1.600291948828450384e+00
-1.600291948828450384e+00
-1.596161752253180577e+00
-1.596161752253180577e+00
-1.596161752253180577e+00
-1.596161752253180577e+00
-1.596161752253180577e+00
-1.596161752253180577e+00
-1.596161752253180577e+00
-1.611054457701128761e+00
-1.532344599435827792e+00
-1.532344599435827792e+00
-1.532344599435827792e+00
-1.532344599435827792e+00
-1.532344599435827792e+00
-1.532344599435827792e+00
-1.532344599435827792e+00
-1.532344599435827792e+00
-1.532344599435827792e+00
-1.532344599435827792e+00
-1.532344599435827792e+00
-1.536710498263739177e+00
-1.536710498263739177e+00
-1.608391380322070408e+00
-1.608391380322070408e+00
-1.533556238920729564e+00
-1.533556238920729564e+00
-1.533556238920729564e+00
-1.533556238920729564e+00
-1.533556238920729564e+00
-1.533556238920729564e+00
-1.533556238920729564e+00
-1.542899491627809816e+00
-1.542899491627809816e+00
-1.585048725847057582e+00
-1.586908049852094216e+00
-1.586908049852094216e+00
-1.586908049852094216e+00
-1.586908049852094216e+00
-1.586908049852094216e+00
-1.577851410363908524e+00
-1.577851410363908524e+00
-1.311551568823407399e+00
-1.311551568823407399e+00
-1.478806974328829904e+00
-1.478806974328829904e+00
-1.478806974328829904e+00
-1.478806974328829904e+00
-1.442660859173399368e+00
-1.442660859173399368e+00
-1.442660859173399368e+00
-1.442660859173399368e+00
-1.442660859173399368e+00
-1.442660859173399368e+00
-1.426721789006932806e+00
-1.426721789006932806e+00
-1.426721789006932806e+00
-1.476207619065193377e+00
-1.461650707936719806e+00
-1.461650707936719806e+00
-1.423491029547951703e+00
-1.423491029547951703e+00
-1.445444669120953929e+00
-1.445444669120953929e+00
-1.445444669120953929e+00
-1.445444669120953929e+00
-1.445444669120953929e+00
-1.445444669120953929e+00
-1.368337935618255008e+00
-1.368337935618255008e+00
-1.447409597463393816e+00
-1.418745579027021586e+00
-1.541938958264927440e+00
-1.541938958264927440e+00
-1.541938958264927440e+00
-1.541938958264927440e+00
-1.541938958264927440e+00
-1.541938958264927440e+00
-1.541938958264927440e+00
-1.431361679473514004e+00
-1.373786824796106698e+00
-1.388897876945626386e+00
-1.388897876945626386e+00
-1.502943622174815141e+00
-1.502943622174815141e+00
-1.502943622174815141e+00
-1.502943622174815141e+00
-1.502943622174815141e+00
-1.502943622174815141e+00
-1.502943622174815141e+00
-1.502943622174815141e+00
-1.502943622174815141e+00
-1.534050319255306327e+00
-1.534050319255306327e+00
-1.539223333824540685e+00
-1.539223333824540685e+00
-1.539223333824540685e+00
-1.580088724071113004e+00
-1.580088724071113004e+00
-1.580088724071113004e+00
-1.580088724071113004e+00
-1.580088724071113004e+00
-1.577518656973413869e+00
-1.577518656973413869e+00
-1.577518656973413869e+00
-1.577518656973413869e+00
-1.475368174958260337e+00
-1.429610895180431385e+00
-1.449911220786168631e+00
-1.449911220786168631e+00
-1.449911220786168631e+00
-1.888838652065683466e+00
-1.710885060812631364e+00
-1.710885060812631364e+00
-1.710885060812631364e+00
-1.710885060812631364e+00
-1.704497766172107021e+00
-1.556746455590937606e+00
-1.556746455590937606e+00
-1.535651588637700016e+00
-1.531143014223693921e+00
-1.531143014223693921e+00
-1.549437867056500773e+00
-1.530528322068625213e+00
-1.530528322068625213e+00
-1.536800643036433822e+00
-1.376716011399343742e+00
-1.376716011399343742e+00
-1.415508674069823503e+00
-1.415508674069823503e+00
-1.415508674069823503e+00
-1.415508674069823503e+00
-1.415508674069823503e+00
-1.420023334633974565e+00
-1.420023334633974565e+00
-1.420023334633974565e+00
-1.420023334633974565e+00
-1.420023334633974565e+00
-1.577622465027591625e+00
-1.577622465027591625e+00
-1.577622465027591625e+00
-1.577622465027591625e+00
-1.587035898678655688e+00
-1.588892581818375671e+00
-1.588892581818375671e+00
-1.588892581818375671e+00
-1.588892581818375671e+00
-1.299923564667622822e+00
-1.299923564667622822e+00
-1.299923564667622822e+00
-1.554109759465316376e+00
-1.572264449681728404e+00
-1.572264449681728404e+00
-1.459371340752167567e+00
-1.440228542379564880e+00
-1.440228542379564880e+00
-1.440228542379564880e+00
-1.440228542379564880e+00
-1.440228542379564880e+00
-1.440228542379564880e+00
-1.440228542379564880e+00
-1.440228542379564880e+00
-1.322261674328714776e+00
-1.322261674328714776e+00
-1.349349126122211251e+00
-1.408352920893115812e+00
-1.408352920893115812e+00
-1.408352920893115812e+00
-1.399326942538528407e+00
-1.399326942538528407e+00
-1.399326942538528407e+00
-1.399326942538528407e+00
-1.399326942538528407e+00
-1.544846101131058802e+00
-1.561403643280039111e+00
-1.561403643280039111e+00
-1.561403643280039111e+00
-1.561403643280039111e+00
-1.561403643280039111e+00
-1.561403643280039111e+00
-1.658066597016148558e+00
-1.658066597016148558e+00
-1.658066597016148558e+00
-1.658066597016148558e+00
-1.658066597016148558e+00
-1.658066597016148558e+00
-1.658066597016148558e+00
-1.658066597016148558e+00
-1.517499202999081920e+00
-1.517499202999081920e+00
-1.437210128006956023e+00
-1.439582567393342449e+00
-1.506695832916176148e+00
-1.423842218015150651e+00
-1.423842218015150651e+00
-1.377148136949654100e+00
-1.377148136949654100e+00
-1.377148136949654100e+00
-1.377148136949654100e+00
-1.362668675159538267e+00
-1.300133653342503637e+00
-1.264929384712841109e+00
-1.443954929320780511e+00
-1.443954929320780511e+00
-1.443954929320780511e+00
-1.443954929320780511e+00
-1.443954929320780511e+00
-1.443954929320780511e+00
-1.443954929320780511e+00
-1.443954929320780511e+00
-1.443954929320780511e+00
-1.443954929320780511e+00
-1.518628342468057557e+00
-1.448771578617860323e+00
-1.385542781390734390e+00
-1.385542781390734390e+00
-1.416540021668547311e+00
-1.416540021668547311e+00
-1.416540021668547311e+00
-1.356150597917123779e+00
-1.356150597917123779e+00
-1.356150597917123779e+00
-1.356150597917123779e+00
-1.356150597917123779e+00
-1.600152280444492758e+00
-1.600152280444492758e+00
-1.644126609826850327e+00
-1.644126609826850327e+00
-1.644126609826850327e+00
-1.644126609826850327e+00
-1.644126609826850327e+00
-1.644126609826850327e+00
-1.633584684605565274e+00
-1.434910964035233993e+00
-1.498332457641331938e+00
-1.498332457641331938e+00
-1.498332457641331938e+00
-1.498332457641331938e+00
-1.498332457641331938e+00
-1.498332457641331938e+00
-1.502360964259908060e+00
-1.440224769715700015e+00
-1.440224769715700015e+00
-1.440224769715700015e+00
-1.462976184615050412e+00
-1.443931205841133103e+00
-1.443931205841133103e+00
-1.443931205841133103e+00
-1.481624320643370574e+00
-1.496203231446523230e+00
-1.496203231446523230e+00
-1.496203231446523230e+00
-1.496203231446523230e+00
-1.496203231446523230e+00
-1.496203231446523230e+00
-1.496203231446523230e+00
-1.550109949545534604e+00
-1.550109949545534604e+00
-1.550109949545534604e+00
-1.550109949545534604e+00
-1.533056095304443422e+00
-1.533056095304443422e+00
-1.533056095304443422e+00
-1.533056095304443422e+00
-1.551409507457042869e+00
-1.551409507457042869e+00
-1.551409507457042869e+00
-1.551409507457042869e+00
-1.553796512556975484e+00
-1.545635486523004198e+00
-1.464759233018361195e+00
-1.464759233018361195e+00
-1.462222229541296326e+00
-1.462222229541296326e+00
-1.387614076628429949e+00
-1.539496781079929599e+00
-1.539496781079929599e+00
-1.539496781079929599e+00
-1.539496781079929599e+00
-1.539496781079929599e+00
-1.539496781079929599e+00
-1.539496781079929599e+00
-1.539496781079929599e+00
-1.539496781079929599e+00
-1.539496781079929599e+00
-1.539496781079929599e+00
-1.539496781079929599e+00
-1.625993745282581893e+00
-1.625993745282581893e+00
-1.618114794723585437e+00
-1.485735150646441127e+00
-1.485735150646441127e+00
-1.485735150646441127e+00
-1.485735150646441127e+00
-1.485735150646441127e+00
-1.485735150646441127e+00
-1.485735150646441127e+00
-1.580951395227467193e+00
-1.580951395227467193e+00
-1.509050364190095417e+00
-1.573505281185080484e+00
-1.573505281185080484e+00
-1.573505281185080484e+00
-1.573505281185080484e+00
-1.535455660233906894e+00
-1.541301857243146278e+00
-1.571528011054405205e+00
-1.571528011054405205e+00
-1.580757328582300891e+00
-1.612709486717769813e+00
-1.612709486717769813e+00
-1.565237153591766406e+00
-1.565237153591766406e+00
-1.565237153591766406e+00
-1.565237153591766406e+00
-1.565237153591766406e+00
-1.304759218585445968e+00
-1.304759218585445968e+00
-1.304759218585445968e+00
-1.304759218585445968e+00
-1.304759218585445968e+00
-1.304759218585445968e+00
-1.304759218585445968e+00
-1.304759218585445968e+00
-1.530095019796492650e+00
-1.530095019796492650e+00
-1.530095019796492650e+00
-1.530095019796492650e+00
-1.530095019796492650e+00
-1.530095019796492650e+00
-1.530095019796492650e+00
-1.530095019796492650e+00
-1.540735811539552191e+00
-1.540735811539552191e+00
-1.540735811539552191e+00
-1.509121255530173400e+00
-1.509121255530173400e+00
-1.512979390515184930e+00
-1.498479507137973732e+00
-1.567399285779226936e+00
-1.449135920668900956e+00
-1.449135920668900956e+00
-1.449135920668900956e+00
-1.449135920668900956e+00
-1.449135920668900956e+00
-1.479583438725745825e+00
-1.515904621118862927e+00
-1.515904621118862927e+00
-1.506762443064306067e+00
-1.506762443064306067e+00
-1.533072916235759475e+00
-1.533072916235759475e+00
-1.533072916235759475e+00
-1.443680877715634026e+00
-1.443680877715634026e+00
-1.443680877715634026e+00
-1.443680877715634026e+00
-1.443680877715634026e+00
-1.468714734553282053e+00
-1.468714734553282053e+00
-1.468714734553282053e+00
-1.435564203078274703e+00
-1.505117153043040279e+00
-1.512607168748583142e+00
-1.512607168748583142e+00
-1.512607168748583142e+00
-1.608593236554326067e+00
-1.608593236554326067e+00
-1.639629280801830902e+00
-1.639629280801830902e+00
-1.639629280801830902e+00
-1.639629280801830902e+00
-1.639629280801830902e+00
-1.398663554587860958e+00
-1.398663554587860958e+00
-1.398663554587860958e+00
-1.398663554587860958e+00
-1.398663554587860958e+00
-1.395768330063003493e+00
-1.395768330063003493e+00
-1.400075820307071783e+00
-1.400075820307071783e+00
-1.400075820307071783e+00
-1.400075820307071783e+00
-1.400075820307071783e+00
-1.382276984224329208e+00
-1.382276984224329208e+00
-1.382276984224329208e+00
-1.382276984224329208e+00
-1.382276984224329208e+00
-1.382276984224329208e+00
-1.382276984224329208e+00
-1.382276984224329208e+00
-1.382276984224329208e+00
-1.382276984224329208e+00
-1.382276984224329208e+00
-1.382276984224329208e+00
-1.382276984224329208e+00
-1.385145611538540766e+00
-1.385145611538540766e+00
-1.385145611538540766e+00
-1.385145611538540766e+00
-1.385145611538540766e+00
-1.378182314110843576e+00
-1.361859152792226579e+00
-1.361859152792226579e+00
-1.361859152792226579e+00
-1.361859152792226579e+00
-1.374239612981178249e+00
-1.374239612981178249e+00
-1.347432206365222873e+00
-1.347432206365222873e+00
-1.347432206365222873e+00
-1.347432206365222873e+00
-1.347432206365222873e+00
-1.270863292868908978e+00
-1.270863292868908978e+00
-1.270863292868908978e+00
-1.270863292868908978e+00
-1.270863292868908978e+00
-1.270863292868908978e+00
-1.298494304956735457e+00
-1.325821272487316183e+00
-1.339417323480866173e+00
-1.339417323480866173e+00
-1.339417323480866173e+00
-1.383316495609052454e+00
-1.328906927361618973e+00
-1.361393908545827980e+00
-1.262798338218036109e+00
-1.262798338218036109e+00
-1.262798338218036109e+00
-1.262798338218036109e+00
-1.271644215442493175e+00
-1.271644215442493175e+00
-1.271644215442493175e+00
-1.370434727511608664e+00
-1.320085851882682793e+00
-1.320085851882682793e+00
-1.320085851882682793e+00
-1.343692281020282264e+00
-1.343692281020282264e+00
-1.343692281020282264e+00
-1.471405869902046026e+00
-1.471405869902046026e+00
-1.471405869902046026e+00
-1.471405869902046026e+00
-1.454881747665941916e+00
-1.454881747665941916e+00
-1.433982690356291334e+00
-1.543603084526637526e+00
-1.276158704936976696e+00
-1.276158704936976696e+00
-1.276158704936976696e+00
-1.269278921965239393e+00
-1.269278921965239393e+00
-1.269278921965239393e+00
-1.269278921965239393e+00
-1.243717890188057895e+00
-1.243717890188057895e+00
-1.243717890188057895e+00
-1.243717890188057895e+00
-1.424199276667489578e+00
-1.424199276667489578e+00
-1.424199276667489578e+00
-1.400374276745508961e+00
-1.608698275665934929e+00
-1.608698275665934929e+00
-1.608698275665934929e+00
-1.608698275665934929e+00
-1.608698275665934929e+00
-1.608698275665934929e+00
-1.608698275665934929e+00
-1.374666100318242101e+00
-1.374666100318242101e+00
-1.374666100318242101e+00
-1.374666100318242101e+00
-1.374666100318242101e+00
-1.374666100318242101e+00
-1.374666100318242101e+00
-1.374666100318242101e+00
-1.489508752622109355e+00
-1.499487888484351883e+00
-1.499487888484351883e+00
-1.499487888484351883e+00
-1.499487888484351883e+00
-1.499487888484351883e+00
-1.487329113934759972e+00
-1.487329113934759972e+00
-1.432259386033341686e+00
-1.304856931541108489e+00
-1.304856931541108489e+00
-1.329565008468641008e+00
-1.330349479682216396e+00
-1.330349479682216396e+00
-1.330349479682216396e+00
-1.330349479682216396e+00
-1.330349479682216396e+00
-1.330349479682216396e+00
-1.340598978240170380e+00
-1.340598978240170380e+00
-1.384693978265341352e+00
-1.384693978265341352e+00
-1.384693978265341352e+00
-1.341272740613474568e+00
-1.341272740613474568e+00
-1.782893611338800977e+00
-1.782893611338800977e+00
-1.791905618501939967e+00
-1.796020839390358281e+00
-1.796020839390358281e+00
-1.796020839390358281e+00
-1.796020839390358281e+00
-1.796020839390358281e+00
-1.781969806941554602e+00
-1.680927218586662608e+00
-1.772920591759264974e+00
-1.562839237148205385e+00
-1.562839237148205385e+00
-1.553629235906280881e+00
-1.553629235906280881e+00
-1.480222749998647780e+00
-1.480222749998647780e+00
-1.522822678576793987e+00
-1.522822678576793987e+00
-1.522822678576793987e+00
-1.703695107618061533e+00
-1.703695107618061533e+00
-1.493488873512081705e+00
-1.545668274202764314e+00
-1.547067563910586419e+00
-1.547067563910586419e+00
-1.553270265250235482e+00
-1.553270265250235482e+00
-1.553270265250235482e+00
-1.553270265250235482e+00
-1.553270265250235482e+00
-1.553270265250235482e+00
-1.553270265250235482e+00
-1.629882054486077037e+00
-1.629882054486077037e+00
-1.620946910975952449e+00
-1.620946910975952449e+00
-1.620946910975952449e+00
-1.620946910975952449e+00
-1.620946910975952449e+00
-1.620946910975952449e+00
-1.620946910975952449e+00
-1.617792681133669586e+00
-1.664202918978800794e+00
-1.643192960945913494e+00
-1.643192960945913494e+00
-1.643192960945913494e+00
-1.643192960945913494e+00
-1.645829791005928744e+00
-1.645829791005928744e+00
-1.645750942034224229e+00
-1.645750942034224229e+00
-1.645882828858586722e+00
-1.767955941563194244e+00
-1.620601535945088045e+00
-1.620601535945088045e+00
-1.620601535945088045e+00
-1.620601535945088045e+00
-1.620601535945088045e+00
-1.620601535945088045e+00
-1.803077103147799454e+00
-1.599554256043906886e+00
-1.599554256043906886e+00
-1.599554256043906886e+00
-1.599554256043906886e+00
-1.590756853374151181e+00
-1.590756853374151181e+00
-1.590756853374151181e+00
-1.590756853374151181e+00
-1.590756853374151181e+00
-1.590756853374151181e+00
-1.615970042873181800e+00
-1.615970042873181800e+00
-1.615970042873181800e+00
-1.615970042873181800e+00
-1.615970042873181800e+00
-1.615970042873181800e+00
-1.576829216165624103e+00
-1.576829216165624103e+00
-1.576829216165624103e+00
-1.576829216165624103e+00
-1.626808564995147810e+00
-1.441070977292031374e+00
-1.441070977292031374e+00
-1.441070977292031374e+00
-1.784784161247934264e+00
-1.703745684250239645e+00
-1.701447107665442493e+00
-1.701447107665442493e+00
-1.780727278599520513e+00
-1.780727278599520513e+00
-1.780727278599520513e+00
-1.799926701846316091e+00
-1.799926701846316091e+00
-1.799926701846316091e+00
-1.799926701846316091e+00
-1.799926701846316091e+00
-1.822036909278871963e+00
-1.822036909278871963e+00
-1.822036909278871963e+00
-1.807200343585942726e+00
-1.807200343585942726e+00
-1.766931828881790345e+00
-1.808700795430529196e+00
-1.808700795430529196e+00
-1.808700795430529196e+00
-1.808700795430529196e+00
-1.808700795430529196e+00
-1.808700795430529196e+00
-1.808700795430529196e+00
-1.808700795430529196e+00
-1.808700795430529196e+00
-1.775850800794278372e+00
-1.775850800794278372e+00
-1.775850800794278372e+00
-1.775850800794278372e+00
-1.775850800794278372e+00
-1.708867827105560178e+00
-1.718702481338542531e+00
-1.746599153054908538e+00
-1.742753412352495479e+00
-1.733897429773370247e+00
-1.733897429773370247e+00
-1.733897429773370247e+00
-1.733897429773370247e+00
-1.733897429773370247e+00
-1.733897429773370247e+00
-1.733897429773370247e+00
-1.733897429773370247e+00
-1.733897429773370247e+00
-1.535344238532275973e+00
-1.535344238532275973e+00
-1.535344238532275973e+00
-1.574548664686952648e+00
-1.574548664686952648e+00
-1.574548664686952648e+00
-1.574548664686952648e+00
-1.574548664686952648e+00
-1.564029472482142857e+00
-1.728819988143670106e+00
-1.728819988143670106e+00
-1.703761781980086543e+00
-1.703761781980086543e+00
-1.823451348277114636e+00
-1.823451348277114636e+00
-1.823451348277114636e+00
-1.823451348277114636e+00
-1.823451348277114636e+00
-1.765168444277791293e+00
-1.758639351275978591e+00
-1.758639351275978591e+00
-1.758639351275978591e+00
-1.758639351275978591e+00
-1.758639351275978591e+00
-1.758639351275978591e+00
-1.758639351275978591e+00
-1.778137597002658721e+00
-1.778137597002658721e+00
-1.778137597002658721e+00
-1.778137597002658721e+00
-1.778137597002658721e+00
-1.778137597002658721e+00
-1.778137597002658721e+00
-1.666785787153803433e+00
-1.666785787153803433e+00
-1.666785787153803433e+00
-1.829099108177441257e+00
-1.829827824024402583e+00
-1.585174704436126847e+00
-1.658909482606514718e+00
-1.658909482606514718e+00
-1.645807533582389404e+00
-1.607488701874607795e+00
-1.659742132105955781e+00
-1.659742132105955781e+00
-1.699889746576923155e+00
-1.809108486659099846e+00
-1.809108486659099846e+00
-1.809108486659099846e+00
-1.809108486659099846e+00
-1.809108486659099846e+00
-1.809108486659099846e+00
-1.723141299637648505e+00
-1.723141299637648505e+00
-1.750544920404836446e+00
-1.750544920404836446e+00
-1.759538415725515170e+00
-1.759538415725515170e+00
-1.759538415725515170e+00
-1.759538415725515170e+00
-1.653966900618984326e+00
-1.653966900618984326e+00
-1.653966900618984326e+00
-1.624076271466772470e+00
-1.569008877908092625e+00
-1.573334821112469362e+00
-1.573334821112469362e+00
-1.573334821112469362e+00
-1.728934639364919645e+00
-1.728934639364919645e+00
-1.684697274624774144e+00
-1.684697274624774144e+00
-1.684697274624774144e+00
-1.737356953103828872e+00
-1.772014801196178269e+00
-1.637751507738766987e+00
-1.637751507738766987e+00
-1.637751507738766987e+00
-1.549676907778372081e+00
-1.554521058101303144e+00
-1.554521058101303144e+00
-1.554521058101303144e+00
-1.716593978889066063e+00
-1.780386085630008441e+00
-1.780386085630008441e+00
-1.780386085630008441e+00
-1.796206070457017523e+00
-1.796206070457017523e+00
-1.796206070457017523e+00
-1.796206070457017523e+00
-1.796206070457017523e+00
-1.705080288146136436e+00
-1.698923814430066903e+00
-1.698923814430066903e+00
-1.724518489288746625e+00
-1.724518489288746625e+00
-1.790509773737628985e+00
-1.790509773737628985e+00
-1.841605559279035464e+00
-1.841605559279035464e+00
-1.841605559279035464e+00
-1.921824398082759400e+00
-1.867710569980260304e+00
-1.755171282829698809e+00
-1.875769559786247154e+00
-1.747069641943708618e+00
-1.747069641943708618e+00
-1.720537051592875732e+00
-1.720537051592875732e+00
-1.691385524714688282e+00
-1.658282380958507884e+00
-1.895513749696435157e+00
-1.895513749696435157e+00
-1.916072884749559391e+00
-1.598575986735809806e+00
-1.598575986735809806e+00
-1.559357889471504333e+00
-1.559357889471504333e+00
-1.608666350561648306e+00
-1.608666350561648306e+00
-1.608666350561648306e+00
-1.803412373390765211e+00
-1.710988127536172243e+00
-1.752055358073770774e+00
-1.752055358073770774e+00
-1.752055358073770774e+00
-1.752055358073770774e+00
-1.752055358073770774e+00
-1.754070071154296917e+00
-1.693846800483602699e+00
-1.693846800483602699e+00
-1.693846800483602699e+00
-1.693846800483602699e+00
-1.693846800483602699e+00
-1.542440814311169195e+00
-1.542440814311169195e+00
-1.619256330940385347e+00
-1.596206178551226929e+00
-1.596206178551226929e+00
-1.596206178551226929e+00
-1.492844131350202996e+00
-1.458719984130195213e+00
-1.737986822151630140e+00
-1.737986822151630140e+00
-1.737986822151630140e+00
-1.737986822151630140e+00
-1.762692820601723387e+00
-1.746014747882153495e+00
-1.746014747882153495e+00
-1.746014747882153495e+00
-1.746014747882153495e+00
-1.746014747882153495e+00
-1.746014747882153495e+00
-1.794019799009080929e+00
-1.794019799009080929e+00
-1.794019799009080929e+00
-1.813038864405949191e+00
-1.813038864405949191e+00
-1.813038864405949191e+00
-1.813038864405949191e+00
-1.813038864405949191e+00
-1.686596819236037881e+00
-1.686596819236037881e+00
-1.686596819236037881e+00
-1.697075386376813100e+00
-1.559699112838447865e+00
-1.620652639108693727e+00
-1.620652639108693727e+00
-1.553853626357335704e+00
-1.553853626357335704e+00
-1.553853626357335704e+00
-1.558403681562499754e+00
-1.558403681562499754e+00
-1.558403681562499754e+00
-1.627355401238324228e+00
-1.627355401238324228e+00
-1.627355401238324228e+00
-1.627355401238324228e+00
-1.652594000740359670e+00
-1.652594000740359670e+00
-1.652594000740359670e+00
-1.652594000740359670e+00
-1.652594000740359670e+00
-1.660152409620267999e+00
-1.660152409620267999e+00
-1.647840010764742846e+00
-1.647840010764742846e+00
-1.647840010764742846e+00
-1.770620378444835108e+00
-1.656005136336940131e+00
-1.642244042735523823e+00
-1.642244042735523823e+00
-1.666863676083937040e+00
-1.666863676083937040e+00
-1.666863676083937040e+00
-1.666863676083937040e+00
-1.666863676083937040e+00
-1.666863676083937040e+00
-1.666863676083937040e+00
-1.615659804393574595e+00
-1.615659804393574595e+00
-1.615659804393574595e+00
-1.558109654769112673e+00
-1.518546805712520875e+00
-1.518546805712520875e+00
-1.518546805712520875e+00
-1.492627358027817541e+00
-1.492627358027817541e+00
-1.492627358027817541e+00
-1.691756542778741990e+00
-1.691756542778741990e+00
-1.691756542778741990e+00
-1.527401589061588183e+00
-1.527401589061588183e+00
-1.527401589061588183e+00
-1.527401589061588183e+00
-1.527401589061588183e+00
-1.666647899431009661e+00
-1.666647899431009661e+00
-1.666647899431009661e+00
-1.666647899431009661e+00
-1.666647899431009661e+00
-1.666647899431009661e+00
-1.783335868516555678e+00
-1.764085311580009696e+00
-1.764085311580009696e+00
-1.764085311580009696e+00
-1.551313387547039069e+00
-1.618742903137804223e+00
-1.618742903137804223e+00
-1.574026476844286204e+00
-1.602199145338143005e+00
-1.602199145338143005e+00
-1.572620751145216378e+00
-1.572620751145216378e+00
-1.572620751145216378e+00
-1.572620751145216378e+00
-1.572620751145216378e+00
-1.572620751145216378e+00
-1.515235458261597001e+00
-1.523294341926507034e+00
-1.523294341926507034e+00
-1.523294341926507034e+00
-1.537458673127425790e+00
-1.537458673127425790e+00
-1.508987158832988840e+00
-1.508987158832988840e+00
-1.503634534120557920e+00
-1.503634534120557920e+00
-1.479619809101739625e+00
-1.514231076139471055e+00
-1.514231076139471055e+00
-1.514231076139471055e+00
-1.514231076139471055e+00
-1.514231076139471055e+00
-1.514231076139471055e+00
-1.514231076139471055e+00
-1.547538330428767095e+00
-1.515520740449818993e+00
-1.673563664783649596e+00
-1.673563664783649596e+00
-1.673563664783649596e+00
-1.673563664783649596e+00
-1.673563664783649596e+00
-1.673563664783649596e+00
-1.673563664783649596e+00
-1.673563664783649596e+00
-1.673563664783649596e+00
-1.673563664783649596e+00
-1.673563664783649596e+00
-1.673563664783649596e+00
-1.673563664783649596e+00
-1.673563664783649596e+00
-1.733443685434194359e+00
-1.733443685434194359e+00
-1.597376992626058589e+00
-1.596904757477813019e+00
-1.596904757477813019e+00
-1.596904757477813019e+00
-1.596904757477813019e+00
-1.596904757477813019e+00
-1.576945078628064989e+00
-1.576945078628064989e+00
-1.576945078628064989e+00
-1.526655327423347197e+00
-1.615565605021822781e+00
-1.628821095931661356e+00
-1.628821095931661356e+00
-1.665526706317557393e+00
-1.548767954187859175e+00
-1.590795758376260638e+00
-1.529080855875389888e+00
-1.596331728545237416e+00
-1.596331728545237416e+00
-1.744512697073805629e+00
-1.733256989341634302e+00
-1.733256989341634302e+00
-1.690165653275728763e+00
-1.790390209582604752e+00
-1.803749783797858885e+00
-1.803749783797858885e+00
-1.803749783797858885e+00
-1.803749783797858885e+00
-1.840285184818650333e+00
-1.755033660602158374e+00
-1.755033660602158374e+00
-1.755033660602158374e+00
-1.654032676183688988e+00
-1.654032676183688988e+00
-1.654032676183688988e+00
-1.654032676183688988e+00
-1.654032676183688988e+00
-1.654032676183688988e+00
-1.654032676183688988e+00
-1.554174992916005804e+00
-1.518767289895451400e+00
-1.518767289895451400e+00
-1.518767289895451400e+00
-1.505759781084293536e+00
-1.505759781084293536e+00
-1.505759781084293536e+00
-1.554275308474254658e+00
-1.554275308474254658e+00
-1.482997657407313152e+00
-1.482997657407313152e+00
-1.482997657407313152e+00
-1.754139750932505626e+00
-1.602167878100797083e+00
-1.601564975870020557e+00
-1.601564975870020557e+00
-1.601564975870020557e+00
-1.601564975870020557e+00
-1.584884420199510036e+00
-1.533274048153717262e+00
-1.533274048153717262e+00
-1.554410475036537287e+00
-1.521085145119467574e+00
-1.521085145119467574e+00
-1.521085145119467574e+00
-1.521085145119467574e+00
-1.867359830429148104e+00
-1.867359830429148104e+00
-1.881354637859337764e+00
-1.881354637859337764e+00
-1.742747314509038858e+00
-1.742747314509038858e+00
-1.742747314509038858e+00
-1.759293677259303079e+00
-1.764667153126422861e+00
-1.821235383331086810e+00
-1.821235383331086810e+00
-1.809498885906157817e+00
-1.612435083516061463e+00
-1.592293149836618626e+00
-1.636968587826475252e+00
-1.636968587826475252e+00
-1.656588599603042056e+00
-1.656588599603042056e+00
-1.656588599603042056e+00
-1.696756048347196622e+00
-1.717620175797195614e+00
-1.717620175797195614e+00
-1.752547658546910414e+00
-1.752547658546910414e+00
-1.676386055964598887e+00
-1.677405635865511169e+00
-1.677405635865511169e+00
-1.694847652632795576e+00
-1.694847652632795576e+00
-1.694847652632795576e+00
-1.573865436117173333e+00
-1.823311055075582221e+00
-1.826751337450652546e+00
-1.826751337450652546e+00
-1.826751337450652546e+00
-1.776915741853193342e+00
-1.776915741853193342e+00
-1.776915741853193342e+00
-1.790496665208874960e+00
-1.773264723589948355e+00
-1.773264723589948355e+00
-1.669847507707704404e+00
-1.700395021480324065e+00
-1.503079956267610484e+00
-1.503079956267610484e+00
-1.483872170809643398e+00
-1.800800955701619799e+00
-1.864076205123599728e+00
-1.864076205123599728e+00
-1.875331567255868359e+00
-1.760572992207216192e+00
-1.760572992207216192e+00
-1.690910418453281716e+00
-1.690910418453281716e+00
-1.690910418453281716e+00
-1.880731784807586404e+00
-1.880731784807586404e+00
-1.880731784807586404e+00
-1.880731784807586404e+00
-1.815915949561376808e+00
-1.815915949561376808e+00
-1.815915949561376808e+00
-1.815973857903516953e+00
-1.783845153209810963e+00
-1.783845153209810963e+00
-1.783845153209810963e+00
-1.785529813160547263e+00
-1.768966254646186842e+00
-1.768966254646186842e+00
-1.768966254646186842e+00
-1.768966254646186842e+00
-1.768966254646186842e+00
-1.768966254646186842e+00
-1.566604105863060648e+00
-1.566604105863060648e+00
-1.612097654730162199e+00
-1.612097654730162199e+00
-1.709605044954848330e+00
-1.762184710159726109e+00
-1.732230047792254313e+00
-1.732230047792254313e+00
-1.732230047792254313e+00
-1.732230047792254313e+00
-1.732230047792254313e+00
-1.518011504051838267e+00
-1.518011504051838267e+00
-1.518011504051838267e+00
-1.518011504051838267e+00
-1.476505916547252051e+00
-1.480364566305732099e+00
-1.480364566305732099e+00
-1.480364566305732099e+00
-1.480364566305732099e+00
-1.480364566305732099e+00
-1.485576986464249849e+00
-1.485576986464249849e+00
-1.485576986464249849e+00
-1.658570840562753723e+00
-1.688539763257911330e+00
-1.706509257206359154e+00
-1.705880922984395420e+00
-1.705880922984395420e+00
-1.700969356366229812e+00
-1.700969356366229812e+00
-1.700969356366229812e+00
-1.700969356366229812e+00
-1.782262290605707511e+00
-1.782262290605707511e+00
-1.796230951588048352e+00
-1.796230951588048352e+00
-1.592998866080329812e+00
-1.592998866080329812e+00
-1.610314177824743176e+00
-1.622531450854441060e+00
-1.730049510288099723e+00
-1.730049510288099723e+00
-1.730049510288099723e+00
-1.708416893983250695e+00
-1.708416893983250695e+00
-1.686188277809865355e+00
-1.720151557918447205e+00
-1.720151557918447205e+00
-1.720151557918447205e+00
-1.720151557918447205e+00
-1.720151557918447205e+00
-1.720151557918447205e+00
-1.667581624119299999e+00
-1.667581624119299999e+00
-1.667581624119299999e+00
-1.716636511444570523e+00
-1.716636511444570523e+00
-1.795062676089965503e+00
-1.795062676089965503e+00
-1.795062676089965503e+00
-1.795062676089965503e+00
-1.854634689643821943e+00
-1.843895076992418280e+00
-1.933464324324540629e+00
-1.886718295055327621e+00
-1.879546528967164454e+00
-1.879546528967164454e+00
-1.879546528967164454e+00
-1.879546528967164454e+00
-1.893282338135180431e+00
-1.866378452193306670e+00
-1.866378452193306670e+00
-1.848511468469326013e+00
-1.848511468469326013e+00
-1.877002542230779891e+00
-1.877002542230779891e+00
-1.877002542230779891e+00
-1.877002542230779891e+00
-1.877002542230779891e+00
-1.877002542230779891e+00
-1.877002542230779891e+00
-1.877002542230779891e+00
-1.730128654576333469e+00
-1.704418177128369072e+00
-1.704418177128369072e+00
-1.625581071428841895e+00
-1.682299765355884880e+00
-1.676653669000776503e+00
-1.648268021405918438e+00
-1.648268021405918438e+00
-1.686255713888945129e+00
-1.661831416542163042e+00
-1.661831416542163042e+00
-1.661831416542163042e+00
-1.661831416542163042e+00
-1.725769572385071671e+00
-1.526674587860299859e+00
-1.526674587860299859e+00
-1.545348324815673635e+00
-1.627912333981810455e+00
-1.616146133393567830e+00
-1.616146133393567830e+00
-1.732152946929450765e+00
-1.732152946929450765e+00
-1.732152946929450765e+00
-1.732152946929450765e+00
-1.849179063964242253e+00
-1.889685381288080945e+00
-1.889685381288080945e+00
-1.808923673028163037e+00
-1.839103054105419632e+00
-1.839103054105419632e+00
-1.839103054105419632e+00
-1.839103054105419632e+00
-1.875253654364694711e+00
-1.875253654364694711e+00
-1.863349459449386680e+00
-1.797102220613440826e+00
-1.839966964715519682e+00
-1.839966964715519682e+00
-1.839966964715519682e+00
-1.787079768379201683e+00
-1.955017267634612033e+00
-1.841237372210169587e+00
-1.841237372210169587e+00
-1.999639093052609340e+00
-1.878084606617651753e+00
-1.878084606617651753e+00
-1.878084606617651753e+00
-1.878084606617651753e+00
-1.878084606617651753e+00
-1.878084606617651753e+00
-1.962650038767906890e+00
-1.962650038767906890e+00
-1.711385492203301606e+00
-1.711385492203301606e+00
-1.711385492203301606e+00
-1.870018415756016683e+00
-1.870018415756016683e+00
-1.870018415756016683e+00
-1.565242754799957892e+00
-1.757090595225312857e+00
-1.758420720427050332e+00
-1.758420720427050332e+00
-1.758420720427050332e+00
-1.758420720427050332e+00
-1.768687587518789961e+00
-1.739153955574263444e+00
-1.795068352469222139e+00
-1.795068352469222139e+00
-1.795068352469222139e+00
-1.795068352469222139e+00
-1.795068352469222139e+00
-1.795068352469222139e+00
-1.795068352469222139e+00
-1.703109816375106833e+00
-1.703109816375106833e+00
-1.703109816375106833e+00
-1.655352931029048902e+00
-1.667974169416476471e+00
-1.778356982152002885e+00
-1.778356982152002885e+00
-1.686217529525856129e+00
-1.635848678432319847e+00
-1.635848678432319847e+00
-1.630780234671731943e+00
-1.664361937680877368e+00
-1.664361937680877368e+00
-1.664361937680877368e+00
-1.664361937680877368e+00
-1.664361937680877368e+00
-1.664361937680877368e+00
-1.678571269358838158e+00
-1.723965942053814704e+00
-1.723965942053814704e+00
-1.728832416172540132e+00
-1.728832416172540132e+00
-1.707837276466400267e+00
-1.707837276466400267e+00
-1.707837276466400267e+00
-1.708864158741670192e+00
-1.708864158741670192e+00
-1.708864158741670192e+00
-1.708864158741670192e+00
-1.708864158741670192e+00
-1.708864158741670192e+00
-1.708864158741670192e+00
-1.671141044137693932e+00
-1.700797952357998577e+00
-1.700797952357998577e+00
-1.700797952357998577e+00
-1.719319197800659449e+00
-1.719319197800659449e+00
-1.719319197800659449e+00
-1.660950803603962189e+00
-1.660950803603962189e+00
-1.679601735462063150e+00
-1.745033702233404149e+00
-1.745033702233404149e+00
-1.745033702233404149e+00
-1.879428628827689796e+00
-1.667715356544651195e+00
-1.667715356544651195e+00
-1.667715356544651195e+00
-1.667715356544651195e+00
-1.703994052046985175e+00
-1.591094825576885974e+00
-1.591094825576885974e+00
-1.804315561394967071e+00
-1.833582173582967600e+00
-1.833582173582967600e+00
-1.833582173582967600e+00
-1.874736264879397707e+00
-1.874736264879397707e+00
-1.874736264879397707e+00
-1.874736264879397707e+00
-1.747514061664648732e+00
-1.747514061664648732e+00
-1.747514061664648732e+00
-1.747514061664648732e+00
-1.747514061664648732e+00
-1.747514061664648732e+00
-1.750440324729054531e+00
-1.739879762975752531e+00
-1.924811559902510405e+00
-1.924811559902510405e+00
-1.848887985553810287e+00
-1.848887985553810287e+00
-1.848887985553810287e+00
-1.848887985553810287e+00
-1.848887985553810287e+00
-1.848887985553810287e+00
-1.848887985553810287e+00
-1.874391040266916608e+00
-1.910854586083210460e+00
-1.910854586083210460e+00
-1.910854586083210460e+00
-1.870913314916003101e+00
-1.870913314916003101e+00
-1.870913314916003101e+00
-1.882347241990929732e+00
-2.062606780949814755e+00
-2.062606780949814755e+00
-2.062606780949814755e+00
-2.062606780949814755e+00
-2.062606780949814755e+00
-2.062606780949814755e+00
-2.062606780949814755e+00
-2.062606780949814755e+00
-2.062606780949814755e+00
-1.825412155803852743e+00
-1.848676042709228140e+00
-1.856049147579480252e+00
-1.856049147579480252e+00
-1.699236085590347445e+00
-1.699236085590347445e+00
-1.699236085590347445e+00
-1.699236085590347445e+00
-1.699236085590347445e+00
-1.699236085590347445e+00
-1.699236085590347445e+00
-1.681673060024265753e+00
-1.625309707003639303e+00
-1.760876179333045854e+00
-1.760876179333045854e+00
-1.760876179333045854e+00
-1.765527741042583587e+00
-1.693159676589042872e+00
-1.693159676589042872e+00
-1.674217573990602892e+00
-1.674217573990602892e+00
-1.775347880556604530e+00
-1.779622805541580588e+00
-1.779622805541580588e+00
-1.668551880273198673e+00
-1.649726695938319443e+00
-1.675739719599603772e+00
-1.675739719599603772e+00
-1.687024171473228140e+00
-1.687024171473228140e+00
-1.788486288643780453e+00
-1.781380372928606182e+00
-1.741258002769572100e+00
-1.632467817228505202e+00
-1.699164469453918969e+00
-1.699164469453918969e+00
-1.652880854208784500e+00
-1.652880854208784500e+00
-1.785663340781368902e+00
-1.785663340781368902e+00
-1.793443147270994853e+00
-1.793443147270994853e+00
-1.793443147270994853e+00
-1.778825992620730601e+00
-1.622494518918341955e+00
-1.652015306521650961e+00
-1.785909499674884549e+00
-1.785909499674884549e+00
-1.785909499674884549e+00
-1.785909499674884549e+00
-1.718569217213955724e+00
-1.718569217213955724e+00
-1.718569217213955724e+00
-1.718569217213955724e+00
-1.718974399221891103e+00
-1.752765662114550427e+00
-1.702931042908010006e+00
-1.702931042908010006e+00
-1.736439580938769822e+00
-1.708306931188923183e+00
-1.708306931188923183e+00
-1.708306931188923183e+00
-1.708306931188923183e+00
-1.708306931188923183e+00
-1.815681593453740028e+00
-1.852718085705295392e+00
-1.851857701110188659e+00
-1.851857701110188659e+00
-1.851857701110188659e+00
-1.825481138146880067e+00
-1.825481138146880067e+00
-1.709033114232406447e+00
-1.737461216430421951e+00
-1.737461216430421951e+00
-1.737461216430421951e+00
-1.737461216430421951e+00
-1.617462549537191263e+00
-1.617462549537191263e+00
-1.749026664206376092e+00
-1.749026664206376092e+00
-1.811641624271159268e+00
-1.846200058603119087e+00
-1.846200058603119087e+00
-1.846200058603119087e+00
-1.803108526523239608e+00
-1.773600816189624840e+00
-1.773600816189624840e+00
-1.790596539740284321e+00
-1.581257243744330854e+00
-1.640403694880248509e+00
-1.574581617461253469e+00
-1.690540449102082343e+00
-1.690540449102082343e+00
-1.741656506400589777e+00
-1.754738748396031056e+00
-1.754738748396031056e+00
-1.754738748396031056e+00
-1.754738748396031056e+00
-1.754738748396031056e+00
-1.779721529302414895e+00
-1.779721529302414895e+00
-1.703535559851774961e+00
-1.703535559851774961e+00
-1.703535559851774961e+00
-1.721712116040153395e+00
-1.721712116040153395e+00
-1.721712116040153395e+00
-1.721712116040153395e+00
-1.890389925432007789e+00
-1.890389925432007789e+00
-1.890389925432007789e+00
-1.890389925432007789e+00
-1.669982341025129324e+00
-1.718655068701282262e+00
-1.679998872020398659e+00
-1.679998872020398659e+00
-1.764076771003242783e+00
-1.887445989372125155e+00
-1.803882537788584983e+00
-1.743761834860049209e+00
-1.743761834860049209e+00
-1.743761834860049209e+00
-1.743761834860049209e+00
-1.708642360455117970e+00
-1.666711422768155870e+00
-1.666711422768155870e+00
-1.612043280662020850e+00
-1.612043280662020850e+00
-1.612043280662020850e+00
-1.609908231114485888e+00
-1.609908231114485888e+00
-1.673065062842190809e+00
-1.826858568098485680e+00
-1.826858568098485680e+00
-1.826858568098485680e+00
-1.663035588151171584e+00
-1.851795513518880387e+00
-1.848017030822338924e+00
-1.902006086836113719e+00
-1.842284637141965442e+00
-1.842284637141965442e+00
-1.842284637141965442e+00
-1.791084213733139752e+00
-1.791084213733139752e+00
-1.696651819447248410e+00
-1.641117097267313918e+00
-1.641117097267313918e+00
-1.641117097267313918e+00
-1.675435215638813924e+00
-1.675435215638813924e+00
-1.675435215638813924e+00
-1.675435215638813924e+00
-1.684079137147639127e+00
-1.649129554428463651e+00
-1.648558108820389334e+00
-1.710676171761173148e+00
-1.710676171761173148e+00
-1.738370219685247742e+00
-1.652005968349343545e+00
-1.690468704552387846e+00
-1.690468704552387846e+00
-1.703213653121683491e+00
-1.696520186400814145e+00
-1.696520186400814145e+00
-1.696520186400814145e+00
-1.696520186400814145e+00
-1.742491680426077050e+00
-1.844299226964682070e+00
-1.844299226964682070e+00
-1.804827081275789835e+00
-1.760338910766876541e+00
-1.759486221222209545e+00
-1.759486221222209545e+00
-1.759486221222209545e+00
-1.759668535431597292e+00
-1.759668535431597292e+00
-1.759668535431597292e+00
-1.759668535431597292e+00
-1.821155370083249680e+00
-1.911705379930764392e+00
-1.911705379930764392e+00
-1.936953677582976319e+00
-1.936953677582976319e+00
-1.936953677582976319e+00
-1.882933899086038476e+00
-1.944777435564693624e+00
-1.944777435564693624e+00
-1.994823685924284939e+00
-1.994823685924284939e+00
-1.994823685924284939e+00
-1.975847157091541462e+00
-1.975847157091541462e+00
-1.954256976476429264e+00
-1.964002508761273802e+00
-1.783648573103119750e+00
-1.783648573103119750e+00
-1.746365331391755094e+00
-1.746365331391755094e+00
-1.746365331391755094e+00
-1.746365331391755094e+00
-1.805785403809884615e+00
-1.805785403809884615e+00
-1.706062380659281175e+00
-1.778946742409183157e+00
-1.778946742409183157e+00
-1.789617512832195834e+00
-1.789617512832195834e+00
-1.857278015682724215e+00
-1.840609862398088437e+00
-1.967761533778517480e+00
-1.946385742602796842e+00
-1.946385742602796842e+00
-1.946385742602796842e+00
-1.974741850811523536e+00
-1.841620167227899563e+00
-1.815863803617251637e+00
-1.765342711164173739e+00
-1.738373730890871327e+00
-1.738373730890871327e+00
-1.738373730890871327e+00
-1.768199910587388679e+00
-1.763263312816885309e+00
-1.763263312816885309e+00
-1.746027387454889279e+00
-1.739312159292557114e+00
-1.818216786227950577e+00
-1.878367394049116790e+00
-1.843607177570292466e+00
-1.600181604205951347e+00
-1.925028594195920206e+00
-1.925028594195920206e+00
-1.741252829056565643e+00
-1.655179476030949060e+00
-1.712626607049451355e+00
-1.759758365053498252e+00
-1.839759986612385712e+00
-1.651008170226791361e+00
-1.651008170226791361e+00
-1.651008170226791361e+00
-1.671487232264160960e+00
-1.671487232264160960e+00
-1.671487232264160960e+00
-1.671487232264160960e+00
-1.713901331412521989e+00
-1.713901331412521989e+00
-1.713901331412521989e+00
-1.713901331412521989e+00
-1.692060872174696584e+00
-1.732828205552060519e+00
-1.732828205552060519e+00
-1.732828205552060519e+00
-1.732828205552060519e+00
-1.732828205552060519e+00
-1.732828205552060519e+00
-1.732828205552060519e+00
-1.824438693986364379e+00
-1.824438693986364379e+00
-1.824438693986364379e+00
-1.824438693986364379e+00
-1.824438693986364379e+00
-1.696743569794527451e+00
-1.696743569794527451e+00
-1.696743569794527451e+00
-1.901908039113470616e+00
-1.901908039113470616e+00
-1.872972177286204021e+00
-1.872972177286204021e+00
-1.763822138702552556e+00
-1.763822138702552556e+00
-1.763822138702552556e+00
-1.763822138702552556e+00
-1.763822138702552556e+00
-1.763822138702552556e+00
-1.763822138702552556e+00
-1.760706381936323561e+00
-1.747708639086266391e+00
-1.734013345863372857e+00
-1.734013345863372857e+00
-1.712712431639884958e+00
-1.712712431639884958e+00
-1.875426891049874811e+00
-1.875426891049874811e+00
-1.875426891049874811e+00
-1.909386399218768959e+00
-1.768960511373695255e+00
-1.768960511373695255e+00
-1.755684000958660729e+00
-1.755684000958660729e+00
-1.728394451303239876e+00
-1.728394451303239876e+00
-1.891597432865485651e+00
-1.902349777305771594e+00
-1.902349777305771594e+00
-1.902349777305771594e+00
-1.902349777305771594e+00
-1.902349777305771594e+00
-2.015125594210418480e+00
-2.025337211840438023e+00
-2.025337211840438023e+00
-2.025337211840438023e+00
-1.951163605270781476e+00
-1.951163605270781476e+00
-1.951163605270781476e+00
-1.949367124673440532e+00
-2.028766556750809080e+00
-2.028766556750809080e+00
-2.028766556750809080e+00
-2.028766556750809080e+00
-2.003820797694952915e+00
-2.042721228730161265e+00
-2.029566199392772052e+00
-1.988282047010589082e+00
-1.865448165937390934e+00
-1.917935021988963262e+00
-1.917935021988963262e+00
-1.917935021988963262e+00
-1.917935021988963262e+00
-1.917935021988963262e+00
-1.959479471822873631e+00
-1.926525865549784999e+00
-1.717952238282077326e+00
-1.717952238282077326e+00
-1.713410118542944005e+00
-1.713410118542944005e+00
-1.713410118542944005e+00
-1.819231750771527656e+00
-1.819231750771527656e+00
-1.786374734120174113e+00
-1.786374734120174113e+00
-1.678980672464111423e+00
-1.678980672464111423e+00
-1.678980672464111423e+00
-1.841276815369419229e+00
-1.877968343030324450e+00
-1.787046631023042842e+00
-1.787046631023042842e+00
-1.787046631023042842e+00
-1.787046631023042842e+00
-1.699878626111401170e+00
-1.728596953162310879e+00
-1.748779243146711737e+00
-1.756852490524097643e+00
-1.756852490524097643e+00
-1.747621933386388049e+00
-1.739194485236220000e+00
-1.739194485236220000e+00
-1.739194485236220000e+00
-1.739194485236220000e+00
-1.768181486890880283e+00
-1.757489347236099286e+00
-1.751291964831621861e+00
-1.795223506775068811e+00
-1.795223506775068811e+00
-1.890249396333457232e+00
-1.797853583903113561e+00
-1.859145040891451384e+00
-1.720836770886448486e+00
-1.720836770886448486e+00
-1.720836770886448486e+00
-1.720836770886448486e+00
-1.701073805850163323e+00
-1.731438006509839367e+00
-1.731438006509839367e+00
-1.731438006509839367e+00
-1.725181661324025173e+00
-1.725181661324025173e+00
-1.725181661324025173e+00
-1.630858838597088134e+00
-1.686817834366933777e+00
-1.752269768767228397e+00
-1.716229185409781310e+00
-1.716229185409781310e+00
-1.716229185409781310e+00
-1.717725850683498257e+00
-1.717725850683498257e+00
-1.688418084417821374e+00
-1.745815179884396162e+00
-1.690892402273822981e+00
-1.801485333043633341e+00
-1.683836741413957672e+00
-1.683836741413957672e+00
-1.628191281701899085e+00
-1.626045276461475897e+00
-1.626045276461475897e+00
-1.626045276461475897e+00
-1.625014418499560742e+00
-1.625014418499560742e+00
-1.625014418499560742e+00
-1.625014418499560742e+00
-1.603484371572279521e+00
-1.663631310030549093e+00
-1.714282638573575213e+00
-1.714282638573575213e+00
-1.713504874814278711e+00
-1.713504874814278711e+00
-1.713504874814278711e+00
-1.713504874814278711e+00
-1.600956355410403154e+00
-1.534526064518519251e+00
-1.534526064518519251e+00
-1.534526064518519251e+00
-1.534526064518519251e+00
-1.534526064518519251e+00
-1.781298982912963291e+00
-1.842382645766454052e+00
-1.842382645766454052e+00
-1.951289475548721564e+00
-1.951289475548721564e+00
-1.954609256647107829e+00
-1.821313720173393991e+00
-1.860141900639082246e+00
-1.796906306917524843e+00
-1.798437320408630802e+00
-1.798437320408630802e+00
-1.820678246914150256e+00
-1.820678246914150256e+00
-1.828601261657432087e+00
-1.875092791765077260e+00
-1.875092791765077260e+00
-1.875092791765077260e+00
-1.875092791765077260e+00
-1.875092791765077260e+00
-1.790520218424666687e+00
-1.790520218424666687e+00
-1.790520218424666687e+00
-1.790520218424666687e+00
-1.790520218424666687e+00
-1.790520218424666687e+00
-1.817832588354530321e+00
-1.817832588354530321e+00
-1.817832588354530321e+00
-1.817832588354530321e+00
-1.839334390861388391e+00
-1.887415000406149179e+00
-1.887415000406149179e+00
-1.887415000406149179e+00
-1.870322783881176676e+00
-1.870322783881176676e+00
-1.870322783881176676e+00
-1.870322783881176676e+00
-1.870322783881176676e+00
-1.812999036286062404e+00
-1.863612379059140567e+00
-1.863612379059140567e+00
-1.687824051046904916e+00
-1.687824051046904916e+00
-1.687824051046904916e+00
-1.687824051046904916e+00
-1.701148268238675154e+00
-1.781798435922045787e+00
-1.688645259522997710e+00
-1.688645259522997710e+00
-1.688645259522997710e+00
-1.688645259522997710e+00
-1.838774966693250246e+00
-1.838774966693250246e+00
-1.838774966693250246e+00
-1.891123122490242503e+00
-1.891123122490242503e+00
-1.841210560596712398e+00
-1.841210560596712398e+00
-1.892716808113724225e+00
-1.892716808113724225e+00
-1.865197734732983781e+00
-1.865197734732983781e+00
-1.787165966152309382e+00
-1.787165966152309382e+00
-1.787165966152309382e+00
-1.787165966152309382e+00
-1.790863887111286301e+00
-1.790863887111286301e+00
-1.790863887111286301e+00
-1.790863887111286301e+00
-1.965846888095295952e+00
-1.965846888095295952e+00
-1.965846888095295952e+00
-1.965846888095295952e+00
-1.965846888095295952e+00
-1.842559923365934660e+00
-2.008140985674733869e+00
-1.993888281916025740e+00
-1.993888281916025740e+00
-1.993888281916025740e+00
-1.993888281916025740e+00
-1.686282176615645279e+00
-1.686282176615645279e+00
-1.740570163171689888e+00
-1.740570163171689888e+00
-1.796806642561934453e+00
-1.796806642561934453e+00
-1.796806642561934453e+00
-1.761114968859566421e+00
-1.761114968859566421e+00
-1.761114968859566421e+00
-1.761114968859566421e+00
-1.829279732163063166e+00
-1.829279732163063166e+00
-1.829279732163063166e+00
-1.859515569391818834e+00
-1.698075076919264514e+00
-1.698075076919264514e+00
-1.698075076919264514e+00
-1.698075076919264514e+00
-1.698075076919264514e+00
-1.698075076919264514e+00
-1.682249387149853392e+00
-1.806890343208127359e+00
-1.922262274649132685e+00
-1.922262274649132685e+00
-1.922262274649132685e+00
-1.810944907170084495e+00
-1.810944907170084495e+00
-1.810944907170084495e+00
-1.855133916984440967e+00
-1.858076825825091927e+00
-1.901509502024358200e+00
-1.901509502024358200e+00
-1.901509502024358200e+00
-1.901509502024358200e+00
-1.901509502024358200e+00
-1.858625441821203150e+00
-1.858625441821203150e+00
-1.858625441821203150e+00
-1.852362952153691511e+00
-1.648496895789151484e+00
-1.648496895789151484e+00
-1.848520973661789579e+00
-1.896846340096875361e+00
-1.896846340096875361e+00
-1.739408665658408681e+00
-1.577423907213368670e+00
-1.577423907213368670e+00
-1.577423907213368670e+00
-1.577423907213368670e+00
-1.588186780951983845e+00
-1.588186780951983845e+00
-1.588186780951983845e+00
-1.457913748956271238e+00
-1.536609967078823580e+00
-1.476747290669607304e+00
-1.481045343978737661e+00
-1.558690738500309703e+00
-1.558690738500309703e+00
-1.558690738500309703e+00
-1.467843951045011419e+00
-1.706300954207268905e+00
-1.599684946477179182e+00
-1.549221688214354575e+00
-1.549221688214354575e+00
-1.549221688214354575e+00
-1.549221688214354575e+00
-1.549221688214354575e+00
-1.549221688214354575e+00
-1.549221688214354575e+00
-1.549221688214354575e+00
-1.549221688214354575e+00
-1.570595129834837067e+00
-1.570595129834837067e+00
-1.578433802873397074e+00
-1.578433802873397074e+00
-1.556428585378093477e+00
-1.556428585378093477e+00
-1.628919993390185228e+00
-1.609180819895979386e+00
-1.659799234972612281e+00
-1.659799234972612281e+00
-1.655336300377480363e+00
-1.655336300377480363e+00
-1.655336300377480363e+00
-1.715241905124754274e+00
-1.715241905124754274e+00
-1.657924275711131212e+00
-1.657924275711131212e+00
-1.683679081200284644e+00
-1.683679081200284644e+00
-1.683679081200284644e+00
-1.683679081200284644e+00
-1.683679081200284644e+00
-1.698812945486520398e+00
-1.698812945486520398e+00
-1.698812945486520398e+00
-1.698812945486520398e+00
-1.698812945486520398e+00
-1.698812945486520398e+00
-1.572788997356611151e+00
-1.572788997356611151e+00
-1.611585817896884487e+00
-1.611585817896884487e+00
-1.611585817896884487e+00
-1.611585817896884487e+00
-1.611585817896884487e+00
-1.611585817896884487e+00
-1.611585817896884487e+00
-1.611585817896884487e+00
-1.611585817896884487e+00
-1.611585817896884487e+00
-1.596155311660857556e+00
-1.572391588805100993e+00
-1.572391588805100993e+00
-1.572391588805100993e+00
-1.572391588805100993e+00
-1.572391588805100993e+00
-1.923430314369996674e+00
-1.923430314369996674e+00
-1.923430314369996674e+00
-1.911803976180181719e+00
-1.697606514608952955e+00
-1.697606514608952955e+00
-1.703098607053084912e+00
-1.673694772338348846e+00
-1.673694772338348846e+00
-1.549658004318401172e+00
-1.574371001640918255e+00
-1.774186418200916826e+00
-1.774186418200916826e+00
-1.714550404704980657e+00
-1.787713980756312049e+00
-1.691459470314943259e+00
-1.691459470314943259e+00
-1.673921460041447373e+00
-1.694557158630942473e+00
-1.856202244076823105e+00
-1.856202244076823105e+00
-1.790833410106548174e+00
-1.822874755724418039e+00
-1.716865382192797718e+00
-1.716865382192797718e+00
-1.716865382192797718e+00
-1.754490867234891782e+00
-1.754490867234891782e+00
-1.794860556835303100e+00
-1.772627139606644642e+00
-1.772627139606644642e+00
-1.772627139606644642e+00
-1.817872857629525329e+00
-1.817872857629525329e+00
-1.861110083805222359e+00
-1.861110083805222359e+00
-1.685896709180653152e+00
-1.757017027380433749e+00
-1.757017027380433749e+00
-1.723505751472731440e+00
-1.697790956764436920e+00
-1.658874956075154117e+00
-1.737272582571437685e+00
-1.555222643093503443e+00
-1.555222643093503443e+00
-1.704311970708139556e+00
-1.636314258328989135e+00
-1.641988718740541531e+00
-1.641988718740541531e+00
-1.641988718740541531e+00
-1.641988718740541531e+00
-1.651142801820714823e+00
-1.735787191338031610e+00
-1.735787191338031610e+00
-1.764059991256098803e+00
-1.764059991256098803e+00
-1.793914672228832830e+00
-1.793914672228832830e+00
-1.775192442676587268e+00
-1.786626789627276723e+00
-1.786626789627276723e+00
-1.786626789627276723e+00
-1.755009085916263922e+00
-1.755009085916263922e+00
-1.746670331849782709e+00
-1.749463563012632727e+00
-1.749463563012632727e+00
-1.816154806052324711e+00
-1.840546946095203085e+00
-1.840546946095203085e+00
-1.891814774667887278e+00
-1.824687968618649236e+00
-1.846006812451713497e+00
-1.846006812451713497e+00
-1.846006812451713497e+00
-1.625730248074281237e+00
-1.711709030788072017e+00
-1.708119219178113823e+00
-1.708119219178113823e+00
-1.808548128702508251e+00
-1.808548128702508251e+00
-1.808548128702508251e+00
-1.808548128702508251e+00
-1.756149163075723774e+00
-1.756149163075723774e+00
-1.690805237998121768e+00
-1.690805237998121768e+00
