# Variable: dg_gbvi_00000380
# Sample shape: (2565,)
# Date: 2013-03-08 06:18:13.304766
-2.643132420905336399e+00
-2.010215483701569994e+00
-2.499740369338949275e+00
-2.901260111170053335e+00
-2.994185485708527494e+00
-2.892762672210709152e+00
-2.892762672210709152e+00
-3.853151281249580951e+00
-3.853151281249580951e+00
-3.314160696965517072e+00
-3.314160696965517072e+00
-3.314160696965517072e+00
-3.612473918442559828e+00
-4.001792059629279308e+00
-3.944117003419709722e+00
-3.952736929267933519e+00
-3.854341876521422794e+00
-3.854341876521422794e+00
-4.141738396350665319e+00
-4.192372406781957217e+00
-4.338836999809761785e+00
-3.731438667486456584e+00
-3.717110302919924614e+00
-3.796199755942568199e+00
-3.974083899165413047e+00
-3.964771476467391587e+00
-3.964771476467391587e+00
-3.906427020733178601e+00
-3.906427020733178601e+00
-3.906427020733178601e+00
-3.929268833518857473e+00
-3.929268833518857473e+00
-3.811797712303061747e+00
-3.811797712303061747e+00
-3.817420953951895068e+00
-3.999957101345257282e+00
-3.964931894801155821e+00
-3.904805186699115360e+00
-4.010876258309814091e+00
-3.574500389931242417e+00
-3.638643505280934054e+00
-3.437119201385568257e+00
-3.518561928222005086e+00
-3.677100051273894721e+00
-3.700036852082230432e+00
-3.632481890750018039e+00
-3.621385495909775543e+00
-3.754623541842002421e+00
-3.839427653060972112e+00
-3.839427653060972112e+00
-3.700536352641960569e+00
-3.733136909937988968e+00
-3.733136909937988968e+00
-3.733136909937988968e+00
-3.733136909937988968e+00
-3.564187971601148863e+00
-3.872183210754135185e+00
-3.872183210754135185e+00
-3.872183210754135185e+00
-3.872183210754135185e+00
-3.898776100494941499e+00
-3.898776100494941499e+00
-3.903243511704125979e+00
-3.924237124114722253e+00
-3.836584818336148395e+00
-3.836584818336148395e+00
-3.836584818336148395e+00
-3.836584818336148395e+00
-3.836584818336148395e+00
-3.836584818336148395e+00
-4.022247321026878097e+00
-4.022247321026878097e+00
-4.015888453596677010e+00
-3.989084129281507796e+00
-3.989084129281507796e+00
-3.989084129281507796e+00
-4.022638214375748866e+00
-4.022638214375748866e+00
-4.080474822684262648e+00
-4.126479918580941764e+00
-3.910857828796415969e+00
-3.910857828796415969e+00
-3.910857828796415969e+00
-3.640926446215856593e+00
-3.692464987845057056e+00
-3.728720832190488110e+00
-3.728720832190488110e+00
-3.905075234189212541e+00
-3.905075234189212541e+00
-3.907128098238143554e+00
-3.767224130886106526e+00
-3.767224130886106526e+00
-3.767224130886106526e+00
-3.748239887284795735e+00
-3.912781509624063681e+00
-3.938986227302672116e+00
-3.938986227302672116e+00
-3.920853740421631262e+00
-3.920853740421631262e+00
-3.932871912983712637e+00
-4.062852458991458526e+00
-4.074708236945896012e+00
-3.923977141774933397e+00
-3.923977141774933397e+00
-3.911953119031024162e+00
-3.981250235298357421e+00
-3.840619687518885161e+00
-3.840619687518885161e+00
-3.840619687518885161e+00
-3.840619687518885161e+00
-3.837092197468061183e+00
-3.837092197468061183e+00
-3.837092197468061183e+00
-3.837092197468061183e+00
-3.837092197468061183e+00
-3.766347782287172041e+00
-3.766347782287172041e+00
-3.898550920445809087e+00
-3.988813443482645660e+00
-3.988813443482645660e+00
-3.952442500559473881e+00
-3.952442500559473881e+00
-3.952442500559473881e+00
-4.005935764922252673e+00
-4.027708316412988765e+00
-3.716713672959807369e+00
-3.696482044822376078e+00
-3.822920072910574341e+00
-3.922176864742863867e+00
-3.922176864742863867e+00
-3.922176864742863867e+00
-3.937720435929021878e+00
-3.937720435929021878e+00
-3.907142043236539575e+00
-3.864134040747111420e+00
-3.864134040747111420e+00
-3.864134040747111420e+00
-3.864134040747111420e+00
-3.824418511542199806e+00
-3.832598020240916448e+00
-3.757708802908434897e+00
-3.757708802908434897e+00
-3.748352783355410445e+00
-3.748352783355410445e+00
-3.698262128553200689e+00
-3.857418897164707428e+00
-3.861333966602513268e+00
-4.044810350896839601e+00
-3.887155472053891003e+00
-3.881340673340959224e+00
-3.881340673340959224e+00
-3.633701118995486645e+00
-3.750452120465156192e+00
-3.727282281512065865e+00
-3.727282281512065865e+00
-3.821529123360158486e+00
-3.821529123360158486e+00
-3.725925886741144666e+00
-3.802307918902307904e+00
-3.757106564193344767e+00
-3.757106564193344767e+00
-3.757106564193344767e+00
-3.757106564193344767e+00
-3.710066338073113368e+00
-3.710066338073113368e+00
-3.710066338073113368e+00
-3.548604323045474462e+00
-3.642546144640613104e+00
-3.642546144640613104e+00
-3.642546144640613104e+00
-3.642546144640613104e+00
-3.642546144640613104e+00
-3.787931792026946631e+00
-3.752801114804854787e+00
-3.850153605229431175e+00
-3.835360164415985373e+00
-3.799509896914558649e+00
-4.056625915037600727e+00
-4.056625915037600727e+00
-3.962067029814273056e+00
-3.962067029814273056e+00
-3.875200219731927298e+00
-3.875200219731927298e+00
-3.960978790035367680e+00
-3.993255715462899147e+00
-3.997981288278251277e+00
-4.022551626802637337e+00
-4.022551626802637337e+00
-3.893330299820522811e+00
-3.893330299820522811e+00
-3.893330299820522811e+00
-3.901126804919733626e+00
-4.021449146013689635e+00
-4.021449146013689635e+00
-4.021449146013689635e+00
-4.021449146013689635e+00
-4.021449146013689635e+00
-3.830879781949188434e+00
-3.880518431193456408e+00
-3.916529973027172762e+00
-3.916529973027172762e+00
-3.916529973027172762e+00
-3.916529973027172762e+00
-3.916529973027172762e+00
-3.916529973027172762e+00
-3.874839509517148173e+00
-3.874839509517148173e+00
-4.012720798115537058e+00
-4.103870210404084062e+00
-4.081311943436308987e+00
-4.081311943436308987e+00
-3.985904164114427495e+00
-3.985904164114427495e+00
-3.985904164114427495e+00
-3.800245526562744391e+00
-3.800245526562744391e+00
-3.800245526562744391e+00
-3.800245526562744391e+00
-3.612615720220248683e+00
-3.919024434362439191e+00
-3.919024434362439191e+00
-3.897110489633932140e+00
-3.897110489633932140e+00
-3.855585743806359655e+00
-3.987940060485486882e+00
-3.987940060485486882e+00
-3.950160880111369455e+00
-3.897039879744281343e+00
-3.900549642495473979e+00
-3.882979456741669555e+00
-3.968727192447413454e+00
-3.802059932822039023e+00
-3.845195977030037682e+00
-3.845195977030037682e+00
-3.845195977030037682e+00
-3.884723180707417178e+00
-4.055843241848435810e+00
-4.055843241848435810e+00
-4.055843241848435810e+00
-4.014937048834396727e+00
-4.014937048834396727e+00
-3.940580849856873957e+00
-3.915063013729692454e+00
-4.070185587108002601e+00
-4.070185587108002601e+00
-4.070185587108002601e+00
-4.099394433368878765e+00
-4.107312315242531042e+00
-4.107312315242531042e+00
-3.825869222243022616e+00
-3.985641004239766083e+00
-3.985641004239766083e+00
-4.024453799055785375e+00
-4.024453799055785375e+00
-4.016322045034059762e+00
-4.016322045034059762e+00
-4.016322045034059762e+00
-3.884624656378206975e+00
-4.057176385161852750e+00
-4.133139854460156748e+00
-4.133139854460156748e+00
-4.093935715934178710e+00
-3.934788770113598844e+00
-3.921988502932511444e+00
-3.943451606968261469e+00
-3.826661662656983154e+00
-3.802140268917751698e+00
-3.642486469692932882e+00
-3.642486469692932882e+00
-3.849353077319394245e+00
-3.849353077319394245e+00
-3.716328970588773650e+00
-3.723693617560291713e+00
-3.723693617560291713e+00
-3.730849250300014575e+00
-3.730849250300014575e+00
-3.645374121739596074e+00
-4.052001312213770134e+00
-3.895649411684635410e+00
-3.895649411684635410e+00
-4.120490711336970868e+00
-4.120490711336970868e+00
-4.095424990677979160e+00
-3.723912582710485086e+00
-3.926789935922960773e+00
-3.926789935922960773e+00
-3.996829452813120298e+00
-3.996829452813120298e+00
-3.914638953921401043e+00
-3.879005072144421362e+00
-3.879005072144421362e+00
-3.879005072144421362e+00
-3.961549922769587173e+00
-3.971114406811223407e+00
-3.987194818912470407e+00
-3.830967116618482216e+00
-3.801495879671450862e+00
-3.801495879671450862e+00
-3.794254521715411332e+00
-3.794254521715411332e+00
-3.644475973575364680e+00
-3.718345111179372608e+00
-3.816855526035293433e+00
-3.885080263468446038e+00
-4.016000050379260777e+00
-4.016000050379260777e+00
-3.930186247025170942e+00
-3.998601278195936359e+00
-4.032583527294865355e+00
-4.032583527294865355e+00
-4.066982951126388635e+00
-4.093799255314372054e+00
-4.093799255314372054e+00
-3.962739317565535213e+00
-4.046742671901350619e+00
-3.929182833206354530e+00
-3.908993704238367783e+00
-3.877613098691534255e+00
-3.863071687389659115e+00
-3.891549676875786012e+00
-3.790472264718717899e+00
-3.790472264718717899e+00
-4.081011672299406534e+00
-4.081011672299406534e+00
-3.911986894963792594e+00
-3.911986894963792594e+00
-3.928247022453942527e+00
-3.928247022453942527e+00
-3.928247022453942527e+00
-3.880288558188194958e+00
-3.880545594381331398e+00
-3.880545594381331398e+00
-3.891577273212576848e+00
-4.016686872050820867e+00
-4.016686872050820867e+00
-4.021586104167632847e+00
-4.021586104167632847e+00
-4.022354435609515555e+00
-4.022354435609515555e+00
-4.065841298526726710e+00
-4.065841298526726710e+00
-4.022084573542231034e+00
-4.022084573542231034e+00
-4.064926132693182481e+00
-4.064926132693182481e+00
-4.064926132693182481e+00
-3.912691288915168819e+00
-3.780797747696022615e+00
-3.879317321807641772e+00
-3.778538035247226645e+00
-3.806316383198486974e+00
-3.925174455290866504e+00
-3.925174455290866504e+00
-3.891167544766808817e+00
-3.908334341102110976e+00
-3.908334341102110976e+00
-3.908334341102110976e+00
-4.002590062002464144e+00
-3.999528200246724730e+00
-4.052348046029109696e+00
-3.990736447913692864e+00
-3.961820054552857684e+00
-3.873391238280000426e+00
-3.873391238280000426e+00
-3.805791749032687132e+00
-3.946310342045980857e+00
-3.756132113944281592e+00
-3.756132113944281592e+00
-3.756132113944281592e+00
-3.756132113944281592e+00
-3.756132113944281592e+00
-3.953536563383277080e+00
-4.050012417654669683e+00
-3.901870165391594369e+00
-3.911928634497898738e+00
-3.911928634497898738e+00
-3.906902636845548393e+00
-3.906902636845548393e+00
-3.906902636845548393e+00
-4.105379297590557641e+00
-4.042131753609393918e+00
-4.042131753609393918e+00
-4.000950077437839703e+00
-4.000950077437839703e+00
-4.000950077437839703e+00
-4.000950077437839703e+00
-3.981777298541004040e+00
-3.981777298541004040e+00
-4.027806715159717221e+00
-4.027806715159717221e+00
-4.088394186737470015e+00
-4.088394186737470015e+00
-3.802701869293874548e+00
-3.724377647962588966e+00
-3.724377647962588966e+00
-3.947911767521611548e+00
-3.680150919736178139e+00
-3.684338628673743177e+00
-3.684338628673743177e+00
-3.684338628673743177e+00
-3.689537755724001666e+00
-3.777010447466000009e+00
-3.768300255378175478e+00
-4.021341233536230853e+00
-3.942823986999786978e+00
-3.932791550215339882e+00
-3.932791550215339882e+00
-3.932791550215339882e+00
-3.791061356886320954e+00
-3.791061356886320954e+00
-3.807953815759453686e+00
-3.940586895040623094e+00
-3.946407530243697614e+00
-3.872173126214707217e+00
-3.872173126214707217e+00
-3.832269643995002806e+00
-3.929721921922945338e+00
-3.929721921922945338e+00
-3.919913562392508766e+00
-4.031641323655448694e+00
-4.031641323655448694e+00
-4.012338831510200876e+00
-3.767684073417072010e+00
-3.767684073417072010e+00
-4.089464940573485308e+00
-4.060495068605281865e+00
-4.089533849492609896e+00
-4.262002109414129158e+00
-4.263488037384130180e+00
-4.263488037384130180e+00
-4.263488037384130180e+00
-4.266088023249720251e+00
-3.735782454152549725e+00
-3.735782454152549725e+00
-3.690341240767324837e+00
-3.782875897478357619e+00
-4.155865046674207086e+00
-4.194653153787228916e+00
-4.073480251470828151e+00
-4.048209493411458304e+00
-4.029503659382358549e+00
-4.029503659382358549e+00
-4.029503659382358549e+00
-4.018463642555333948e+00
-3.926376594420098343e+00
-3.933352129651335627e+00
-3.933352129651335627e+00
-3.933352129651335627e+00
-4.033713968383198178e+00
-4.134535260404594403e+00
-4.134535260404594403e+00
-3.862997632211794041e+00
-3.933439655015358749e+00
-3.942090587465315821e+00
-3.993058818824617440e+00
-4.114138240908292943e+00
-4.066556719572863798e+00
-4.066556719572863798e+00
-4.066556719572863798e+00
-4.066556719572863798e+00
-3.905729013216135748e+00
-4.007156639963848299e+00
-4.049555914533231160e+00
-4.020933726312675205e+00
-4.021140310142537366e+00
-4.135670534519983121e+00
-4.135670534519983121e+00
-3.957779830259354092e+00
-3.956953801661719616e+00
-3.831323974704027524e+00
-3.743261088580702278e+00
-3.743261088580702278e+00
-3.981906219347322917e+00
-4.065025676254038878e+00
-4.079469439693334643e+00
-4.175750512523882740e+00
-4.113609716293172625e+00
-3.886731785444512699e+00
-3.945008631710818392e+00
-4.209484304468438687e+00
-4.069234758918458539e+00
-4.158330460934736905e+00
-4.025029060833166028e+00
-4.025029060833166028e+00
-4.124786824813185149e+00
-3.950967648106585628e+00
-4.116369366176376943e+00
-4.116369366176376943e+00
-4.116369366176376943e+00
-4.116369366176376943e+00
-4.051792109623487015e+00
-4.051792109623487015e+00
-4.051792109623487015e+00
-4.051792109623487015e+00
-4.049300831981605064e+00
-3.812137912488643199e+00
-3.812137912488643199e+00
-3.812137912488643199e+00
-3.848262382233215373e+00
-3.780303360364276610e+00
-3.780303360364276610e+00
-3.780303360364276610e+00
-3.960109504690174198e+00
-3.845787738089077479e+00
-4.033549128680535389e+00
-4.033549128680535389e+00
-4.111033963125777291e+00
-4.131018273400795415e+00
-4.131018273400795415e+00
-4.133660836938591210e+00
-4.123459725787318675e+00
-3.818153298569943566e+00
-3.909725969495969178e+00
-3.918096227991844316e+00
-3.918096227991844316e+00
-3.918096227991844316e+00
-3.918096227991844316e+00
-3.922104668047204257e+00
-3.922104668047204257e+00
-3.957718663660405589e+00
-3.957718663660405589e+00
-4.120620053213646550e+00
-4.275661109903254875e+00
-4.275661109903254875e+00
-3.979465169360810073e+00
-3.985124603274680766e+00
-4.163526145743380980e+00
-4.246445079940262879e+00
-4.148671196145728324e+00
-4.148671196145728324e+00
-4.148671196145728324e+00
-3.961037800897195371e+00
-3.961037800897195371e+00
-3.964748144451852863e+00
-3.932380097231135352e+00
-3.889136037083651409e+00
-3.966426402342526192e+00
-3.989066738084467989e+00
-3.989066738084467989e+00
-4.107899973326796683e+00
-4.107899973326796683e+00
-4.107899973326796683e+00
-4.107899973326796683e+00
-3.850218756623216443e+00
-3.959232856594666394e+00
-3.959232856594666394e+00
-4.086363004808495347e+00
-4.086363004808495347e+00
-4.086363004808495347e+00
-4.086363004808495347e+00
-4.086363004808495347e+00
-4.047535718354644096e+00
-4.047535718354644096e+00
-4.047535718354644096e+00
-4.059094162485281210e+00
-4.011983849307656058e+00
-4.011983849307656058e+00
-4.011983849307656058e+00
-4.011983849307656058e+00
-4.011983849307656058e+00
-4.011983849307656058e+00
-4.011983849307656058e+00
-4.011983849307656058e+00
-4.008931671021673360e+00
-4.008931671021673360e+00
-3.968753836010877833e+00
-3.934574790918945908e+00
-3.934574790918945908e+00
-4.075350431358693903e+00
-4.075350431358693903e+00
-4.075350431358693903e+00
-4.041940098448955077e+00
-4.041940098448955077e+00
-4.041940098448955077e+00
-4.068871774266315633e+00
-4.068871774266315633e+00
-4.063184136362269605e+00
-4.063184136362269605e+00
-4.047143353923485343e+00
-3.840955058006884304e+00
-3.840955058006884304e+00
-3.755488867144288090e+00
-3.755488867144288090e+00
-3.755488867144288090e+00
-3.755488867144288090e+00
-3.798844515731999216e+00
-3.798844515731999216e+00
-3.798844515731999216e+00
-3.834084620789532494e+00
-4.132330360822379589e+00
-4.132330360822379589e+00
-4.132330360822379589e+00
-4.132330360822379589e+00
-4.132330360822379589e+00
-4.190076358505399057e+00
-4.190076358505399057e+00
-4.190076358505399057e+00
-3.958791925207338913e+00
-3.877609248192311675e+00
-4.120325439541701940e+00
-4.120325439541701940e+00
-4.151216820471915980e+00
-4.049576148992069413e+00
-4.049576148992069413e+00
-4.085403740945870332e+00
-4.016433314662686271e+00
-4.110558097100478037e+00
-4.031375670744725248e+00
-3.986013379304285564e+00
-3.986013379304285564e+00
-4.021558030355015134e+00
-4.021558030355015134e+00
-4.190590633251588315e+00
-3.957853609057236266e+00
-3.964548444048733522e+00
-3.964548444048733522e+00
-3.958086221713197350e+00
-4.008253933907104383e+00
-3.997953494726618651e+00
-3.997953494726618651e+00
-3.960182044523218980e+00
-3.960182044523218980e+00
-3.960182044523218980e+00
-4.139826781151089818e+00
-4.096661942060423556e+00
-3.980597140402934553e+00
-3.980597140402934553e+00
-3.980597140402934553e+00
-3.952679137659145248e+00
-3.952679137659145248e+00
-3.798159282927679126e+00
-3.878070393887789624e+00
-3.878070393887789624e+00
-3.878070393887789624e+00
-3.835432130352795621e+00
-3.710097170778909881e+00
-3.985850403900797367e+00
-3.985850403900797367e+00
-4.061340568961695041e+00
-4.094204218259537953e+00
-4.111322956758872493e+00
-3.806160619293690761e+00
-3.845234698953845953e+00
-3.845234698953845953e+00
-3.988531078071871239e+00
-3.992717891276509334e+00
-4.048410010481371835e+00
-4.029972456957581883e+00
-4.075229622797234441e+00
-3.949355297795363651e+00
-3.949355297795363651e+00
-4.016388844016382187e+00
-4.016388844016382187e+00
-4.016388844016382187e+00
-4.016388844016382187e+00
-4.016388844016382187e+00
-3.840271485803894436e+00
-3.840271485803894436e+00
-3.843842946502439517e+00
-3.843842946502439517e+00
-4.175719053661447688e+00
-4.019484912935697984e+00
-3.865102751605375975e+00
-3.865102751605375975e+00
-3.865102751605375975e+00
-3.865102751605375975e+00
-3.865102751605375975e+00
-3.904715579052094210e+00
-3.904715579052094210e+00
-3.904715579052094210e+00
-3.847177633040584244e+00
-3.933354843935841227e+00
-3.815850675615802157e+00
-3.859474083711010639e+00
-3.859474083711010639e+00
-3.859474083711010639e+00
-3.859474083711010639e+00
-3.859474083711010639e+00
-3.858185812640984480e+00
-3.858185812640984480e+00
-3.858185812640984480e+00
-3.858185812640984480e+00
-3.947363835506214613e+00
-3.947363835506214613e+00
-3.941045054486475685e+00
-3.941045054486475685e+00
-3.896682579575254657e+00
-3.896682579575254657e+00
-4.188081397017003660e+00
-4.188081397017003660e+00
-3.987582060359184499e+00
-4.087281811247455821e+00
-4.046595693503836522e+00
-4.192771881485837682e+00
-4.132860465859644172e+00
-4.127782579965828091e+00
-3.819049359159500945e+00
-3.819049359159500945e+00
-3.865029291587906535e+00
-3.818912235851062320e+00
-3.818912235851062320e+00
-3.877460664733920481e+00
-3.848947419717122287e+00
-3.848947419717122287e+00
-3.831934975838843016e+00
-3.946926026275454635e+00
-3.827745670902833020e+00
-3.905196269889083638e+00
-3.738328795370141844e+00
-3.945927904326303359e+00
-3.945927904326303359e+00
-3.986753235909236359e+00
-3.746117815250696204e+00
-3.746117815250696204e+00
-3.746117815250696204e+00
-3.746117815250696204e+00
-4.001068130671162848e+00
-3.760888242153767269e+00
-3.756484435925034226e+00
-3.757864137282824757e+00
-3.757864137282824757e+00
-3.991442403458759447e+00
-3.991442403458759447e+00
-3.901369117943978004e+00
-3.863071787723399986e+00
-3.863071787723399986e+00
-3.863071787723399986e+00
-4.188575209434401536e+00
-3.928092900725375980e+00
-3.928092900725375980e+00
-3.928092900725375980e+00
-3.984229042373930607e+00
-3.984229042373930607e+00
-3.821214602560242923e+00
-3.969860878087561051e+00
-3.969860878087561051e+00
-4.042311904037466874e+00
-3.837815527515540115e+00
-3.837815527515540115e+00
-3.761822930336797377e+00
-3.803755981546299125e+00
-3.859166485689951465e+00
-3.836077714651257242e+00
-3.836077714651257242e+00
-3.809004537879821850e+00
-3.887901738583857458e+00
-3.934258958176209742e+00
-3.934258958176209742e+00
-3.934258958176209742e+00
-3.934258958176209742e+00
-3.858848230758664233e+00
-3.858848230758664233e+00
-3.468136584400781874e+00
-3.865319900578236378e+00
-3.645284487756755620e+00
-3.556917401775410159e+00
-3.672252237957355003e+00
-3.832868310500069153e+00
-3.853411035668819373e+00
-3.656510320890268062e+00
-3.599229119902231933e+00
-3.599229119902231933e+00
-3.513740873182940039e+00
-3.848562537254299087e+00
-3.848562537254299087e+00
-3.848562537254299087e+00
-3.732028867124689508e+00
-3.759149181038223819e+00
-3.967181942133035655e+00
-3.906621625699004952e+00
-3.906621625699004952e+00
-3.872491451314933109e+00
-3.872491451314933109e+00
-3.835420673990874718e+00
-4.082887700299660416e+00
-3.854923576159782428e+00
-3.854923576159782428e+00
-3.732392260679612050e+00
-3.780975784472593748e+00
-3.917780912384109193e+00
-3.917780912384109193e+00
-3.829577635784072065e+00
-3.829577635784072065e+00
-3.829577635784072065e+00
-3.829577635784072065e+00
-3.855209463025378369e+00
-3.855209463025378369e+00
-3.855209463025378369e+00
-4.137146010300524424e+00
-4.137146010300524424e+00
-4.137146010300524424e+00
-4.137146010300524424e+00
-3.812610967279477237e+00
-4.051089148559871234e+00
-4.051089148559871234e+00
-4.006960419193311473e+00
-3.944862968134982051e+00
-3.782265144986652672e+00
-3.840786951587392917e+00
-3.953433353167281616e+00
-3.998586584061453397e+00
-3.898956097727924952e+00
-3.975327322295931332e+00
-3.975327322295931332e+00
-3.975327322295931332e+00
-3.791072453276172372e+00
-3.791072453276172372e+00
-3.902009696011306872e+00
-3.759560860425204432e+00
-3.759560860425204432e+00
-3.979766732744231206e+00
-3.979766732744231206e+00
-3.979766732744231206e+00
-4.094794552110731622e+00
-4.178608797781333983e+00
-4.178608797781333983e+00
-4.180960829958176639e+00
-4.211247479286697626e+00
-4.211247479286697626e+00
-4.211247479286697626e+00
-4.053760406939495020e+00
-4.165189463582010809e+00
-4.165189463582010809e+00
-4.165189463582010809e+00
-4.033975978928953765e+00
-4.044746561911185978e+00
-4.044746561911185978e+00
-3.956940113329895148e+00
-3.956940113329895148e+00
-3.927482475843107945e+00
-3.823047208931436902e+00
-3.823047208931436902e+00
-3.878113548828593160e+00
-3.878113548828593160e+00
-3.975609566818886886e+00
-4.073504675107600725e+00
-3.750191272178521995e+00
-3.931333518424051654e+00
-3.931333518424051654e+00
-3.931333518424051654e+00
-4.097734505968833041e+00
-4.097734505968833041e+00
-3.936064094853929607e+00
-3.936064094853929607e+00
-3.937830058472919337e+00
-3.988932173127871295e+00
-4.139304561853868414e+00
-3.710139701149079539e+00
-3.710139701149079539e+00
-3.763633864563774356e+00
-3.763633864563774356e+00
-4.042592572626010572e+00
-3.892750945222444248e+00
-3.892750945222444248e+00
-3.892750945222444248e+00
-4.004342242964366250e+00
-3.923015530529569972e+00
-3.923015530529569972e+00
-3.736280382009799172e+00
-3.736280382009799172e+00
-3.815390168739659860e+00
-3.815390168739659860e+00
-3.879816386628192504e+00
-3.686061481968797793e+00
-3.865702754133848895e+00
-3.860046889886933563e+00
-3.860046889886933563e+00
-3.860046889886933563e+00
-3.997856414180886553e+00
-3.954829406640929967e+00
-3.865118080159108516e+00
-3.865118080159108516e+00
-3.865118080159108516e+00
-3.939563771565166128e+00
-3.939563771565166128e+00
-3.887331558887593630e+00
-3.934154572188299337e+00
-3.911607925789002849e+00
-3.911607925789002849e+00
-3.911607925789002849e+00
-3.751350217876964876e+00
-3.713047614865490065e+00
-3.822157142812299568e+00
-3.932286093822736639e+00
-3.987255188879003764e+00
-3.853268530261768632e+00
-3.853268530261768632e+00
-3.824936529218349257e+00
-3.824936529218349257e+00
-3.824936529218349257e+00
-3.824936529218349257e+00
-3.833352586377827720e+00
-3.896343245491390661e+00
-3.896343245491390661e+00
-3.896343245491390661e+00
-3.896343245491390661e+00
-4.081680199747182769e+00
-4.100401903358869227e+00
-4.099863194066225347e+00
-4.045508449501502568e+00
-3.984633266596223855e+00
-3.984633266596223855e+00
-3.984633266596223855e+00
-3.984633266596223855e+00
-3.861636030712385814e+00
-3.861636030712385814e+00
-3.861636030712385814e+00
-3.861636030712385814e+00
-3.849787672710848430e+00
-3.812900466927555243e+00
-3.834441227350056991e+00
-3.787566140890205713e+00
-3.787566140890205713e+00
-3.989210131271894166e+00
-3.974548718753369236e+00
-3.974548718753369236e+00
-3.879968088079723820e+00
-3.879968088079723820e+00
-4.006764330006282293e+00
-3.844237369162663231e+00
-4.038542710025921245e+00
-4.116395580034296842e+00
-4.116395580034296842e+00
-3.948587043112845141e+00
-3.954468779562896330e+00
-3.954468779562896330e+00
-3.954468779562896330e+00
-3.954468779562896330e+00
-3.946144257779574893e+00
-3.880934360937405625e+00
-3.880483820543282114e+00
-3.880483820543282114e+00
-3.880483820543282114e+00
-3.823351522909692601e+00
-3.833803125695415481e+00
-3.833803125695415481e+00
-3.833803125695415481e+00
-4.000713589191912334e+00
-4.000713589191912334e+00
-3.997304773366336050e+00
-4.056189228155956172e+00
-3.952270514164580639e+00
-3.952270514164580639e+00
-3.952270514164580639e+00
-4.004637541902827280e+00
-4.048170663799979252e+00
-4.048170663799979252e+00
-3.958258318784875662e+00
-4.157994642511257943e+00
-4.157994642511257943e+00
-4.044283069761544169e+00
-4.154572911500564736e+00
-4.138991232449705571e+00
-4.175808235663989620e+00
-4.102142964111131995e+00
-4.102142964111131995e+00
-3.988566944537274228e+00
-3.988566944537274228e+00
-3.898564228486971039e+00
-3.846555647246474585e+00
-3.846555647246474585e+00
-3.835229889102966361e+00
-3.835229889102966361e+00
-4.137867299746361915e+00
-4.137867299746361915e+00
-4.137867299746361915e+00
-4.011376077872059298e+00
-4.011376077872059298e+00
-4.011376077872059298e+00
-4.011376077872059298e+00
-4.043617601495816061e+00
-4.043617601495816061e+00
-4.043617601495816061e+00
-3.985028305438280238e+00
-4.058067180391473627e+00
-4.058067180391473627e+00
-4.140802299952068388e+00
-3.886631959192234476e+00
-3.953858870895848199e+00
-3.953858870895848199e+00
-3.940988512852386716e+00
-3.907912222855734807e+00
-3.907912222855734807e+00
-3.871011079368629204e+00
-3.901440405675295153e+00
-3.922255297835345988e+00
-3.870337981022534901e+00
-3.870337981022534901e+00
-3.870337981022534901e+00
-3.870337981022534901e+00
-4.104336993511016551e+00
-4.048811629609114782e+00
-4.048811629609114782e+00
-4.097795614083516114e+00
-4.097795614083516114e+00
-4.097795614083516114e+00
-4.097795614083516114e+00
-4.097795614083516114e+00
-3.994142859513597266e+00
-4.033328716716509277e+00
-3.869352277487490444e+00
-3.751304319024277412e+00
-3.859223781118312324e+00
-4.188797214956347048e+00
-4.002176751094050466e+00
-3.929125554244216723e+00
-3.929125554244216723e+00
-3.953327447183406562e+00
-3.953327447183406562e+00
-3.953327447183406562e+00
-3.857253592267082531e+00
-3.822508051592424572e+00
-4.047453410660383888e+00
-4.010526675680938347e+00
-4.010526675680938347e+00
-3.854556893211231738e+00
-3.981192159587285673e+00
-3.981192159587285673e+00
-3.789321880887874361e+00
-3.789321880887874361e+00
-3.777956663809813431e+00
-3.782617502460761560e+00
-3.828506381047111606e+00
-3.828506381047111606e+00
-3.828506381047111606e+00
-3.772301528624566025e+00
-3.853459089968502393e+00
-3.853459089968502393e+00
-3.922139792371098999e+00
-4.172167856169052946e+00
-4.170461785325780824e+00
-4.016914251293394855e+00
-4.016914251293394855e+00
-4.200740068124581228e+00
-4.207807514566226814e+00
-4.207807514566226814e+00
-4.083613130711325923e+00
-3.923832965015825902e+00
-4.151339552552937739e+00
-4.071354343365069184e+00
-4.071354343365069184e+00
-4.019513695494689287e+00
-4.022369900407309018e+00
-4.022369900407309018e+00
-4.022369900407309018e+00
-4.061883804933564157e+00
-4.061883804933564157e+00
-3.914764800210953410e+00
-3.797495061223117752e+00
-3.797495061223117752e+00
-3.797495061223117752e+00
-3.873549117504520467e+00
-3.947810475309244893e+00
-3.957243700856885038e+00
-4.108457203239931133e+00
-4.108457203239931133e+00
-3.827683265239277155e+00
-3.827683265239277155e+00
-3.835019453760038388e+00
-3.832592487535952053e+00
-3.832592487535952053e+00
-3.832592487535952053e+00
-3.832592487535952053e+00
-3.816738385369048636e+00
-3.992868732498781714e+00
-3.992868732498781714e+00
-4.129423615283107196e+00
-4.129423615283107196e+00
-4.027009589013713864e+00
-4.028883293188531667e+00
-4.125028410973962778e+00
-4.097827517758532601e+00
-4.097827517758532601e+00
-4.097827517758532601e+00
-4.097827517758532601e+00
-4.101921721506170293e+00
-4.101921721506170293e+00
-4.182058512521353855e+00
-4.182058512521353855e+00
-4.124744064815978994e+00
-3.882322461512252687e+00
-3.882322461512252687e+00
-3.876113915611670180e+00
-3.876113915611670180e+00
-3.881407663684267817e+00
-3.821543586840288498e+00
-3.864155769622114711e+00
-3.864155769622114711e+00
-3.864155769622114711e+00
-3.864155769622114711e+00
-3.864155769622114711e+00
-3.871085071939443623e+00
-3.871085071939443623e+00
-4.035702552867356019e+00
-4.128401000662033304e+00
-4.151103747711503367e+00
-4.151103747711503367e+00
-3.806877065942747773e+00
-3.699571367891943741e+00
-3.753989089760183528e+00
-3.797095257334953455e+00
-3.734777306565943977e+00
-3.619114816868798101e+00
-3.958323383660904415e+00
-3.879609764904528912e+00
-3.920298243799973825e+00
-3.821184241868059495e+00
-3.821184241868059495e+00
-3.689720801711557918e+00
-3.840527229684899790e+00
-3.840527229684899790e+00
-3.944077222656547477e+00
-3.931929493696942668e+00
-3.931929493696942668e+00
-3.834969369699032793e+00
-3.825688066062424397e+00
-3.825688066062424397e+00
-3.815018999881653272e+00
-3.698059331214314849e+00
-3.698059331214314849e+00
-3.806165096753178823e+00
-3.806165096753178823e+00
-3.797351647340130754e+00
-3.797351647340130754e+00
-3.792068082574654220e+00
-3.965243321181781688e+00
-3.963582271096846021e+00
-3.963582271096846021e+00
-3.963582271096846021e+00
-3.857808648718883404e+00
-3.861128065901323847e+00
-3.663284994805755534e+00
-4.122355819595801663e+00
-4.072612742712868439e+00
-4.072612742712868439e+00
-4.051107576135198229e+00
-4.015754878212093537e+00
-3.656355049608408514e+00
-3.656355049608408514e+00
-4.056786001059700553e+00
-4.056786001059700553e+00
-3.821418327931250580e+00
-3.821418327931250580e+00
-3.821418327931250580e+00
-3.846712421333000620e+00
-3.859720516291034631e+00
-3.859720516291034631e+00
-3.960670206172763219e+00
-3.770051724669044813e+00
-3.770051724669044813e+00
-3.770051724669044813e+00
-3.772624926436620285e+00
-3.992612044949832573e+00
-4.007670862946601353e+00
-4.007670862946601353e+00
-4.007670862946601353e+00
-4.007670862946601353e+00
-3.938068319517899152e+00
-3.849757118101208686e+00
-3.801734498897907599e+00
-3.801734498897907599e+00
-4.067828381498151735e+00
-3.913492926056416188e+00
-3.913492926056416188e+00
-3.913492926056416188e+00
-3.913492926056416188e+00
-3.913492926056416188e+00
-3.920310185257932734e+00
-3.821486828544129910e+00
-3.821307922400343671e+00
-3.906910448108891210e+00
-3.906910448108891210e+00
-3.906910448108891210e+00
-3.721543638135309084e+00
-3.972488615795556122e+00
-3.960130910101816504e+00
-3.960130910101816504e+00
-3.873796846284752071e+00
-3.873796846284752071e+00
-3.879058571222349983e+00
-3.879058571222349983e+00
-3.879058571222349983e+00
-3.800351331289915979e+00
-3.796656211476812093e+00
-3.750251507162339237e+00
-4.042898813039451866e+00
-3.982411788391591934e+00
-3.906835985100889364e+00
-3.906835985100889364e+00
-3.906835985100889364e+00
-3.906835985100889364e+00
-3.906835985100889364e+00
-3.872118153209293645e+00
-3.872118153209293645e+00
-3.777208655347599642e+00
-3.777208655347599642e+00
-3.777208655347599642e+00
-3.867899003575195671e+00
-3.825476279536763169e+00
-3.962435547982259720e+00
-3.968144986546169317e+00
-3.984340200890154282e+00
-3.982107583479009172e+00
-3.928487842344622116e+00
-3.914448209147111779e+00
-3.914448209147111779e+00
-3.943369502546714145e+00
-3.943369502546714145e+00
-3.943369502546714145e+00
-3.943369502546714145e+00
-3.866659818536221760e+00
-3.902294244590474914e+00
-3.825573710566561036e+00
-3.825573710566561036e+00
-3.804237217136691829e+00
-3.804237217136691829e+00
-3.896763434513792035e+00
-3.965825296370426578e+00
-3.880338182498938693e+00
-3.896545937387796421e+00
-3.890411086696624832e+00
-3.891075123586920981e+00
-3.913673687213437447e+00
-3.976538522148872268e+00
-3.919387076446085860e+00
-3.919387076446085860e+00
-3.919387076446085860e+00
-3.788302147265186548e+00
-3.855479012568564290e+00
-3.855479012568564290e+00
-3.870882200875307433e+00
-3.870882200875307433e+00
-3.870882200875307433e+00
-3.870882200875307433e+00
-3.755961672754052127e+00
-3.818867977845104456e+00
-3.922272854672785858e+00
-3.922272854672785858e+00
-3.925059426494792003e+00
-3.925059426494792003e+00
-4.000360492231257226e+00
-3.800073074573930842e+00
-3.752546033396214842e+00
-3.752546033396214842e+00
-3.908823844711873718e+00
-3.908823844711873718e+00
-3.949299180731601133e+00
-3.836211542544072373e+00
-3.829449436353975056e+00
-3.829449436353975056e+00
-3.829449436353975056e+00
-3.830201683412306490e+00
-3.830201683412306490e+00
-3.817229812629921781e+00
-3.795088297069782346e+00
-3.795088297069782346e+00
-3.795088297069782346e+00
-3.559338964672869476e+00
-3.535098668113843434e+00
-3.527661811130936798e+00
-3.943061375949483249e+00
-3.943061375949483249e+00
-3.946842597902561423e+00
-3.946842597902561423e+00
-3.807686058434900378e+00
-3.866267789591758763e+00
-3.686443273227929307e+00
-3.686443273227929307e+00
-3.691571850751876660e+00
-3.691571850751876660e+00
-3.691571850751876660e+00
-3.691571850751876660e+00
-3.626986682831390585e+00
-3.626986682831390585e+00
-3.626986682831390585e+00
-3.565142690740105369e+00
-3.664531281187794143e+00
-3.788997242937892640e+00
-3.788997242937892640e+00
-3.693941957205607363e+00
-3.782430228320845966e+00
-3.886052363078446703e+00
-3.886052363078446703e+00
-3.771811511657598981e+00
-3.771811511657598981e+00
-3.737364193399466572e+00
-3.831160808747597013e+00
-3.831160808747597013e+00
-3.815488303441904705e+00
-3.969233784043209035e+00
-3.969233784043209035e+00
-3.970153967353303504e+00
-3.830387461363302659e+00
-3.830387461363302659e+00
-3.830387461363302659e+00
-3.833423600873616000e+00
-3.857989620553003984e+00
-3.857989620553003984e+00
-3.857989620553003984e+00
-3.857989620553003984e+00
-3.857989620553003984e+00
-3.857989620553003984e+00
-3.857989620553003984e+00
-3.761759396459337879e+00
-3.758277696378421684e+00
-3.866791142917433532e+00
-3.867569100296704754e+00
-3.842117509031217626e+00
-3.817213420498714704e+00
-3.817213420498714704e+00
-3.871171353898034351e+00
-3.797192744884822613e+00
-3.756203583035362836e+00
-3.801570127332451587e+00
-3.801570127332451587e+00
-3.797788719004044022e+00
-4.009083738293195864e+00
-4.009083738293195864e+00
-3.689208261035953118e+00
-3.754802890115204850e+00
-3.754802890115204850e+00
-3.885619861348057924e+00
-3.872121427449738640e+00
-3.872121427449738640e+00
-3.788391989037739549e+00
-3.810083410769388834e+00
-3.810083410769388834e+00
-3.796134169091136545e+00
-3.930204088429904985e+00
-3.930204088429904985e+00
-3.904547152756168593e+00
-3.904547152756168593e+00
-3.904547152756168593e+00
-3.904547152756168593e+00
-3.910171787771088425e+00
-3.930739166933522988e+00
-3.930739166933522988e+00
-3.930739166933522988e+00
-3.770564737285437840e+00
-3.904492059337777654e+00
-3.852575883813516455e+00
-3.795402190387344277e+00
-3.795402190387344277e+00
-3.795402190387344277e+00
-3.795402190387344277e+00
-3.795402190387344277e+00
-3.795402190387344277e+00
-3.795402190387344277e+00
-3.795402190387344277e+00
-3.798850307963935080e+00
-3.798850307963935080e+00
-3.798850307963935080e+00
-3.798850307963935080e+00
-3.852968269566752202e+00
-3.729987209872623222e+00
-3.778044582686983066e+00
-3.778044582686983066e+00
-3.778044582686983066e+00
-3.697250182700854371e+00
-3.697250182700854371e+00
-3.697250182700854371e+00
-3.960897166987486173e+00
-3.924134355206892799e+00
-3.924134355206892799e+00
-3.861583803885218824e+00
-3.861583803885218824e+00
-3.898486438109396879e+00
-3.839169901128771656e+00
-3.859257266100779127e+00
-3.920163357958125427e+00
-3.920163357958125427e+00
-3.920163357958125427e+00
-3.674227411615079486e+00
-3.667198447157465235e+00
-3.736943020847017127e+00
-3.736943020847017127e+00
-3.736943020847017127e+00
-3.707994315382903139e+00
-3.776486606472445384e+00
-3.776486606472445384e+00
-3.776486606472445384e+00
-3.790452614750595028e+00
-3.790452614750595028e+00
-3.858510535544918962e+00
-3.858510535544918962e+00
-3.921568800577972969e+00
-3.921568800577972969e+00
-3.671529315207866961e+00
-3.692076922174313935e+00
-3.815310515179437534e+00
-3.815310515179437534e+00
-3.822327743624585050e+00
-3.822327743624585050e+00
-3.822327743624585050e+00
-3.822327743624585050e+00
-3.823405049483938889e+00
-3.823405049483938889e+00
-4.140384622763455091e+00
-3.975462281286452182e+00
-3.975462281286452182e+00
-3.992730593158141161e+00
-3.928335153955388570e+00
-3.920603619736413137e+00
-3.920603619736413137e+00
-3.553846591958083057e+00
-3.652408137717425785e+00
-3.652408137717425785e+00
-3.652408137717425785e+00
-3.652408137717425785e+00
-3.777602881179909833e+00
-3.710559831604857806e+00
-3.710852160476719952e+00
-3.710852160476719952e+00
-3.799099063876326010e+00
-3.786414183916801068e+00
-3.784630313092232967e+00
-3.763185612284210446e+00
-3.885442914012205318e+00
-3.882634366092129419e+00
-3.855918115620674769e+00
-3.855918115620674769e+00
-3.855918115620674769e+00
-3.913943126029224562e+00
-3.913943126029224562e+00
-3.879092545328493014e+00
-3.799153710244916660e+00
-3.799153710244916660e+00
-3.799153710244916660e+00
-3.799153710244916660e+00
-3.780814341158296621e+00
-3.780814341158296621e+00
-3.620703499283126181e+00
-3.672803039900014888e+00
-3.672803039900014888e+00
-3.672803039900014888e+00
-3.672803039900014888e+00
-3.642188500683129160e+00
-3.642188500683129160e+00
-3.642188500683129160e+00
-3.642188500683129160e+00
-3.693127718372365198e+00
-3.693127718372365198e+00
-3.693127718372365198e+00
-3.623036200492424808e+00
-3.816145240907496294e+00
-3.836585884906565713e+00
-3.501063721513974158e+00
-3.601643311543714976e+00
-3.630068252020408615e+00
-3.770251008455008268e+00
-3.770251008455008268e+00
-3.608449135601537350e+00
-3.609049907794479761e+00
-3.719215258228942389e+00
-3.719215258228942389e+00
-3.713642695718280429e+00
-3.628689614132171837e+00
-3.628689614132171837e+00
-3.628689614132171837e+00
-3.723068359378550962e+00
-3.803374576058785372e+00
-3.789032002226923712e+00
-3.844868578686861049e+00
-3.594767344254585328e+00
-3.594767344254585328e+00
-3.594767344254585328e+00
-3.540293051462183982e+00
-3.632309795815634512e+00
-3.632309795815634512e+00
-3.548660030683166156e+00
-3.662381230397966814e+00
-3.667012789082993773e+00
-3.667012789082993773e+00
-3.667012789082993773e+00
-3.667012789082993773e+00
-3.830032522906890780e+00
-3.688135883347067878e+00
-3.688135883347067878e+00
-3.863313328700014537e+00
-3.770593244095253649e+00
-3.770593244095253649e+00
-3.770593244095253649e+00
-3.721029332746923934e+00
-3.808756265979249989e+00
-3.805441634034809617e+00
-3.815653526200118772e+00
-3.815653526200118772e+00
-3.765146861647617360e+00
-3.801194579997755341e+00
-3.770130245616125642e+00
-3.944872579895791986e+00
-4.002135514664827198e+00
-3.622466856293311110e+00
-3.836794321358999227e+00
-3.942986308252163230e+00
-3.719762355835802836e+00
-3.731508507886531323e+00
-3.719044635452680048e+00
-3.726680485084421068e+00
-3.920122790165326609e+00
-3.715435624969800621e+00
-3.696942161934554605e+00
-3.764432791987701421e+00
-3.764432791987701421e+00
-3.841280324029107796e+00
-3.841280324029107796e+00
-3.841280324029107796e+00
-3.692830230141146863e+00
-3.692830230141146863e+00
-3.645375288042686179e+00
-3.643909556946327122e+00
-3.798092768763536853e+00
-3.783688568527488361e+00
-3.774029644620864321e+00
-3.774029644620864321e+00
-3.815794725015147382e+00
-3.815794725015147382e+00
-3.822543750146535579e+00
-3.822543750146535579e+00
-3.851517937352671783e+00
-3.946966759169425298e+00
-3.946966759169425298e+00
-3.786803833019893872e+00
-3.769441143144806716e+00
-3.769441143144806716e+00
-3.769441143144806716e+00
-3.780159067664932593e+00
-3.903831036942465360e+00
-3.903831036942465360e+00
-3.903831036942465360e+00
-3.892144642438501112e+00
-3.892144642438501112e+00
-4.036226496592522750e+00
-4.083413575368659565e+00
-4.021521401884593949e+00
-3.900998353096649662e+00
-3.900998353096649662e+00
-3.735620136850748452e+00
-3.742591358845938743e+00
-3.877576784905506280e+00
-3.877576784905506280e+00
-3.877576784905506280e+00
-3.900424999321613129e+00
-3.900424999321613129e+00
-3.846635457030174177e+00
-3.847742744782780555e+00
-3.847742744782780555e+00
-3.878885631767319708e+00
-3.877620455340883066e+00
-3.877620455340883066e+00
-3.884045109431721432e+00
-3.884045109431721432e+00
-3.721458836017696115e+00
-3.721458836017696115e+00
-3.790870533689308264e+00
-3.790870533689308264e+00
-3.710843150070325613e+00
-3.936667326885849416e+00
-3.940107827864352430e+00
-3.729755749308193202e+00
-3.983545333665099442e+00
-3.983545333665099442e+00
-3.998686269860936005e+00
-3.998686269860936005e+00
-3.998686269860936005e+00
-3.998686269860936005e+00
-3.867256403208314541e+00
-3.812943292394961770e+00
-3.834877272769579903e+00
-3.834877272769579903e+00
-3.834877272769579903e+00
-3.799258584320020837e+00
-3.703794572209176739e+00
-3.703794572209176739e+00
-3.839384468048766763e+00
-3.839384468048766763e+00
-3.819326228217478469e+00
-3.873111236650283562e+00
-3.873111236650283562e+00
-3.744436656387430062e+00
-3.744436656387430062e+00
-3.842953820172011703e+00
-3.842953820172011703e+00
-3.841858530373162939e+00
-3.723957903147379511e+00
-3.723957903147379511e+00
-3.723957903147379511e+00
-3.723957903147379511e+00
-3.723957903147379511e+00
-3.706838065648582425e+00
-3.709647653073058216e+00
-3.755886153813486672e+00
-3.899000634529486753e+00
-3.738665412900267437e+00
-3.860671107881279873e+00
-3.860671107881279873e+00
-3.675091455560157261e+00
-3.675091455560157261e+00
-3.454286689731171478e+00
-3.819959339497143613e+00
-3.819959339497143613e+00
-3.844322803263914068e+00
-3.844322803263914068e+00
-3.844322803263914068e+00
-3.805850069421873982e+00
-3.805850069421873982e+00
-3.805850069421873982e+00
-3.842056999555899743e+00
-3.842056999555899743e+00
-3.842056999555899743e+00
-3.842056999555899743e+00
-3.804505008440748348e+00
-3.664429981454716767e+00
-3.664429981454716767e+00
-3.664429981454716767e+00
-3.627293196866143266e+00
-3.627293196866143266e+00
-3.565299430320720386e+00
-3.442704076908522204e+00
-3.711842717994465080e+00
-3.604439422371498836e+00
-3.604439422371498836e+00
-3.641026184173924207e+00
-3.619786440525834870e+00
-3.514845088866497935e+00
-3.514845088866497935e+00
-3.556326643778309204e+00
-3.582582063159838182e+00
-3.536976452179014796e+00
-3.632145090216408079e+00
-3.641580425636964158e+00
-3.641580425636964158e+00
-3.601537166173268911e+00
-3.601537166173268911e+00
-3.601537166173268911e+00
-3.601537166173268911e+00
-3.627610507646319871e+00
-3.627610507646319871e+00
-3.627610507646319871e+00
-3.758273497742353531e+00
-3.770877027544393023e+00
-3.730799968338074812e+00
-3.730799968338074812e+00
-3.730799968338074812e+00
-3.730799968338074812e+00
-3.688951270271847438e+00
-3.744606717609751279e+00
-3.560595862731623207e+00
-3.634451314418490231e+00
-3.634451314418490231e+00
-3.634451314418490231e+00
-3.634451314418490231e+00
-3.634451314418490231e+00
-3.721064840383593975e+00
-3.700621858982130252e+00
-3.700621858982130252e+00
-3.815304878503933850e+00
-3.815304878503933850e+00
-3.907343627042038747e+00
-3.836096428817016957e+00
-3.720467207337908366e+00
-3.769733323718559070e+00
-3.769733323718559070e+00
-3.924028564657987328e+00
-3.859440674069850363e+00
-3.857264648054016476e+00
-3.596163979711808345e+00
-3.596163979711808345e+00
-3.596163979711808345e+00
-3.991726542831474767e+00
-3.644470579715060055e+00
-3.640212946105580105e+00
-3.635398841795657976e+00
-3.746776135442216216e+00
-3.806018800584358708e+00
-3.806018800584358708e+00
-3.806018800584358708e+00
-3.806018800584358708e+00
-3.753217652212060162e+00
-3.781883742843886953e+00
-3.669542309101655686e+00
-3.525471481507300719e+00
-3.525471481507300719e+00
-3.537475781005213538e+00
-3.978923686313419417e+00
-3.639425467786835622e+00
-3.657919521932259777e+00
-3.692466901365009768e+00
-3.727904652010699760e+00
-3.650019642765283123e+00
-3.597516849735541644e+00
-3.804127822537108017e+00
-3.907460029083331232e+00
-3.964314529146037103e+00
-3.903116440740847182e+00
-3.902028008520010083e+00
-3.668126804814045183e+00
-3.668126804814045183e+00
-3.690945025001417967e+00
-3.690945025001417967e+00
-3.690945025001417967e+00
-3.690945025001417967e+00
-3.867871261763397683e+00
-3.867871261763397683e+00
-3.813773637409708872e+00
-3.813773637409708872e+00
-3.762541978896751793e+00
-3.801226639513535233e+00
-3.760606053777370672e+00
-3.597033916349520410e+00
-3.987927146551249802e+00
-3.901627406078584048e+00
-3.769030565457196502e+00
-3.743440683750634435e+00
-3.742853853688955290e+00
-3.778114909567644730e+00
-3.778114909567644730e+00
-3.764057870585088672e+00
-3.652861778672806814e+00
-3.986685471359730837e+00
-3.839345806080023404e+00
-3.853737813670361501e+00
-3.778026101369611478e+00
-3.778026101369611478e+00
-3.778026101369611478e+00
-3.815105219269750325e+00
-3.814496340857636447e+00
-3.836043799909576446e+00
-3.836043799909576446e+00
-3.753908421785014937e+00
-3.754389581227606243e+00
-3.956091874589140467e+00
-3.753273518765076311e+00
-3.685075806494592765e+00
-3.711547420110939743e+00
-3.782632734882441117e+00
-3.767479479605549297e+00
-3.915899516911689915e+00
-3.918738944734955432e+00
-3.874463649463533166e+00
-3.895257577240324842e+00
-3.895257577240324842e+00
-3.894162295843659916e+00
-3.819473798245401230e+00
-3.819473798245401230e+00
-3.795546509472092822e+00
-3.795546509472092822e+00
-3.984972483463112169e+00
-3.866774067169785223e+00
-3.889821263665226514e+00
-3.889821263665226514e+00
-3.837792863804359467e+00
-3.832806605354366347e+00
-3.902823397241580228e+00
-3.803921613795494316e+00
-3.803921613795494316e+00
-3.901495576284824907e+00
-3.901495576284824907e+00
-3.806946996936336536e+00
-3.881217153543669252e+00
-3.881217153543669252e+00
-3.814172252728871726e+00
-3.814172252728871726e+00
-3.776257439440733776e+00
-3.776257439440733776e+00
-3.776257439440733776e+00
-3.775815863997776134e+00
-3.653102129746868432e+00
-3.653595486234713086e+00
-3.653595486234713086e+00
-3.653595486234713086e+00
-3.653595486234713086e+00
-3.962249862071963502e+00
-3.951265868284893568e+00
-3.951265868284893568e+00
-3.602880230708427778e+00
-3.602880230708427778e+00
-3.602880230708427778e+00
-3.602880230708427778e+00
-3.599770364375312948e+00
-3.599770364375312948e+00
-3.751973889508222193e+00
-3.649357671749514864e+00
-3.649357671749514864e+00
-3.646643118837523012e+00
-3.733970475037362569e+00
-3.656272044456156944e+00
-3.854779326688465790e+00
-3.909833297362695692e+00
-3.909833297362695692e+00
-3.900045094465671269e+00
-3.900045094465671269e+00
-3.887266285805015542e+00
-3.887266285805015542e+00
-3.887266285805015542e+00
-3.887266285805015542e+00
-3.887266285805015542e+00
-3.887266285805015542e+00
-3.903377810259843983e+00
-3.708624887259817537e+00
-3.708624887259817537e+00
-3.708828877023460535e+00
-3.791935854448710952e+00
-3.760112506699308188e+00
-3.760112506699308188e+00
-3.760112506699308188e+00
-3.778640054036894735e+00
-3.822631662040802514e+00
-3.822631662040802514e+00
-3.822631662040802514e+00
-3.822631662040802514e+00
-3.822631662040802514e+00
-3.822631662040802514e+00
-3.875073407166186978e+00
-3.835169873407861640e+00
-3.835169873407861640e+00
-3.857671626373944118e+00
-4.009042998250727408e+00
-4.009042998250727408e+00
-4.057986078438956312e+00
-3.877983347306273920e+00
-3.767748072549268912e+00
-3.924629720328896010e+00
-3.924629720328896010e+00
-3.729081663924115109e+00
-3.706104992501865425e+00
-3.706104992501865425e+00
-4.052040968117239572e+00
-4.052040968117239572e+00
-4.052040968117239572e+00
-4.007902613403767411e+00
-4.011792847615344826e+00
-3.882522867048421755e+00
-3.723183510841465704e+00
-3.610997652626555254e+00
-3.644575052881849686e+00
-3.644575052881849686e+00
-3.605892271853923248e+00
-3.670478294181254153e+00
-3.671162512982523829e+00
-3.817757279299834661e+00
-3.817757279299834661e+00
-3.817757279299834661e+00
-3.817757279299834661e+00
-3.727962158765261158e+00
-3.727962158765261158e+00
-3.727962158765261158e+00
-3.727962158765261158e+00
-3.763657211351373988e+00
-3.751542774353104459e+00
-3.751542774353104459e+00
-3.751542774353104459e+00
-3.751542774353104459e+00
-3.908492517589480908e+00
-3.908492517589480908e+00
-3.908492517589480908e+00
-3.732302959449250057e+00
-3.792458332242430341e+00
-3.695939611426838578e+00
-3.710167871003587248e+00
-3.710167871003587248e+00
-3.731227714642788573e+00
-3.731227714642788573e+00
-3.731227714642788573e+00
-3.731227714642788573e+00
-3.597553960317917188e+00
-3.747012618769457681e+00
-3.747012618769457681e+00
-3.854084585290056708e+00
-3.854084585290056708e+00
-3.854084585290056708e+00
-3.856829315351527399e+00
-3.856829315351527399e+00
-3.849137642506095691e+00
-3.823100824560177191e+00
-3.823100824560177191e+00
-3.823100824560177191e+00
-3.834439819548225437e+00
-3.939256149910881799e+00
-3.939256149910881799e+00
-3.995284267248085275e+00
-3.995284267248085275e+00
-3.995284267248085275e+00
-3.995284267248085275e+00
-3.791827141186383532e+00
-3.958085894178578368e+00
-3.958085894178578368e+00
-3.890302847844218537e+00
-3.857773173406553902e+00
-3.857773173406553902e+00
-3.793624742975481912e+00
-3.737887059435161863e+00
-3.850912726407951236e+00
-3.804874143397467989e+00
-3.804874143397467989e+00
-3.831525370864770963e+00
-3.831525370864770963e+00
-3.846047637396210916e+00
-3.856391149125383500e+00
-3.856391149125383500e+00
-3.856391149125383500e+00
-3.783585054607702780e+00
-3.813031360761494071e+00
-3.782394943727650283e+00
-3.782394943727650283e+00
-3.782394943727650283e+00
-3.782394943727650283e+00
-3.782394943727650283e+00
-3.606456267313692177e+00
-3.809328504095453205e+00
-3.847725143645878365e+00
-3.847725143645878365e+00
-3.643703838526433980e+00
-3.643703838526433980e+00
-3.623709745110049063e+00
-3.623709745110049063e+00
-3.757368156431947881e+00
-3.814820423655793213e+00
-3.814820423655793213e+00
-3.840503164109352330e+00
-3.840503164109352330e+00
-3.769054970044004360e+00
-3.769054970044004360e+00
-3.769054970044004360e+00
-3.797725710286262935e+00
-3.757923458477855583e+00
-3.766309494508437439e+00
-3.766309494508437439e+00
-3.766309494508437439e+00
-3.838448861838314130e+00
-3.838448861838314130e+00
-3.738471539378980246e+00
-3.812043654184450236e+00
-3.833451527198008968e+00
-3.833451527198008968e+00
-3.801056623456525951e+00
-3.700699027325104140e+00
-3.964760607947559468e+00
-3.964760607947559468e+00
-3.850067168617487212e+00
-3.893013006294165468e+00
-3.844602050417323724e+00
-3.844602050417323724e+00
-3.762139111921340540e+00
-3.762139111921340540e+00
-3.762139111921340540e+00
-3.789879003539408764e+00
-3.693930522346202228e+00
-3.693930522346202228e+00
-3.757123286610029478e+00
-3.664429238209651718e+00
-3.664429238209651718e+00
-3.698249811516073127e+00
-3.834554351260156313e+00
-3.679246801773023101e+00
-3.682451271039107521e+00
-3.748496998109302147e+00
-3.762061890892191229e+00
-3.726149923064861369e+00
-3.726149923064861369e+00
-3.726149923064861369e+00
-3.726149923064861369e+00
-3.727053049743351831e+00
-3.801485780140996251e+00
-3.801485780140996251e+00
-3.801485780140996251e+00
-3.874569694013870524e+00
-3.874569694013870524e+00
-3.918932743588959156e+00
-3.715128815295599907e+00
-3.709094253545127007e+00
-3.709094253545127007e+00
-3.799875950072653552e+00
-3.799875950072653552e+00
-3.840172963317333821e+00
-3.714597746968689940e+00
-3.714597746968689940e+00
-3.878617934625567365e+00
-3.878617934625567365e+00
-3.670275097173877121e+00
-3.680475631565834682e+00
-3.809074719920605201e+00
-3.809074719920605201e+00
-3.809074719920605201e+00
-3.710071068422883922e+00
-3.729603217868822540e+00
-3.729603217868822540e+00
-3.729603217868822540e+00
-3.738865436390944819e+00
-3.923659818396598720e+00
-3.805203231497001237e+00
-3.805203231497001237e+00
-3.817745931118368574e+00
-3.813674051191790149e+00
-3.813674051191790149e+00
-3.830623419784776384e+00
-3.778211642271729342e+00
-3.914843232071882007e+00
-3.886671063953897498e+00
-3.886671063953897498e+00
-3.799033149514271734e+00
-3.925388187647378402e+00
-3.888882734703936084e+00
-3.974185316617739439e+00
-3.675058661373454605e+00
-3.673829887815593498e+00
-3.673829887815593498e+00
-3.672411377812267563e+00
-3.672240839715654293e+00
-3.672240839715654293e+00
-3.694874889876241131e+00
-3.825761911338950938e+00
-3.756423263536383228e+00
-3.688331378940163052e+00
-3.767189477453004809e+00
-3.767189477453004809e+00
-3.767189477453004809e+00
-3.739420849081410037e+00
-3.739420849081410037e+00
-3.739420849081410037e+00
-3.921905468026113173e+00
-3.963241596759133234e+00
-3.848142444423652719e+00
-3.693030446600932493e+00
-3.817945696635868025e+00
-3.817945696635868025e+00
-3.807296426369225273e+00
-3.662820604847159878e+00
-3.664272527916763167e+00
-3.727258056869750646e+00
-3.632370354040364901e+00
-3.683828261397551262e+00
-3.670005507499335629e+00
-3.613851398706994011e+00
-3.614920963727682679e+00
-3.614920963727682679e+00
-3.634268004084182380e+00
-3.703943230065861236e+00
-3.945752447186955170e+00
-3.854981312746994515e+00
-3.846665661866219832e+00
-3.818010962408519671e+00
-3.803466431609313414e+00
-3.808263543739290657e+00
-3.808263543739290657e+00
-3.898874468137595972e+00
-3.898874468137595972e+00
-3.898874468137595972e+00
-3.898874468137595972e+00
-3.898874468137595972e+00
-3.647763951654832137e+00
-3.647763951654832137e+00
-3.647763951654832137e+00
-3.871645699500602777e+00
-3.906019454265955204e+00
-3.682792369623356432e+00
-3.682792369623356432e+00
-3.785628543274657698e+00
-3.785628543274657698e+00
-3.785628543274657698e+00
-3.755354074388894681e+00
-3.755354074388894681e+00
-3.755354074388894681e+00
-3.783401646806216156e+00
-3.784882228937215931e+00
-3.790167218501096169e+00
-3.790167218501096169e+00
-3.790167218501096169e+00
-3.790167218501096169e+00
-3.790574901863917656e+00
-3.872712464677968036e+00
-3.852071915241142452e+00
-3.852071915241142452e+00
-3.925585243085941922e+00
-3.925585243085941922e+00
-3.904516333254841598e+00
-3.936028216529034562e+00
-3.890706988025733448e+00
-3.831174703166835283e+00
-3.884785509843216911e+00
-3.841330713098290328e+00
-3.864435239028416014e+00
-3.864435239028416014e+00
-3.750439497029589120e+00
-3.866777588721761028e+00
-3.870239291502015622e+00
-3.893742125961110023e+00
-3.697641271618568037e+00
-3.697641271618568037e+00
-3.676765992240418335e+00
-3.864463522893879510e+00
-3.800966437230290040e+00
-3.796622473615490545e+00
-3.781590293521280177e+00
-3.718970345928416243e+00
-3.718970345928416243e+00
-4.005526719592073626e+00
-4.033055281435425243e+00
-4.033055281435425243e+00
-4.033055281435425243e+00
-3.875994484876685409e+00
-3.899455001364442452e+00
-3.899455001364442452e+00
-3.889571522918099156e+00
-3.871180453888728668e+00
-3.996518269382637101e+00
-3.992777815481582504e+00
-3.975722972624730733e+00
-3.975722972624730733e+00
-3.655183205353066178e+00
-3.897889393672760328e+00
-3.924085807151085792e+00
-3.709176568603477442e+00
-3.709176568603477442e+00
-3.709176568603477442e+00
-3.621462510992471184e+00
-3.621462510992471184e+00
-3.937964121620982194e+00
-3.870719936466425981e+00
-3.884212045650492051e+00
-3.884212045650492051e+00
-3.792720238245227193e+00
-3.792720238245227193e+00
-3.791584671866136347e+00
-3.814370834409861022e+00
-3.721878310517290345e+00
-3.857905159528317807e+00
-3.885059309432811858e+00
-3.830714433023074239e+00
-3.901295281790685632e+00
-3.901295281790685632e+00
-3.807188459266126035e+00
-3.807188459266126035e+00
-3.807188459266126035e+00
-3.721203068379476342e+00
-3.805983833407887929e+00
-3.847797716080732400e+00
-3.847797716080732400e+00
-3.847016478584092791e+00
-3.847016478584092791e+00
-3.861730231206291553e+00
-3.861730231206291553e+00
-3.882598680792319179e+00
-3.882598680792319179e+00
-3.645123095635794730e+00
-3.956209878055485518e+00
-3.693462747005889835e+00
-3.942938253699666884e+00
-3.942938253699666884e+00
-3.942938253699666884e+00
-3.942938253699666884e+00
-3.942938253699666884e+00
-3.895151383830001368e+00
-3.892048801521335477e+00
-3.892048801521335477e+00
-3.892048801521335477e+00
-3.891791736355874498e+00
-3.799889601992626709e+00
-3.907298952293138505e+00
-3.907298952293138505e+00
-3.907298952293138505e+00
-3.989401259428964952e+00
-3.929469854626542524e+00
-3.929469854626542524e+00
-3.841836265441671561e+00
-3.897199869573696684e+00
-3.897199869573696684e+00
-3.897701407876043245e+00
-3.809656094305323037e+00
-3.795030173252990302e+00
-3.795030173252990302e+00
-3.795030173252990302e+00
-3.775593244724053665e+00
-3.776097848349345032e+00
-3.776097848349345032e+00
-3.830096844196712258e+00
-3.788329969003052078e+00
-3.723097766865976155e+00
-3.723097766865976155e+00
-3.852787408060593943e+00
-3.735481146121435891e+00
-3.735481146121435891e+00
-3.711683110370827432e+00
-3.844691668548368302e+00
-3.835742197886973681e+00
-3.835742197886973681e+00
-3.887284914927312318e+00
-3.896395237874949125e+00
-3.896395237874949125e+00
-3.964618390440689755e+00
-3.964618390440689755e+00
-3.964618390440689755e+00
-3.862705623519687492e+00
-3.883557291653180865e+00
-3.832179907966337673e+00
-3.817811470742469293e+00
-3.871589152163995795e+00
-3.871589152163995795e+00
-3.871589152163995795e+00
-3.812696038247922026e+00
-3.812696038247922026e+00
-3.812696038247922026e+00
-3.731843469544815495e+00
-3.731843469544815495e+00
-3.849805073287741131e+00
-3.849805073287741131e+00
-3.901784510819823915e+00
-3.901784510819823915e+00
-3.996446785640375143e+00
-4.031509933760247577e+00
-4.023156801390792126e+00
-3.919128469914348933e+00
-3.919128469914348933e+00
-3.919128469914348933e+00
-3.809602035183762059e+00
-3.812798134280858342e+00
-3.815088749971169424e+00
-3.729772743710529692e+00
-3.723315931221712560e+00
-3.723315931221712560e+00
-3.815923268917484013e+00
-3.843973863104678479e+00
-3.843973863104678479e+00
-3.842135139155595347e+00
-3.845049920790545084e+00
-3.770142707165980767e+00
-3.770142707165980767e+00
-3.834259882350210979e+00
-3.738397157716086383e+00
-3.841847206971420015e+00
-3.811199737998806292e+00
-3.811199737998806292e+00
-3.841635447538174208e+00
-3.852192711695412886e+00
-3.852192711695412886e+00
-3.918610963526615976e+00
-3.886700653121475835e+00
-3.886700653121475835e+00
-3.886700653121475835e+00
-3.886700653121475835e+00
-3.842065045992428818e+00
-3.842065045992428818e+00
-3.780673907231191677e+00
-3.935293762227775272e+00
-4.039307292691461271e+00
-4.039307292691461271e+00
-4.055706376802381108e+00
-4.055706376802381108e+00
-3.959843180178987065e+00
-3.959843180178987065e+00
-3.959843180178987065e+00
-3.955799677655680302e+00
-3.955799677655680302e+00
-3.955799677655680302e+00
-3.771509320092424566e+00
-3.678759220987959822e+00
-3.677304528712739273e+00
-3.677304528712739273e+00
-4.032644200635768783e+00
-4.032644200635768783e+00
-3.822881401610561447e+00
-3.788738853072059598e+00
-3.743503827330910916e+00
-3.633912432064589026e+00
-3.633912432064589026e+00
-3.579151653705367142e+00
-3.614292431636807024e+00
-3.597246859286174381e+00
-3.509820557669677488e+00
-3.809800478769783894e+00
-3.842031110250249792e+00
-3.621328555951455197e+00
-3.647483301551358359e+00
-3.647483301551358359e+00
-3.647483301551358359e+00
-3.805437477574066030e+00
-3.805437477574066030e+00
-3.805437477574066030e+00
-3.724301552628028755e+00
-3.778166534939981780e+00
-3.778166534939981780e+00
-3.778166534939981780e+00
-3.778166534939981780e+00
-3.728151740433195638e+00
-3.731851123141237458e+00
-3.731851123141237458e+00
-3.753717278013880776e+00
-3.695786383765923944e+00
-3.695786383765923944e+00
-3.695786383765923944e+00
-3.711991929643823962e+00
-3.638271009259357314e+00
-3.643373464462258404e+00
-3.675498768109783487e+00
-3.675498768109783487e+00
-3.675498768109783487e+00
-3.675498768109783487e+00
-3.706027312169336341e+00
-3.708277687035083758e+00
-3.671298643201959866e+00
-3.671298643201959866e+00
-3.962750461037587879e+00
-3.962750461037587879e+00
-3.962750461037587879e+00
-3.978293179832215642e+00
-3.978293179832215642e+00
-3.967585089097513507e+00
-3.901149648208857013e+00
-3.821673818035115744e+00
-3.849478600634936409e+00
-3.849478600634936409e+00
-3.849478600634936409e+00
-3.899450442185645738e+00
-3.968020691500419694e+00
-3.968020691500419694e+00
-3.643452797573170088e+00
-3.870253848563812049e+00
-3.836971849774497567e+00
-3.866988791689572658e+00
-3.800816348855288851e+00
-3.663938204541762111e+00
-3.663938204541762111e+00
-3.663938204541762111e+00
-3.828386661349032938e+00
-3.665595500132322826e+00
-3.624825746308939500e+00
-3.617263879538195948e+00
-3.801900302891443761e+00
-3.838937817732433810e+00
-4.074295535967003445e+00
-3.928500008075340943e+00
-3.785187657132662142e+00
-3.825738576638227251e+00
-3.825738576638227251e+00
-3.746274083345018990e+00
-3.746274083345018990e+00
-3.746274083345018990e+00
-3.756358121949284534e+00
-3.790061530024238401e+00
-3.790061530024238401e+00
-3.822049136663820956e+00
-3.822049136663820956e+00
-3.683403092975487958e+00
-3.902741750898161222e+00
-3.754791449103568102e+00
-3.754791449103568102e+00
-3.703137633329898648e+00
-3.947957222303954516e+00
-3.947957222303954516e+00
-3.947957222303954516e+00
-3.688838691778381751e+00
-3.729367966561341063e+00
-3.729367966561341063e+00
-3.639272675541461943e+00
-4.127736952650352897e+00
-3.966389125179710540e+00
-3.996448780336186335e+00
-3.996448780336186335e+00
-3.580754277553853004e+00
-3.744564369905358792e+00
-3.744564369905358792e+00
-3.744564369905358792e+00
-3.744564369905358792e+00
-3.729879479230855388e+00
-3.917054547940042930e+00
-3.917054547940042930e+00
-4.012400542495817568e+00
-3.889914717997309257e+00
-3.921233061058631453e+00
-3.921233061058631453e+00
-3.921233061058631453e+00
-3.921830772709713919e+00
-3.927149488595637727e+00
-3.731919171597181339e+00
-3.760253155830065364e+00
-3.772046422615968453e+00
-3.772046422615968453e+00
-3.808830077021520211e+00
-3.808830077021520211e+00
-3.808830077021520211e+00
-3.808830077021520211e+00
-3.808830077021520211e+00
-3.810537740180581334e+00
-3.810537740180581334e+00
-3.810537740180581334e+00
-3.810537740180581334e+00
-3.806078879955427929e+00
-3.748216013252533063e+00
-3.926189629120923730e+00
-3.926189629120923730e+00
-3.926189629120923730e+00
-3.886289365590504641e+00
-3.842458915961942889e+00
-3.842458915961942889e+00
-3.617919085820668901e+00
-3.617919085820668901e+00
-3.570566312955370858e+00
-3.598550152614838016e+00
-3.598550152614838016e+00
-3.598550152614838016e+00
-3.598550152614838016e+00
-3.598550152614838016e+00
-3.604428128131936138e+00
-3.632058211941469050e+00
-3.848982427019643549e+00
-3.848982427019643549e+00
-3.848982427019643549e+00
-3.848982427019643549e+00
-3.848982427019643549e+00
-4.047088233359763976e+00
-4.047088233359763976e+00
-4.047088233359763976e+00
-4.039527928965545023e+00
-4.039527928965545023e+00
-3.922888840370161390e+00
-3.888698400783038078e+00
-3.893434264812890788e+00
-3.893434264812890788e+00
-3.904256461634525888e+00
-3.904256461634525888e+00
-3.930185538346509411e+00
-3.899983190792248866e+00
-3.974267691006325265e+00
-3.899801746775414912e+00
-4.038713023037834304e+00
-3.854078463017102774e+00
-3.843457299045676123e+00
-3.833262833750732401e+00
-3.815402243852164865e+00
-3.815402243852164865e+00
-3.860149322829678820e+00
-3.865242157281084889e+00
-3.864716250297189681e+00
-3.813179758331696423e+00
-3.841945916580930653e+00
-3.827362905837242035e+00
-3.762045137161811770e+00
-3.762045137161811770e+00
-3.780286305578133721e+00
-3.731891157128568892e+00
-3.731891157128568892e+00
-3.731891157128568892e+00
-3.737166622014492123e+00
-3.737166622014492123e+00
-3.696933196873537941e+00
-3.725389143638474732e+00
-3.692508506480518982e+00
-3.692508506480518982e+00
-3.692508506480518982e+00
-3.929747197160746719e+00
-3.655405207213721752e+00
-3.767837182142937724e+00
-3.767837182142937724e+00
-3.767837182142937724e+00
-3.776544201330703121e+00
-3.776544201330703121e+00
-3.915751822277393934e+00
-3.718481817705363568e+00
-3.741172534958919549e+00
-3.741172534958919549e+00
-3.922965419913551077e+00
-3.922965419913551077e+00
-3.953112205199192708e+00
-3.953112205199192708e+00
-3.953112205199192708e+00
-3.953112205199192708e+00
-3.731033678495438100e+00
-3.795256362955555574e+00
-3.795256362955555574e+00
-3.795256362955555574e+00
-3.795256362955555574e+00
-3.866480831391724493e+00
-3.790208854091146495e+00
-3.713491307781373152e+00
-3.713491307781373152e+00
-3.877605856595464306e+00
-3.793308164762505541e+00
-3.793308164762505541e+00
-3.615999767931530329e+00
-3.615999767931530329e+00
-3.720785621399050669e+00
-3.724177349632620704e+00
-3.724177349632620704e+00
-3.724177349632620704e+00
-3.724177349632620704e+00
-3.996736807776854583e+00
-3.856149107983447788e+00
-3.812491375665669313e+00
-3.891780800935848106e+00
-3.705875624476855812e+00
-3.705875624476855812e+00
-3.753955776881050532e+00
-3.836601103400692381e+00
-3.836601103400692381e+00
-3.791089928330809933e+00
-3.770741161510448247e+00
-3.770741161510448247e+00
-3.806272272466729056e+00
-3.806272272466729056e+00
-3.721189421165350897e+00
-3.794029623390375860e+00
-3.779800216510209587e+00
-3.832835300873622231e+00
-3.874310706685663686e+00
-3.874310706685663686e+00
-3.874310706685663686e+00
-3.919771965691202009e+00
-3.919771965691202009e+00
-3.919771965691202009e+00
-3.857991910844989825e+00
-3.857991910844989825e+00
-3.927663431111829695e+00
-3.784817263594363546e+00
-3.784817263594363546e+00
-3.784817263594363546e+00
-3.645324720074660796e+00
-3.645324720074660796e+00
-4.007752172092061471e+00
-4.007752172092061471e+00
-3.985350973614083969e+00
-3.958566904929456065e+00
-3.830911227911686368e+00
-3.830911227911686368e+00
-3.915677122436231894e+00
-3.878548323605924164e+00
-3.700598086872220360e+00
-3.628106256785842643e+00
-3.833637997821011112e+00
-3.833637997821011112e+00
-3.838906645740590484e+00
-3.791284251270879313e+00
-3.955660047974915106e+00
-3.955660047974915106e+00
-3.955660047974915106e+00
-3.955660047974915106e+00
-3.955660047974915106e+00
-3.934872668440831944e+00
-3.941440675439695340e+00
-3.997979153209197722e+00
-3.899367900460237735e+00
-3.899367900460237735e+00
-3.758225411305875951e+00
-3.986292608091442258e+00
-3.986292608091442258e+00
-3.986292608091442258e+00
-3.938170749088858003e+00
-3.932847866463377695e+00
-3.932847866463377695e+00
-3.959972085885751003e+00
-3.959972085885751003e+00
-3.959972085885751003e+00
-3.959972085885751003e+00
-3.959972085885751003e+00
-3.890932234805411394e+00
-4.001355911655817721e+00
-4.001355911655817721e+00
-3.924811646315922165e+00
-3.980075099424975615e+00
-3.980075099424975615e+00
-3.980075099424975615e+00
-3.980075099424975615e+00
-3.949741631299134248e+00
-3.889037575725981633e+00
-3.811737444936818875e+00
-3.811737444936818875e+00
