# Variable: dg_gbvi_00000098
# Sample shape: (2565,)
# Date: 2013-03-08 06:18:13.172408
3.794774271038355851e-01
-7.655590177071774916e-01
-1.220110153183589841e+00
1.019467148760430986e+00
1.014322649147403554e+00
-1.929737816316839494e+00
-1.237474151072437190e+00
-9.548623183381895752e-01
-1.330878136242591658e+00
-1.540252326172345088e+00
-2.375633131627399752e+00
-2.131033463581876397e+00
-2.131033463581876397e+00
-2.131033463581876397e+00
-2.332288973866414317e+00
-2.340612215139600494e+00
-2.266274767440756399e+00
-2.266274767440756399e+00
-2.266274767440756399e+00
-2.286941730931410621e+00
-1.221686371330829912e+00
-2.923125793310181741e+00
-2.923125793310181741e+00
-2.947628473922580206e+00
-2.947628473922580206e+00
-3.320416535746542497e+00
-3.320416535746542497e+00
-3.320416535746542497e+00
-3.320416535746542497e+00
-3.320416535746542497e+00
-1.508339366727366571e+00
-2.445118874686663002e+00
-2.340418887569489126e+00
-2.340418887569489126e+00
-2.340418887569489126e+00
-1.517838996165610688e+00
-1.336928486423332618e+00
-1.569732236476780729e+00
-1.954982793698204935e+00
-1.954982793698204935e+00
-1.889118669171362175e+00
-1.889118669171362175e+00
-1.957177704062562640e+00
-1.957177704062562640e+00
-1.976345241633377769e+00
-1.900120975272787227e+00
-1.900120975272787227e+00
-1.973372922969039989e+00
-1.973372922969039989e+00
-1.973372922969039989e+00
-1.567367577134545886e+00
-1.567367577134545886e+00
-1.567367577134545886e+00
-1.567367577134545886e+00
-1.567367577134545886e+00
-1.567367577134545886e+00
-1.556429138832577053e+00
-1.556429138832577053e+00
-1.556429138832577053e+00
-1.556429138832577053e+00
-1.556429138832577053e+00
-1.556429138832577053e+00
-1.556429138832577053e+00
-1.593015912570639570e+00
-1.593015912570639570e+00
-1.593015912570639570e+00
-1.593015912570639570e+00
-1.593015912570639570e+00
-1.593015912570639570e+00
-1.593015912570639570e+00
-1.554673775359466159e+00
-1.554673775359466159e+00
-1.550298390885901600e+00
-1.531854976910016042e+00
-1.531854976910016042e+00
-2.247161137292215116e+00
-2.247161137292215116e+00
-2.247161137292215116e+00
-2.247161137292215116e+00
-1.834075817695624666e+00
-1.834075817695624666e+00
-1.834075817695624666e+00
-1.834075817695624666e+00
-1.911220724702135554e+00
-1.959261441442445628e+00
-1.959261441442445628e+00
-1.959261441442445628e+00
-1.959261441442445628e+00
-1.959261441442445628e+00
-1.959261441442445628e+00
-1.903630134629191950e+00
-1.903630134629191950e+00
-1.903630134629191950e+00
-1.903630134629191950e+00
-1.903630134629191950e+00
-1.954039250165287678e+00
-1.954039250165287678e+00
-1.954039250165287678e+00
-1.799771267249026030e+00
-1.799771267249026030e+00
-2.062972177920661121e+00
-1.441459301185980202e+00
-1.441459301185980202e+00
-1.441459301185980202e+00
-1.441459301185980202e+00
-1.441459301185980202e+00
-1.441459301185980202e+00
-1.441459301185980202e+00
-1.441459301185980202e+00
-1.441459301185980202e+00
-1.441459301185980202e+00
-1.441459301185980202e+00
-1.441459301185980202e+00
-1.961690947612252378e+00
-1.525604752664141417e+00
-1.525604752664141417e+00
-1.525604752664141417e+00
-1.925775927400127152e+00
-1.925775927400127152e+00
-1.925775927400127152e+00
-1.925775927400127152e+00
-1.925775927400127152e+00
-1.925775927400127152e+00
-1.936796179007028273e+00
-1.936796179007028273e+00
-1.914482485904064779e+00
-1.914482485904064779e+00
-1.914482485904064779e+00
-1.914482485904064779e+00
-1.914482485904064779e+00
-1.914482485904064779e+00
-1.896464390538703970e+00
-1.896464390538703970e+00
-1.905531046054131261e+00
-1.905531046054131261e+00
-1.905531046054131261e+00
-1.905531046054131261e+00
-1.905531046054131261e+00
-1.905064148988223627e+00
-1.969634605785547166e+00
-1.762816667040865592e+00
-1.625648657023939680e+00
-1.617432439597642047e+00
-1.617432439597642047e+00
-1.617432439597642047e+00
-1.586932706659002212e+00
-1.658737579652697525e+00
-1.658737579652697525e+00
-1.658737579652697525e+00
-2.186613502838275824e+00
-2.179799998495910440e+00
-1.479267122360863773e+00
-1.479267122360863773e+00
-1.479267122360863773e+00
-1.479267122360863773e+00
-1.479267122360863773e+00
-1.479267122360863773e+00
-1.479267122360863773e+00
-2.162837895546709355e+00
-2.038575246996497281e+00
-2.038575246996497281e+00
-2.038575246996497281e+00
-2.038575246996497281e+00
-2.038575246996497281e+00
-2.038575246996497281e+00
-2.038575246996497281e+00
-2.003592911102669127e+00
-1.793034959244775628e+00
-1.793034959244775628e+00
-1.793034959244775628e+00
-1.793034959244775628e+00
-1.793034959244775628e+00
-1.793034959244775628e+00
-1.762377326129527466e+00
-1.762377326129527466e+00
-1.762377326129527466e+00
-2.211211733099102350e+00
-2.211211733099102350e+00
-1.666006614652721263e+00
-1.666006614652721263e+00
-1.666006614652721263e+00
-2.098728463274387668e+00
-2.098728463274387668e+00
-1.534133924787609571e+00
-1.529640833793620036e+00
-1.534287026255016562e+00
-1.534287026255016562e+00
-1.534287026255016562e+00
-1.534287026255016562e+00
-2.144277035728042069e+00
-2.144277035728042069e+00
-2.144277035728042069e+00
-1.678729425948557452e+00
-1.678729425948557452e+00
-1.678729425948557452e+00
-2.118164559345172115e+00
-2.118164559345172115e+00
-2.118164559345172115e+00
-2.169333425879808264e+00
-2.169333425879808264e+00
-2.131133937483431939e+00
-2.131133937483431939e+00
-2.131133937483431939e+00
-2.131133937483431939e+00
-2.146429390483867383e+00
-2.102617467190901479e+00
-2.102617467190901479e+00
-2.102617467190901479e+00
-2.102617467190901479e+00
-2.102617467190901479e+00
-2.102617467190901479e+00
-2.102617467190901479e+00
-2.102617467190901479e+00
-2.102617467190901479e+00
-2.106158061421355754e+00
-2.106158061421355754e+00
-2.078881107177786625e+00
-1.596872165743973726e+00
-1.596872165743973726e+00
-1.614720723702186334e+00
-1.614720723702186334e+00
-1.614720723702186334e+00
-1.614720723702186334e+00
-1.614720723702186334e+00
-1.603845574229158855e+00
-1.603845574229158855e+00
-1.584492822092151476e+00
-1.584492822092151476e+00
-2.122788679795412303e+00
-1.572723278722089280e+00
-1.572723278722089280e+00
-1.811939977781073186e+00
-1.811939977781073186e+00
-1.811939977781073186e+00
-1.811939977781073186e+00
-1.811939977781073186e+00
-1.635948098204727863e+00
-1.635948098204727863e+00
-1.635948098204727863e+00
-1.619119335907049040e+00
-1.619119335907049040e+00
-1.693814541454685685e+00
-2.169296940712816202e+00
-1.468910630512386462e+00
-1.468910630512386462e+00
-1.468910630512386462e+00
-1.610226350023181263e+00
-1.584383855392981877e+00
-1.584383855392981877e+00
-2.244269276470244101e+00
-2.244269276470244101e+00
-2.244269276470244101e+00
-2.244269276470244101e+00
-2.244269276470244101e+00
-2.247681966387349295e+00
-2.247681966387349295e+00
-2.247681966387349295e+00
-1.916184845766268685e+00
-1.959350236163025505e+00
-1.959350236163025505e+00
-1.959350236163025505e+00
-1.854024257812574072e+00
-1.905050881387172934e+00
-1.913366728929057681e+00
-1.913366728929057681e+00
-2.118832391726627407e+00
-2.118832391726627407e+00
-2.082115141644042211e+00
-2.082115141644042211e+00
-2.082115141644042211e+00
-2.082115141644042211e+00
-2.082115141644042211e+00
-1.237800812223635916e+00
-1.237800812223635916e+00
-1.243441704657761937e+00
-1.243441704657761937e+00
-1.243441704657761937e+00
-1.501950070980194507e+00
-1.501950070980194507e+00
-1.549037571117211298e+00
-1.497930529124285925e+00
-1.497930529124285925e+00
-1.497930529124285925e+00
-1.721614097683430877e+00
-1.721614097683430877e+00
-1.721614097683430877e+00
-1.952705282852764679e+00
-1.280175611347640796e+00
-1.427741619466535994e+00
-1.471464890579871065e+00
-1.471464890579871065e+00
-1.471464890579871065e+00
-1.471464890579871065e+00
-1.471464890579871065e+00
-1.471464890579871065e+00
-1.471464890579871065e+00
-1.450433879620380839e+00
-1.698464739935837020e+00
-1.693297224272725554e+00
-1.693297224272725554e+00
-1.693297224272725554e+00
-1.693370583114241379e+00
-1.765552784586070123e+00
-1.765552784586070123e+00
-1.765552784586070123e+00
-1.713787290477871261e+00
-8.757312609773197920e-01
-8.757312609773197920e-01
-8.757312609773197920e-01
-4.533516955422869366e-01
-1.634569707203117783e+00
-1.634754106581628230e+00
-4.158174067436299914e-01
-1.074331283691640548e+00
-1.074976970512256047e+00
-1.074976970512256047e+00
-1.074976970512256047e+00
-1.074976970512256047e+00
-1.074976970512256047e+00
-1.075002449154707884e+00
-1.075002449154707884e+00
-1.075002449154707884e+00
-1.075002449154707884e+00
-1.965596604358745836e+00
-1.965596604358745836e+00
-1.965596604358745836e+00
-1.965596604358745836e+00
-1.965596604358745836e+00
-1.965596604358745836e+00
-1.957727675205452877e+00
-1.957727675205452877e+00
-1.957727675205452877e+00
-1.312502525906342532e+00
-1.313673924927938108e+00
-1.313673924927938108e+00
-1.312685584175923736e+00
-1.312685584175923736e+00
-1.312685584175923736e+00
-5.042092178747266118e-01
-5.046738806170469882e-01
-5.046738806170469882e-01
-8.241901771151585177e-01
-5.029381841012773302e-01
-5.029381841012773302e-01
-1.564982537245885652e+00
-1.564982537245885652e+00
-1.564982537245885652e+00
-1.564982537245885652e+00
-1.520886885755902806e+00
-1.520886885755902806e+00
-1.697812386612557400e+00
-1.635192617121748127e+00
-1.635192617121748127e+00
-1.635192617121748127e+00
-1.650433282006938729e+00
-1.650433282006938729e+00
-1.650433282006938729e+00
-1.650433282006938729e+00
-1.751542070303197640e+00
-1.653182378875532210e+00
-1.653182378875532210e+00
-1.653182378875532210e+00
-1.435133901437023018e+00
-1.435133901437023018e+00
-1.435133901437023018e+00
-1.412472369870844568e+00
-1.602781811732011175e+00
-1.602781811732011175e+00
-1.602781811732011175e+00
-1.602781811732011175e+00
-1.581973928420164599e+00
-1.581647858602575063e+00
-1.581597199101998363e+00
-2.140501973992881446e+00
-2.140501973992881446e+00
-2.140501973992881446e+00
-2.140501973992881446e+00
-2.140501973992881446e+00
-2.140501973992881446e+00
-1.871992487601993993e+00
-1.887181251214719246e+00
-1.887181251214719246e+00
-2.092371035940142399e+00
-2.092371035940142399e+00
-2.092371035940142399e+00
-1.558176000216422885e+00
-1.558176000216422885e+00
-1.563434456711720877e+00
-1.563434456711720877e+00
-1.563434456711720877e+00
-1.563434456711720877e+00
-1.563434456711720877e+00
-1.210875387815717463e+00
-1.210875387815717463e+00
-1.210875387815717463e+00
-1.210875387815717463e+00
-1.210875387815717463e+00
-1.210875387815717463e+00
-1.210875387815717463e+00
-2.188153333143282087e+00
-8.736125728190140549e-01
-1.658844937085913296e+00
-1.651413481481393886e+00
-1.651413481481393886e+00
-1.651413481481393886e+00
-1.651413481481393886e+00
-1.651413481481393886e+00
-7.979922963188236240e-01
-7.979922963188236240e-01
-5.840600773413684443e-01
-6.265974617629864740e-01
-6.265974617629864740e-01
-6.310737814992027905e-01
-5.379556803899281370e-01
-5.379556803899281370e-01
-2.078002998415477087e+00
-1.895932572343379086e+00
-1.895932572343379086e+00
-1.893034704351280295e+00
-1.431252501590579262e+00
-1.431252501590579262e+00
-1.412050611685820245e+00
-1.412050611685820245e+00
-1.470191342987096084e+00
-2.042079650314092554e+00
-2.042079650314092554e+00
-2.050652655451881579e+00
-2.209328772616735659e+00
-2.209328772616735659e+00
-2.209328772616735659e+00
-2.209328772616735659e+00
-1.792777399875992828e+00
-1.361938138212515526e+00
-1.361938138212515526e+00
-1.361938138212515526e+00
-1.417779080447396867e+00
-1.310359183816371953e+00
-1.310359183816371953e+00
-1.231361698946394911e+00
-1.436890860320942931e+00
-1.436890860320942931e+00
-1.436890860320942931e+00
-1.436890860320942931e+00
-1.433490199008919941e+00
-1.433490199008919941e+00
-1.730232334710700481e+00
-1.730232334710700481e+00
-1.730232334710700481e+00
-2.318383255924605812e+00
-2.318383255924605812e+00
-7.998615348489005461e-01
-7.998615348489005461e-01
-7.998615348489005461e-01
-8.070212775815358563e-01
-8.492039470430081671e-01
-8.492039470430081671e-01
-6.466039838797639216e-01
-6.466039838797639216e-01
-6.466039838797639216e-01
-6.737189395725911023e-01
-6.737189395725911023e-01
-1.136258383490701185e+00
-1.136258383490701185e+00
-9.778021471418850696e-01
-1.112825480987125193e+00
-1.112825480987125193e+00
-1.112825480987125193e+00
-1.112825480987125193e+00
-1.112098406140222595e+00
-1.112098406140222595e+00
-1.112098406140222595e+00
-1.112098406140222595e+00
-7.413412933891450063e-01
-7.413412933891450063e-01
-7.380992421256298286e-01
-7.433726741185832099e-01
-1.646157477493640053e+00
-1.646157477493640053e+00
-1.646157477493640053e+00
-1.361562426653461833e+00
-1.361562426653461833e+00
-1.361562426653461833e+00
-1.361562426653461833e+00
-1.361298736750502503e+00
-1.361298736750502503e+00
-1.361298736750502503e+00
-1.361298736750502503e+00
-1.682318738184585438e+00
-9.514053487073947935e-01
-1.978300872686515888e+00
-1.961034055595060277e+00
-1.961034055595060277e+00
-1.961034055595060277e+00
-1.961034055595060277e+00
-1.689336944499930215e+00
-1.689336944499930215e+00
-1.689336944499930215e+00
-1.689336944499930215e+00
-1.618193991069444948e+00
-1.571288038224087247e+00
-1.571288038224087247e+00
-1.571288038224087247e+00
-1.875883581753160945e+00
-1.875883581753160945e+00
-1.875883581753160945e+00
-1.875883581753160945e+00
-1.296892033308374437e+00
-1.226602788507382691e+00
-1.226602788507382691e+00
-1.597332638564031848e+00
-1.199644071142898838e+00
-1.199644071142898838e+00
-1.283765375716396262e+00
-1.283765375716396262e+00
-1.283765375716396262e+00
-1.609995511546323810e+00
-1.607579812477778702e+00
-1.607579812477778702e+00
-1.194025345121427106e+00
-1.194025345121427106e+00
-1.194025345121427106e+00
-1.194025345121427106e+00
-1.194025345121427106e+00
-1.194025345121427106e+00
-1.472480457538733800e+00
-1.739759881775875927e+00
-1.700260614354868416e+00
-1.700260614354868416e+00
-1.700260614354868416e+00
-2.044128015358220640e+00
-2.062175839404866817e+00
-2.025960580687613088e+00
-1.742375703849142754e+00
-1.738779451924146846e+00
-1.729041806822433580e+00
-2.022501358662003312e+00
-2.103152694981969884e+00
-1.989477409684166975e+00
-1.989477409684166975e+00
-1.989477409684166975e+00
-1.989477409684166975e+00
-1.989477409684166975e+00
-1.989477409684166975e+00
-1.972784383168329159e+00
-1.972784383168329159e+00
-1.972784383168329159e+00
-1.972784383168329159e+00
-1.916952891106240120e+00
-1.916952891106240120e+00
-1.916952891106240120e+00
-2.192361747321725840e+00
-1.563627087879370769e+00
-1.787296884243620987e+00
-1.862733162087511829e+00
-1.862733162087511829e+00
-1.862733162087511829e+00
-1.862733162087511829e+00
-1.862733162087511829e+00
-2.195919031480797923e+00
-2.195919031480797923e+00
-2.195919031480797923e+00
-2.195919031480797923e+00
-2.195919031480797923e+00
-2.195919031480797923e+00
-2.195919031480797923e+00
-1.546988605821624008e+00
-1.546988605821624008e+00
-1.546988605821624008e+00
-1.546988605821624008e+00
-1.546988605821624008e+00
-2.009251800837963842e+00
-1.973685371315486492e+00
-1.973685371315486492e+00
-1.608024603455685320e+00
-2.099142443411915693e+00
-2.099142443411915693e+00
-2.093087760472655656e+00
-2.093087760472655656e+00
-2.087723629192307140e+00
-2.087723629192307140e+00
-1.788608848683135744e+00
-1.788608848683135744e+00
-2.414373116145115628e+00
-2.414373116145115628e+00
-2.144746042537371888e+00
-2.155364058560484075e+00
-2.155364058560484075e+00
-1.255455086235220952e+00
-1.255455086235220952e+00
-1.876049753244119156e+00
-1.876049753244119156e+00
-1.876049753244119156e+00
-1.876049753244119156e+00
-1.830958441865689235e+00
-1.830958441865689235e+00
-2.330273551242926011e+00
-1.154490935876826718e+00
-1.453969650776049338e+00
-1.606230293539394616e+00
-2.050059091481885698e+00
-1.661503398367738304e+00
-1.554321749351110560e+00
-1.554321749351110560e+00
-1.748677551980154510e+00
-1.748677551980154510e+00
-2.132658361182814044e+00
-2.132658361182814044e+00
-2.132658361182814044e+00
-2.146843144081289623e+00
-2.081414597905938191e+00
-2.116043104598973823e+00
-2.097885191434083474e+00
-2.097885191434083474e+00
-2.097885191434083474e+00
-2.097885191434083474e+00
-2.097885191434083474e+00
-2.090457578830184460e+00
-1.619040658934314481e+00
-1.632833678874453520e+00
-1.761677960192292502e+00
-1.391493290145024986e+00
-1.391493290145024986e+00
-1.391493290145024986e+00
-1.391493290145024986e+00
-1.942162110010254628e+00
-1.942162110010254628e+00
-1.942162110010254628e+00
-1.942162110010254628e+00
-1.942162110010254628e+00
-1.995902242002445037e+00
-1.983430756234127568e+00
-1.983430756234127568e+00
-1.983430756234127568e+00
-1.526971477794629273e+00
-1.509556374159435554e+00
-1.853431564747692883e+00
-1.864956214178179250e+00
-1.864956214178179250e+00
-1.864956214178179250e+00
-1.864956214178179250e+00
-1.696851636694821197e+00
-1.696851636694821197e+00
-1.696851636694821197e+00
-1.696851636694821197e+00
-1.696851636694821197e+00
-1.696851636694821197e+00
-1.757946461576392227e+00
-1.737720276617674253e+00
-1.756540370178126587e+00
-1.756540370178126587e+00
-1.805975794008159552e+00
-1.805975794008159552e+00
-1.805975794008159552e+00
-1.805975794008159552e+00
-1.511628038749317504e+00
-1.511628038749317504e+00
-1.821721304080287318e+00
-1.803857832646924786e+00
-1.940090103665033094e+00
-1.626964346510881398e+00
-1.626964346510881398e+00
-1.626964346510881398e+00
-1.626964346510881398e+00
-1.626964346510881398e+00
-2.126393465728612764e+00
-2.126393465728612764e+00
-1.629625050045612200e+00
-1.629625050045612200e+00
-1.629625050045612200e+00
-1.629625050045612200e+00
-1.635583036924363354e+00
-1.635583036924363354e+00
-1.635583036924363354e+00
-1.665918414428590788e+00
-1.665918414428590788e+00
-1.665918414428590788e+00
-1.665918414428590788e+00
-1.665918414428590788e+00
-1.673522166291574020e+00
-1.201672260035791417e+00
-1.201672260035791417e+00
-1.201672260035791417e+00
-1.201672260035791417e+00
-1.976804080765001359e+00
-1.869330592856233153e+00
-1.131427075423906636e+00
-1.131427075423906636e+00
-1.475587855836598461e+00
-1.475587855836598461e+00
-1.732211307021225721e+00
-1.732211307021225721e+00
-1.732211307021225721e+00
-2.605119850373760038e+00
-2.605119850373760038e+00
-2.605119850373760038e+00
-2.634751363168032601e+00
-2.527171549039154641e+00
-2.527171549039154641e+00
-1.994856974215168055e+00
-1.984682143551846911e+00
-1.984682143551846911e+00
-1.988667659077695271e+00
-1.988667659077695271e+00
-1.327048879009630644e+00
-1.512288582755128896e+00
-1.752874079823540931e+00
-1.095831502498086252e+00
-1.095831502498086252e+00
-1.095831502498086252e+00
-1.331745427354799505e+00
-1.331745427354799505e+00
-1.383777413923161115e+00
-1.383777413923161115e+00
-1.383777413923161115e+00
-1.621395079916964743e+00
-1.621395079916964743e+00
-1.824502101776254825e+00
-1.824502101776254825e+00
-1.824502101776254825e+00
-2.114864793757925465e+00
-2.114864793757925465e+00
-2.114864793757925465e+00
-1.810502897762740648e+00
-1.810502897762740648e+00
-1.810502897762740648e+00
-1.810502897762740648e+00
-1.810502897762740648e+00
-2.270551214435796883e+00
-2.270551214435796883e+00
-2.270551214435796883e+00
-2.270551214435796883e+00
-8.216109041094917798e-01
-8.216109041094917798e-01
-8.216109041094917798e-01
-8.216109041094917798e-01
-1.442694974056155877e+00
-1.442694974056155877e+00
-1.442694974056155877e+00
-9.837992706279163890e-01
-9.837992706279163890e-01
-9.822495916000256733e-01
-1.517869780867269203e+00
-1.517869780867269203e+00
-1.360102140706929363e+00
-1.299701446793351645e+00
-1.299701446793351645e+00
-1.299701446793351645e+00
-7.832277136023535480e-01
-7.832277136023535480e-01
-7.832277136023535480e-01
-7.751590328775725958e-01
-7.751590328775725958e-01
-7.751590328775725958e-01
-7.751590328775725958e-01
-7.751590328775725958e-01
-7.751590328775725958e-01
-1.227288335762589444e+00
-1.152688633028475795e+00
-1.152688633028475795e+00
-1.152688633028475795e+00
-9.276221158830563196e-01
-9.276221158830563196e-01
-9.276221158830563196e-01
-9.276221158830563196e-01
-9.276221158830563196e-01
-9.276221158830563196e-01
-9.276221158830563196e-01
-9.276221158830563196e-01
-9.615014667244971003e-01
-1.733885033778702178e+00
-1.733885033778702178e+00
-1.706176905269354283e+00
-1.706176905269354283e+00
-1.706176905269354283e+00
-1.706176905269354283e+00
-1.706176905269354283e+00
-1.706176905269354283e+00
-1.772082386688863975e+00
-1.772082386688863975e+00
-1.772082386688863975e+00
-1.772082386688863975e+00
-1.772082386688863975e+00
-1.772082386688863975e+00
-1.900089084194328759e+00
-1.900089084194328759e+00
-1.900089084194328759e+00
-1.900089084194328759e+00
-1.900089084194328759e+00
-1.877920595674271054e+00
-1.877920595674271054e+00
-1.877920595674271054e+00
-2.224217055531732434e+00
-2.243620714611231026e+00
-2.243620714611231026e+00
-2.243620714611231026e+00
-1.886760165510235732e+00
-1.886760165510235732e+00
-1.886760165510235732e+00
-1.886760165510235732e+00
-1.886760165510235732e+00
-1.886760165510235732e+00
-1.886760165510235732e+00
-1.907477420811615643e+00
-1.907477420811615643e+00
-1.392278311342585617e+00
-1.242192342395782578e+00
-1.242192342395782578e+00
-1.009679713494629372e+00
-1.375963727292736971e+00
-1.333911126722658436e+00
-1.438958611820969624e+00
-1.438958611820969624e+00
-1.487963423070820301e+00
-1.487963423070820301e+00
-1.487963423070820301e+00
-1.487963423070820301e+00
-1.496619334839544679e+00
-1.632064844584460550e+00
-1.632064844584460550e+00
-2.096361805376120824e+00
-1.483587951665089832e+00
-1.483587951665089832e+00
-1.715628122952955747e+00
-1.715628122952955747e+00
-1.741925039180587831e+00
-1.752096138016332461e+00
-2.022812592161727263e+00
-2.022812592161727263e+00
-2.022812592161727263e+00
-2.022812592161727263e+00
-2.022812592161727263e+00
-2.022812592161727263e+00
-1.976884647279827822e+00
-1.976884647279827822e+00
-1.976884647279827822e+00
-1.976884647279827822e+00
-1.962768238637174534e+00
-1.962768238637174534e+00
-1.826231317603729254e+00
-1.839325159683638633e+00
-1.851746002698913207e+00
-1.851746002698913207e+00
-1.851746002698913207e+00
-1.851746002698913207e+00
-1.853361430684533184e+00
-1.878745283510878439e+00
-1.878745283510878439e+00
-1.963975228172955223e+00
-1.963975228172955223e+00
-1.838633371555796980e+00
-1.598047023261673028e+00
-1.645850163928514132e+00
-1.645850163928514132e+00
-1.645850163928514132e+00
-1.899662333534712921e+00
-1.899662333534712921e+00
-1.899662333534712921e+00
-1.899662333534712921e+00
-1.899662333534712921e+00
-1.899662333534712921e+00
-1.899662333534712921e+00
-1.899662333534712921e+00
-1.899662333534712921e+00
-2.779140931532540493e-01
-2.779140931532540493e-01
-8.636833475498240098e-01
-5.736215724810574956e-01
-1.100826833351308931e+00
-1.100826833351308931e+00
-1.100826833351308931e+00
-1.100826833351308931e+00
-1.100826833351308931e+00
-1.100826833351308931e+00
-1.251348722915766709e+00
-1.350398827289440495e+00
-1.318085155560346555e+00
-9.365365822760919334e-01
-9.365365822760919334e-01
-9.127307343122187389e-01
-9.127307343122187389e-01
-8.930161981092500367e-01
-1.067384254498980889e+00
-1.077949704471027781e+00
-1.077949704471027781e+00
-1.078212614624015631e+00
-1.078212614624015631e+00
-1.078212614624015631e+00
-1.078212614624015631e+00
-1.078212614624015631e+00
-1.078212614624015631e+00
-1.881373858005957356e+00
-1.881373858005957356e+00
-1.881373858005957356e+00
-1.881373858005957356e+00
-1.881373858005957356e+00
-1.881373858005957356e+00
-1.881373858005957356e+00
-1.881373858005957356e+00
-1.881373858005957356e+00
-1.881373858005957356e+00
-1.881373858005957356e+00
-1.881373858005957356e+00
-1.881373858005957356e+00
-1.881373858005957356e+00
-1.881373858005957356e+00
-2.319381649763295528e+00
-2.319381649763295528e+00
-2.319381649763295528e+00
-1.509084357423529976e+00
-1.509084357423529976e+00
-1.509084357423529976e+00
-1.491533169079612087e+00
-1.491533169079612087e+00
-1.180845344215165627e+00
-5.538448859925997336e-01
-5.538448859925997336e-01
-5.538448859925997336e-01
-5.538448859925997336e-01
-5.538448859925997336e-01
-1.329658572127979443e+00
-1.329658572127979443e+00
-1.330867062284522229e+00
-1.330867062284522229e+00
-1.330867062284522229e+00
-1.476489368575955918e+00
-1.476489368575955918e+00
-1.470434566450666170e+00
-1.470434566450666170e+00
-2.403893620618235527e+00
-2.351461910672077771e+00
-2.351461910672077771e+00
-2.351461910672077771e+00
-2.351461910672077771e+00
-2.351461910672077771e+00
-2.360273057318829082e+00
-2.360273057318829082e+00
-2.360273057318829082e+00
-2.360273057318829082e+00
-2.360273057318829082e+00
-2.386612676716799442e+00
-6.155479189091898062e-01
-1.732148940109477619e+00
-2.046279280417366842e+00
-2.046279280417366842e+00
-2.069526238667634299e+00
-2.069526238667634299e+00
-2.069526238667634299e+00
-2.069526238667634299e+00
-2.069526238667634299e+00
-2.069526238667634299e+00
-2.069526238667634299e+00
-2.149642225963153130e+00
-2.149642225963153130e+00
-2.149642225963153130e+00
-2.146832545405425563e+00
-2.146832545405425563e+00
-2.281706654776520793e+00
-2.281706654776520793e+00
-2.281706654776520793e+00
-2.047291476611269090e+00
-2.158755359151861342e+00
-1.346697745018936354e+00
-2.589699911599256943e+00
-2.295181878967735400e+00
-2.295181878967735400e+00
-2.295181878967735400e+00
-2.295181878967735400e+00
-2.302543346100552224e+00
-2.302543346100552224e+00
-2.302543346100552224e+00
-2.302543346100552224e+00
-2.302543346100552224e+00
-4.937564818118011511e-01
-4.937564818118011511e-01
-4.953245006535682560e-01
-4.953245006535682560e-01
-2.658758493464596362e-01
-2.658758493464596362e-01
-2.658758493464596362e-01
-2.747216678981301730e+00
-1.948850573514653295e+00
-1.948850573514653295e+00
-1.482620537788468473e+00
-1.482620537788468473e+00
-1.494949758146476126e+00
-1.494949758146476126e+00
-1.900493114414762763e+00
-1.900493114414762763e+00
-1.900493114414762763e+00
-1.900493114414762763e+00
-1.900493114414762763e+00
-1.838589831048656587e+00
-1.838589831048656587e+00
-1.815164579437314130e+00
-1.815164579437314130e+00
-1.815164579437314130e+00
-1.815164579437314130e+00
-1.815164579437314130e+00
-1.815164579437314130e+00
-1.858851519097199700e+00
-1.858851519097199700e+00
-1.858851519097199700e+00
-1.900032250172405401e+00
-1.900032250172405401e+00
-1.929847097671407052e+00
-1.826543304358079878e+00
-2.077078845194505696e+00
-2.077078845194505696e+00
-2.077078845194505696e+00
-2.077078845194505696e+00
-2.077078845194505696e+00
-2.077078845194505696e+00
-2.077078845194505696e+00
-2.035874723900373606e+00
-2.004432354751376266e+00
-2.004432354751376266e+00
-1.676107111193116506e+00
-1.676107111193116506e+00
-1.911769001885737396e+00
-1.911769001885737396e+00
-1.911769001885737396e+00
-2.083831195277688675e+00
-2.083831195277688675e+00
-2.083831195277688675e+00
-2.083831195277688675e+00
-2.059164950936247962e+00
-2.149542445944173874e+00
-1.528857625039325541e+00
-1.607984061218530769e+00
-1.607984061218530769e+00
-1.619506639967195349e+00
-1.619506639967195349e+00
-1.619506639967195349e+00
-1.619506639967195349e+00
-1.658257222493547900e+00
-1.658257222493547900e+00
-2.373164542294011969e+00
-2.373164542294011969e+00
-2.445876727446009813e+00
-1.938342923516756411e+00
-2.408226593125625925e+00
-1.356506700072612093e+00
-2.022470766190801683e+00
-1.923511616820360537e+00
-1.554249063974400880e+00
-2.043408295589037582e+00
-2.043408295589037582e+00
-2.043408295589037582e+00
-2.043408295589037582e+00
-2.043408295589037582e+00
-2.043408295589037582e+00
-2.043408295589037582e+00
-2.043408295589037582e+00
-2.043408295589037582e+00
-1.657251779217793874e+00
-1.657251779217793874e+00
-1.657251779217793874e+00
-1.564685279332289847e+00
-1.572610978096845580e+00
-1.572610978096845580e+00
-1.572610978096845580e+00
-1.572610978096845580e+00
-1.851229743186643351e+00
-1.832693573513247465e+00
-1.832693573513247465e+00
-2.165428416784138665e+00
-2.165428416784138665e+00
-2.199331712355840018e+00
-2.083917361123898804e+00
-2.084767357446979830e+00
-2.084767357446979830e+00
-1.932707237249319476e+00
-2.000242790983141283e+00
-2.000242790983141283e+00
-2.101431759454045700e+00
-2.075800418635118216e+00
-2.075800418635118216e+00
-1.230823783486031830e+00
-1.230823783486031830e+00
-1.933439922371768649e+00
-1.933439922371768649e+00
-1.933439922371768649e+00
-1.928666586298905194e+00
-1.638096261655973995e+00
-1.643683069289157528e+00
-1.645678804427923136e+00
-1.419923195951560801e+00
-1.419923195951560801e+00
-1.620273678556132912e+00
-1.620273678556132912e+00
-1.620273678556132912e+00
-1.599755002426862083e+00
-1.803135251918012605e+00
-1.644571275647352726e+00
-1.644571275647352726e+00
-1.644571275647352726e+00
-1.644571275647352726e+00
-1.603703118709107978e+00
-1.603703118709107978e+00
-1.627420104274666324e+00
-1.627420104274666324e+00
-1.627420104274666324e+00
-2.369871239505616067e+00
-2.369871239505616067e+00
-2.369871239505616067e+00
-2.414256115791096224e+00
-2.414256115791096224e+00
-1.367417944932728613e+00
-1.319934387327337921e+00
-1.319934387327337921e+00
-1.588577567335996310e+00
-1.588577567335996310e+00
-1.588577567335996310e+00
-1.588577567335996310e+00
-1.588577567335996310e+00
-1.588577567335996310e+00
-1.999868670500313028e+00
-2.026231645569052553e+00
-1.731153130799827800e+00
-1.731153130799827800e+00
-1.731153130799827800e+00
-1.731153130799827800e+00
-1.731153130799827800e+00
-1.427080459604058049e+00
-1.990128438173383252e+00
-2.011810028123424132e+00
-2.011810028123424132e+00
-2.011810028123424132e+00
-1.318027459965287251e+00
-1.318027459965287251e+00
-1.600652039487891587e+00
-1.600652039487891587e+00
-1.599579521306133456e+00
-1.599579521306133456e+00
-1.814900795296448655e+00
-1.874282227376186105e+00
-1.463134318529340394e+00
-1.463134318529340394e+00
-1.463134318529340394e+00
-1.463134318529340394e+00
-1.463134318529340394e+00
-1.463134318529340394e+00
-1.463134318529340394e+00
-1.463134318529340394e+00
-1.463134318529340394e+00
-1.463134318529340394e+00
-1.463134318529340394e+00
-1.559116840690423222e+00
-1.559116840690423222e+00
-1.559116840690423222e+00
-1.763877115395364514e+00
-1.763877115395364514e+00
-1.763877115395364514e+00
-1.777744992412653602e+00
-1.777744992412653602e+00
-1.656370171117902856e+00
-1.656370171117902856e+00
-1.826534481734419790e+00
-1.826534481734419790e+00
-1.812652812146522852e+00
-1.812652812146522852e+00
-1.812652812146522852e+00
-1.812652812146522852e+00
-1.812652812146522852e+00
-1.812652812146522852e+00
-1.812652812146522852e+00
-1.812652812146522852e+00
-1.818955724046664058e+00
-2.038892732785788198e+00
-2.046348284917884897e+00
-2.046348284917884897e+00
-2.046348284917884897e+00
-2.046348284917884897e+00
-2.320459042057201771e+00
-1.983965403872414157e+00
-1.983965403872414157e+00
-1.797647563829129380e+00
-7.884814736893998033e-01
-7.884814736893998033e-01
-7.981485217289976397e-01
-7.981485217289976397e-01
-7.981485217289976397e-01
-7.981485217289976397e-01
-7.981485217289976397e-01
-8.412363387023819028e-01
-1.197370394395186777e+00
-1.197370394395186777e+00
-1.197370394395186777e+00
-1.369583007037864952e+00
-1.391293031328562968e+00
-4.545810619968020383e-01
-5.208813036246972006e-01
-5.208813036246972006e-01
-5.208813036246972006e-01
-5.208813036246972006e-01
-5.208813036246972006e-01
-5.208813036246972006e-01
-5.208813036246972006e-01
-5.208813036246972006e-01
-5.208813036246972006e-01
-1.604605333303476433e+00
-1.615353256912412716e+00
-1.692708377958697552e+00
-7.488253387399450567e-01
-7.488253387399450567e-01
-7.488253387399450567e-01
-1.907634661362320960e+00
-1.907634661362320960e+00
-1.907634661362320960e+00
-1.595636288289940197e+00
-1.595636288289940197e+00
-1.595636288289940197e+00
-1.595636288289940197e+00
-1.595636288289940197e+00
-1.595636288289940197e+00
-1.595636288289940197e+00
-1.595636288289940197e+00
-1.912427208422885272e+00
-1.912427208422885272e+00
-1.972384578199619209e+00
-1.966853249573048856e+00
-1.968114856600314155e+00
-1.968114856600314155e+00
-1.921531311514555806e+00
-1.921531311514555806e+00
-1.921531311514555806e+00
-1.735111241892621337e+00
-1.735111241892621337e+00
-1.735111241892621337e+00
-1.735111241892621337e+00
-1.735111241892621337e+00
-1.735111241892621337e+00
-1.150376764754243997e+00
-1.150376764754243997e+00
-1.150376764754243997e+00
-1.428098618307860557e+00
-1.428098618307860557e+00
-1.428098618307860557e+00
-2.143671125640882025e+00
-2.143671125640882025e+00
-1.659016358385861922e+00
-1.659016358385861922e+00
-1.659016358385861922e+00
-1.817862538923649796e+00
-1.456598346217245155e+00
-1.456598346217245155e+00
-1.562076533677593471e+00
-1.743030900186473886e+00
-1.749347142792155196e+00
-1.665964932697304723e+00
-1.665964932697304723e+00
-2.205970554589097521e+00
-2.205970554589097521e+00
-2.203586606028490547e+00
-2.179032262059875880e+00
-2.179032262059875880e+00
-1.776211303950836262e+00
-1.776211303950836262e+00
-1.776211303950836262e+00
-1.776211303950836262e+00
-1.776211303950836262e+00
-1.776211303950836262e+00
-1.776211303950836262e+00
-1.776211303950836262e+00
-1.776211303950836262e+00
-1.776211303950836262e+00
-1.776211303950836262e+00
-1.776211303950836262e+00
-1.534906796882212765e+00
-1.534906796882212765e+00
-1.534906796882212765e+00
-1.534906796882212765e+00
-1.477629299236316918e+00
-1.477629299236316918e+00
-1.801012039426380662e+00
-1.325436954242318333e+00
-1.325436954242318333e+00
-1.328181576442092782e+00
-1.328181576442092782e+00
-1.328181576442092782e+00
-1.392067018455066307e+00
-1.504368080850740030e+00
-1.504368080850740030e+00
-1.504368080850740030e+00
-1.504368080850740030e+00
-1.504368080850740030e+00
-1.504368080850740030e+00
-1.504368080850740030e+00
-1.599223086463926302e+00
-1.599223086463926302e+00
-1.911601110970806650e+00
-1.911278452432368713e+00
-1.911278452432368713e+00
-1.911278452432368713e+00
-1.911278452432368713e+00
-1.795065555040184613e+00
-2.312519387266863458e+00
-2.312519387266863458e+00
-2.312519387266863458e+00
-1.025489604392692877e+00
-1.025489604392692877e+00
-2.168022973452198077e+00
-2.168022973452198077e+00
-2.153901271255330485e+00
-2.151254825814087113e+00
-1.954353945198284093e+00
-1.954353945198284093e+00
-1.954353945198284093e+00
-1.954353945198284093e+00
-1.954353945198284093e+00
-1.377999178072928377e+00
-1.377999178072928377e+00
-6.608996609811175205e-01
-1.154118010545652329e+00
-1.154118010545652329e+00
-1.112305378764109065e+00
-1.109013711884863307e+00
-7.438474416984194315e-01
-7.438474416984194315e-01
-7.434170415540863885e-01
-2.244601407250298220e+00
-2.231888550858708520e+00
-2.231888550858708520e+00
-1.647221859383665610e+00
-1.647221859383665610e+00
-1.653067024819993458e+00
-1.653067024819993458e+00
-1.653067024819993458e+00
-1.468844606599950309e+00
-1.468844606599950309e+00
-1.811094842935881966e+00
-1.363911201117257610e+00
-1.363911201117257610e+00
-1.363911201117257610e+00
-2.174506652423382924e+00
-2.278762562432273597e+00
-2.278762562432273597e+00
-2.278762562432273597e+00
-2.278762562432273597e+00
-2.278762562432273597e+00
-2.279481000897439102e+00
-2.279481000897439102e+00
-2.279481000897439102e+00
-1.058150836744277346e+00
-1.058150836744277346e+00
-1.058150836744277346e+00
-1.058150836744277346e+00
-1.058150836744277346e+00
-1.058150836744277346e+00
-1.073184485721090597e+00
-6.317455696070931603e-01
-6.317455696070931603e-01
-6.317455696070931603e-01
-6.803089153598232963e-01
-6.803089153598232963e-01
-6.803089153598232963e-01
-6.803089153598232963e-01
-6.803089153598232963e-01
-6.652733126007923659e-01
-1.674361758048115378e+00
-1.674361758048115378e+00
-1.674361758048115378e+00
-1.674361758048115378e+00
-1.674361758048115378e+00
-1.674361758048115378e+00
-1.674361758048115378e+00
-1.674361758048115378e+00
-2.310930937834583698e+00
-2.318212044213884493e+00
-2.318212044213884493e+00
-2.318212044213884493e+00
-2.261413221835536724e+00
-2.261413221835536724e+00
-2.213907527455054591e+00
-2.213907527455054591e+00
-1.415140809173604408e+00
-2.299343054959587018e+00
-2.299343054959587018e+00
-2.299343054959587018e+00
-2.299343054959587018e+00
-1.814984948596531700e+00
-1.814984948596531700e+00
-1.814984948596531700e+00
-1.822235266579186108e+00
-1.351981157113225640e+00
-1.910408911522343711e+00
-1.970086463849177516e+00
-1.778450366236292268e+00
-1.778450366236292268e+00
-1.436310657387911416e+00
-1.436310657387911416e+00
-1.436310657387911416e+00
-1.751073244455467970e+00
-1.751073244455467970e+00
-1.751073244455467970e+00
-1.766536029361112092e+00
-1.766536029361112092e+00
-1.801755303292081445e+00
-1.801755303292081445e+00
-1.927728545605510435e+00
-2.104460836731553819e+00
-1.324346199887228348e+00
-1.552240022486062632e+00
-1.552240022486062632e+00
-1.343282421277223193e+00
-1.343282421277223193e+00
-1.343282421277223193e+00
-1.917485216810290716e+00
-1.917485216810290716e+00
-1.763705168689598146e+00
-1.763705168689598146e+00
-1.715924569003822286e+00
-2.049411656438553386e+00
-2.049411656438553386e+00
-1.774031364417513412e+00
-1.774031364417513412e+00
-1.774031364417513412e+00
-1.774031364417513412e+00
-1.739648808553437842e+00
-1.739648808553437842e+00
-1.739648808553437842e+00
-1.739648808553437842e+00
-1.739648808553437842e+00
-1.739648808553437842e+00
-1.710011129892717641e+00
-1.584068744626229597e+00
-1.584068744626229597e+00
-1.584068744626229597e+00
-1.584068744626229597e+00
-1.584068744626229597e+00
-1.584068744626229597e+00
-1.544981473022243756e+00
-1.544981473022243756e+00
-2.004829427033020472e+00
-2.004829427033020472e+00
-1.871494816647456316e+00
-1.869414526103052587e+00
-1.869414526103052587e+00
-1.869414526103052587e+00
-1.869414526103052587e+00
-1.901793360525867005e+00
-1.901793360525867005e+00
-1.435508865168457548e+00
-1.409871577625867900e+00
-1.409871577625867900e+00
-1.409871577625867900e+00
-1.409871577625867900e+00
-2.107613327219458821e+00
-2.107613327219458821e+00
-2.107613327219458821e+00
-2.166780513557040155e+00
-2.166780513557040155e+00
-2.191791992876916062e+00
-2.191791992876916062e+00
-2.191791992876916062e+00
-2.242826895461116798e+00
-2.286244209841375330e+00
-2.286244209841375330e+00
-2.555113595249105085e+00
-2.295755586877736842e+00
-1.812626620281758250e+00
-1.732466400143686025e+00
-1.732466400143686025e+00
-1.732466400143686025e+00
-1.732466400143686025e+00
-1.732466400143686025e+00
-1.732466400143686025e+00
-1.732466400143686025e+00
-1.732466400143686025e+00
-1.746742752798422060e+00
-1.746742752798422060e+00
-1.746742752798422060e+00
-1.746742752798422060e+00
-1.746742752798422060e+00
-1.746742752798422060e+00
-1.746742752798422060e+00
-1.746742752798422060e+00
-1.587968714809948390e+00
-1.587968714809948390e+00
-1.587968714809948390e+00
-1.822620977655201813e+00
-1.568653910341839541e+00
-1.568653910341839541e+00
-1.568653910341839541e+00
-1.568653910341839541e+00
-1.724264730204276619e+00
-1.456801700586283888e+00
-1.456801700586283888e+00
-1.456545555020489546e+00
-2.363857875576787837e+00
-2.363857875576787837e+00
-2.321112026893764835e+00
-2.124185805053531606e+00
-1.851759486753744577e+00
-1.851759486753744577e+00
-1.851759486753744577e+00
-1.851759486753744577e+00
-1.934553332402010772e+00
-1.940819247835501526e+00
-1.940819247835501526e+00
-1.958170114142682383e+00
-1.748509917953135817e+00
-1.748509917953135817e+00
-1.748509917953135817e+00
-1.763320974284237508e+00
-1.763320974284237508e+00
-1.763320974284237508e+00
-1.760842063384656875e+00
-1.760842063384656875e+00
-1.683753541018291999e+00
-1.683753541018291999e+00
-1.260076648076430716e+00
-1.260076648076430716e+00
-1.260076648076430716e+00
-1.260076648076430716e+00
-1.268123054927608573e+00
-1.268123054927608573e+00
-1.268123054927608573e+00
-1.268123054927608573e+00
-1.268123054927608573e+00
-1.268123054927608573e+00
-1.876130650184009152e+00
-1.876130650184009152e+00
-1.876130650184009152e+00
-1.876130650184009152e+00
-1.876130650184009152e+00
-1.126320827923817935e+00
-1.822725059986060492e+00
-1.822725059986060492e+00
-1.822725059986060492e+00
-1.812949577528229828e+00
-1.812949577528229828e+00
-1.812949577528229828e+00
-1.836377299413062048e+00
-1.836377299413062048e+00
-1.820718060484066259e+00
-1.820718060484066259e+00
-1.820718060484066259e+00
-1.820718060484066259e+00
-1.820718060484066259e+00
-1.820718060484066259e+00
-1.820718060484066259e+00
-1.820718060484066259e+00
-1.820718060484066259e+00
-1.820718060484066259e+00
-1.843123210582846339e+00
-1.843123210582846339e+00
-1.853326237860671410e+00
-1.824806206696499178e+00
-1.824806206696499178e+00
-1.824806206696499178e+00
-1.824806206696499178e+00
-1.824806206696499178e+00
-1.824806206696499178e+00
-1.099714970605012221e+00
-1.099714970605012221e+00
-1.043142783077621871e+00
-1.043142783077621871e+00
-1.043142783077621871e+00
-1.043142783077621871e+00
-1.043142783077621871e+00
-1.746348798036581051e+00
-1.746348798036581051e+00
-1.746348798036581051e+00
-1.746348798036581051e+00
-1.746348798036581051e+00
-9.921057244154030119e-01
-9.921057244154030119e-01
-9.921057244154030119e-01
-9.921057244154030119e-01
-9.921057244154030119e-01
-1.128494116455278196e+00
-1.128494116455278196e+00
-1.128494116455278196e+00
-1.142563088938191695e+00
-1.142563088938191695e+00
-1.275739871824234095e+00
-1.507876449070099101e+00
-1.507876449070099101e+00
-1.515036897311286879e+00
-1.515036897311286879e+00
-1.515036897311286879e+00
-1.515036897311286879e+00
-1.549836071566050411e+00
-1.550316082079652436e+00
-2.024442268160112413e+00
-2.024442268160112413e+00
-2.003431403107947428e+00
-1.975983717641959680e+00
-1.975983717641959680e+00
-1.959607210232664931e+00
-1.959607210232664931e+00
-1.959607210232664931e+00
-1.912498297153544469e+00
-1.947930972451682008e+00
-2.303469568432373826e+00
-1.983681024736341669e+00
-1.983681024736341669e+00
-1.125188671038397148e+00
-1.126915342875226544e+00
-9.483562000555881832e-01
-8.953456533709823750e-01
-9.817711530243226070e-01
-9.817711530243226070e-01
-1.552079319407189129e+00
-1.552079319407189129e+00
-1.552079319407189129e+00
-1.574867176396414825e+00
-1.574867176396414825e+00
-1.026140481349869349e+00
-1.026140481349869349e+00
-1.002506072135248560e+00
-2.037654054597472619e+00
-2.037654054597472619e+00
-1.540138467569102998e+00
-1.532044157647822535e+00
-1.412203676726990098e+00
-1.412203676726990098e+00
-1.692306852902127456e+00
-1.692306852902127456e+00
-1.730743499037323607e+00
-2.023045646835837097e+00
-2.023045646835837097e+00
-2.023045646835837097e+00
-2.023045646835837097e+00
-2.023045646835837097e+00
-2.023045646835837097e+00
-2.049372545585373295e+00
-1.874244782058075875e+00
-1.874244782058075875e+00
-1.919665477800568620e+00
-1.675800665181082616e+00
-1.675800665181082616e+00
-1.675800665181082616e+00
-2.025722673986491085e+00
-2.025722673986491085e+00
-1.645116059202313963e+00
-1.624459765096601505e+00
-1.624459765096601505e+00
-1.624459765096601505e+00
-1.616436609637334154e+00
-1.622671187497397804e+00
-1.622671187497397804e+00
-1.425045684066171825e+00
-1.674437889970377125e+00
-1.674437889970377125e+00
-1.682766423363992514e+00
-1.631050544570926464e+00
-1.631050544570926464e+00
-1.062908179714265433e+00
-1.062908179714265433e+00
-1.062908179714265433e+00
-1.796968782187951863e+00
-1.796968782187951863e+00
-1.286255475758226074e+00
-1.286255475758226074e+00
-1.286255475758226074e+00
-1.286255475758226074e+00
-1.295080978532740179e+00
-1.295080978532740179e+00
-1.295080978532740179e+00
-1.295080978532740179e+00
-1.295080978532740179e+00
-1.428057361043259865e+00
-9.132525666945618958e-01
-9.174225405045489667e-01
-9.174225405045489667e-01
-9.174225405045489667e-01
-9.174225405045489667e-01
-9.117011905399154958e-01
-9.117011905399154958e-01
-9.042353135311940182e-01
-9.136912772973734276e-01
-9.136912772973734276e-01
-9.136912772973734276e-01
-9.181048667316633605e-01
-9.181048667316633605e-01
-9.181048667316633605e-01
-9.167021829291241986e-01
-9.167021829291241986e-01
-1.028353682406762504e+00
-1.045644666452250071e+00
-1.048615134226116741e+00
-9.055022767323107624e-01
-1.783613878533820474e+00
-1.783613878533820474e+00
-1.783613878533820474e+00
-1.810795426486328186e+00
-1.738281379636542390e+00
-1.738281379636542390e+00
-2.060856601149714695e+00
-1.787208903517796266e+00
-1.847455345468405508e+00
-1.847455345468405508e+00
-1.847455345468405508e+00
-1.971341385959530790e+00
-1.456842493816578710e+00
-2.038437979338160400e+00
-1.587936074098654560e+00
-1.289878396354780632e+00
-1.193696472713130508e+00
-1.193696472713130508e+00
-1.482606455260381928e+00
-1.482606455260381928e+00
-1.917746300140046767e+00
-1.917746300140046767e+00
-1.917746300140046767e+00
-1.529623402840921464e+00
-1.470872200646568206e+00
-1.403184075537660558e+00
-1.403184075537660558e+00
-2.206431361770778921e+00
-2.238135375765639701e+00
-2.210525105660852141e+00
-2.159505845753681541e+00
-2.159505845753681541e+00
-2.159505845753681541e+00
-1.616417522373981841e+00
-1.520830289601322161e+00
-1.520830289601322161e+00
-1.552253109621582583e+00
-1.672405051831844958e+00
-1.672405051831844958e+00
-1.672405051831844958e+00
-1.459081604546260680e+00
-1.547144314717420199e+00
-1.514564654523255616e+00
-1.514564654523255616e+00
-1.514564654523255616e+00
-1.514564654523255616e+00
-1.514564654523255616e+00
-1.514564654523255616e+00
-1.576783414988127463e+00
-1.570994606470543342e+00
-1.570994606470543342e+00
-1.542815314142423677e+00
-1.542355951804289083e+00
-1.542355951804289083e+00
-1.542355951804289083e+00
-1.542355951804289083e+00
-1.561567668769774597e+00
-1.561567668769774597e+00
-1.545688718302311360e+00
-1.522539719891571997e+00
-1.522539719891571997e+00
-1.522539719891571997e+00
-1.522539719891571997e+00
-1.522539719891571997e+00
-1.522539719891571997e+00
-1.529683539820913651e+00
-1.529683539820913651e+00
-1.529683539820913651e+00
-1.412112399344415348e+00
-2.364408178738000910e+00
-2.174481821653925007e+00
-1.151946062925323533e+00
-1.151946062925323533e+00
-1.151946062925323533e+00
-2.388642550285216881e+00
-2.388642550285216881e+00
-2.388642550285216881e+00
-2.221209180324676513e+00
-2.221209180324676513e+00
-2.396664231118269317e+00
-2.396664231118269317e+00
-2.396664231118269317e+00
-2.396259726012144764e+00
-2.396259726012144764e+00
-2.399130044918782900e+00
-1.635425616146558125e+00
-1.635425616146558125e+00
-1.635425616146558125e+00
-1.639691493289379132e+00
-1.738139761412121898e+00
-1.738139761412121898e+00
-1.738139761412121898e+00
-1.738139761412121898e+00
-1.738139761412121898e+00
-1.738139761412121898e+00
-1.738139761412121898e+00
-1.738139761412121898e+00
-1.738139761412121898e+00
-1.738139761412121898e+00
-2.057218452527003638e+00
-1.965588800129422387e+00
-1.967886071507300549e+00
-1.716754919080850428e+00
-1.716754919080850428e+00
-1.716754919080850428e+00
-1.716754919080850428e+00
-1.716754919080850428e+00
-1.716754919080850428e+00
-1.309530863715409721e+00
-1.264958046764984800e+00
-1.264958046764984800e+00
-1.264958046764984800e+00
-1.264958046764984800e+00
-1.264958046764984800e+00
-7.437542558015158844e-01
-7.437542558015158844e-01
-7.437542558015158844e-01
-7.569214940018700322e-01
-1.505890450180138229e+00
-1.638245152629794532e+00
-2.057398822456832033e+00
-2.057398822456832033e+00
-1.832150441246137573e+00
-1.832150441246137573e+00
-1.832150441246137573e+00
-1.832150441246137573e+00
-1.832150441246137573e+00
-1.201650419225869459e+00
-1.201650419225869459e+00
-1.201650419225869459e+00
-1.201650419225869459e+00
-1.201650419225869459e+00
-1.201650419225869459e+00
-1.253944008374210384e+00
-1.253944008374210384e+00
-1.253944008374210384e+00
-1.253944008374210384e+00
-1.253944008374210384e+00
-1.743895413484191081e+00
-1.843773731674070993e+00
-1.843773731674070993e+00
-1.843773731674070993e+00
-1.843773731674070993e+00
-1.843773731674070993e+00
-1.843773731674070993e+00
-1.843773731674070993e+00
-1.843773731674070993e+00
-2.053125987979112388e+00
-2.019367026265804554e+00
-2.019367026265804554e+00
-2.019367026265804554e+00
-2.028118285873368176e+00
-2.028118285873368176e+00
-1.594626913250911882e+00
-1.848008911434706025e+00
-1.848008911434706025e+00
-1.848008911434706025e+00
-1.238553727472760269e+00
-2.228996976294534527e+00
-2.228996976294534527e+00
-2.228996976294534527e+00
-2.150365319894961047e+00
-2.150365319894961047e+00
-2.150365319894961047e+00
-2.158202224932034508e+00
-1.637032219310396108e+00
-1.637032219310396108e+00
-1.637032219310396108e+00
-1.637032219310396108e+00
-1.637032219310396108e+00
-1.637032219310396108e+00
-1.637032219310396108e+00
-1.637032219310396108e+00
-1.637032219310396108e+00
-2.153325368681141772e+00
-1.509012128538444353e+00
-1.509012128538444353e+00
-1.509012128538444353e+00
-1.509012128538444353e+00
-2.447381962976184600e+00
-1.423644401092140077e+00
-1.423644401092140077e+00
-1.440342866882421191e+00
-1.440342866882421191e+00
-1.440342866882421191e+00
-1.440342866882421191e+00
-1.882649873037861576e+00
-1.882649873037861576e+00
-1.882649873037861576e+00
-1.882649873037861576e+00
-1.882649873037861576e+00
-2.014334377472847937e+00
-2.014334377472847937e+00
-2.075881015723331391e+00
-2.075929802014990777e+00
-2.075929802014990777e+00
-2.075929802014990777e+00
-2.075929802014990777e+00
-2.022618640095757314e+00
-2.022618640095757314e+00
-1.336996993097608888e+00
-1.336996993097608888e+00
-1.336996993097608888e+00
-1.326974744631044256e+00
-1.294811292710075001e+00
-9.061051233638387492e-01
-1.732307681568356239e+00
-1.732307681568356239e+00
-1.735457641334679835e+00
-1.533895125243134316e+00
-1.533895125243134316e+00
-1.647101396348788827e+00
-1.499444026604468849e+00
-1.563633164347842275e+00
-1.563633164347842275e+00
-1.563633164347842275e+00
-1.563633164347842275e+00
-1.878332408166726974e+00
-1.892280398849492951e+00
-1.892280398849492951e+00
-1.892280398849492951e+00
-1.892280398849492951e+00
-1.799591861562606532e+00
-1.799591861562606532e+00
-1.777039247831768254e+00
-1.843311343538171831e+00
-1.887693357459361065e+00
-1.887693357459361065e+00
-1.856894809292504167e+00
-1.856894809292504167e+00
-1.689398220885591773e+00
-1.972763059310267408e+00
-1.993601392393115734e+00
-1.890927515570218320e+00
-1.890927515570218320e+00
-1.881201276502711073e+00
-1.881201276502711073e+00
-1.823127895293281009e+00
-1.403232741603912759e+00
-1.403232741603912759e+00
-1.678391837541051812e+00
-1.959365075595969952e+00
-2.001832669680871923e+00
-2.001832669680871923e+00
-2.001832669680871923e+00
-1.766500568356679457e+00
-1.766500568356679457e+00
-1.787869048526318227e+00
-1.115963449056026624e+00
-1.606103991470641201e+00
-1.606103991470641201e+00
-1.594788039584705830e+00
-1.594788039584705830e+00
-1.594788039584705830e+00
-1.594788039584705830e+00
-1.594788039584705830e+00
-1.609789566884451073e+00
-2.029967248924697820e+00
-2.202882517247265692e+00
-2.202882517247265692e+00
-2.202882517247265692e+00
-1.703534826366011501e+00
-1.703534826366011501e+00
-2.065240419609983835e+00
-2.065240419609983835e+00
-2.039854240068941227e+00
-2.039854240068941227e+00
-1.611027308419708204e+00
-1.611027308419708204e+00
-1.611027308419708204e+00
-1.817214870819696015e+00
-1.817214870819696015e+00
-1.817214870819696015e+00
-1.834754362206716616e+00
-1.834754362206716616e+00
-1.834754362206716616e+00
-1.834754362206716616e+00
-2.187832899339419601e+00
-2.187832899339419601e+00
-1.487849682544504448e+00
-1.487849682544504448e+00
-1.487849682544504448e+00
-1.487849682544504448e+00
-1.487849682544504448e+00
-1.487849682544504448e+00
-1.643218278809147614e+00
-1.806564327796178038e+00
-1.806564327796178038e+00
-1.806564327796178038e+00
-1.806564327796178038e+00
-1.806564327796178038e+00
-1.814670703439080768e+00
-1.814670703439080768e+00
-1.775695415142651834e+00
-1.775695415142651834e+00
-1.775695415142651834e+00
-1.784994194468906503e+00
-1.784994194468906503e+00
-1.784994194468906503e+00
-1.784994194468906503e+00
-1.784994194468906503e+00
-1.784994194468906503e+00
-1.784994194468906503e+00
-1.784994194468906503e+00
-1.784994194468906503e+00
-1.784994194468906503e+00
-4.558626339779305314e-01
-1.619619597462085947e+00
-1.622849306246673784e+00
-1.820354925428965931e+00
-1.529103327124409883e+00
-2.107971087736180138e+00
-2.067798073418027016e+00
-2.067798073418027016e+00
-2.067798073418027016e+00
-2.067798073418027016e+00
-2.067798073418027016e+00
-2.067798073418027016e+00
-1.965896423854738506e+00
-1.965896423854738506e+00
-1.965896423854738506e+00
-1.965367775831897923e+00
-1.648053602069010415e+00
-2.265137959192903061e+00
-2.357156949228941034e+00
-2.357156949228941034e+00
-2.357156949228941034e+00
-2.357156949228941034e+00
-2.357156949228941034e+00
-2.329573351624670607e+00
-1.510118384976408601e+00
-1.510118384976408601e+00
-1.510118384976408601e+00
-1.510118384976408601e+00
-1.510118384976408601e+00
-1.582906146864921704e+00
-1.739687579387138916e+00
-1.740159939079036544e+00
-1.740159939079036544e+00
-1.740159939079036544e+00
-1.740159939079036544e+00
-1.740159939079036544e+00
-1.740159939079036544e+00
-1.740159939079036544e+00
-1.609387137879654039e+00
-1.546220289505725765e+00
-2.080747886825287107e+00
-2.080747886825287107e+00
-2.080747886825287107e+00
-2.080747886825287107e+00
-2.017146082889860192e+00
-2.017146082889860192e+00
-1.843842918303799649e+00
-1.843842918303799649e+00
-1.843842918303799649e+00
-1.714951791677762571e+00
-1.714951791677762571e+00
-1.714951791677762571e+00
-1.664697594341335574e+00
-1.773464627534625304e+00
-1.641275872937570490e+00
-1.631449962827648426e+00
-1.631449962827648426e+00
-1.631449962827648426e+00
-1.678106653862075470e+00
-1.678106653862075470e+00
-1.678180590412704287e+00
-2.527924514322374971e+00
-2.100239751101654839e+00
-2.100239751101654839e+00
-2.134482135763792421e+00
-2.134482135763792421e+00
-2.134482135763792421e+00
-2.134482135763792421e+00
-2.134482135763792421e+00
-1.764450320313022180e+00
-2.052085117818540638e+00
-2.052085117818540638e+00
-1.874889655365782559e+00
-2.346889598989287506e+00
-1.687946334280526317e+00
-1.687946334280526317e+00
-1.687946334280526317e+00
-1.687946334280526317e+00
-1.687946334280526317e+00
-2.179798879210748996e+00
-2.179125357416733522e+00
-2.391584073910605568e+00
-1.414467296650700812e+00
-1.414467296650700812e+00
-1.709810560269601876e+00
-1.709810560269601876e+00
-2.110892878442607312e+00
-1.723312203989784352e+00
-1.666599540162516657e+00
-1.717671184124318851e+00
-1.739144432766246862e+00
-1.755497229833681283e+00
-1.432922647333599642e+00
-1.432922647333599642e+00
-1.437838341167718914e+00
-1.450100842513011523e+00
-1.695269435793048896e+00
-1.695269435793048896e+00
-1.695269435793048896e+00
-2.261598072457020159e+00
-2.261598072457020159e+00
-2.001609999061698453e+00
-2.001609999061698453e+00
-1.986240438079108550e+00
-1.410060005173074282e+00
-1.614759758733310679e+00
-1.622817169287928296e+00
-1.622817169287928296e+00
-1.622817169287928296e+00
-2.022154783774431586e+00
-2.022154783774431586e+00
-2.118205657871582215e+00
-2.118205657871582215e+00
-2.073060412871434721e+00
-1.827693884876448571e+00
-1.858079326252173091e+00
-1.858079326252173091e+00
-1.811645733238184119e+00
-1.811645733238184119e+00
-1.548339383478086750e+00
-1.555093088665562506e+00
-1.555093088665562506e+00
-1.465649889039210452e+00
-1.672779315821476320e+00
-1.672779315821476320e+00
-1.677902995009597831e+00
-1.151550145853424301e+00
-1.151550145853424301e+00
-1.151550145853424301e+00
-1.168225116298755806e+00
-1.168225116298755806e+00
-1.226754790902641057e+00
-1.985565844951956649e+00
-1.973052177800811879e+00
-1.996744499068696221e+00
-1.901278648284232542e+00
-1.901278648284232542e+00
-1.901278648284232542e+00
-1.967037978891397199e+00
-1.967037978891397199e+00
-1.967037978891397199e+00
-2.125649964498399491e+00
-2.125649964498399491e+00
-2.125649964498399491e+00
-1.901275489415164666e+00
-1.901275489415164666e+00
-1.901275489415164666e+00
-1.901275489415164666e+00
-1.901275489415164666e+00
-1.901275489415164666e+00
-1.901275489415164666e+00
-1.901275489415164666e+00
-1.901275489415164666e+00
-1.901275489415164666e+00
-1.901275489415164666e+00
-1.901275489415164666e+00
-1.901275489415164666e+00
-1.901275489415164666e+00
-1.901275489415164666e+00
-1.901275489415164666e+00
-1.832096368284960031e+00
-1.832096368284960031e+00
-1.832096368284960031e+00
-1.832096368284960031e+00
-1.832096368284960031e+00
-1.832096368284960031e+00
-2.424333802865925591e+00
-2.424333802865925591e+00
-2.424333802865925591e+00
-2.424333802865925591e+00
-2.424333802865925591e+00
-2.424333802865925591e+00
-2.402805726068527825e+00
-2.402805726068527825e+00
-1.765439511730168221e+00
-2.219376134511481080e+00
-1.857424897914899065e+00
-2.036398638539221650e+00
-2.036398638539221650e+00
-2.036398638539221650e+00
-2.036398638539221650e+00
-2.036398638539221650e+00
-1.957113558209301551e+00
-1.962795639465415798e+00
-1.962795639465415798e+00
-1.962795639465415798e+00
-1.918888631212759988e+00
-1.918888631212759988e+00
-1.918888631212759988e+00
-2.039099789508842520e+00
-2.039099789508842520e+00
-2.039099789508842520e+00
-2.039099789508842520e+00
-2.039099789508842520e+00
-2.003380307671929650e+00
-2.003380307671929650e+00
-2.003380307671929650e+00
-2.003380307671929650e+00
-1.723797430845028344e+00
-1.794778516985659822e+00
-1.794778516985659822e+00
-1.794778516985659822e+00
-1.794778516985659822e+00
-1.794778516985659822e+00
-1.912994926299796061e+00
-1.859572495642117573e+00
-1.859572495642117573e+00
-1.859572495642117573e+00
-2.406849277259062170e+00
-1.360843617784099235e+00
-1.533744496105441835e+00
-1.711797344394718978e+00
-1.711797344394718978e+00
-1.711797344394718978e+00
-1.711797344394718978e+00
-1.711797344394718978e+00
-1.711797344394718978e+00
-2.150921493625753911e+00
-2.150921493625753911e+00
-2.180719126419212728e+00
-2.117890841070145580e+00
-1.861978179628005048e+00
-1.958070602508630298e+00
-2.066192637349375527e+00
-2.066192637349375527e+00
-2.086211393839549899e+00
-2.100260054272821364e+00
-1.697887833693045634e+00
-1.697887833693045634e+00
-1.312649296636058338e+00
-1.297477595295552177e+00
-1.297477595295552177e+00
-1.297477595295552177e+00
-1.297477595295552177e+00
-1.349854356034517311e+00
-1.349854356034517311e+00
-1.349854356034517311e+00
-1.001771103766321058e+00
-1.001771103766321058e+00
-1.003191171024629513e+00
-1.449140592701068320e+00
-1.449140592701068320e+00
-1.449140592701068320e+00
-1.449140592701068320e+00
-6.284336767665218426e-01
-9.554346889865173997e-01
-9.533977483243928353e-01
-9.533977483243928353e-01
-9.533977483243928353e-01
-9.533977483243928353e-01
-9.533977483243928353e-01
-9.533977483243928353e-01
-9.533977483243928353e-01
-9.533977483243928353e-01
-9.725340324803832814e-01
-9.725340324803832814e-01
-1.993667868756586747e+00
-1.993667868756586747e+00
-2.192623322880011383e+00
-2.192623322880011383e+00
-1.285974359728822680e+00
-1.226956874629283600e+00
-1.226956874629283600e+00
-1.226956874629283600e+00
-1.226956874629283600e+00
-1.225217954379434149e+00
-1.225217954379434149e+00
-1.225217954379434149e+00
-8.510279074049371673e-01
-1.158374839327868111e+00
-1.158374839327868111e+00
-1.285811484113555059e+00
-1.144063485469254404e+00
-1.208061238655479430e+00
-1.208061238655479430e+00
-1.105901908638501574e+00
-1.392484495141127265e+00
-1.379298836897725478e+00
-1.379298836897725478e+00
-1.379298836897725478e+00
-1.379298836897725478e+00
-1.379298836897725478e+00
-1.379298836897725478e+00
-1.379298836897725478e+00
-1.379298836897725478e+00
-1.379298836897725478e+00
-1.379298836897725478e+00
-1.379298836897725478e+00
-1.379298836897725478e+00
-1.379298836897725478e+00
-1.379298836897725478e+00
-1.379298836897725478e+00
-1.540932488438952808e+00
-1.540932488438952808e+00
-1.541748901939516969e+00
-1.919939889172645575e+00
-1.939246901335448969e+00
-1.816810126947166371e+00
-1.816810126947166371e+00
-1.816810126947166371e+00
-1.835269164479340409e+00
-1.760945397789315026e+00
-1.437917194056802073e+00
-1.437917194056802073e+00
-2.122834286526299685e+00
-2.122834286526299685e+00
-2.122834286526299685e+00
-1.918966294963382113e+00
-1.918966294963382113e+00
-1.918966294963382113e+00
-1.918966294963382113e+00
-1.918966294963382113e+00
-1.609474728591042902e+00
-1.609474728591042902e+00
-1.639621600943241164e+00
-1.639621600943241164e+00
-1.526655700335628474e+00
-1.880546221733053303e+00
-1.715228413842805111e+00
-1.740733327518910523e+00
-2.385826419586061231e+00
-2.385826419586061231e+00
-2.355415481472886707e+00
-2.355415481472886707e+00
-2.355415481472886707e+00
-2.355415481472886707e+00
-2.355415481472886707e+00
-2.325002793936497891e+00
-2.325002793936497891e+00
-2.325002793936497891e+00
-2.325002793936497891e+00
-1.828821291346435673e+00
-1.828821291346435673e+00
-2.325540759445612782e+00
-2.353807908452122621e+00
-2.353807908452122621e+00
-2.345966546709071121e+00
-2.345966546709071121e+00
-2.345966546709071121e+00
-2.345966546709071121e+00
-2.345966546709071121e+00
-2.345966546709071121e+00
-1.370357659227216196e+00
-1.370357659227216196e+00
-1.370357659227216196e+00
-1.370357659227216196e+00
-2.257836187032377318e+00
-2.280699996801068163e+00
-2.280699996801068163e+00
-2.280699996801068163e+00
-2.280699996801068163e+00
-2.280699996801068163e+00
-2.153301094015966477e+00
-2.153301094015966477e+00
-2.153301094015966477e+00
-2.153301094015966477e+00
-2.153301094015966477e+00
-2.153301094015966477e+00
-1.310128204746858094e+00
-1.310128204746858094e+00
-1.778022259532779925e+00
-1.778022259532779925e+00
-1.778022259532779925e+00
-1.640421367747641135e+00
-1.624225860226225837e+00
-1.624225860226225837e+00
-1.613036809781108527e+00
-2.032431595302380156e+00
-1.648344792562462358e+00
-1.762053730203969604e+00
-1.530387396844758774e+00
-1.652799494877854602e+00
-2.103736628519763396e+00
-1.958248975795504165e+00
-1.958248975795504165e+00
-1.958248975795504165e+00
-1.806642054639713280e+00
-1.799642366129979409e+00
-1.799642366129979409e+00
-1.799642366129979409e+00
-1.530625538968898081e+00
-1.548430762764160917e+00
-1.548430762764160917e+00
-1.759947154259857260e+00
-1.730152223963494551e+00
-1.391676875115460899e+00
-1.391676875115460899e+00
-1.391676875115460899e+00
-1.391676875115460899e+00
-1.391676875115460899e+00
-1.257768936801806126e+00
-1.257768936801806126e+00
-1.253160489957582113e+00
-1.253160489957582113e+00
-1.488988173302326246e+00
-1.772455684461537784e+00
-1.699095508339738769e+00
-1.831010211502732465e+00
-1.831010211502732465e+00
-1.742835838488099531e+00
-1.742835838488099531e+00
-1.202392623484740186e+00
-1.202392623484740186e+00
-1.986294862572132613e+00
-1.986294862572132613e+00
-2.173324832126117823e+00
-2.152362843450869700e+00
-1.999662474834878800e+00
-1.572369665418682727e+00
-1.572369665418682727e+00
-1.572369665418682727e+00
-1.572369665418682727e+00
-1.572369665418682727e+00
-1.598826694064519716e+00
-1.598826694064519716e+00
-1.598826694064519716e+00
-1.598826694064519716e+00
-1.598826694064519716e+00
-1.598826694064519716e+00
-1.598826694064519716e+00
-1.598826694064519716e+00
-1.598826694064519716e+00
-1.756971186555523978e+00
-1.756971186555523978e+00
-1.610590999158188374e+00
-1.606312976686202987e+00
-1.608179188549410332e+00
-1.608179188549410332e+00
-1.608179188549410332e+00
-2.194253368588315212e+00
-2.571671554151748751e+00
-2.571671554151748751e+00
-2.715854489871679878e+00
-2.693943376990383332e+00
-2.693943376990383332e+00
-1.626260843811692336e+00
-1.626260843811692336e+00
-1.626260843811692336e+00
-1.626260843811692336e+00
-1.626260843811692336e+00
-1.626260843811692336e+00
-1.626260843811692336e+00
-1.599410011010753419e+00
-1.599410011010753419e+00
-1.599410011010753419e+00
-1.599410011010753419e+00
-1.762333273188147142e+00
-1.614287955734198032e+00
-2.020301062461706820e+00
-1.966995994917435375e+00
-1.966995994917435375e+00
-1.966995994917435375e+00
-2.370008313671720046e+00
-2.370008313671720046e+00
-2.370008313671720046e+00
-2.401473543603986460e+00
-2.140357932988548484e+00
-2.075264840275431233e+00
-2.091626946068378512e+00
-2.293993455678944748e+00
-2.016696775038728795e+00
-2.016696775038728795e+00
-2.016696775038728795e+00
-2.016696775038728795e+00
-1.451147189163852103e+00
-1.451147189163852103e+00
-1.451147189163852103e+00
-2.173840667107935776e+00
-1.255761963348332566e+00
-1.176966119369018404e+00
-1.177201405451221428e+00
-1.177201405451221428e+00
-1.484587691639458029e+00
-2.062280512562179702e+00
-2.062280512562179702e+00
-2.062280512562179702e+00
-2.062280512562179702e+00
-2.062280512562179702e+00
-1.765855970231175132e+00
-1.765855970231175132e+00
-1.765855970231175132e+00
-1.765855970231175132e+00
-1.910421851653574254e+00
-1.872803950190093047e+00
-1.872803950190093047e+00
-1.872803950190093047e+00
-1.872803950190093047e+00
-1.872803950190093047e+00
-1.752339328992046585e+00
-1.752339328992046585e+00
-2.224162307276090100e+00
-2.300132370457837361e+00
-2.300132370457837361e+00
-1.649608510023502062e+00
-1.949029781813889972e+00
-1.949029781813889972e+00
-1.949029781813889972e+00
-1.949029781813889972e+00
-1.949029781813889972e+00
-1.930957666095882042e+00
-1.930957666095882042e+00
-1.905773833461534172e+00
-1.936670252356681221e+00
-1.690842494457097223e+00
-1.690842494457097223e+00
-1.670943787205617204e+00
-1.670943787205617204e+00
-2.185155375160841906e+00
-2.185155375160841906e+00
-1.886706509011310429e+00
-1.886706509011310429e+00
-1.886706509011310429e+00
-1.886706509011310429e+00
-1.886706509011310429e+00
-1.886706509011310429e+00
-1.886706509011310429e+00
-1.903701905616127066e+00
-1.903701905616127066e+00
-2.020443567173669575e+00
-2.020443567173669575e+00
-2.047281373716109965e+00
-2.047281373716109965e+00
-2.066424908857755316e+00
-2.066424908857755316e+00
-2.400765622944200928e+00
-2.535994139775737288e+00
-1.498680991467908008e+00
-2.242957105348291513e+00
-2.242957105348291513e+00
-2.221252481000871359e+00
-2.221252481000871359e+00
-2.221252481000871359e+00
-1.416702696639491110e+00
-1.336916405894751358e+00
-1.753756896465070714e+00
-1.754622313893156260e+00
-1.754622313893156260e+00
-1.754622313893156260e+00
-1.754622313893156260e+00
-1.758633144070046894e+00
-1.758633144070046894e+00
-1.758633144070046894e+00
-1.758633144070046894e+00
-1.758633144070046894e+00
-1.758633144070046894e+00
-1.532181218918760912e+00
-1.529325873639737932e+00
-1.534335793628578193e+00
-1.378843578383038837e+00
-2.120542730612604565e+00
-2.120542730612604565e+00
-2.120542730612604565e+00
-2.064083068763041151e+00
-1.521595378767973905e+00
-1.521595378767973905e+00
-1.553832822535892610e+00
-1.553832822535892610e+00
-1.553832822535892610e+00
-2.288744953289983730e+00
-2.487394007319685851e+00
-2.143416107423313122e+00
-2.143416107423313122e+00
-2.143416107423313122e+00
-1.980714501777236070e+00
-2.016542708116351168e+00
-2.016542708116351168e+00
-2.016542708116351168e+00
-2.037088152759419568e+00
-2.037088152759419568e+00
-1.968077078666209623e+00
-1.968077078666209623e+00
-1.937250055029356322e+00
-1.937250055029356322e+00
-1.908450160668748730e+00
-1.908450160668748730e+00
