# Variable: dg_gbvi_00000459
# Sample shape: (2565,)
# Date: 2013-03-08 06:18:14.879904
-1.610072321438083875e+00
-1.063651662992040947e+00
-1.852092294997057520e+00
-1.791673868299358707e+00
-7.744164474358764538e-01
-7.782442002279247317e-01
-7.728489643415146215e-01
3.726654080744164488e-01
3.704401981135352906e-01
3.682821057702026502e-01
3.786015372567990145e-01
3.745320034421590338e-01
3.604729536496462106e-01
3.685407676209225825e-01
3.768529706816943214e-01
3.664681029097577314e-01
3.812923179009739538e-01
3.714402052754572914e-01
3.852422197773663348e-01
3.194795754800393572e-01
1.386742607992989540e-01
-2.067757246200674082e-01
2.216828613985452057e-01
1.771809560645600801e-01
1.962232278308670419e-01
1.958012839734426802e-01
2.105464964844439291e-01
1.992917584965356315e-01
1.992917584965356315e-01
1.849505225658951979e-01
1.663704929972598112e-01
1.553017611056037028e-01
1.424124083101975524e-01
3.078385712902781401e-02
4.887010708555088179e-02
5.254023386721601990e-02
5.453661550424730026e-02
1.918379970578208693e-01
1.835534403603327758e-01
1.706782792350252931e-01
1.668361518633639795e-01
1.789940700215806313e-01
-2.452027740282025636e-02
-3.122291821901803863e-02
-7.659183972351929492e-02
1.163145080313719021e-01
1.040394557785939700e-01
-8.692706103672985518e-02
-6.672166658376134374e-02
-6.424110753693480780e-02
-7.782797551199703567e-02
9.486729062330586174e-03
2.344529458935879027e-03
-1.015750758241550783e-01
-9.081508925223490125e-02
-9.488117902076671772e-02
-2.684829047980788821e-02
-2.714280030097295307e-02
-2.714280030097295307e-02
-1.841159361074872977e-02
-1.497931129620929183e-02
-2.891796161416832975e-02
-4.260692698736730927e-02
-1.040779484361857021e-01
-9.542679211577417830e-02
-8.313021861899930198e-02
-8.062944516429777775e-02
-8.062944516429777775e-02
-7.218562715823530207e-02
-6.723910773882899039e-02
-5.480129169092341074e-02
-4.189567417232890889e-02
-4.751409843074086425e-02
-4.571938229412932098e-02
-3.953217496723785557e-02
-3.556961220636915139e-02
-4.274966578478150286e-02
-4.674817330821613021e-02
-3.984990141575165540e-02
-3.984990141575165540e-02
-3.479442274022853665e-02
-3.919782754445405581e-02
-3.919782754445405581e-02
-4.376493912113587487e-02
-1.830121206731067929e-01
-1.882700227563995354e-01
-1.882700227563995354e-01
-1.882700227563995354e-01
-1.875223301467291714e-01
-2.062422108597706805e-01
-2.191539572877036768e-03
1.984145067329143586e-01
2.045362471246338909e-01
1.961034953629749999e-01
2.158285142000848644e-01
1.511070228733170095e-01
1.516541956657983803e-01
1.397511997761928249e-01
1.280432184587158295e-01
9.994187642323543175e-02
9.986073970862012483e-02
6.617403421929954344e-02
5.719325274279602606e-02
4.912895023402173711e-02
4.783023080807756455e-02
5.513832694326617490e-02
5.586649020971931612e-02
5.935254976118629205e-02
5.292137894751794414e-02
3.603227119726537531e-02
3.869904298792114367e-02
5.566627632386760699e-02
6.442383279446986521e-02
7.662894036298886768e-02
7.707974889437622934e-02
7.764742399650007010e-02
8.851934735155432554e-02
9.550961435242684427e-02
1.101362761332138340e-01
1.203017117448217238e-01
1.203017117448217238e-01
1.139436203352520993e-01
1.089158093569650848e-01
-9.699199881143791974e-03
-1.007232270051454728e-02
-2.701712224434845919e-02
-3.066070474142847113e-02
-2.817987185438090500e-02
1.060001743819823511e-01
1.091450516218237521e-01
1.126296309868770051e-01
1.606427536514665744e-01
1.452799679146597467e-01
1.229643127426666566e-01
1.151322668234750352e-01
1.129610328147784420e-01
1.120676279110262991e-01
1.080175675229175236e-01
1.896319970420581391e-03
2.386968328410311521e-02
2.301818127257504176e-01
2.339065873326597322e-01
2.605635742836241997e-01
2.585032791036318556e-01
2.720782488116440523e-01
2.685972450266027600e-01
6.006635050881925161e-03
7.210077652513442736e-02
7.948689077697156102e-02
6.667196978987051381e-02
-4.939696609106813963e-02
4.303041734273638924e-02
4.091577652903107681e-02
5.680189854238783254e-02
4.718766777948199542e-02
5.142238702039585163e-02
4.134553781237174791e-02
5.096992868761532347e-02
5.238165163152936482e-02
1.837501911789378717e-01
1.735770778744933629e-01
1.778036270030714516e-01
1.819402133056851334e-01
1.786997086876340179e-01
1.717102561262502936e-01
1.833156583815938323e-01
1.746121288250941095e-01
-4.250132538389309045e-02
-3.995861609144063520e-02
-5.022349796914658826e-02
-5.121036513798411099e-02
-4.670218379658462593e-02
-6.858405349338363155e-02
5.869895905430291480e-03
5.869895905430291480e-03
5.122929944230053545e-03
3.074932760204040008e-02
1.788043636598695210e-02
6.593000861596843253e-03
9.457414980142716046e-03
8.170944317895447243e-03
2.190181692545048117e-02
2.408726518809341938e-02
2.078386877791385187e-02
2.978357688184045046e-02
1.750695183882760436e-02
8.996558236062128511e-02
8.279279201645374509e-02
8.210112334595150163e-02
9.143604110505730576e-02
9.241690798383048189e-02
8.457223246296732833e-02
8.918279550699036162e-02
1.049740407319707108e-01
1.127725168948532780e-01
1.151918722744696838e-01
9.612787717011893329e-02
8.868873964360772522e-02
-2.388530841675473582e-02
-2.943929364688246952e-02
-2.282907983050888948e-02
-4.046950463018789829e-02
-3.964769659263572138e-02
-4.208696689984731815e-02
-5.140345607321481630e-02
7.010046771777418695e-02
6.258225176329289263e-02
7.580079770270603534e-02
7.806566759512846565e-02
7.672239992886863147e-02
-2.803741757228833328e-02
-8.479923608114016062e-03
-6.973814299268862567e-04
-6.973814299268862567e-04
-1.307622256702187930e-02
1.141649967464134852e-03
-6.033703417079683794e-03
1.127760115883940468e-03
3.302647862601373191e-02
-1.433321494200061851e-02
-3.506108021210774858e-03
-8.571931180215102905e-03
-8.301289485337692885e-05
8.453740481899044493e-03
4.755040547213666008e-02
3.647551218940386225e-02
9.409137101575994200e-02
8.602569993950298644e-02
9.191878812827808387e-02
9.250341858739372092e-02
9.417502341155849221e-02
8.382932854228401787e-02
7.908937783445812997e-02
7.699354034572672423e-02
8.602935446343329406e-02
1.020439429641739892e-01
1.052844590895173765e-01
1.074997751899064019e-01
8.723146705441583992e-02
9.434304393566185498e-02
1.957644686253692257e-01
1.943576792772753747e-01
9.768291557876368492e-02
9.242074925342058656e-02
8.755427858755780723e-02
9.650089287808073790e-02
1.475493904026310421e-01
1.085211322796693634e-01
1.040572270798749144e-01
1.146103457548591220e-01
1.331822896799504385e-01
1.201373484106067896e-01
1.121324863182916604e-01
1.204641458884626731e-01
1.218790446934639587e-01
1.165924112905208365e-01
1.207856671837460594e-01
1.303698424469504347e-01
-7.922872236412681346e-02
-7.249561363620626864e-02
-6.399906823002529666e-02
3.618186387960312111e-02
-5.562520761973947792e-02
-1.112319041014886295e-01
-3.606965274952914080e-02
-1.500223315549262249e-01
-1.580832328303499457e-01
9.386817665622076978e-03
5.188310044148101638e-03
-4.253356116295205040e-03
1.730912163993609740e-02
3.155224812630638698e-02
2.501141793311899633e-02
-1.690778402326180152e-01
-1.986867953025641398e-01
-2.020281892576018534e-01
-1.851152167587056530e-01
-1.817907100144083299e-01
-1.881336466264976470e-01
-1.881336466264976470e-01
-2.255195157590305921e-01
-2.151465956335111840e-01
-2.505689652579884408e-01
-1.066919507557144015e-01
-1.057238195354577581e-01
-3.679080098735832555e-02
-2.096135919178422624e-01
-2.096135919178422624e-01
-2.082752697725627489e-01
-2.273962274611060208e-01
-2.268958849280810763e-01
-2.251397367388617288e-01
-2.227116175697665679e-01
-2.288015731185798762e-01
-2.314039101139719612e-01
-2.305297163962471141e-01
-1.573999884311956809e-01
-1.587682195160927401e-01
-1.314947589732440303e-01
-1.405388101136948453e-01
-1.294287562557527582e-01
-1.405699019831587182e-01
-1.487113236699723340e-01
-1.603872425142817415e-01
-1.690629360354138633e-01
-1.839393460271348812e-01
-1.664944475725090023e-01
-1.690745604232576915e-01
-1.689335036089901765e-01
-1.622980660477816028e-01
-1.589250173140602795e-01
-1.507392762143312803e-01
-1.559385508494909589e-01
-7.998828447516641293e-02
-1.951865826083703515e-01
-1.978482536481138698e-01
-1.935202785348271448e-01
-1.885435557774716997e-01
-1.916820476443223675e-01
-1.748563073076950247e-01
-1.750528839981063400e-01
-1.814598974180633151e-01
-1.822996639510818528e-01
-1.934079300045840333e-01
-1.905556120476162574e-01
-1.920754258591793884e-01
4.253730751937909865e-02
-3.044424240114015044e-03
-1.625944087116133405e-02
3.227351379415138721e-02
3.556482980075929834e-02
3.919115736506306041e-02
4.140012307118948187e-02
-1.117054698802525253e-01
-1.174527706257568471e-01
-1.271194169504815397e-01
-1.098418148554801271e-01
-1.131069665180667316e-01
-1.220034823869408924e-01
-1.821532326079314812e-01
-1.820511149942365681e-01
-1.193565065690761762e-01
-1.276153007718866250e-01
-1.276153007718866250e-01
-1.155720246809939650e-01
-1.170453548183896936e-01
-1.063127174587698009e-01
-1.029051113251181621e-01
1.585071915343538168e-02
-1.634537086166748792e-03
-8.049216024573263573e-02
8.037726913647727511e-02
7.455889910254444308e-02
6.604816416780147359e-02
1.081770355550203677e-01
1.129958139586801080e-01
1.783675734764227083e-02
8.784213111954816688e-02
9.876962805895342368e-02
1.085181449997733444e-01
8.750549529271214877e-02
9.091368871334373769e-02
9.800301888298794395e-02
8.938175515660833070e-02
7.735789762181022322e-02
7.120677236611673566e-02
7.274496472477920417e-02
6.302205740756171293e-02
6.487784203282834228e-02
5.852704462421991910e-02
6.038004584109721989e-02
6.075921299309505058e-02
6.951401096606962815e-02
6.315057670111316745e-02
6.717872443959446715e-02
6.227385002134794290e-02
7.580260746983587261e-02
7.753046087288807675e-02
7.753046087288807675e-02
7.769352807142745898e-02
1.512858536736391354e-02
1.745872796495537282e-02
2.074112810017993830e-02
2.901666181285917842e-02
3.337426114101477159e-02
3.127942155126788026e-02
3.127942155126788026e-02
2.377412120414507113e-02
1.566759066889611418e-02
2.071980184445905773e-02
6.720936571370236118e-03
7.543966419665254627e-04
1.453536121686447658e-03
1.632384542347125721e-03
1.750516884681929675e-02
2.151893601907743994e-02
8.394852222977259443e-03
7.438840693560486335e-03
8.675344595473678810e-03
8.766253975747525422e-04
2.138068219070800042e-03
2.011350014196422800e-02
3.728985685499708325e-02
4.807312997552291856e-02
4.662803377649181458e-02
5.115226553110506502e-02
5.764391807487384556e-02
5.066163178659038174e-02
4.969512349752776975e-02
4.942397115202083746e-02
-8.123971240493765844e-02
-8.063315596524299467e-02
-9.471740714829274266e-02
-8.396884345286707851e-02
-7.382459018801572348e-02
-2.872662698195428688e-02
-6.040642768541652774e-02
-6.087976934388267258e-02
-4.694920954309123734e-02
-3.691279687291802725e-02
-3.929304043616906050e-02
-6.024381657809468014e-03
-1.938616708699581219e-03
-2.276733024684638416e-03
-9.588596615357719219e-03
-1.022253083166996257e-02
-3.056223478467021831e-02
-2.205883865187372589e-02
-3.048433030220040751e-02
-1.356261893664360493e-02
-9.650922177725963433e-03
-1.998957370489257146e-02
2.908028324470765189e-02
3.137656023561897350e-02
2.680252067675585950e-02
3.712166927927817300e-02
2.855168493209852068e-02
2.855168493209852068e-02
2.411622899154975200e-02
9.804370400903709981e-02
9.331144386035859772e-02
9.272189182904337634e-02
1.042085035494746126e-01
1.055442181089716464e-01
1.072024760246981095e-01
1.433785087343934783e-02
8.135840293282126101e-03
9.079797045066175312e-03
1.125328020244343100e-02
2.577321701245318883e-02
2.463161171142686998e-02
1.370367188791667308e-02
1.504558194754549057e-02
4.950598820402616132e-03
-1.155333092369730252e-01
-1.217848851662974297e-01
-1.091558504968718687e-02
-1.099683017539537268e-02
-9.112273264513996371e-03
9.969259584317169800e-05
1.147334454901261826e-02
-1.243329678874334349e-01
-1.296066405792747900e-01
-8.182156240823898474e-02
-9.380948452385474978e-02
-1.024157464843529486e-01
-1.207122002593465776e-01
-1.345960058469131138e-01
-1.550210929486517952e-01
-1.585611885201146654e-01
-1.533169797744811658e-01
-1.582290208936070752e-01
-1.582290208936070752e-01
-1.691694934957461982e-01
-8.715654062948693936e-02
-5.015372728136637676e-02
-6.009143509549733086e-02
-6.178387838141994465e-02
-5.511897999942095422e-02
-1.100017410863859124e-01
-1.046360328023362013e-01
-1.065500882951296441e-01
-1.114073021479140280e-01
-9.627304112043588713e-02
-8.806142988053526632e-02
-1.021819035025955391e-01
-1.159382589027919269e-01
-6.474242119514905802e-02
-6.917370994607223433e-02
-6.928294776104299002e-02
3.902143429944131270e-02
4.134632685880909597e-02
4.956871075424029716e-02
5.362508301715655790e-02
6.313192270662787431e-02
7.665083593900412495e-02
7.963572117984912824e-02
7.963572117984912824e-02
2.449340614566088842e-02
9.717202407905227435e-02
7.201247186865840540e-03
9.712141159705580881e-03
9.361863318382833985e-04
-2.739700603813544164e-03
-6.948584700248016527e-03
-9.145430988287911456e-02
-9.002184253638541300e-02
-1.036916840764677689e-01
-9.970560776588154039e-02
-8.866817426984771600e-02
-8.284282228370687395e-02
-8.022241956940526220e-02
-3.010191926335029633e-01
-2.923859165873668453e-01
-3.075888988486695785e-01
-2.881990930793908445e-01
-2.787397857447226901e-01
-2.801446890156393255e-01
-2.801446890156393255e-01
-2.693086894559226785e-01
-2.759349629996868392e-01
-2.782835908595526209e-01
-2.848577380683689486e-01
-2.677452477144655618e-01
-9.002216413180537391e-02
-9.777906530232739757e-02
-2.166228173991268380e-01
-2.149984382144785044e-01
-2.186499202223063931e-01
-2.102252853050551318e-01
-2.145396144918202685e-01
-5.418007782090875080e-02
-6.572256044960053667e-02
-6.486376130223740766e-02
-4.195370010819515078e-02
8.820926628332392827e-02
-1.092368131574143197e-01
-1.099920084018899263e-01
-1.067725234796972206e-01
-1.065673276736815861e-01
-1.065673276736815861e-01
-1.096767673176971963e-01
-9.010766767073731531e-02
-9.010766767073731531e-02
-9.289168543850816195e-02
-9.700284666178983495e-02
-9.332245188726671914e-02
-8.295811378703775441e-02
-8.912662145623918841e-02
-9.534892159414584678e-02
-1.072560869325219352e-01
-4.309289255021826054e-02
-4.460231945166048817e-02
-5.751785848234240717e-02
-6.434125669368973011e-02
-6.514926299931522724e-02
-1.375286058123357802e-01
-1.249810792331694370e-01
-1.330789923009059184e-01
-1.330789923009059184e-01
-1.245574329145752446e-01
-1.245574329145752446e-01
-1.245574329145752446e-01
-1.405075862036383461e-01
-1.776270693779843646e-01
-1.419411700067460258e-01
-1.389856074541999664e-01
-1.278689844285036681e-01
-1.278425540616657530e-01
-1.313259722208670321e-01
-1.279582450556713824e-01
1.612216611767704200e-01
1.650498013736138858e-01
1.642070130176167542e-01
1.325857500662212529e-01
1.442710962486388193e-01
2.443578470192372606e-02
1.106209657965995935e-02
1.333120416875489649e-02
1.208430530346717852e-02
2.173715996952917812e-02
2.182459101069900848e-02
2.605541696903264370e-02
2.605541696903264370e-02
2.722209078529208223e-02
3.042683290464936411e-03
2.325099632859511586e-02
3.672383948505816842e-02
3.863105314762049769e-02
4.076891474660453152e-02
4.095597877571345580e-02
3.670154722378313888e-02
3.262734857025544055e-02
3.272675987626707389e-02
2.663837968745775067e-02
2.359446829434438606e-02
2.998619077114775960e-02
1.405016910422649846e-02
1.842819095110400859e-02
-2.718510357848482606e-01
-2.530132802505018486e-01
4.787568512542595550e-02
4.721230672621704733e-02
4.060430719880223777e-02
6.273842081667435622e-02
5.154421459194925142e-02
6.638276622693269069e-02
6.326235691829000529e-02
-3.827169527374477825e-02
-4.864506936974109103e-02
-1.301272378052562295e-01
-1.196109996790362950e-01
-1.099457549692481467e-01
-1.037858643452396895e-01
-4.223224725848685052e-02
-4.133131780094310287e-02
-2.023611316035718241e-02
-1.351886777821586366e-02
1.399378685083540325e-02
-7.030720128847544464e-03
-1.062850460937813865e-02
-5.319787340711425519e-03
3.647549482650576554e-03
6.797375070498141644e-03
-9.743109751675719729e-03
-5.002194274855250276e-03
-1.659080511073382459e-03
-1.733443688266688223e-02
-1.074456639957660671e-02
-4.761242141114502627e-03
1.389818549375993958e-02
2.663307283233551717e-02
3.280134526817628932e-02
2.551506439694486636e-02
6.071097412995989095e-02
7.490891121656453877e-02
5.215176754427894995e-02
6.762847036094886410e-02
6.443779110457228954e-02
5.952490593541782254e-02
3.947608714621397147e-02
7.232121010785687309e-02
7.232121010785687309e-02
7.775938654457513477e-02
8.344725582967327249e-02
7.954384898250449476e-02
-5.975091572860743994e-02
1.007361182578756387e-03
-4.249769351234188031e-02
-4.169950918548884916e-02
-5.000373228550119425e-02
-6.640086196039572675e-02
-6.229348103838826256e-02
-5.963139451251106560e-02
-6.759505681357273754e-02
-6.957669283359242673e-02
1.261084487265166920e-01
1.251059490811691488e-01
1.231081285372684769e-01
1.194181109233458937e-01
1.208298256657281966e-01
1.150104113157594393e-01
1.106970568747107642e-01
1.017964086569222021e-01
1.036462985489300798e-01
1.058441070573829385e-01
1.257624034629549192e-01
1.312734813777120813e-01
1.283586837522762980e-01
1.350674058997907434e-01
1.114241812487689887e-01
1.131155842330693190e-01
1.131520694494694140e-01
3.483639944971828745e-02
3.022553527634457352e-02
2.607817614275251966e-02
2.681985934375777023e-02
4.129328461663659550e-02
6.093702122382168435e-02
6.299302080942076332e-02
7.113072226137631682e-02
7.347424123331403045e-02
6.466509647054168031e-02
1.870782331110659030e-02
1.700318593024913519e-02
3.322568768201037553e-02
3.322568768201037553e-02
3.363743596978639033e-02
1.481620353078021493e-02
2.898585386339455183e-03
1.447040493160913627e-02
-8.381989594415268155e-03
1.672960948016251337e-02
2.579895201372090288e-02
1.882696096089666107e-02
4.906804279124196699e-02
1.265895468714760552e-01
1.265213052335090460e-01
-6.243346113670197178e-02
2.870136531284174335e-03
-9.858299704836672589e-03
-4.657855574407788329e-02
-5.411936819514530372e-02
-4.722933863995249643e-02
3.002861177938227072e-02
1.251997077472766576e-02
2.204463568272016852e-02
2.589511565104037072e-02
2.090432975031448690e-02
3.073459262801857966e-02
1.683621993778066511e-02
8.692871476408717615e-03
5.189482417006918182e-03
4.030960331972239727e-03
-4.561172676531989774e-03
1.020491052662141030e-03
1.196858717239383113e-02
1.163773952597250555e-01
1.163773952597250555e-01
9.763426024962332250e-02
9.683023349446610861e-02
1.018481308938977842e-01
1.165711436061046963e-01
9.812246966344960464e-02
1.094342151621317399e-01
1.228956593086273225e-01
1.000478543409741988e-01
1.022047680776581868e-01
1.135208941458774046e-01
1.135208941458774046e-01
1.198194484624883066e-01
1.118430510532214678e-01
1.036440143214002740e-01
9.861830699771644004e-02
9.262446081409220211e-02
8.216515037337453198e-02
7.715874919993066794e-02
1.109968070343431423e-01
1.082171264378425785e-01
1.110094588240330971e-01
1.273624298997867166e-01
1.273624298997867166e-01
1.381551080871006032e-01
7.303594607682803441e-02
8.445886437489823206e-02
7.680635345828112914e-02
6.550782238636447541e-02
7.654261315683029421e-02
7.644354514978196624e-02
7.027409893153102605e-02
4.446683776788152437e-02
4.538026097284308252e-02
3.930481066810637830e-02
3.694460357601906525e-02
3.288239835551982210e-02
2.275246578573697498e-02
2.775271910467606504e-02
3.468475421903260275e-02
4.195088444380352943e-02
4.597979937851805893e-02
6.168246650281218602e-02
5.555538853692979645e-02
4.656796483641229001e-02
3.935208156113813999e-02
3.472764689874310168e-02
2.768862721874539717e-02
2.842036421166376642e-02
2.668073750815227324e-02
-9.109044121421561169e-02
6.596214317616604095e-02
6.405695488203302923e-02
1.489931557528089701e-01
4.764170299674184636e-03
5.497624306473419993e-03
-3.533140609719242695e-03
-1.258278692302424763e-02
-9.718555938682340439e-03
-5.335242962920230987e-03
-1.285168394315059151e-02
4.771306850785741668e-03
7.216989289671434452e-03
1.033266872764832672e-02
1.044717068922611887e-03
-1.043512006325696823e-02
-7.125152399196651477e-03
-3.802554140919427693e-03
-8.253259882436164707e-03
-2.637273034601887202e-03
-1.299815813373133011e-01
-1.270033929086128444e-01
-1.399555834536116983e-01
-1.384810351042211340e-01
-1.941560783542575219e-01
-1.866107652441074127e-01
-2.003061945406915956e-01
-9.307530559211442400e-02
-9.701868430372728724e-02
-9.019147728440057854e-02
-8.152015471621822107e-02
-8.614392446996328723e-02
-7.923287946296839190e-02
-7.786827961302390799e-02
-1.710500951632162314e-01
-1.627786690853349760e-01
-1.566500161018830606e-01
-1.545991127936072462e-01
-1.553201518183676411e-01
-1.395739086799112350e-01
-1.261460198188886217e-01
-1.231268593032530806e-01
-1.350704628117437300e-01
-1.429134351502436007e-01
-1.462421097923923274e-01
-1.358579424848923578e-01
-1.302128000774095407e-01
-1.244469858370697291e-01
-1.295160514426841603e-01
-7.116111436046032579e-02
-7.829873610432541708e-02
-7.593994408764226378e-02
-1.184182714281106080e-01
-1.022935477479374605e-01
-1.154347444417925389e-01
-1.063743778897944386e-01
-1.586415252075620841e-01
-1.858447179086613887e-01
-1.975209409780885605e-01
-1.942241465952805057e-01
-1.885980552065674720e-01
-1.949568971980426002e-01
-1.909883647877890223e-01
-1.841449008721766367e-01
-5.797787891595800741e-02
-5.763678105258512874e-02
-6.705204834645765721e-02
-7.500763736777736612e-02
-2.069224909211949542e-02
-1.908079915027764695e-02
-2.338016509997456471e-02
-2.850366540359774298e-02
-5.041799095046881063e-02
-4.573510239959096418e-02
-4.341168534115900229e-02
-4.474193206698891950e-02
-3.880839528177250364e-02
-2.547356487076990819e-02
-4.345590040941671450e-02
-4.852235410442169716e-02
-5.224636364269361066e-02
-4.309462232851155039e-02
-5.217676646363868243e-02
-3.862216474796283799e-02
-3.639538420849058875e-02
-4.251857767782256381e-02
-4.471365411364236486e-02
-4.336578053209437511e-02
-4.280828023943176325e-02
-4.969762133024436396e-02
-3.827946104756978218e-02
-3.260224681248307527e-02
-3.259455243036876726e-02
-2.648502059401032852e-02
-2.809626048207023927e-02
-7.404306373875943481e-02
-6.268166966556952546e-02
-3.366718677861775533e-02
-5.204718773885459726e-02
-5.704769116501229309e-02
-5.971825962963657475e-02
-6.218960630181627480e-02
-5.435796583744105515e-02
-6.412717306429334407e-02
-5.134126294831057452e-02
-2.146863481194793699e-01
-2.302732502012766191e-01
-1.302632549991145638e-01
-2.408815084435062537e-01
-2.474598481758337465e-01
-2.488653722794686163e-01
-2.544154522397706342e-01
-1.769397525798757365e-01
-1.322337416645519292e-01
-2.027210610324613749e-01
-2.085540551043381097e-01
-2.244245505569883448e-01
-2.269442469373553206e-01
-2.269442469373553206e-01
-2.383792607485953341e-01
-2.349955580711919900e-01
-2.349955580711919900e-01
-2.446867566206530620e-01
-2.430020198628232708e-01
-2.376004983467152609e-01
-2.436793977934728905e-01
-1.440484326583216790e-01
-1.310576759032963945e-01
-1.314780069808487717e-01
-1.279065965041895070e-01
-1.293743658704147037e-01
-1.253070518500090935e-01
-1.325576579863215199e-01
-1.251958322203235718e-01
-1.387627068221179982e-01
-1.564497680677120195e-01
-1.874907179279412250e-01
-1.926547361920029622e-01
-1.968157321301268470e-01
-2.026792266791048736e-01
-2.155320466187100881e-01
-2.217315856445336020e-01
-2.139166092595586599e-01
-1.824785227691153866e-01
-1.824431653710973933e-01
-1.257357087108563476e-01
-7.811791319848949977e-02
-6.362609816368081095e-02
-7.169728626624419232e-02
-7.291365502867860893e-02
-7.630537660804136146e-02
-8.118037847428631604e-02
-7.342856961648235037e-02
-1.634877584836975095e-01
-1.591601793242166940e-01
-1.492022335886057094e-01
-1.402672107370167287e-01
-1.446402466899738837e-01
-1.333918093594989307e-01
-5.202139081674449911e-02
-6.066115538321484313e-02
9.568076612923941127e-02
9.887965239982943189e-02
1.007433695630376158e-01
1.239822841304996787e-01
1.429609726969801042e-01
8.874786042028640076e-02
1.005096753696547163e-01
9.321992944984516805e-02
8.282958309307775213e-02
8.282958309307775213e-02
7.355948522992664107e-02
5.504655468219239733e-02
5.519285688386555561e-02
4.522789477441028355e-02
5.238213883888240968e-02
8.999652552445657275e-03
2.005545701752214569e-03
3.301818546165481531e-03
-7.038756210241458103e-03
-1.693572105383593651e-02
-2.566437241164864005e-02
-3.693929952438908954e-02
-3.581384112815166193e-02
-2.596407547724533318e-02
-2.474458350417894914e-02
-2.048787387881076394e-02
-1.221795344436651595e-02
-1.673975503976277146e-02
-1.601521567468093543e-02
-1.498536753281852485e-02
-1.572706480577187090e-03
-6.822488762282145208e-03
1.460945054218001568e-02
1.978977159057875024e-02
2.375165010484350109e-02
2.128620869964908610e-02
1.181851908921465084e-02
2.329792468355766644e-02
2.514111004573252317e-02
2.912055281855677191e-02
2.625106337678715512e-02
1.519948998670631740e-02
1.080455325897586132e-02
7.723183787042339939e-03
-6.867110566258978130e-03
-7.914938886827194847e-03
1.471363137332255208e-05
-1.427979384723787430e-02
-5.690806246809145680e-03
1.178063686250658583e-02
1.456814773056333209e-02
3.824940789327159474e-02
2.132465370327819507e-02
2.236511362359877228e-02
6.240726408839522392e-03
-3.893748049459096888e-02
-3.615488311492390944e-02
3.124882234507336820e-02
4.394521631097904335e-02
5.016672224763386867e-02
4.911565819071431888e-02
5.388474394967286696e-02
2.121892136446620891e-01
1.936248738473264897e-01
2.043761815807440263e-01
2.113835212607299840e-01
2.124490042442113147e-01
2.142384440718517746e-01
2.101837424909899776e-01
2.048032668283762403e-01
1.005841426643319797e-01
9.821681378503317739e-02
9.821681378503317739e-02
-7.154982908835923194e-02
-7.154982908835923194e-02
-1.578776867923736837e-01
2.194461386543184941e-02
6.836104200478589077e-02
6.836104200478589077e-02
6.836104200478589077e-02
6.836104200478589077e-02
9.939091197740379524e-02
6.401722834549729291e-02
1.094091649419870298e-02
9.942322143507770216e-02
9.942322143507770216e-02
9.942322143507770216e-02
7.847447640419075165e-02
7.847447640419075165e-02
7.847447640419075165e-02
7.847447640419075165e-02
7.847447640419075165e-02
7.847447640419075165e-02
7.847447640419075165e-02
7.847447640419075165e-02
7.847447640419075165e-02
1.874382330327458712e-01
-6.627591781764119103e-03
3.555603683858708005e-03
7.247131120668119653e-02
-6.991705208891073331e-02
-5.226927817095269185e-02
-6.065655008869570708e-02
-5.149742405650655636e-02
-5.149742405650655636e-02
1.257601980329107194e-01
1.257601980329107194e-01
1.257601980329107194e-01
-3.917347016827554818e-02
-1.602405443593727108e-01
-2.823327916940874815e-01
-2.823327916940874815e-01
-1.819083565705187644e-01
-1.819083565705187644e-01
-1.819083565705187644e-01
-1.670537110392270319e-01
-1.670537110392270319e-01
-1.216374393692793154e-01
-7.830640626899552925e-02
-7.877131400639669767e-02
-7.877131400639669767e-02
-7.877131400639669767e-02
-1.942441850391086466e-01
-1.942441850391086466e-01
-1.423664281519390618e-01
-4.019852403097358418e-02
-4.019852403097358418e-02
-4.019852403097358418e-02
-4.019852403097358418e-02
-1.660913894853004724e-01
-1.632657630526325454e-01
-1.289759666547886929e-01
-1.557270081275892726e-01
-9.142320787167360074e-02
-1.263561021104432081e-01
-1.617980630075797066e-01
-1.617980630075797066e-01
-6.173824154802635272e-02
-7.525282788920439891e-02
-1.076082172369485224e-01
-7.288825427278550206e-02
-1.001032347383414567e-01
-1.001032347383414567e-01
-1.433835296259815539e-01
-1.433835296259815539e-01
-8.149848818586755139e-02
-2.052695552189131856e-01
-2.236417093900195663e-01
-1.959998046401746075e-01
-1.746768739152119165e-01
-1.393849520346587822e-01
-1.287576604268368952e-01
-1.287576604268368952e-01
-1.138230850433174235e-01
-1.277429210166436679e-01
-1.406492627609355062e-01
-1.001231139417771282e-01
-1.001231139417771282e-01
-1.001231139417771282e-01
-1.206345035312966218e-01
-1.206345035312966218e-01
-1.206345035312966218e-01
-7.491292943375456315e-02
-9.602070924237673943e-02
-6.063173912559675915e-02
-7.486954434531813141e-02
-7.486954434531813141e-02
-8.691102444103685279e-03
1.869957212417925341e-01
7.260620062496701832e-02
5.857170994961986149e-03
4.183460893406886622e-02
3.068746688191331673e-02
-5.557667454967656767e-02
2.659604577855902499e-02
7.231485618430052997e-02
-5.885048042370825266e-02
-4.756536063973233058e-02
-1.249167799655789279e-01
3.677868908871387288e-02
-1.050696767176429770e-02
-1.050696767176429770e-02
-1.050696767176429770e-02
-3.418780131595351539e-03
9.060318228376459948e-02
9.048785620121155282e-02
9.048785620121155282e-02
9.048785620121155282e-02
-1.518160077130265538e-02
-1.518160077130265538e-02
2.005075089810039006e-03
-8.034060212842648874e-03
1.148735219900479110e-01
1.896778933691702640e-01
1.896778933691702640e-01
2.213240091072592175e-01
1.616405743832111386e-01
1.616405743832111386e-01
-3.021928372251311834e-01
-2.995597308946995052e-01
-1.817186999143777515e-01
-1.858128822425206272e-01
-1.580501334898087307e-01
-1.583447053485434464e-01
-1.583447053485434464e-01
-1.583447053485434464e-01
-3.053261098607449320e-01
-3.719215205884977560e-01
-3.555793559518072855e-01
-3.555793559518072855e-01
-3.555793559518072855e-01
-3.555793559518072855e-01
-3.555793559518072855e-01
-2.668232576809699275e-01
-1.953133992046064971e-01
-1.935348091300027051e-01
-1.935348091300027051e-01
-2.426766609742347369e-01
-2.852192301926049778e-01
-2.852192301926049778e-01
-3.203756556380485954e-01
-3.203756556380485954e-01
-3.383168235186161388e-01
-3.469183690166317557e-01
-3.841439727188309394e-01
-3.370851522851758819e-01
-3.408983936753196553e-01
-3.408983936753196553e-01
-3.408983936753196553e-01
-3.408983936753196553e-01
-3.108843228993528052e-01
-3.108843228993528052e-01
-2.787432964623411391e-01
-2.767056819354293262e-01
-2.812850849911754381e-01
-3.438589202759016472e-01
-3.756617237461002401e-01
-3.756617237461002401e-01
-3.512150838523920293e-01
-1.863083202028374963e-01
-1.846922622484341026e-01
-2.792002645149668782e-01
-1.730614190233517591e-01
-5.947349878130754608e-02
-1.429185170571787289e-01
-1.043795018135916935e-01
-1.484819427003675751e-01
-5.298535399833959741e-02
-4.050916338733407535e-02
-5.895127102932225249e-02
-5.337369846066460782e-02
-5.337369846066460782e-02
-4.707328333374793949e-02
-1.392872944972893415e-03
-1.392872944972893415e-03
-5.012632497425984629e-02
-2.911804254700890021e-02
6.885063997278483006e-02
6.885063997278483006e-02
6.885063997278483006e-02
6.885063997278483006e-02
8.680751058242183738e-02
8.680751058242183738e-02
3.470366618804616998e-02
1.003796317998297688e-01
-5.532711307199860568e-02
-6.203227400796130359e-02
-4.055336339653443922e-02
-9.797153679146822225e-02
-6.888100752678544270e-02
4.985688935933163535e-02
3.615748507052463090e-02
-2.701815429634581590e-03
2.655196156557198053e-03
-3.068107126792852407e-04
-6.053234038951600671e-02
-2.992486996538916769e-02
-2.992486996538916769e-02
-2.690994875723526358e-02
-2.690994875723526358e-02
-5.370358269296149345e-02
-8.565910267460642713e-02
-8.565910267460642713e-02
-8.565910267460642713e-02
-8.565910267460642713e-02
-8.565910267460642713e-02
-7.768286580536024749e-03
-8.592870747277013554e-02
3.221161850059517384e-02
3.221161850059517384e-02
3.221161850059517384e-02
1.344670252982390745e-04
4.626494619375434280e-04
4.626494619375434280e-04
-7.409218395482630726e-02
-7.409218395482630726e-02
-8.089875090961044790e-02
-9.038607851546845429e-02
-4.713261258779250645e-02
-4.713261258779250645e-02
-4.713261258779250645e-02
-1.297678584933342483e-01
-1.521744137505857131e-01
-1.521744137505857131e-01
-1.182224815666286233e-01
4.969549030663316692e-03
4.969549030663316692e-03
4.969549030663316692e-03
4.969549030663316692e-03
-7.527690811505219001e-03
-5.177606336203183224e-02
-3.252887966322807328e-02
-3.252887966322807328e-02
-1.439652817719914990e-01
-1.151884483155742600e-01
-1.151884483155742600e-01
-1.943113419303668654e-01
-1.938676782516608466e-01
-1.932760053313622162e-01
-2.146684875663537329e-01
-2.589409065982127278e-01
-2.142701529811088246e-01
-2.672812666833013773e-01
-2.672812666833013773e-01
-2.402126861789086743e-01
-2.358763954816934794e-01
-2.354106902892841302e-01
-2.354106902892841302e-01
-1.443331535920943931e-01
-1.443331535920943931e-01
-1.578687714669579911e-01
-1.493971243492900336e-01
-1.493971243492900336e-01
-1.885852777500820476e-01
-1.083303767965974884e-01
-1.234935269679176550e-01
-1.452011803022155711e-01
-1.462125718659460782e-01
-1.462125718659460782e-01
-1.653563850912376509e-01
-1.653563850912376509e-01
-1.592372891613935970e-01
-2.123140111043614608e-01
-2.083677521124538065e-02
-3.750088769389309934e-02
-6.875547201270754138e-02
6.434919539687845857e-02
-3.025029829590729705e-02
-3.961952342511716046e-02
-2.481434765097228004e-02
-6.265472012006023661e-02
-2.012397203420843439e-01
-2.012397203420843439e-01
-1.396776292957579713e-01
-9.726737073514145349e-02
-2.239818639882346640e-01
-2.239818639882346640e-01
-2.598302558409559815e-01
-2.598302558409559815e-01
-3.146525301083804016e-01
-3.093848769465449289e-01
-3.093848769465449289e-01
-3.246372283587404817e-01
-2.693292666341255415e-01
-2.693292666341255415e-01
-2.693292666341255415e-01
-2.255237707924384882e-01
-2.845134658247818749e-01
-2.845134658247818749e-01
-2.845134658247818749e-01
-7.791747390301548282e-02
-7.791747390301548282e-02
-1.586583626369439670e-01
-8.427994743682254430e-02
8.157378538362629328e-02
9.026640060631423157e-02
-1.081699739273474653e-01
-1.081699739273474653e-01
-3.908253532121174628e-02
-5.647944706019712019e-02
-1.525426815783285095e-01
-2.260621691824114543e-01
-2.260621691824114543e-01
-2.004113493205657848e-01
-3.143832349456991415e-01
-2.865002807093107728e-01
-1.128282946071444415e-01
-2.446485644270831317e-01
-2.446485644270831317e-01
-2.446485644270831317e-01
-2.732344419999816476e-01
-2.817315081486844730e-01
-1.607355900252571135e-01
-1.949799192268480419e-01
-1.858820780103003223e-01
-1.858820780103003223e-01
-2.154753648642522834e-01
-1.906976323874305657e-01
-1.600676376636284703e-01
-2.529533304016362560e-01
-1.287578087025260110e-01
-2.026459747171403536e-01
-2.168052962712849752e-01
-2.032378934548915994e-01
-2.775299293741634310e-01
-1.553025969361938041e-01
-1.402859918637306413e-01
-7.714885674941138194e-02
-7.714885674941138194e-02
-7.714885674941138194e-02
-5.437597496919463480e-02
4.034832235094858860e-02
-3.417875999312425944e-02
-8.811650468806986325e-02
-4.009609906422353237e-02
-4.009609906422353237e-02
-4.009609906422353237e-02
-7.519757009240800316e-02
-2.119019669464031475e-01
-2.119019669464031475e-01
-2.187895715763083782e-01
-2.719985489472264151e-01
-2.719985489472264151e-01
-2.719985489472264151e-01
-2.168171805888239601e-01
-2.168171805888239601e-01
-7.881825434874767389e-02
-5.161096518444883291e-02
-8.607373446771486580e-02
-1.360660928154567850e-01
3.852322099525940652e-02
2.780529995126269915e-02
-1.675033015070582360e-02
-1.042780833020684646e-02
5.900981465374221385e-02
-5.093719425496584519e-02
-5.093719425496584519e-02
-6.806045399078526625e-02
-3.284592254828740121e-02
-5.935256324874822742e-02
-2.716875011554158864e-02
-3.769668941248743854e-02
-3.769668941248743854e-02
-3.769668941248743854e-02
-1.205361310134041644e-02
9.032305969288436862e-03
9.032305969288436862e-03
9.032305969288436862e-03
9.032305969288436862e-03
-5.517386546573488371e-02
-5.517386546573488371e-02
4.364144959789076350e-02
-2.707924474776604931e-02
-4.560455212286573801e-02
-3.583453730034535240e-02
-3.583453730034535240e-02
3.073249997750475675e-03
-6.555113712855302997e-03
-6.555113712855302997e-03
-6.555113712855302997e-03
-4.277429386603338185e-02
-6.070104210232322300e-02
-5.032216583410580729e-02
-1.080241651030423855e-01
-5.885675100990068326e-02
-1.540170765835155095e-02
3.462359599059855464e-02
3.759045160650450329e-02
-1.397074742269017178e-01
-1.397074742269017178e-01
-1.279682650038137803e-01
-2.266674057654704255e-01
-8.694551578610577869e-02
-1.001625664286118073e-01
-1.001625664286118073e-01
-1.349530284857000106e-01
-1.349530284857000106e-01
-9.118161454140909228e-02
-1.649356758340214113e-01
-1.649356758340214113e-01
-9.548836400645377420e-02
-9.548836400645377420e-02
-1.799464459765112712e-01
-1.799464459765112712e-01
-1.676012830796420050e-01
-8.422143026551029421e-02
-8.422143026551029421e-02
-4.771011976341147515e-02
-4.771011976341147515e-02
-1.578076478161136442e-01
-1.578076478161136442e-01
-1.621800396086199580e-01
-1.621800396086199580e-01
-5.118719033632944393e-02
-1.873330482609814884e-01
-9.174353458510586812e-02
1.313877853572217695e-02
-1.537195020255446680e-02
-4.017475735778536228e-02
-9.899828460551337792e-03
-9.899828460551337792e-03
-6.302060232921392890e-02
-6.302060232921392890e-02
-6.302060232921392890e-02
-6.302060232921392890e-02
-6.302060232921392890e-02
8.747432762844438089e-03
-1.860327626178806190e-02
-1.860327626178806190e-02
-1.263671575254005086e-01
-1.103087991998211864e-01
-1.042697623206904206e-01
-1.042697623206904206e-01
-1.042697623206904206e-01
4.073632356144328212e-03
-1.389678858026033303e-01
-1.389678858026033303e-01
-1.039841035766803090e-01
-5.723835033903087836e-03
1.345329466823126652e-02
1.345329466823126652e-02
-6.173556549076192335e-02
-1.142131080844073915e-01
-1.121500715084258748e-01
-1.121500715084258748e-01
4.053456451872235883e-02
7.713876454901318069e-02
7.713876454901318069e-02
1.510854408168495547e-02
1.510854408168495547e-02
1.239401360262113588e-02
2.219106898309602602e-02
8.432006674324710183e-02
1.340337706149308944e-02
1.340337706149308944e-02
1.340337706149308944e-02
1.340337706149308944e-02
2.577103874246462062e-02
2.577103874246462062e-02
2.577103874246462062e-02
-4.057054555932020079e-02
-4.057054555932020079e-02
-1.374817805114197759e-02
-1.374817805114197759e-02
-1.374817805114197759e-02
-1.374817805114197759e-02
-1.374817805114197759e-02
-1.319983996037247913e-02
-3.232804881153920808e-03
-4.114162780429293786e-02
-4.114162780429293786e-02
-4.114162780429293786e-02
-4.114162780429293786e-02
-4.114162780429293786e-02
-4.114162780429293786e-02
-4.114162780429293786e-02
5.063308389563860729e-02
-4.509711706622489963e-02
1.083144601028784987e-01
3.780988413542093335e-02
1.457159180989591775e-02
1.457159180989591775e-02
1.457159180989591775e-02
1.457159180989591775e-02
9.745397114791819193e-02
7.185089737453152769e-02
7.185089737453152769e-02
7.185089737453152769e-02
2.050662148497065657e-02
-6.302420595344945808e-02
-3.735274369250993903e-02
-8.791367607905388459e-02
-1.883104803140692868e-02
-1.883104803140692868e-02
-1.883104803140692868e-02
-8.090953785362726969e-02
-8.090953785362726969e-02
-8.090953785362726969e-02
-7.601360368185346161e-02
-7.601360368185346161e-02
-1.658913043464838727e-02
-1.658913043464838727e-02
-1.658913043464838727e-02
-1.658913043464838727e-02
2.015951291998244535e-02
-8.924642907963600824e-02
-9.968429166446805822e-02
-9.968429166446805822e-02
-9.968429166446805822e-02
-1.258366953798604471e-01
-8.772263529184644304e-02
-7.560023861487497054e-02
-7.560023861487497054e-02
-9.056933190713228887e-02
-7.936610971920317337e-02
-1.310930734128735176e-01
5.793433036992035740e-02
-1.363419751148955694e-01
-3.408560686678618890e-02
-1.985069616683668783e-02
-5.547316774734158129e-02
2.723590247756327298e-02
3.383429348821889726e-02
-1.143227296846794916e-01
-1.708461117120434747e-01
-1.708461117120434747e-01
-2.173999575490867878e-02
-2.656032567894590565e-02
1.805005460402163073e-02
1.805005460402163073e-02
1.805005460402163073e-02
-7.326726142442262224e-02
-7.862479144152699495e-02
-4.477006622772977673e-02
9.808904551835602448e-02
9.808904551835602448e-02
-2.916773000703018828e-02
-6.187543863533324917e-02
-9.121537343112623430e-02
-1.971995575188559557e-01
-1.906736818746500861e-01
-1.906736818746500861e-01
-1.208071719272305611e-01
-1.230608678279581092e-01
-1.897295608670297451e-01
-1.511403635868245887e-01
-1.511403635868245887e-01
4.016060004433982811e-02
4.016060004433982811e-02
6.399632763298433724e-02
7.686766600775817027e-02
7.686766600775817027e-02
5.902629680351009767e-02
5.902629680351009767e-02
7.209230379497250096e-02
7.209230379497250096e-02
9.852018921096612758e-02
3.105252372372004077e-02
3.105252372372004077e-02
3.105252372372004077e-02
3.732083732992398650e-02
5.611086672777309409e-02
2.636657570915388119e-02
-5.682114853580446517e-02
9.106283711963583313e-03
-2.453974944584761536e-02
1.136670719494292485e-02
5.219690075434282872e-03
6.235361725499647366e-03
6.235361725499647366e-03
-7.081317400153273878e-02
-7.081317400153273878e-02
-1.288545249714531660e-01
-1.189167487079916125e-01
-1.228273417263209544e-01
-1.346198690945994703e-01
-1.409200863212507204e-01
-1.303359202719377441e-01
-1.303359202719377441e-01
-1.250347788245339264e-01
-1.113522061020274095e-01
-9.843410592345329391e-02
-9.843410592345329391e-02
-5.920132067972838641e-02
8.371777539702728033e-02
6.439192037732163754e-02
-1.705871326614879016e-02
-6.449352380442031907e-02
-6.449352380442031907e-02
-6.449352380442031907e-02
-3.377493552147389083e-02
-3.377493552147389083e-02
-1.310674356597346657e-02
-1.310674356597346657e-02
-1.310674356597346657e-02
1.002658837138346998e-01
7.057125374741943236e-02
7.057125374741943236e-02
-1.597797026569584486e-02
-4.610408864065358020e-02
1.738275936406553923e-02
-2.437964489709280869e-02
6.538481950607476223e-02
4.293837333927970346e-02
-4.777342704584651434e-03
2.378297170209122194e-02
5.839941340991113006e-02
9.714750579645503592e-02
2.208929200402488802e-02
9.847977027094272084e-03
2.859753991053541958e-02
5.486528890070827003e-03
-1.364244034977372478e-03
-2.003131067044904359e-02
-2.003131067044904359e-02
-2.003131067044904359e-02
-2.003131067044904359e-02
-2.990307217183887922e-02
-5.844070137475879806e-02
2.141322560181846760e-02
2.141322560181846760e-02
-5.479871503983538977e-02
-5.479871503983538977e-02
-6.985978132292425258e-02
-7.138025368341938126e-02
-7.138025368341938126e-02
3.683179497443402062e-02
3.683179497443402062e-02
3.683179497443402062e-02
3.683179497443402062e-02
3.683179497443402062e-02
3.403658159534251465e-02
3.296519633605621280e-02
1.307265303361719762e-02
1.307265303361719762e-02
1.307265303361719762e-02
1.307265303361719762e-02
9.414203240824297464e-03
-5.503475289223162814e-02
1.633172005366562707e-01
1.633172005366562707e-01
1.633172005366562707e-01
1.633172005366562707e-01
1.797231065126665694e-01
2.221246434152662486e-01
8.593131425689631842e-02
1.596176833565242925e-01
3.032668621422577801e-02
3.032668621422577801e-02
-7.915103843716217447e-02
-5.635092269390298142e-02
-5.635092269390298142e-02
-5.635092269390298142e-02
-5.255633836883549792e-02
-7.835544063529618908e-03
-1.611312996838875147e-02
-1.541752614774793279e-02
3.182358598527676441e-02
3.182358598527676441e-02
3.182358598527676441e-02
-1.339537595815124861e-02
-1.339537595815124861e-02
-2.838201685022472063e-04
4.985953016009374988e-02
9.786698676658563134e-02
9.786698676658563134e-02
9.786698676658563134e-02
9.786698676658563134e-02
9.786698676658563134e-02
1.016585860279970582e-01
1.016585860279970582e-01
1.270927993235207165e-01
3.964976087154468282e-02
3.964976087154468282e-02
1.110988038726755216e-02
-5.331615819457342920e-02
-5.331615819457342920e-02
-5.331615819457342920e-02
-1.771335912436263205e-01
-1.916143496180390537e-01
-1.916143496180390537e-01
-1.270969864726164966e-01
-1.572797735451968437e-01
-1.542678759690377654e-01
-1.542678759690377654e-01
-6.107717380234252424e-02
-3.512603740350847027e-03
-2.216082146719008661e-01
-2.040080471714824095e-01
-2.040080471714824095e-01
-1.879506641058378835e-01
-1.327500465587156953e-01
-1.327500465587156953e-01
-1.648532240409015526e-01
-1.648532240409015526e-01
-2.046712862247123954e-01
-2.046712862247123954e-01
-2.046712862247123954e-01
-2.012715713189356659e-01
-6.003165532299145624e-02
-1.617089018713100540e-02
-1.617089018713100540e-02
-1.204933765265347491e-02
-9.145147352223070847e-02
-9.540387705116093464e-02
-1.054119628631381284e-01
-6.008653792047329717e-02
-6.008653792047329717e-02
-2.614235643848427521e-02
-2.614235643848427521e-02
-2.614235643848427521e-02
-2.614235643848427521e-02
-2.534522972257302869e-03
2.396964577318971834e-02
1.694780360456272714e-02
1.694780360456272714e-02
-9.262834482245060896e-02
-9.703946542356699234e-02
-9.991085633149704784e-03
-9.991085633149704784e-03
-9.991085633149704784e-03
-9.991085633149704784e-03
6.946391441197734273e-02
-9.284252936650463917e-02
-1.485591156593355777e-01
-1.485591156593355777e-01
-3.550836770741352955e-02
-7.811683787645337662e-02
-3.786620696324285995e-02
-3.786620696324285995e-02
-3.786620696324285995e-02
-1.674845174887910904e-01
-1.674845174887910904e-01
-1.695938326875288116e-01
-7.679458640958110316e-02
-4.378431390909778842e-02
-1.873376669300331684e-02
1.665658318985160230e-02
1.665658318985160230e-02
1.665658318985160230e-02
-1.177624163562432380e-02
-6.532927974957875028e-02
-6.532927974957875028e-02
-1.761990041334169504e-02
-1.761990041334169504e-02
7.474621984219739779e-02
7.474621984219739779e-02
6.463436477381191703e-02
-1.162388156484372125e-02
1.048585515294050557e-01
1.048585515294050557e-01
1.048585515294050557e-01
-7.710293331845839877e-03
-4.068977747773411952e-02
-1.024997935857086540e-01
7.857644249036434270e-02
7.857644249036434270e-02
2.731622507668854177e-04
2.731622507668854177e-04
3.291320603104451611e-04
-1.461274058353663127e-02
6.682479662113076369e-02
7.221897862342892965e-03
-7.120890805407689705e-03
-8.521748351808876298e-03
-4.899491691147839223e-02
-4.899491691147839223e-02
-4.899491691147839223e-02
-1.093781636240314936e-01
-1.306925282400873689e-01
-1.718141362376881809e-01
-3.251176841465117789e-02
-3.251176841465117789e-02
-3.251176841465117789e-02
-5.740010000192873052e-02
-3.634635005467126007e-02
9.025761898087211743e-02
9.025761898087211743e-02
1.242506805686025423e-01
-1.045975506427648388e-01
-1.045975506427648388e-01
-9.685155797289662916e-02
-1.474066263174205749e-01
-1.156035568626856413e-01
-1.156035568626856413e-01
-5.635180807711879375e-02
-6.893898717341757909e-02
-1.251939678576508841e-01
-1.251939678576508841e-01
-1.455919779452229390e-01
-1.455919779452229390e-01
-2.231233069622191589e-01
-1.116406658088885673e-01
-1.482205259027169209e-01
-1.484717179304304580e-01
-1.509474919529303349e-01
-1.509474919529303349e-01
-1.315149841646045814e-01
-1.315149841646045814e-01
-1.315149841646045814e-01
-1.196236550702917956e-01
8.730721047625922618e-03
8.730721047625922618e-03
-7.531723493370806599e-02
-1.582259735443616588e-01
-1.582259735443616588e-01
-1.582259735443616588e-01
-1.898463898229984792e-01
-3.575480045687028929e-01
-3.575480045687028929e-01
-3.735423889836311795e-01
-3.315719658598689779e-01
-3.678231903654181068e-01
-3.678231903654181068e-01
-3.678231903654181068e-01
-3.678231903654181068e-01
-3.678231903654181068e-01
-3.737032196633390813e-01
-3.212243179594191922e-01
-2.782285158514259948e-01
-2.782285158514259948e-01
-2.793464690506277659e-01
-2.794975655502014988e-01
-1.393770148594919989e-01
-1.393770148594919989e-01
-3.857440121064015237e-02
-8.086687322608078488e-02
-1.066812789495010239e-01
-1.066812789495010239e-01
-1.661520589391564662e-01
-1.661520589391564662e-01
-1.661520589391564662e-01
-2.034982313106993845e-01
-2.034982313106993845e-01
-2.236884533669072084e-01
-2.236884533669072084e-01
-2.236884533669072084e-01
-2.236884533669072084e-01
-2.236884533669072084e-01
-1.692864756853636743e-01
-1.848917238040783395e-01
-1.848917238040783395e-01
-1.848917238040783395e-01
-2.073079298926819303e-01
-9.354159504150315330e-02
-1.048744616440751010e-01
-8.196922778461877834e-02
-8.196922778461877834e-02
-2.445360577346576414e-01
-2.445360577346576414e-01
-1.251440745204132621e-01
-1.251440745204132621e-01
-2.040542926026922277e-01
-1.876277181659606885e-01
-1.147359499963310075e-01
-1.311379286756591545e-01
-1.260033878707070010e-01
-1.611957856141668088e-01
-1.935926837986430282e-01
-2.341469095699402203e-01
-2.037859798662892963e-01
-2.037859798662892963e-01
2.090120511647552970e-02
2.090120511647552970e-02
7.152392565059614155e-03
-7.848159763697619418e-02
-7.848159763697619418e-02
1.238134709977668779e-02
1.186215299574139639e-02
1.174461416311646175e-02
1.174461416311646175e-02
1.174461416311646175e-02
1.174461416311646175e-02
3.369502545365737206e-02
3.369502545365737206e-02
8.319155151431159578e-02
8.319155151431159578e-02
-3.852687306505632459e-02
1.710953518013466276e-02
9.475974499392428307e-02
9.475974499392428307e-02
4.036519923003521054e-02
4.036519923003521054e-02
3.390263988175286347e-02
3.573667877435131313e-02
-6.697022635608508058e-03
-7.852635132104313770e-03
-7.852635132104313770e-03
-2.570293471816655767e-02
2.391391110164230518e-02
2.391391110164230518e-02
4.219976129221043870e-02
5.045323028998583564e-02
1.425878464955090963e-02
-3.843587894265541177e-02
-3.843587894265541177e-02
1.551603867341895711e-02
5.361148552419186392e-03
5.361148552419186392e-03
4.042600557502671471e-02
2.368975319198432516e-02
-5.759352481860752909e-02
-9.870516000300991188e-02
5.277924738753541484e-02
5.277924738753541484e-02
5.277924738753541484e-02
5.277924738753541484e-02
5.268242523968801050e-02
5.398319601193857231e-02
5.398319601193857231e-02
7.412612814521270244e-02
7.412612814521270244e-02
1.638630648956918359e-02
1.638630648956918359e-02
6.977830212592983639e-02
-9.220906263494761668e-03
-9.220906263494761668e-03
-9.460299247485544349e-03
-9.460299247485544349e-03
-1.390973488649239857e-02
2.707813919798926841e-02
8.633337747849144372e-02
-1.342875519593620531e-02
-3.578349854536332780e-02
-3.578349854536332780e-02
-3.578349854536332780e-02
3.885325003214578146e-03
-2.182471071654435921e-02
7.081159759330082903e-02
9.068950846291069789e-02
-1.143564409881307337e-01
-2.366084142792935358e-02
-9.855547349948546795e-03
-3.673449687289481042e-02
3.703619037241789175e-02
6.189120916158735719e-02
7.792532221961294414e-03
7.792532221961294414e-03
7.792532221961294414e-03
7.792532221961294414e-03
-2.925280797834296440e-02
-2.925280797834296440e-02
-6.460648297696870712e-02
-6.460648297696870712e-02
-6.460648297696870712e-02
-5.920327349080509172e-02
4.491818761405301508e-02
4.491818761405301508e-02
-2.430240330581258379e-02
-2.430240330581258379e-02
3.359349233109211377e-03
3.702728356326331904e-02
-1.578927127582405443e-01
-1.578927127582405443e-01
-1.023161498635423994e-01
-1.694978290762619300e-01
-1.993959454301861001e-01
-1.639971051509800104e-01
-7.373148709010642066e-02
-7.373148709010642066e-02
-7.207529316608311809e-02
-1.303974470343092495e-01
-1.303974470343092495e-01
-1.329049087112581518e-01
-1.147767652883755624e-01
-1.228706698961736232e-01
-1.909784120958697429e-01
-1.909784120958697429e-01
2.258691460733871018e-02
6.438657563636843162e-02
-2.141694466063839147e-02
-4.632416463996433947e-02
-4.632416463996433947e-02
-4.632416463996433947e-02
-7.229030789596274653e-02
-1.525201632936188656e-01
-6.448249210987790081e-02
-5.822744887091277355e-02
-5.822744887091277355e-02
-6.939419188950900208e-02
-6.939419188950900208e-02
-8.716304746912680035e-02
-8.952731200067953754e-02
-3.654247090482993371e-02
-1.511713904768536010e-01
-6.386548803211783421e-02
-1.414549731602207927e-01
-2.279389996829271903e-01
-2.279389996829271903e-01
-1.902942615076799737e-01
-2.101956848861870619e-01
-2.101956848861870619e-01
-1.918541349185673150e-01
-1.960643885871020675e-01
-1.844169711773608333e-01
-1.844169711773608333e-01
-1.814906252898778882e-01
-1.202996025268353170e-01
-1.202996025268353170e-01
-1.173430540875440575e-01
-2.323406022200346505e-02
-2.323406022200346505e-02
-1.031888133329114804e-01
-8.881977549516389958e-02
-2.302711179374385825e-02
-2.302711179374385825e-02
-2.302711179374385825e-02
-1.356469045992074185e-01
-1.356469045992074185e-01
-1.434213978095828235e-01
-1.434213978095828235e-01
-5.259998981370309079e-02
-9.078753864504605225e-03
-6.173992024434445114e-02
-1.487654865071342571e-02
-8.420949698682674012e-02
-5.616903099431964225e-02
-5.616903099431964225e-02
-1.452650177394558817e-01
-9.755793749230155798e-02
-7.972597599925372591e-02
-8.207021825193509812e-02
-8.207021825193509812e-02
-9.902875193094760886e-02
-9.902875193094760886e-02
-7.951833577603646674e-02
-1.430193430366269100e-02
-8.203467026842593823e-02
-8.203467026842593823e-02
-7.064435914007492767e-02
-6.707628387102566869e-02
2.057682617614697840e-02
2.082036643742125534e-02
2.308530437119149514e-02
-8.259262754641664983e-02
-9.437559474585248409e-02
-2.406893043879554731e-02
-2.406893043879554731e-02
-2.406893043879554731e-02
7.201823763293602187e-02
8.395242304017297430e-02
2.163183369581966192e-02
-2.339477657494766060e-03
-2.339477657494766060e-03
-2.339477657494766060e-03
-1.110523762355639099e-01
-1.275918550272374385e-01
-8.950354400026094837e-02
-8.950354400026094837e-02
-2.367219710623787166e-02
-2.367219710623787166e-02
1.239015975846073092e-01
1.596080598401219131e-01
6.652686538078492196e-02
-6.710901933516819420e-03
-6.710901933516819420e-03
-2.125646495893463925e-02
-3.616821194368579490e-02
-3.616821194368579490e-02
-3.616821194368579490e-02
5.194990568815008314e-02
5.415379651863450050e-02
5.415379651863450050e-02
5.415379651863450050e-02
5.415379651863450050e-02
5.415379651863450050e-02
5.466033255149054665e-02
3.105043507762435002e-03
3.105043507762435002e-03
1.455937907293666234e-01
1.461024021893014557e-01
1.474105980411613837e-01
6.033501896190086172e-02
6.033501896190086172e-02
6.033501896190086172e-02
6.033501896190086172e-02
5.223763440204500647e-02
5.128491631201908402e-02
5.557229883612669480e-02
5.557229883612669480e-02
1.101246943401318068e-01
7.482379081511283947e-02
1.985394118688747489e-01
1.374110863995626763e-01
1.729222728906854578e-01
1.551612012350256919e-01
7.053822927085889871e-02
1.246786601393124611e-01
1.246786601393124611e-01
1.246786601393124611e-01
1.156374949127095125e-01
3.497670404210836276e-02
3.977084374850558407e-02
3.977084374850558407e-02
3.832709490440990713e-02
8.205387794716474670e-02
-4.388984071513442158e-03
-4.388984071513442158e-03
1.235312224917193141e-01
3.763377436117668756e-02
1.259410440862945846e-01
2.334568271809750184e-01
2.334568271809750184e-01
1.990715723814351079e-01
1.990715723814351079e-01
1.990715723814351079e-01
1.657733912926826481e-01
9.922491706040272030e-02
9.922491706040272030e-02
1.267476857428937453e-01
5.665237813735143901e-02
1.794765801638489311e-01
1.794765801638489311e-01
2.485788946993988391e-01
2.544815750525213360e-01
2.020988686873637363e-01
2.052478891636008718e-01
2.090410863320003518e-02
2.090410863320003518e-02
4.739751909443000455e-02
4.739751909443000455e-02
7.073044248211227125e-02
7.574561706721699705e-02
7.957639965411469896e-02
7.957639965411469896e-02
7.957639965411469896e-02
3.738859673245445436e-02
1.577906352722353162e-02
1.577906352722353162e-02
9.115977649487766454e-02
1.565884791461119308e-01
6.445440471553391670e-02
6.445440471553391670e-02
6.445440471553391670e-02
1.438819665143299398e-01
1.274300654252866760e-01
7.169293955992545042e-02
7.169293955992545042e-02
2.090298786210123029e-03
2.090298786210123029e-03
9.153856200201170024e-02
1.218362140272140764e-01
1.218362140272140764e-01
1.175324380825333997e-01
1.175324380825333997e-01
1.175324380825333997e-01
1.175324380825333997e-01
1.059304916465756002e-01
1.568842196900054331e-01
1.568842196900054331e-01
1.568842196900054331e-01
1.224253636890913072e-01
1.224253636890913072e-01
9.260702183115823716e-02
9.260702183115823716e-02
4.462433898691198220e-02
4.462433898691198220e-02
4.462433898691198220e-02
-2.628697837543953961e-02
9.221143220339525493e-02
9.221143220339525493e-02
9.615695026838640136e-02
1.087122353971527594e-01
1.379422764511192556e-01
2.694173251323866425e-01
2.694173251323866425e-01
1.041285952219304090e-01
2.015633897487000836e-01
2.015633897487000836e-01
2.091709523321286235e-01
7.338307222694118170e-02
2.182671739670956068e-01
1.620558930074616211e-01
1.620558930074616211e-01
1.886079463848465421e-01
1.860488290264210864e-01
2.539789148175716771e-01
2.539789148175716771e-01
2.539789148175716771e-01
2.539789148175716771e-01
9.562958966722272247e-02
1.218408385898127055e-01
3.139151669789790738e-02
4.621690985461950757e-02
-1.256958298527545252e-02
-1.256958298527545252e-02
-1.520348888879510980e-02
-1.520348888879510980e-02
-2.883981135977661120e-02
4.049911181217809644e-03
3.883066685842666635e-03
-4.428978467750539771e-02
-4.428978467750539771e-02
-1.591299910178469931e-02
-1.591299910178469931e-02
-4.889788096369904885e-02
-4.889788096369904885e-02
-1.054655608845548043e-01
-1.054655608845548043e-01
-1.054655608845548043e-01
-7.097133242388486973e-02
-4.053425388487303521e-02
-4.053425388487303521e-02
-4.053425388487303521e-02
-4.053425388487303521e-02
-4.053425388487303521e-02
-1.576607023622733361e-01
-1.646095812512639589e-01
-1.646095812512639589e-01
-1.646095812512639589e-01
-1.653774033310357605e-01
-1.624546481816953603e-01
-1.093402033932084141e-02
-6.047994616198690276e-02
-1.442657969945711494e-01
-9.686713777952955795e-02
-9.686713777952955795e-02
5.661661950819987799e-02
8.826267867515938392e-02
8.826267867515938392e-02
-3.477190188081703132e-02
4.846638555032131701e-02
5.245773531191423589e-02
1.591472065924457585e-02
1.591472065924457585e-02
1.591472065924457585e-02
9.529616677641011835e-02
9.029067339705695860e-02
4.670682054180617243e-02
4.670682054180617243e-02
4.670682054180617243e-02
4.670682054180617243e-02
4.670682054180617243e-02
-2.227914262289407837e-02
-2.227914262289407837e-02
-9.521748708348527768e-02
-2.423233453938953078e-02
-6.121580755101686117e-02
-6.121580755101686117e-02
-1.592657572912346831e-01
-2.794789457016411127e-02
-1.306735662053313818e-01
-5.490807801979291636e-02
-5.810546974203009002e-02
-1.199610438714813904e-01
-7.151615517704915104e-02
5.595927968077128722e-02
7.556567246799600346e-02
7.556567246799600346e-02
4.631572142666476322e-02
4.631572142666476322e-02
4.631572142666476322e-02
1.371190578282026618e-01
6.101262092707342849e-02
6.101262092707342849e-02
-5.615871060792434338e-02
-5.615871060792434338e-02
-1.381108294937467562e-01
-7.546527902748773053e-02
-7.546527902748773053e-02
-7.546527902748773053e-02
-7.546527902748773053e-02
-7.546527902748773053e-02
-2.656815101049565461e-02
6.021366031704143695e-02
-4.707585615709886963e-03
-6.458131164420774072e-04
7.356906440889193766e-02
7.356906440889193766e-02
7.356906440889193766e-02
7.356906440889193766e-02
7.318196446396944832e-02
7.318196446396944832e-02
7.318196446396944832e-02
1.069923678721310251e-01
1.026527515935732743e-01
9.829201048037171373e-02
4.897977347323916042e-02
-1.084974575010972352e-02
-1.084974575010972352e-02
-1.084974575010972352e-02
-1.084974575010972352e-02
2.095259907464317155e-03
-1.176599385254136626e-01
1.699882376807565834e-02
1.699882376807565834e-02
1.699882376807565834e-02
-1.783672552966344277e-02
-1.783672552966344277e-02
-1.783672552966344277e-02
-1.783672552966344277e-02
2.275688598364834433e-02
2.275688598364834433e-02
6.839738353650884339e-02
6.839738353650884339e-02
7.291254218627786499e-02
3.219458840792008975e-02
3.219458840792008975e-02
3.219458840792008975e-02
9.146680262210091228e-03
-5.341514481955971644e-02
-5.341514481955971644e-02
-1.105096478571673257e-01
-1.127174624687076743e-01
-1.127174624687076743e-01
-1.837304164177221144e-01
-1.837304164177221144e-01
-1.469404081682547103e-01
-6.596711485410597375e-02
-6.596711485410597375e-02
-7.311005683834315150e-02
1.660574667974236201e-03
-5.216329197794671718e-02
-5.216329197794671718e-02
9.243843484959270509e-03
1.139476364014696715e-02
-7.521974991124462384e-02
-5.823631320121976096e-02
-6.165307643740813338e-03
-1.011656037230793462e-02
3.699284711949207133e-02
-5.349692457805049761e-02
7.483367907892307658e-02
7.483367907892307658e-02
1.232155545123725660e-01
1.232155545123725660e-01
1.232155545123725660e-01
1.232155545123725660e-01
-3.310084076353729254e-01
-3.786952529624313946e-01
5.396741165252772615e-02
-1.105214599097681660e-01
-1.105214599097681660e-01
-1.105214599097681660e-01
-3.897731284317778461e-02
-5.632120132733561824e-02
-5.632120132733561824e-02
6.936855946116715632e-02
6.936855946116715632e-02
6.936855946116715632e-02
6.936855946116715632e-02
-6.023056452793016519e-02
-4.980188548126381759e-02
-4.980188548126381759e-02
-4.980188548126381759e-02
-2.093716367062519075e-03
-2.093716367062519075e-03
-7.714623300724864075e-02
4.724710821910822409e-03
4.724710821910822409e-03
-4.225992951692271460e-02
-1.294953794122160641e-02
-4.510765868874003215e-02
-6.856025971810346398e-02
-6.856025971810346398e-02
-5.090710203473345491e-02
8.423633852753792395e-02
-4.017779807035298106e-02
6.671386294315231544e-03
5.235035298433836359e-02
9.484041826159454736e-02
1.475576099647171457e-01
1.440287858522885933e-01
-2.923193475900419738e-02
-1.412438454509004626e-02
5.237886592818016829e-02
-1.169586277766027430e-03
-1.680772298352744554e-01
-1.680772298352744554e-01
-1.110624631849922439e-01
-9.249411488788308877e-02
-9.249411488788308877e-02
-5.926044268386027047e-02
-6.869257130516345788e-02
-8.182736027765458164e-02
-1.333044478252538578e-01
-1.333044478252538578e-01
-7.399601996075956534e-02
-7.399601996075956534e-02
-1.415209840712311207e-01
-1.415209840712311207e-01
-1.415209840712311207e-01
-2.182011021837828302e-01
-1.315232242348347569e-01
-1.968597537382028861e-01
-6.225053316728802050e-02
-6.225053316728802050e-02
-3.807074185227585575e-03
-3.807074185227585575e-03
-3.807074185227585575e-03
-2.357616361870404700e-02
-2.357616361870404700e-02
-2.357616361870404700e-02
-2.357616361870404700e-02
-8.913677972517891623e-02
-6.487659640986380427e-02
-6.487659640986380427e-02
-6.487659640986380427e-02
-1.292268576736068098e-01
-1.292268576736068098e-01
7.166367434332130901e-04
7.166367434332130901e-04
7.166367434332130901e-04
-1.088903716833330634e-02
-6.970237559712003095e-02
-1.655468862547205267e-01
-1.581932794122330871e-02
-1.673987769288937111e-02
-1.701905336558520720e-01
-1.701905336558520720e-01
-4.418160507271941262e-02
-4.418160507271941262e-02
-5.673800916911075215e-02
-5.673800916911075215e-02
4.688685122202575911e-03
4.688685122202575911e-03
1.299340871212989745e-01
6.732479442541097758e-02
6.732479442541097758e-02
3.453560336997395924e-02
3.453560336997395924e-02
3.453560336997395924e-02
7.010866087404665770e-02
-1.503076357981112110e-01
-6.509377672163038642e-02
-6.509377672163038642e-02
-8.861577647357930798e-02
-8.861577647357930798e-02
-1.295582395446924495e-01
-7.489258834528343678e-02
5.881598765233547743e-02
5.881598765233547743e-02
5.978163301663012158e-02
2.658415748010070894e-04
6.032811832061847623e-02
3.339150942091576729e-02
-3.483669571323503439e-02
-1.749041156026967525e-01
-9.526384297283298219e-02
-9.526384297283298219e-02
-1.307337618902827403e-01
-3.754604644897815979e-02
1.023486140337272199e-02
-8.578804187936232839e-02
-8.578804187936232839e-02
-1.038153819807390160e-01
-1.038153819807390160e-01
-1.038153819807390160e-01
-1.038153819807390160e-01
-1.327445098606810647e-01
-1.063224539913049799e-01
4.571403438858783613e-02
4.571403438858783613e-02
4.481731026726733236e-02
5.632173942537464090e-02
3.064646697618054680e-02
-1.123416738020535099e-01
-5.349290582552791717e-02
-5.349290582552791717e-02
-5.022573114488806251e-02
-5.022573114488806251e-02
-1.753237988207079212e-02
-1.753237988207079212e-02
-1.784851740365958339e-01
-2.031209086119604990e-01
-2.031209086119604990e-01
-1.291336270107032169e-01
-1.291336270107032169e-01
-1.560581910737719458e-01
-1.612502967336789383e-01
-2.070739041340078634e-01
-1.728549164965801355e-01
-1.363661867104368763e-01
-1.363661867104368763e-01
-1.363661867104368763e-01
-1.363661867104368763e-01
-2.020880059673242635e-01
-1.397576999136912190e-01
-1.696597258232590555e-01
-1.213353359909191270e-01
-1.213353359909191270e-01
-8.442672668832131022e-02
-9.716003915394955765e-04
-1.614981404281518318e-01
-1.614981404281518318e-01
-1.614981404281518318e-01
-1.124810930943963699e-01
-1.124810930943963699e-01
-1.980700706938753608e-01
-1.980700706938753608e-01
-1.070028833953789588e-01
-1.393602797709181940e-01
-1.393602797709181940e-01
1.144725953707973753e-01
1.144725953707973753e-01
4.692177140319963441e-02
6.623745816188637836e-02
1.340453443004730599e-02
1.340453443004730599e-02
1.340453443004730599e-02
1.340453443004730599e-02
-1.823844228602652939e-02
-1.823844228602652939e-02
-2.781863212150576924e-03
-4.792678128429865569e-02
-9.091037361677366604e-03
-1.128015233168399994e-01
-2.386190877181519621e-02
2.011290429565015109e-02
-5.163112826644330328e-02
-8.386858454383827599e-02
-8.647374530837870221e-02
1.537281753486809989e-02
3.014172854336138584e-03
6.157584989820800644e-03
5.364418764268412410e-02
4.601741029039119885e-02
4.601741029039119885e-02
4.601741029039119885e-02
6.157332647713213009e-02
4.926497773959037652e-02
2.873551232491658447e-02
-1.168287071182121280e-02
1.220501902838382231e-02
1.220501902838382231e-02
3.969421187312220656e-02
1.993051324907208627e-02
4.509418802646438657e-02
-2.619661850316964968e-02
-2.619661850316964968e-02
-2.619661850316964968e-02
-2.619661850316964968e-02
-2.619661850316964968e-02
-3.063888749026543942e-02
-3.063888749026543942e-02
2.630172016484816008e-02
-2.153862012284155775e-02
-2.153862012284155775e-02
-2.153862012284155775e-02
-7.942161057289232051e-02
-7.942161057289232051e-02
-7.942161057289232051e-02
-1.464662418987581760e-01
-1.819678829969747225e-01
-3.230561205812658866e-03
-1.289991612008282162e-01
-1.289991612008282162e-01
-1.289991612008282162e-01
-1.523660922571540288e-01
-1.490335688732325192e-01
-1.490335688732325192e-01
-1.490335688732325192e-01
-7.825062370876963158e-02
-7.825062370876963158e-02
-6.285694036664286888e-02
-7.743968624449454330e-02
