# Variable: dg_gbvi_00000390
# Sample shape: (2565,)
# Date: 2013-03-08 06:18:15.332407
-3.460804639476569022e+00
-2.598881043966151605e+00
-3.150460191761314643e+00
-3.851812049847320285e+00
-3.768962478131036242e+00
-3.695442042759689016e+00
-3.695442042759689016e+00
-5.351611739458073558e+00
-5.351611739458073558e+00
-4.402323876337543851e+00
-4.402323876337543851e+00
-4.402323876337543851e+00
-4.958560081195625635e+00
-5.684484477921598611e+00
-5.636618914922759238e+00
-5.645313959968103035e+00
-5.563654141919573526e+00
-5.563654141919573526e+00
-6.099535014673787003e+00
-6.142548079169496411e+00
-6.320444803564292613e+00
-5.231986865711152568e+00
-5.233600899790571859e+00
-5.359029674960919643e+00
-5.628838193622997643e+00
-5.611405192269547371e+00
-5.611405192269547371e+00
-5.728653707728851963e+00
-5.728653707728851963e+00
-5.728653707728851963e+00
-5.701919010423132761e+00
-5.701919010423132761e+00
-5.482011229005357755e+00
-5.482011229005357755e+00
-5.431444329570724427e+00
-5.773714377115431340e+00
-5.708039280537005489e+00
-5.646485775574996424e+00
-5.845354306061548044e+00
-5.070173717832970439e+00
-5.123492477599559614e+00
-4.955976043638612438e+00
-5.038254401345900746e+00
-5.335127061359657752e+00
-5.358299201768945252e+00
-5.310452047106998918e+00
-5.301228204337021133e+00
-5.424293585650227456e+00
-5.494794893928598434e+00
-5.494794893928598434e+00
-5.234520363938801601e+00
-5.295611985242878461e+00
-5.295611985242878461e+00
-5.295611985242878461e+00
-5.295611985242878461e+00
-5.053403557619389197e+00
-5.644302540409959157e+00
-5.644302540409959157e+00
-5.644302540409959157e+00
-5.644302540409959157e+00
-5.698582874041711932e+00
-5.698582874041711932e+00
-5.706954552823851223e+00
-5.741477114722102648e+00
-5.577178848285234913e+00
-5.577178848285234913e+00
-5.577178848285234913e+00
-5.577178848285234913e+00
-5.577178848285234913e+00
-5.577178848285234913e+00
-5.925190541342985284e+00
-5.925190541342985284e+00
-5.918770742875191004e+00
-5.891709577965309919e+00
-5.891709577965309919e+00
-5.891709577965309919e+00
-5.954604420991863378e+00
-5.954604420991863378e+00
-6.002496204263011670e+00
-6.040702756637109871e+00
-5.842705937756749179e+00
-5.842705937756749179e+00
-5.842705937756749179e+00
-5.336737979230624873e+00
-5.388770366163551984e+00
-5.456729472558392580e+00
-5.456729472558392580e+00
-5.633296463352564842e+00
-5.633296463352564842e+00
-5.637144416940026659e+00
-5.510599855860690788e+00
-5.510599855860690788e+00
-5.510599855860690788e+00
-5.475015186574408332e+00
-5.783437230546009111e+00
-5.797868612422867329e+00
-5.797868612422867329e+00
-5.833858570984719272e+00
-5.833858570984719272e+00
-5.852008777186870070e+00
-5.923810633905120859e+00
-5.935754540033746807e+00
-5.654034488625616639e+00
-5.654034488625616639e+00
-5.631561300185603081e+00
-5.761079281429789312e+00
-5.708327544535892528e+00
-5.708327544535892528e+00
-5.708327544535892528e+00
-5.708327544535892528e+00
-5.705592258622802504e+00
-5.705592258622802504e+00
-5.705592258622802504e+00
-5.705592258622802504e+00
-5.705592258622802504e+00
-5.573876433147627374e+00
-5.573876433147627374e+00
-5.820019473957968259e+00
-5.869922565145919258e+00
-5.869922565145919258e+00
-5.840101319227115617e+00
-5.840101319227115617e+00
-5.840101319227115617e+00
-5.885810871930412524e+00
-5.926428708907276466e+00
-5.413209539529408865e+00
-5.396754667044372233e+00
-5.632374060177522956e+00
-5.817340762122239717e+00
-5.817340762122239717e+00
-5.817340762122239717e+00
-5.826479031545236609e+00
-5.826479031545236609e+00
-5.760926077196084627e+00
-5.680779940787193283e+00
-5.680779940787193283e+00
-5.680779940787193283e+00
-5.680779940787193283e+00
-5.648375564595869314e+00
-5.659308214701527007e+00
-5.536759085076529807e+00
-5.536759085076529807e+00
-5.527450190513289563e+00
-5.527450190513289563e+00
-5.458282072938550833e+00
-5.752632942137368310e+00
-5.571376305728183986e+00
-5.977690568156093676e+00
-5.849259258441508180e+00
-5.838505138021122143e+00
-5.838505138021122143e+00
-5.413526739836372670e+00
-5.508636286329863019e+00
-5.489761305837913774e+00
-5.489761305837913774e+00
-5.664065170255677018e+00
-5.664065170255677018e+00
-5.487252735305345297e+00
-5.628516708895377363e+00
-5.553125633047089948e+00
-5.553125633047089948e+00
-5.553125633047089948e+00
-5.553125633047089948e+00
-5.514774433365269957e+00
-5.514774433365269957e+00
-5.514774433365269957e+00
-5.217737480356603008e+00
-5.311289353299931904e+00
-5.311289353299931904e+00
-5.311289353299931904e+00
-5.311289353299931904e+00
-5.311289353299931904e+00
-5.348745318938513016e+00
-5.309786337010230284e+00
-5.488766585384594165e+00
-5.461569194752318168e+00
-5.430445654050085835e+00
-5.829622862715505782e+00
-5.829622862715505782e+00
-5.655778591352093265e+00
-5.655778591352093265e+00
-5.496076017989861562e+00
-5.496076017989861562e+00
-5.815894266069891572e+00
-5.841578345339176970e+00
-5.846311312217848943e+00
-5.844948450904071002e+00
-5.844948450904071002e+00
-5.607277670439096084e+00
-5.607277670439096084e+00
-5.607277670439096084e+00
-5.613711332453229730e+00
-5.835014621802145030e+00
-5.835014621802145030e+00
-5.835014621802145030e+00
-5.835014621802145030e+00
-5.835014621802145030e+00
-5.677757124623893148e+00
-5.727665041939134838e+00
-5.813056524269681447e+00
-5.813056524269681447e+00
-5.813056524269681447e+00
-5.813056524269681447e+00
-5.813056524269681447e+00
-5.813056524269681447e+00
-5.770632800367405224e+00
-5.770632800367405224e+00
-5.925191239565553936e+00
-6.092782858028374271e+00
-6.074345366103298005e+00
-6.074345366103298005e+00
-5.898924112701458888e+00
-5.898924112701458888e+00
-5.898924112701458888e+00
-5.557563364807765360e+00
-5.557563364807765360e+00
-5.557563364807765360e+00
-5.557563364807765360e+00
-5.212578332789562729e+00
-5.496019643928743648e+00
-5.496019643928743648e+00
-5.455759029311888497e+00
-5.455759029311888497e+00
-5.420996295273371679e+00
-5.529805693183727833e+00
-5.529805693183727833e+00
-5.608156372607467688e+00
-5.510561706273430005e+00
-5.517009892908604662e+00
-5.502300887899806980e+00
-5.659837861926491520e+00
-5.353634374048940714e+00
-5.479756405726001312e+00
-5.479756405726001312e+00
-5.479756405726001312e+00
-5.695319995653753686e+00
-5.836784315858263739e+00
-5.836784315858263739e+00
-5.836784315858263739e+00
-5.800400905866052170e+00
-5.800400905866052170e+00
-5.663663992713304118e+00
-5.582212147600774443e+00
-5.841037466142204870e+00
-5.841037466142204870e+00
-5.841037466142204870e+00
-6.028273370494034999e+00
-6.036712860761198840e+00
-6.036712860761198840e+00
-5.418217445550713940e+00
-5.711034888146765631e+00
-5.711034888146765631e+00
-5.782167995482726752e+00
-5.782167995482726752e+00
-5.764764138033970475e+00
-5.764764138033970475e+00
-5.764764138033970475e+00
-5.683518939319244900e+00
-5.836573266498555235e+00
-5.899650051844467669e+00
-5.899650051844467669e+00
-5.822747503409877012e+00
-5.531452403678601470e+00
-5.474128436049976010e+00
-5.491930347923015709e+00
-5.348236420875788433e+00
-5.303539342033334769e+00
-5.162611430119456557e+00
-5.162611430119456557e+00
-5.539683515388319712e+00
-5.539683515388319712e+00
-5.260354885059600250e+00
-5.260057234519702085e+00
-5.260057234519702085e+00
-5.281077764710890854e+00
-5.281077764710890854e+00
-5.244800234753689949e+00
-5.986132164460742366e+00
-5.701083208444137185e+00
-5.701083208444137185e+00
-5.879607704926722356e+00
-5.879607704926722356e+00
-5.833992080135145919e+00
-5.278047644651690185e+00
-5.647252159006185934e+00
-5.647252159006185934e+00
-5.708133797401797160e+00
-5.708133797401797160e+00
-5.697753546208552677e+00
-5.668644340785612634e+00
-5.668644340785612634e+00
-5.668644340785612634e+00
-5.819019138880097586e+00
-5.826832335670583340e+00
-5.832231797360086567e+00
-5.613983409477539155e+00
-5.584619402802601940e+00
-5.584619402802601940e+00
-5.577404392325135518e+00
-5.577404392325135518e+00
-5.405350433230031726e+00
-5.466254050000325826e+00
-5.645713032303500079e+00
-5.769999809143916636e+00
-6.008499786600371984e+00
-6.008499786600371984e+00
-5.906594004930187047e+00
-5.779563397691276805e+00
-5.799944491260270674e+00
-5.799944491260270674e+00
-5.749766310759151899e+00
-5.832014263349626582e+00
-5.832014263349626582e+00
-5.643085785927431708e+00
-5.717328721112123091e+00
-5.503821271874699939e+00
-5.486939102727220074e+00
-5.429946909473085448e+00
-5.417787367294192968e+00
-5.474273315969492515e+00
-5.491378977529344674e+00
-5.491378977529344674e+00
-6.020820288169081991e+00
-6.020820288169081991e+00
-5.765421998207210130e+00
-5.765421998207210130e+00
-5.715820702627935290e+00
-5.715820702627935290e+00
-5.715820702627935290e+00
-5.673592560371524485e+00
-5.674060949772154139e+00
-5.674060949772154139e+00
-5.683123443450314838e+00
-5.793284309071633054e+00
-5.793284309071633054e+00
-5.800677915053086053e+00
-5.800677915053086053e+00
-5.927467926129669884e+00
-5.927467926129669884e+00
-5.965751886669897530e+00
-5.965751886669897530e+00
-5.927230351192271485e+00
-5.927230351192271485e+00
-5.962419112602476368e+00
-5.962419112602476368e+00
-5.962419112602476368e+00
-5.685018525986198057e+00
-5.444683627633752465e+00
-5.516777025716910643e+00
-5.433999966708159768e+00
-5.491782889011008528e+00
-5.690911349314446532e+00
-5.690911349314446532e+00
-5.662775184467710332e+00
-5.680070487013483493e+00
-5.680070487013483493e+00
-5.680070487013483493e+00
-5.758054474977462256e+00
-5.754969692914198909e+00
-5.851618140855335604e+00
-5.738882761854781300e+00
-5.685972260186633598e+00
-5.612809255564537914e+00
-5.612809255564537914e+00
-5.556879729956147429e+00
-5.813997177393603444e+00
-5.466013757412583551e+00
-5.466013757412583551e+00
-5.466013757412583551e+00
-5.466013757412583551e+00
-5.466013757412583551e+00
-5.829077842309744462e+00
-5.908880689189030200e+00
-5.637813658536974692e+00
-5.630866227847947769e+00
-5.630866227847947769e+00
-5.621672386983983749e+00
-5.621672386983983749e+00
-5.621672386983983749e+00
-5.971464197758489689e+00
-5.794843897683359835e+00
-5.794843897683359835e+00
-5.719512032564899151e+00
-5.719512032564899151e+00
-5.719512032564899151e+00
-5.719512032564899151e+00
-5.703611502840060687e+00
-5.703611502840060687e+00
-5.787811130600660547e+00
-5.787811130600660547e+00
-5.898641180784887972e+00
-5.898641180784887972e+00
-5.376036539016855187e+00
-5.311080039171207190e+00
-5.311080039171207190e+00
-5.496463229145327922e+00
-5.274401558154953484e+00
-5.273355099336647811e+00
-5.273355099336647811e+00
-5.273355099336647811e+00
-5.277670266512378916e+00
-5.350270778969397512e+00
-5.341471002088231224e+00
-5.801670939793016402e+00
-5.658059437645687417e+00
-5.639709668895912742e+00
-5.639709668895912742e+00
-5.639709668895912742e+00
-5.380478902898991223e+00
-5.380478902898991223e+00
-5.404472386881964852e+00
-5.514555080495266992e+00
-5.520435581243961387e+00
-5.434015630216713078e+00
-5.434015630216713078e+00
-5.398689151031297762e+00
-5.399827667482630211e+00
-5.399827667482630211e+00
-5.391250801386973102e+00
-5.593111511849430784e+00
-5.593111511849430784e+00
-5.573526349886289033e+00
-5.486249186332134542e+00
-5.486249186332134542e+00
-5.820673226329415861e+00
-5.732547367922050441e+00
-5.757907334131398436e+00
-6.099893587313391485e+00
-6.085699265610465147e+00
-6.085699265610465147e+00
-6.085699265610465147e+00
-6.087969868978837518e+00
-5.071105494889144971e+00
-5.071105494889144971e+00
-4.989092251640570908e+00
-5.156100716961014463e+00
-5.825952594868558876e+00
-5.895962775031439840e+00
-5.648323230295120290e+00
-5.622582887316330158e+00
-5.588855054166699254e+00
-5.588855054166699254e+00
-5.588855054166699254e+00
-5.579223260028931541e+00
-5.450362719511569587e+00
-5.457552667486389453e+00
-5.457552667486389453e+00
-5.457552667486389453e+00
-5.541641408100488775e+00
-5.723428743000267716e+00
-5.723428743000267716e+00
-5.233828770965584631e+00
-5.360840311223292076e+00
-5.369651996564312135e+00
-5.421567327047417173e+00
-5.627880441282368196e+00
-5.579414753163746354e+00
-5.579414753163746354e+00
-5.579414753163746354e+00
-5.579414753163746354e+00
-5.449111348470441207e+00
-5.616635298881336169e+00
-5.693083943518979950e+00
-5.653463873664809292e+00
-5.653674356204232865e+00
-5.749683336563034430e+00
-5.749683336563034430e+00
-5.429036657006344413e+00
-5.428195039359003715e+00
-5.479645126558337687e+00
-5.320034408900664147e+00
-5.320034408900664147e+00
-5.752569864686507550e+00
-5.885554112451903741e+00
-5.894107696328759083e+00
-5.765908029797186529e+00
-5.714002057504842469e+00
-5.508526649142052811e+00
-5.613770118737479109e+00
-5.934211226942691653e+00
-5.679805980655392439e+00
-5.841420864509071720e+00
-5.599619186005970306e+00
-5.599619186005970306e+00
-5.780574485467978363e+00
-5.565083299846503628e+00
-5.703156011892510868e+00
-5.703156011892510868e+00
-5.703156011892510868e+00
-5.703156011892510868e+00
-5.675706550306462539e+00
-5.675706550306462539e+00
-5.675706550306462539e+00
-5.675706550306462539e+00
-5.661183363212201947e+00
-5.231108764534208255e+00
-5.231108764534208255e+00
-5.231108764534208255e+00
-5.277145600701791395e+00
-5.194784860612911004e+00
-5.194784860612911004e+00
-5.194784860612911004e+00
-5.520907151033667581e+00
-5.313556748695237530e+00
-5.654107818191993928e+00
-5.654107818191993928e+00
-5.802721200698679915e+00
-5.819405014432727619e+00
-5.819405014432727619e+00
-5.959866843355880128e+00
-5.941364640631038974e+00
-5.390019762512702428e+00
-5.483011825808830508e+00
-5.498193330769757026e+00
-5.498193330769757026e+00
-5.498193330769757026e+00
-5.498193330769757026e+00
-5.465473711086114683e+00
-5.465473711086114683e+00
-5.495288482921860229e+00
-5.495288482921860229e+00
-5.790381967651487827e+00
-6.071236574356650095e+00
-6.071236574356650095e+00
-5.617673568502447701e+00
-5.622411445507156103e+00
-5.775765254507451374e+00
-5.925971691108945727e+00
-5.748855730566148736e+00
-5.748855730566148736e+00
-5.748855730566148736e+00
-5.587007180047531385e+00
-5.587007180047531385e+00
-5.592215981905895639e+00
-5.563832192150106160e+00
-5.485494198397737442e+00
-5.564184725747601590e+00
-5.605198415809425683e+00
-5.605198415809425683e+00
-5.704673580031026425e+00
-5.704673580031026425e+00
-5.704673580031026425e+00
-5.704673580031026425e+00
-5.237875840055114196e+00
-5.435358357962962295e+00
-5.435358357962962295e+00
-5.665658674874628709e+00
-5.665658674874628709e+00
-5.665658674874628709e+00
-5.665658674874628709e+00
-5.665658674874628709e+00
-5.642956787782369865e+00
-5.642956787782369865e+00
-5.642956787782369865e+00
-5.663895277854877008e+00
-5.624459289006145113e+00
-5.624459289006145113e+00
-5.624459289006145113e+00
-5.624459289006145113e+00
-5.624459289006145113e+00
-5.624459289006145113e+00
-5.624459289006145113e+00
-5.624459289006145113e+00
-5.621904314081725751e+00
-5.621904314081725751e+00
-5.562707057244162812e+00
-5.500790627294199986e+00
-5.500790627294199986e+00
-5.670958880483659037e+00
-5.670958880483659037e+00
-5.670958880483659037e+00
-5.636943299022812326e+00
-5.636943299022812326e+00
-5.636943299022812326e+00
-5.660559892849385655e+00
-5.660559892849385655e+00
-5.654769219916925493e+00
-5.654769219916925493e+00
-5.684884447176346889e+00
-5.317116152570097398e+00
-5.317116152570097398e+00
-5.316854606343110135e+00
-5.316854606343110135e+00
-5.316854606343110135e+00
-5.316854606343110135e+00
-5.339879693724661536e+00
-5.339879693724661536e+00
-5.339879693724661536e+00
-5.340229429223583679e+00
-5.881831734226187436e+00
-5.881831734226187436e+00
-5.881831734226187436e+00
-5.881831734226187436e+00
-5.881831734226187436e+00
-5.929849503193221238e+00
-5.929849503193221238e+00
-5.929849503193221238e+00
-5.738237228080723007e+00
-5.590812741840690769e+00
-5.804274066622872041e+00
-5.804274066622872041e+00
-5.879646751993968579e+00
-5.695071368119470456e+00
-5.695071368119470456e+00
-5.724863234259286671e+00
-5.667511969622680112e+00
-5.745779940365511429e+00
-5.679937048952143464e+00
-5.643733257883535082e+00
-5.643733257883535082e+00
-5.678706782461440561e+00
-5.678706782461440561e+00
-5.827025063435299579e+00
-5.633562886223050015e+00
-5.639127954170512602e+00
-5.639127954170512602e+00
-5.632591516009691546e+00
-5.723679404865337439e+00
-5.708459575438613598e+00
-5.708459575438613598e+00
-5.677053586557931908e+00
-5.677053586557931908e+00
-5.677053586557931908e+00
-5.826423562310144355e+00
-5.790533109356452712e+00
-5.694028213445268882e+00
-5.694028213445268882e+00
-5.694028213445268882e+00
-5.670815112570913641e+00
-5.670815112570913641e+00
-5.437628924426129551e+00
-5.582717982769954901e+00
-5.582717982769954901e+00
-5.582717982769954901e+00
-5.545238378886544695e+00
-5.317676391027138294e+00
-5.809893838953323453e+00
-5.809893838953323453e+00
-5.946956092641335623e+00
-5.938530882235365738e+00
-6.032725149556974920e+00
-5.478672322788953331e+00
-5.511163599564761206e+00
-5.511163599564761206e+00
-5.630318864522739553e+00
-5.624420894205800714e+00
-5.680820964252290217e+00
-5.662149034990585861e+00
-5.701958087561544986e+00
-5.597173593736947339e+00
-5.597173593736947339e+00
-5.596687595800329262e+00
-5.596687595800329262e+00
-5.596687595800329262e+00
-5.596687595800329262e+00
-5.596687595800329262e+00
-5.442243631421995964e+00
-5.442243631421995964e+00
-5.448719465610325052e+00
-5.448719465610325052e+00
-6.050482951879495808e+00
-5.767196511038033435e+00
-5.487268111204799403e+00
-5.487268111204799403e+00
-5.487268111204799403e+00
-5.487268111204799403e+00
-5.487268111204799403e+00
-5.520170500611223829e+00
-5.520170500611223829e+00
-5.520170500611223829e+00
-5.508795178236496781e+00
-5.580245557446467330e+00
-5.367349483699079826e+00
-5.408700379719249440e+00
-5.408700379719249440e+00
-5.408700379719249440e+00
-5.408700379719249440e+00
-5.408700379719249440e+00
-5.404606804686188148e+00
-5.404606804686188148e+00
-5.404606804686188148e+00
-5.404606804686188148e+00
-5.566175079884236432e+00
-5.566175079884236432e+00
-5.587472769606565137e+00
-5.587472769606565137e+00
-5.507088508317854014e+00
-5.507088508317854014e+00
-6.035099597134145455e+00
-6.035099597134145455e+00
-5.671797254368796892e+00
-5.852451982083170634e+00
-5.782168676510015537e+00
-6.047038139100816778e+00
-5.938479387644539642e+00
-5.924782287416456406e+00
-5.423577904745296330e+00
-5.423577904745296330e+00
-5.463860834744254547e+00
-5.423390849534611036e+00
-5.423390849534611036e+00
-5.511309292385576875e+00
-5.496301715790083975e+00
-5.496301715790083975e+00
-5.547769062756968239e+00
-5.758193468884092781e+00
-5.660153131730979226e+00
-5.801881520453331831e+00
-5.496527415988157195e+00
-5.819675002271576858e+00
-5.819675002271576858e+00
-5.894050037250448959e+00
-5.470429226267704337e+00
-5.470429226267704337e+00
-5.470429226267704337e+00
-5.470429226267704337e+00
-5.934894250605649013e+00
-5.625993479244385753e+00
-5.617970684827228389e+00
-5.619344372528713549e+00
-5.619344372528713549e+00
-5.986275192992951411e+00
-5.986275192992951411e+00
-5.822106772414513465e+00
-5.790761936324260617e+00
-5.790761936324260617e+00
-5.790761936324260617e+00
-6.384027545875081699e+00
-6.164588452977834088e+00
-6.164588452977834088e+00
-6.164588452977834088e+00
-6.208791578088002971e+00
-6.208791578088002971e+00
-6.070673203660202688e+00
-6.187650102018219300e+00
-6.187650102018219300e+00
-6.319177576423878229e+00
-5.947935187839415327e+00
-5.947935187839415327e+00
-5.809978350798106206e+00
-5.841863392775046293e+00
-5.942455531671712698e+00
-5.924285868063098981e+00
-5.924285868063098981e+00
-5.894741713608270040e+00
-6.105338204652960066e+00
-6.141824652234855186e+00
-6.141824652234855186e+00
-6.141824652234855186e+00
-6.141824652234855186e+00
-6.088568370078712988e+00
-6.088568370078712988e+00
-5.380463597788484265e+00
-5.899087857444984984e+00
-5.500307510495654917e+00
-5.430769839635113172e+00
-5.555397509853076343e+00
-5.757309708587344588e+00
-5.794607884161662170e+00
-5.437107242441026500e+00
-5.391363603784978586e+00
-5.391363603784978586e+00
-5.323094374093320980e+00
-5.931009687666985108e+00
-5.931009687666985108e+00
-5.931009687666985108e+00
-5.719426596664744622e+00
-5.741084345079594087e+00
-6.078041830964426850e+00
-6.018399507593009901e+00
-6.018399507593009901e+00
-5.984786689543171612e+00
-5.984786689543171612e+00
-5.955182697075125375e+00
-6.151620683909206022e+00
-6.068355527346547262e+00
-6.068355527346547262e+00
-5.923387096839939581e+00
-6.011450723876883728e+00
-6.119228929152827234e+00
-6.119228929152827234e+00
-6.049740372718318326e+00
-6.049740372718318326e+00
-6.049740372718318326e+00
-6.049740372718318326e+00
-6.096201219899186619e+00
-6.096201219899186619e+00
-6.096201219899186619e+00
-6.346887166480104092e+00
-6.346887166480104092e+00
-6.346887166480104092e+00
-6.346887166480104092e+00
-5.746485502496001097e+00
-6.102827298805238776e+00
-6.102827298805238776e+00
-6.058809922879610177e+00
-6.008227662623694343e+00
-5.712436053157546212e+00
-5.760105727221050742e+00
-5.965027661467916076e+00
-6.001807793946124292e+00
-5.920652527453588831e+00
-5.978667225498033311e+00
-5.978667225498033311e+00
-5.978667225498033311e+00
-5.703596510203116310e+00
-5.703596510203116310e+00
-5.793961837418097005e+00
-5.647250745883292566e+00
-5.647250745883292566e+00
-6.047840668466224479e+00
-6.047840668466224479e+00
-6.047840668466224479e+00
-6.127611861442811225e+00
-6.196870713832931976e+00
-6.196870713832931976e+00
-6.202675993395758702e+00
-6.198139865585547525e+00
-6.198139865585547525e+00
-6.198139865585547525e+00
-6.070929113322599768e+00
-6.273857861997761631e+00
-6.273857861997761631e+00
-6.273857861997761631e+00
-6.012208997560982482e+00
-6.023047894191904561e+00
-6.023047894191904561e+00
-5.863139399288495923e+00
-5.863139399288495923e+00
-5.803048835119483329e+00
-5.717123339751058353e+00
-5.717123339751058353e+00
-5.753560376711257085e+00
-5.753560376711257085e+00
-5.931074681575325691e+00
-6.011966399093655156e+00
-5.465481572702074686e+00
-5.753760815999417133e+00
-5.753760815999417133e+00
-5.753760815999417133e+00
-6.045668489103550591e+00
-6.045668489103550591e+00
-5.751309691301083049e+00
-5.751309691301083049e+00
-5.753086049270628166e+00
-5.788154649826794618e+00
-6.061907634180175641e+00
-5.538086912567092845e+00
-5.538086912567092845e+00
-5.581443817065848911e+00
-5.581443817065848911e+00
-6.089102137527063086e+00
-5.967655820497831165e+00
-5.967655820497831165e+00
-5.967655820497831165e+00
-6.058100327529034601e+00
-5.910099275580981804e+00
-5.910099275580981804e+00
-5.570272451291730320e+00
-5.570272451291730320e+00
-5.634390763444289796e+00
-5.634390763444289796e+00
-5.750094055877451815e+00
-5.596006550022514681e+00
-5.922923702551338820e+00
-5.917304737444083251e+00
-5.917304737444083251e+00
-5.917304737444083251e+00
-6.028999060757689321e+00
-5.950697083615851035e+00
-5.877986246275033189e+00
-5.877986246275033189e+00
-5.877986246275033189e+00
-5.951946250287562634e+00
-5.951946250287562634e+00
-5.900054803163435224e+00
-5.946572340796475231e+00
-5.905541204960605306e+00
-5.905541204960605306e+00
-5.905541204960605306e+00
-5.518071804392703505e+00
-5.484621944953218531e+00
-5.577072755060524578e+00
-5.797924851197056917e+00
-5.876599448202572518e+00
-5.591721734034377000e+00
-5.591721734034377000e+00
-5.540149478932770322e+00
-5.540149478932770322e+00
-5.540149478932770322e+00
-5.540149478932770322e+00
-5.547008233043358771e+00
-5.661669048417622641e+00
-5.661669048417622641e+00
-5.661669048417622641e+00
-5.661669048417622641e+00
-6.134259893507998385e+00
-6.149517342354961613e+00
-6.148536739078009461e+00
-6.103389125558588368e+00
-5.992610528848469009e+00
-5.992610528848469009e+00
-5.992610528848469009e+00
-5.992610528848469009e+00
-5.768784323485999899e+00
-5.768784323485999899e+00
-5.768784323485999899e+00
-5.768784323485999899e+00
-5.768017433412339301e+00
-5.714406270975826985e+00
-5.650245964948588551e+00
-5.607857962828277643e+00
-5.607857962828277643e+00
-5.843038791772744212e+00
-5.932561945721928964e+00
-5.932561945721928964e+00
-5.855789398364361631e+00
-5.855789398364361631e+00
-5.958711851077302946e+00
-5.662515632755725115e+00
-6.006723934678924515e+00
-6.074848729219640475e+00
-6.074848729219640475e+00
-5.891566549353681737e+00
-5.891032445560238529e+00
-5.891032445560238529e+00
-5.891032445560238529e+00
-5.891032445560238529e+00
-5.875861038977360451e+00
-5.811019545509370055e+00
-5.810653772689877705e+00
-5.810653772689877705e+00
-5.810653772689877705e+00
-5.706530396119490867e+00
-5.668214910442423538e+00
-5.668214910442423538e+00
-5.668214910442423538e+00
-5.972408541086213773e+00
-5.972408541086213773e+00
-5.973514894256248375e+00
-6.080829612834798503e+00
-5.891441639610412118e+00
-5.891441639610412118e+00
-5.891441639610412118e+00
-5.912714926411318572e+00
-5.935080907795290628e+00
-5.935080907795290628e+00
-5.860990929387435600e+00
-6.025578560926422966e+00
-6.025578560926422966e+00
-5.862282830928466915e+00
-6.063909262314274962e+00
-6.035423607674767155e+00
-6.053063042430422591e+00
-6.010533609266183852e+00
-6.010533609266183852e+00
-5.917813654208822882e+00
-5.917813654208822882e+00
-5.753292346928608580e+00
-5.658222774020457813e+00
-5.658222774020457813e+00
-5.646649385627908302e+00
-5.646649385627908302e+00
-6.130258525669467495e+00
-6.130258525669467495e+00
-6.130258525669467495e+00
-5.935008905819578295e+00
-5.935008905819578295e+00
-5.935008905819578295e+00
-5.935008905819578295e+00
-5.993945100726427277e+00
-5.993945100726427277e+00
-5.993945100726427277e+00
-5.910330087516721953e+00
-5.970514793709083889e+00
-5.970514793709083889e+00
-5.957692137906314578e+00
-5.492947355534463227e+00
-5.615870259740464832e+00
-5.615870259740464832e+00
-5.601983340807842104e+00
-5.600264735769894031e+00
-5.600264735769894031e+00
-5.532752259855702626e+00
-5.559648341392708915e+00
-5.597730221053239141e+00
-5.565053320780644519e+00
-5.565053320780644519e+00
-5.565053320780644519e+00
-5.565053320780644519e+00
-5.993166143357369080e+00
-5.937165160172040324e+00
-5.937165160172040324e+00
-5.977779382362570004e+00
-5.977779382362570004e+00
-5.977779382362570004e+00
-5.977779382362570004e+00
-5.977779382362570004e+00
-5.788141516566173372e+00
-5.827663032070328875e+00
-5.527659987237518280e+00
-5.304678310488684545e+00
-5.400057530360777847e+00
-6.002994395076171941e+00
-5.852257670368349984e+00
-5.767922635018947197e+00
-5.767922635018947197e+00
-5.812128420734641310e+00
-5.812128420734641310e+00
-5.812128420734641310e+00
-5.636645442854243626e+00
-5.573181236583309328e+00
-5.984053492141294228e+00
-5.946785171956501692e+00
-5.946785171956501692e+00
-5.490908977898521393e+00
-5.793728657515630154e+00
-5.793728657515630154e+00
-5.443281056627085057e+00
-5.443281056627085057e+00
-5.433852548670567550e+00
-5.442365486340880132e+00
-5.480434592623257828e+00
-5.480434592623257828e+00
-5.480434592623257828e+00
-5.430851792645198017e+00
-5.512748239302802666e+00
-5.512748239302802666e+00
-5.569725289949025715e+00
-6.039449832900324999e+00
-6.035383162171404692e+00
-5.748734061109877835e+00
-5.748734061109877835e+00
-6.092383580274129962e+00
-6.047084014998445944e+00
-6.047084014998445944e+00
-5.820276444082753464e+00
-5.783309323234446353e+00
-5.910369261269935670e+00
-5.843804142687984537e+00
-5.843804142687984537e+00
-5.935941659380342905e+00
-5.941164998804295827e+00
-5.941164998804295827e+00
-5.941164998804295827e+00
-5.973697583507507680e+00
-5.973697583507507680e+00
-5.704650886617824490e+00
-5.537698743825102632e+00
-5.537698743825102632e+00
-5.537698743825102632e+00
-5.677066437763481410e+00
-5.813149043899348278e+00
-5.803160724989637309e+00
-6.080182237444964777e+00
-6.080182237444964777e+00
-5.565807398312215604e+00
-5.565807398312215604e+00
-5.573211113989490428e+00
-5.557098079532164725e+00
-5.557098079532164725e+00
-5.557098079532164725e+00
-5.557098079532164725e+00
-5.541580805520265329e+00
-5.731684568181929507e+00
-5.731684568181929507e+00
-5.981851646954087443e+00
-5.981851646954087443e+00
-5.877230115607579464e+00
-5.878892365701726241e+00
-5.958672930876570462e+00
-5.908649966563829459e+00
-5.908649966563829459e+00
-5.908649966563829459e+00
-5.908649966563829459e+00
-5.914657809610005756e+00
-5.914657809610005756e+00
-6.061555780833222329e+00
-6.061555780833222329e+00
-6.013945599624944016e+00
-5.569564919354756505e+00
-5.569564919354756505e+00
-5.536472823217629013e+00
-5.536472823217629013e+00
-5.541841433137076223e+00
-5.578635654128757615e+00
-5.656791086261472756e+00
-5.656791086261472756e+00
-5.656791086261472756e+00
-5.656791086261472756e+00
-5.656791086261472756e+00
-5.685162824477182575e+00
-5.685162824477182575e+00
-5.987089398489882974e+00
-6.063232475499976459e+00
-6.104871811727732300e+00
-6.104871811727732300e+00
-5.549488759836998852e+00
-5.302847285870049276e+00
-5.351109519825046235e+00
-5.386517191855602960e+00
-5.272219212873537231e+00
-5.177213330146183345e+00
-5.631370153138766987e+00
-5.566714300993484521e+00
-5.607460893793382084e+00
-5.425674908056572043e+00
-5.425674908056572043e+00
-5.315836375224902710e+00
-5.439323518558429882e+00
-5.439323518558429882e+00
-5.629236056253168030e+00
-5.619288944797968810e+00
-5.619288944797968810e+00
-5.539893597459834673e+00
-5.522871520720280536e+00
-5.522871520720280536e+00
-5.513416569187970850e+00
-5.298910446617478343e+00
-5.298910446617478343e+00
-5.468319548473707492e+00
-5.468319548473707492e+00
-5.461164751866811606e+00
-5.461164751866811606e+00
-5.459076245063475774e+00
-5.597956729782000096e+00
-5.596588159509942706e+00
-5.596588159509942706e+00
-5.596588159509942706e+00
-5.403220997489373900e+00
-5.406151669639592150e+00
-5.254756254247139324e+00
-6.104654911053885691e+00
-6.063670864599869148e+00
-6.063670864599869148e+00
-5.974723644692507385e+00
-5.939225254211851990e+00
-5.282205960679422496e+00
-5.282205960679422496e+00
-5.743464134758697881e+00
-5.743464134758697881e+00
-5.549541276468842987e+00
-5.549541276468842987e+00
-5.549541276468842987e+00
-5.595781441473724804e+00
-5.619561556764083754e+00
-5.619561556764083754e+00
-5.822932029673581589e+00
-5.474240046638898960e+00
-5.474240046638898960e+00
-5.474240046638898960e+00
-5.449834925465530944e+00
-5.852209096923246534e+00
-5.867382379963272498e+00
-5.867382379963272498e+00
-5.867382379963272498e+00
-5.867382379963272498e+00
-5.740073717834532907e+00
-5.578545412265393466e+00
-5.536080732852615149e+00
-5.536080732852615149e+00
-5.856065204815839031e+00
-5.574386503861489039e+00
-5.574386503861489039e+00
-5.574386503861489039e+00
-5.574386503861489039e+00
-5.574386503861489039e+00
-5.581335569512915207e+00
-5.494252752454069189e+00
-5.492570863852289875e+00
-5.648765181658359502e+00
-5.648765181658359502e+00
-5.648765181658359502e+00
-5.310536348010518104e+00
-5.472644227791579219e+00
-5.514176386587290146e+00
-5.514176386587290146e+00
-5.356647270597831856e+00
-5.356647270597831856e+00
-5.353206938326332320e+00
-5.353206938326332320e+00
-5.353206938326332320e+00
-5.290976028772781170e+00
-5.287876015655879947e+00
-5.116666158958270039e+00
-5.650537865154046102e+00
-5.540192372805592846e+00
-5.476819163240281618e+00
-5.476819163240281618e+00
-5.476819163240281618e+00
-5.476819163240281618e+00
-5.476819163240281618e+00
-5.413483988867730190e+00
-5.413483988867730190e+00
-5.240342140164418794e+00
-5.240342140164418794e+00
-5.240342140164418794e+00
-5.405787063016661342e+00
-5.328395979589497067e+00
-5.578248538816630742e+00
-5.584067525548686461e+00
-5.600573480790271397e+00
-5.598298025691176960e+00
-5.555635391892660202e+00
-5.543863058809626487e+00
-5.543863058809626487e+00
-5.568113770655333639e+00
-5.568113770655333639e+00
-5.568113770655333639e+00
-5.568113770655333639e+00
-5.503792150698351371e+00
-5.568791593791372563e+00
-5.645100965342975563e+00
-5.645100965342975563e+00
-5.606124041713641759e+00
-5.606124041713641759e+00
-5.682303991787691189e+00
-5.808464315372885878e+00
-5.738079896217797682e+00
-5.767687780314704860e+00
-5.761530343453336478e+00
-5.762060783925268659e+00
-5.582780460057724881e+00
-5.638217117563481651e+00
-5.533974638912980915e+00
-5.533974638912980915e+00
-5.533974638912980915e+00
-5.424029048184395130e+00
-5.480372673536490602e+00
-5.480372673536490602e+00
-5.508467615116192206e+00
-5.508467615116192206e+00
-5.508467615116192206e+00
-5.508467615116192206e+00
-5.298856107447890373e+00
-5.486882641210566014e+00
-5.675676857892461236e+00
-5.675676857892461236e+00
-5.688022614361372575e+00
-5.688022614361372575e+00
-5.833138956329401381e+00
-5.466810791570665629e+00
-5.443082413788186358e+00
-5.443082413788186358e+00
-5.573060932656467514e+00
-5.573060932656467514e+00
-5.647103736587356870e+00
-5.440228966795564780e+00
-5.443548635660095947e+00
-5.443548635660095947e+00
-5.443548635660095947e+00
-5.478249824470821316e+00
-5.478249824470821316e+00
-5.470450513371610590e+00
-5.448006572245944312e+00
-5.448006572245944312e+00
-5.448006572245944312e+00
-5.040689178539889959e+00
-5.029206259978384885e+00
-5.015487667529307636e+00
-5.592759979905484791e+00
-5.592759979905484791e+00
-5.595905761911746268e+00
-5.595905761911746268e+00
-5.339207017271521138e+00
-5.447271337527999080e+00
-5.129780510678469518e+00
-5.129780510678469518e+00
-5.134972466608558328e+00
-5.134972466608558328e+00
-5.134972466608558328e+00
-5.134972466608558328e+00
-5.077649850672892207e+00
-5.077649850672892207e+00
-5.077649850672892207e+00
-5.000999283750028113e+00
-5.184406225324170947e+00
-5.416669737567163523e+00
-5.416669737567163523e+00
-5.241259268839462138e+00
-5.330913350296178521e+00
-5.417183155765795455e+00
-5.417183155765795455e+00
-5.322072820007758942e+00
-5.322072820007758942e+00
-5.258505389795733898e+00
-5.431593168518797476e+00
-5.431593168518797476e+00
-5.402671878338769496e+00
-5.663854153922756929e+00
-5.663854153922756929e+00
-5.665151935932420280e+00
-5.407167380526309408e+00
-5.407167380526309408e+00
-5.407167380526309408e+00
-5.409280363233971656e+00
-5.454744198743060934e+00
-5.454744198743060934e+00
-5.454744198743060934e+00
-5.454744198743060934e+00
-5.454744198743060934e+00
-5.454744198743060934e+00
-5.454744198743060934e+00
-5.368538078567737237e+00
-5.365007741424661525e+00
-5.565831381084662688e+00
-5.562302796193566046e+00
-5.541097834593699645e+00
-5.560390460074057017e+00
-5.560390460074057017e+00
-5.608727706867811413e+00
-5.471816992178860417e+00
-5.395959179790034810e+00
-5.441959464898698862e+00
-5.441959464898698862e+00
-5.488213625332786449e+00
-5.759631931137140448e+00
-5.759631931137140448e+00
-5.061345392442976099e+00
-5.209476735773651335e+00
-5.209476735773651335e+00
-5.480959057039888727e+00
-5.469712498595981742e+00
-5.469712498595981742e+00
-5.399951218904607941e+00
-5.419385495369281713e+00
-5.419385495369281713e+00
-5.407763335127254933e+00
-5.521493333884740728e+00
-5.521493333884740728e+00
-5.474085584541229288e+00
-5.474085584541229288e+00
-5.474085584541229288e+00
-5.474085584541229288e+00
-5.484478535996028192e+00
-5.499698743322348093e+00
-5.499698743322348093e+00
-5.499698743322348093e+00
-5.366247195977064344e+00
-5.477830601636523689e+00
-5.434709318520484445e+00
-5.387074262963046145e+00
-5.387074262963046145e+00
-5.387074262963046145e+00
-5.387074262963046145e+00
-5.387074262963046145e+00
-5.387074262963046145e+00
-5.387074262963046145e+00
-5.387074262963046145e+00
-5.391754607679187572e+00
-5.391754607679187572e+00
-5.391754607679187572e+00
-5.391754607679187572e+00
-5.508002835465125813e+00
-5.280602609542450310e+00
-5.369463914384155601e+00
-5.369463914384155601e+00
-5.369463914384155601e+00
-5.169322334041319245e+00
-5.169322334041319245e+00
-5.169322334041319245e+00
-5.657284301832492979e+00
-5.514481758583681170e+00
-5.514481758583681170e+00
-5.462030188707950096e+00
-5.462030188707950096e+00
-5.492974777631777883e+00
-5.383310207438534611e+00
-5.401200018676560077e+00
-5.711848825716829836e+00
-5.711848825716829836e+00
-5.711848825716829836e+00
-5.244786601666891812e+00
-5.222537641947197606e+00
-5.351321044038074071e+00
-5.351321044038074071e+00
-5.351321044038074071e+00
-5.327362206944223466e+00
-5.384048529116149062e+00
-5.384048529116149062e+00
-5.384048529116149062e+00
-5.381004658334039625e+00
-5.381004658334039625e+00
-5.507792058379069822e+00
-5.507792058379069822e+00
-5.560126684789670648e+00
-5.560126684789670648e+00
-5.098365966402782945e+00
-5.136312284121018479e+00
-5.363894069258727804e+00
-5.363894069258727804e+00
-5.376853144274901020e+00
-5.376853144274901020e+00
-5.376853144274901020e+00
-5.376853144274901020e+00
-5.380447838932989058e+00
-5.380447838932989058e+00
-5.965698548124792389e+00
-5.828862528289545430e+00
-5.828862528289545430e+00
-5.888261637389420322e+00
-5.823278356842378933e+00
-5.815476244403502193e+00
-5.815476244403502193e+00
-5.121669405045982337e+00
-5.304960022767804873e+00
-5.304960022767804873e+00
-5.304960022767804873e+00
-5.304960022767804873e+00
-5.408731327481926421e+00
-5.284054285579899535e+00
-5.278632972179816640e+00
-5.278632972179816640e+00
-5.442329022979881081e+00
-5.409486180617391504e+00
-5.421601339199264125e+00
-5.403867685935365373e+00
-5.629901793598152793e+00
-5.624513327652092443e+00
-5.568200690400284536e+00
-5.568200690400284536e+00
-5.568200690400284536e+00
-5.675370248346240487e+00
-5.675370248346240487e+00
-5.640196192136194497e+00
-5.492552795636962415e+00
-5.492552795636962415e+00
-5.492552795636962415e+00
-5.492552795636962415e+00
-5.458680814155489003e+00
-5.458680814155489003e+00
-5.162963363606118961e+00
-5.259188848061640442e+00
-5.259188848061640442e+00
-5.259188848061640442e+00
-5.259188848061640442e+00
-5.233115505035390136e+00
-5.233115505035390136e+00
-5.233115505035390136e+00
-5.233115505035390136e+00
-5.295304479450738455e+00
-5.295304479450738455e+00
-5.295304479450738455e+00
-5.116925916346962033e+00
-5.473863351523296394e+00
-5.490860747434711087e+00
-4.870690815520844374e+00
-5.056599361382486890e+00
-5.139184384991974497e+00
-5.398294333600106576e+00
-5.398294333600106576e+00
-5.099224205247183228e+00
-5.100420342225519654e+00
-5.304138000861317259e+00
-5.304138000861317259e+00
-5.295243559069881201e+00
-5.224582190394736259e+00
-5.224582190394736259e+00
-5.224582190394736259e+00
-5.398594703735919431e+00
-5.524077830039133552e+00
-5.523680211322194999e+00
-5.626718375637189240e+00
-5.165193444800753930e+00
-5.165193444800753930e+00
-5.165193444800753930e+00
-5.064669174017178754e+00
-5.140865881716369046e+00
-5.140865881716369046e+00
-5.073920781513630907e+00
-5.131337666027097733e+00
-5.139883828407225685e+00
-5.139883828407225685e+00
-5.139883828407225685e+00
-5.139883828407225685e+00
-5.397302987991622558e+00
-5.135639677545154491e+00
-5.135639677545154491e+00
-5.458674179340260224e+00
-5.317133232000140097e+00
-5.317133232000140097e+00
-5.317133232000140097e+00
-5.275604466323171593e+00
-5.400140550097995096e+00
-5.423299122437213349e+00
-5.424060297007389231e+00
-5.424060297007389231e+00
-5.442977832714854358e+00
-5.445060232615718476e+00
-5.419191106881262598e+00
-5.762425426926677474e+00
-5.868173517741333001e+00
-5.167035234716056635e+00
-5.348804828234046127e+00
-5.544792865592696351e+00
-5.267534642075587747e+00
-5.305157753991263547e+00
-5.211308347043480005e+00
-5.219040096050981958e+00
-5.576381582176932916e+00
-5.180618176646263784e+00
-5.117720318387687151e+00
-5.173997107079950197e+00
-5.173997107079950197e+00
-5.242057721175343410e+00
-5.242057721175343410e+00
-5.242057721175343410e+00
-4.982149973290606937e+00
-4.982149973290606937e+00
-4.834937950129657658e+00
-4.939073255935466200e+00
-5.221672135865984110e+00
-5.178155628010004285e+00
-5.394380762407216423e+00
-5.394380762407216423e+00
-5.431342111613090218e+00
-5.431342111613090218e+00
-5.436977871039019305e+00
-5.436977871039019305e+00
-5.461172705919122627e+00
-5.540877046438732023e+00
-5.540877046438732023e+00
-5.247394991274813236e+00
-5.215579651544087980e+00
-5.215579651544087980e+00
-5.215579651544087980e+00
-5.224529632165699766e+00
-5.515731096375930065e+00
-5.515731096375930065e+00
-5.515731096375930065e+00
-5.503871148703410654e+00
-5.503871148703410654e+00
-5.767886296812478442e+00
-5.831454436464767355e+00
-5.718043407399862055e+00
-5.555391966724192443e+00
-5.555391966724192443e+00
-5.252451009070411736e+00
-5.258281204078117277e+00
-5.371172653764914706e+00
-5.371172653764914706e+00
-5.371172653764914706e+00
-5.390281146611029861e+00
-5.390281146611029861e+00
-5.345295702000215421e+00
-5.352985515678874151e+00
-5.352985515678874151e+00
-5.510658062203432017e+00
-5.525244548117239418e+00
-5.525244548117239418e+00
-5.530612536384890809e+00
-5.530612536384890809e+00
-5.233032952085863165e+00
-5.233032952085863165e+00
-5.287384842213874947e+00
-5.287384842213874947e+00
-5.206105963004246995e+00
-5.611837110103500947e+00
-5.618134871544168796e+00
-5.233090013957196085e+00
-5.697646271430416576e+00
-5.697646271430416576e+00
-5.725361422434749770e+00
-5.725361422434749770e+00
-5.725361422434749770e+00
-5.725361422434749770e+00
-5.525795022268463086e+00
-5.467007637089325911e+00
-5.507279065149716324e+00
-5.507279065149716324e+00
-5.507279065149716324e+00
-5.536048518594378187e+00
-5.360740677814733068e+00
-5.360740677814733068e+00
-5.602420897898721108e+00
-5.602420897898721108e+00
-5.569881117844378338e+00
-5.614304034443021507e+00
-5.614304034443021507e+00
-5.370634199673140152e+00
-5.370634199673140152e+00
-5.389815061655734318e+00
-5.389815061655734318e+00
-5.389754865899747394e+00
-5.170463993197460084e+00
-5.170463993197460084e+00
-5.170463993197460084e+00
-5.170463993197460084e+00
-5.170463993197460084e+00
-5.125654433521110498e+00
-5.124472669868881169e+00
-5.210055226235703607e+00
-5.471685052067265964e+00
-5.227184737892207167e+00
-5.476343605122478309e+00
-5.476343605122478309e+00
-5.136306909905745677e+00
-5.136306909905745677e+00
-4.849245935747899416e+00
-5.449836527778184170e+00
-5.449836527778184170e+00
-5.466605805587246181e+00
-5.466605805587246181e+00
-5.466605805587246181e+00
-5.392784152244471940e+00
-5.392784152244471940e+00
-5.392784152244471940e+00
-5.429684344319208655e+00
-5.429684344319208655e+00
-5.429684344319208655e+00
-5.429684344319208655e+00
-5.391413337089139723e+00
-5.247727027292782509e+00
-5.247727027292782509e+00
-5.247727027292782509e+00
-5.214948918968962843e+00
-5.214948918968962843e+00
-5.101357847216299923e+00
-4.890448789481744107e+00
-5.116271776450314057e+00
-4.919476902716646727e+00
-4.919476902716646727e+00
-4.986514763403041783e+00
-4.968693382074425458e+00
-4.880641479186713205e+00
-4.880641479186713205e+00
-4.908070057089566340e+00
-4.934929206804078206e+00
-4.990010339276052420e+00
-5.164501837096869608e+00
-5.190393529275035611e+00
-5.190393529275035611e+00
-5.096842077083920231e+00
-5.096842077083920231e+00
-5.096842077083920231e+00
-5.096842077083920231e+00
-5.144798171628211847e+00
-5.144798171628211847e+00
-5.144798171628211847e+00
-5.385123590330747056e+00
-5.393142534271979649e+00
-5.320233644584775767e+00
-5.320233644584775767e+00
-5.320233644584775767e+00
-5.320233644584775767e+00
-5.243242034147866271e+00
-5.291667122141845425e+00
-5.138158813390915292e+00
-5.274083499400532560e+00
-5.274083499400532560e+00
-5.274083499400532560e+00
-5.274083499400532560e+00
-5.274083499400532560e+00
-5.479519543250034097e+00
-5.443321302052766875e+00
-5.443321302052766875e+00
-5.538990796458339361e+00
-5.538990796458339361e+00
-5.620689428000688714e+00
-5.489585756500931168e+00
-5.367864453261100621e+00
-5.323498562460958539e+00
-5.323498562460958539e+00
-5.607420921319338447e+00
-5.485403693696147442e+00
-5.478708431798769318e+00
-4.997757168296868002e+00
-4.997757168296868002e+00
-4.997757168296868002e+00
-5.771426097600977023e+00
-5.132298782516788727e+00
-5.120959997026116817e+00
-5.102685864325305687e+00
-5.195693898613009232e+00
-5.304676960279850917e+00
-5.304676960279850917e+00
-5.304676960279850917e+00
-5.304676960279850917e+00
-5.259016910550085910e+00
-5.311753172880270490e+00
-5.105081555307081409e+00
-4.816625648278061611e+00
-4.816625648278061611e+00
-4.828805324533317567e+00
-5.640925569265839101e+00
-5.218111163301156097e+00
-5.252157601167162682e+00
-5.286884627756482047e+00
-5.321079532047028771e+00
-5.256824974481467017e+00
-5.210153114614786141e+00
-5.379856643886501644e+00
-5.544054942205362657e+00
-5.548088965494791580e+00
-5.496989344952845080e+00
-5.489484601614440074e+00
-5.090452302883205604e+00
-5.090452302883205604e+00
-5.099065022714126982e+00
-5.099065022714126982e+00
-5.099065022714126982e+00
-5.099065022714126982e+00
-5.424377682256647404e+00
-5.424377682256647404e+00
-5.342089180548149407e+00
-5.342089180548149407e+00
-5.470437029791001216e+00
-5.541615196322831949e+00
-5.606244774716267365e+00
-5.320282245201802596e+00
-5.561931193212076074e+00
-5.452832629264172226e+00
-5.347482149527029271e+00
-5.328125131727184716e+00
-5.330890679990648806e+00
-5.387819333756731943e+00
-5.387819333756731943e+00
-5.373491849126192932e+00
-5.217581402327471807e+00
-5.497600837721652312e+00
-5.227016293724284779e+00
-5.228376586653728175e+00
-5.228737206008005955e+00
-5.228737206008005955e+00
-5.228737206008005955e+00
-5.259260813997634898e+00
-5.262929897353962438e+00
-5.281013657263858185e+00
-5.281013657263858185e+00
-5.301560145752249653e+00
-5.302446009891963463e+00
-5.739901701103192977e+00
-5.310082335463880199e+00
-5.251571525511226746e+00
-5.273452314130342877e+00
-5.326531867226730554e+00
-5.315170634744812439e+00
-5.355486389859672514e+00
-5.357868717597030539e+00
-5.251233570655004179e+00
-5.272431165871328318e+00
-5.272431165871328318e+00
-5.273461435071531866e+00
-5.207400635352845697e+00
-5.207400635352845697e+00
-5.227036278119695289e+00
-5.227036278119695289e+00
-5.661244989135339800e+00
-5.429905196691386493e+00
-5.450301498283456780e+00
-5.450301498283456780e+00
-5.406676084883494937e+00
-5.343207388375539324e+00
-5.437767982284479551e+00
-5.354958147744445895e+00
-5.354958147744445895e+00
-5.436656206238626332e+00
-5.436656206238626332e+00
-5.396954140177654402e+00
-5.437596387759957572e+00
-5.437596387759957572e+00
-5.315383331543841017e+00
-5.315383331543841017e+00
-5.358574727561716600e+00
-5.358574727561716600e+00
-5.358574727561716600e+00
-5.358126504872906537e+00
-5.131494389903633824e+00
-5.131781818804132200e+00
-5.131781818804132200e+00
-5.131781818804132200e+00
-5.131781818804132200e+00
-5.696923545461538119e+00
-5.690076339683629136e+00
-5.690076339683629136e+00
-5.147708903643448686e+00
-5.147708903643448686e+00
-5.147708903643448686e+00
-5.147708903643448686e+00
-5.145112653087775101e+00
-5.145112653087775101e+00
-5.198150628852297395e+00
-5.112482184025517462e+00
-5.112482184025517462e+00
-5.088911236233552238e+00
-5.162598635171399941e+00
-5.068560052426735574e+00
-5.433413662569494207e+00
-5.534602091161647586e+00
-5.534602091161647586e+00
-5.526426209388064059e+00
-5.526426209388064059e+00
-5.523925163778694802e+00
-5.523925163778694802e+00
-5.523925163778694802e+00
-5.523925163778694802e+00
-5.523925163778694802e+00
-5.523925163778694802e+00
-5.538222656021901891e+00
-5.357196024198214168e+00
-5.357196024198214168e+00
-5.359695511810576463e+00
-5.429094644205311404e+00
-5.404294758752677730e+00
-5.404294758752677730e+00
-5.404294758752677730e+00
-5.393520388237012853e+00
-5.430280871839119783e+00
-5.430280871839119783e+00
-5.430280871839119783e+00
-5.430280871839119783e+00
-5.430280871839119783e+00
-5.430280871839119783e+00
-5.505615962711894795e+00
-5.432486615139448638e+00
-5.432486615139448638e+00
-5.473724529646270653e+00
-5.612502903361222373e+00
-5.612502903361222373e+00
-5.702198606604659048e+00
-5.372315985964691620e+00
-5.334257078665149088e+00
-5.622102325509549026e+00
-5.622102325509549026e+00
-5.197399014780041959e+00
-5.178314837314864860e+00
-5.178314837314864860e+00
-5.812829140925414251e+00
-5.812829140925414251e+00
-5.812829140925414251e+00
-5.776168295718863810e+00
-5.777818818254329969e+00
-5.663136602603939806e+00
-5.267391494844548383e+00
-5.061907631354279680e+00
-5.091578502082853674e+00
-5.091578502082853674e+00
-5.059164566440678357e+00
-5.132703018560666131e+00
-5.104445043499311829e+00
-5.372768254249369768e+00
-5.372768254249369768e+00
-5.372768254249369768e+00
-5.372768254249369768e+00
-5.208409623605130712e+00
-5.208409623605130712e+00
-5.208409623605130712e+00
-5.208409623605130712e+00
-5.271638203155332825e+00
-5.260960605416915570e+00
-5.260960605416915570e+00
-5.260960605416915570e+00
-5.260960605416915570e+00
-5.548238708273419029e+00
-5.548238708273419029e+00
-5.548238708273419029e+00
-5.229692034514523691e+00
-5.280198364337906014e+00
-5.316525271764469984e+00
-5.338924288983908362e+00
-5.338924288983908362e+00
-5.356266247993173302e+00
-5.356266247993173302e+00
-5.356266247993173302e+00
-5.356266247993173302e+00
-5.246191130255761337e+00
-5.330237848927432687e+00
-5.330237848927432687e+00
-5.420049982487137541e+00
-5.420049982487137541e+00
-5.420049982487137541e+00
-5.452393290028496153e+00
-5.452393290028496153e+00
-5.449341904399294556e+00
-5.401534816998254662e+00
-5.401534816998254662e+00
-5.401534816998254662e+00
-5.405890506157010833e+00
-5.493633671839146082e+00
-5.493633671839146082e+00
-5.596536313743921909e+00
-5.596536313743921909e+00
-5.596536313743921909e+00
-5.596536313743921909e+00
-5.222861866321427904e+00
-5.528216851207385929e+00
-5.528216851207385929e+00
-5.469653204349636866e+00
-5.436560768672437760e+00
-5.436560768672437760e+00
-5.404104340449198851e+00
-5.301630232719261038e+00
-5.507201358947678926e+00
-5.473627443152123462e+00
-5.473627443152123462e+00
-5.493513378802351355e+00
-5.493513378802351355e+00
-5.506411428215475468e+00
-5.525417039445311040e+00
-5.525417039445311040e+00
-5.525417039445311040e+00
-5.427274184093787035e+00
-5.453427120412878359e+00
-5.397134456290095805e+00
-5.397134456290095805e+00
-5.397134456290095805e+00
-5.397134456290095805e+00
-5.397134456290095805e+00
-5.144338137619714146e+00
-5.517104269911787817e+00
-5.555905333220155562e+00
-5.555905333220155562e+00
-5.203060908086076353e+00
-5.203060908086076353e+00
-5.186455592995759645e+00
-5.186455592995759645e+00
-5.296609965986010415e+00
-5.402191798255911337e+00
-5.402191798255911337e+00
-5.456349660295884973e+00
-5.456349660295884973e+00
-5.336222945475741497e+00
-5.336222945475741497e+00
-5.336222945475741497e+00
-5.397912898665115478e+00
-5.324596177902511052e+00
-5.330031966688041578e+00
-5.330031966688041578e+00
-5.330031966688041578e+00
-5.462959468628131532e+00
-5.462959468628131532e+00
-5.383427490506496049e+00
-5.478208893724621831e+00
-5.484440153201868284e+00
-5.484440153201868284e+00
-5.455757853506869814e+00
-5.271792410230437653e+00
-5.755843519504423966e+00
-5.755843519504423966e+00
-5.493036976172326113e+00
-5.531061024545032900e+00
-5.490808799052270928e+00
-5.490808799052270928e+00
-5.422243394072856049e+00
-5.422243394072856049e+00
-5.422243394072856049e+00
-5.473093371101751536e+00
-5.243312846342118583e+00
-5.243312846342118583e+00
-5.359092239174150230e+00
-5.328195897710711115e+00
-5.328195897710711115e+00
-5.390213791401955667e+00
-5.502595018882495026e+00
-5.374546069954392991e+00
-5.379392592118305672e+00
-5.498688362043477440e+00
-5.384540089414349140e+00
-5.318687169709755302e+00
-5.318687169709755302e+00
-5.318687169709755302e+00
-5.318687169709755302e+00
-5.319431867423344507e+00
-5.443318940322766863e+00
-5.443318940322766863e+00
-5.443318940322766863e+00
-5.577364214908815399e+00
-5.577364214908815399e+00
-5.658731739534151650e+00
-5.301813008315013676e+00
-5.298677305096524570e+00
-5.298677305096524570e+00
-5.373907351645940800e+00
-5.373907351645940800e+00
-5.448102036967856776e+00
-5.191350417425531383e+00
-5.191350417425531383e+00
-5.559721481672475818e+00
-5.559721481672475818e+00
-5.176121556537981228e+00
-5.186410942631583865e+00
-5.423187024154869640e+00
-5.423187024154869640e+00
-5.423187024154869640e+00
-5.240901932106177163e+00
-5.271143573136519933e+00
-5.271143573136519933e+00
-5.271143573136519933e+00
-5.288191356900505014e+00
-5.628318795883671122e+00
-5.410290871573644189e+00
-5.410290871573644189e+00
-5.421449639055603065e+00
-5.399196692441994294e+00
-5.399196692441994294e+00
-5.414231720785703139e+00
-5.370809205974492961e+00
-5.633940857954757853e+00
-5.582256384623807577e+00
-5.582256384623807577e+00
-5.509649447436244962e+00
-5.744985540859840256e+00
-5.722890394813899384e+00
-5.878783549087734706e+00
-5.332120168364583357e+00
-5.330887980753852062e+00
-5.330887980753852062e+00
-5.342937777726320725e+00
-5.410645807295500376e+00
-5.410645807295500376e+00
-5.452325963537955289e+00
-5.693351827931203424e+00
-5.579854177304411245e+00
-5.400865265443189678e+00
-5.546395912779857440e+00
-5.546395912779857440e+00
-5.546395912779857440e+00
-5.523364739330334672e+00
-5.523364739330334672e+00
-5.523364739330334672e+00
-5.674716648201886038e+00
-5.709181319591541737e+00
-5.419630916734213599e+00
-5.290474664018949724e+00
-5.491868361356960548e+00
-5.491868361356960548e+00
-5.474570859066915318e+00
-5.374094112483657426e+00
-5.374109492372513230e+00
-5.504121433484379544e+00
-5.328982350042425153e+00
-5.371700588648677055e+00
-5.346187225207575722e+00
-5.242540716206572249e+00
-5.230750530384332464e+00
-5.230750530384332464e+00
-5.266332791346941100e+00
-5.394476529501493367e+00
-5.768867655932887750e+00
-5.601925212334288418e+00
-5.595018554664614285e+00
-5.542318039489099846e+00
-5.533378622638595701e+00
-5.561974553336993310e+00
-5.561974553336993310e+00
-5.633845364912756004e+00
-5.633845364912756004e+00
-5.633845364912756004e+00
-5.633845364912756004e+00
-5.633845364912756004e+00
-5.169540767546108917e+00
-5.169540767546108917e+00
-5.169540767546108917e+00
-5.505900086400906446e+00
-5.540809425299736191e+00
-5.402984662617414280e+00
-5.402984662617414280e+00
-5.485153022770448139e+00
-5.485153022770448139e+00
-5.485153022770448139e+00
-5.454658283730465129e+00
-5.454658283730465129e+00
-5.454658283730465129e+00
-5.482909923909476291e+00
-5.462838517687607975e+00
-5.467216178128277093e+00
-5.467216178128277093e+00
-5.467216178128277093e+00
-5.467216178128277093e+00
-5.469667987233393092e+00
-5.537589945140973136e+00
-5.520493937197402445e+00
-5.520493937197402445e+00
-5.581383035166413542e+00
-5.581383035166413542e+00
-5.569608409911531055e+00
-5.627884935093660168e+00
-5.544070086860814150e+00
-5.484190993174705042e+00
-5.538114112758836249e+00
-5.503585099754332965e+00
-5.541973873258274175e+00
-5.541973873258274175e+00
-5.439137389805067890e+00
-5.654385409044918376e+00
-5.657877143379904439e+00
-5.709187120376551405e+00
-5.346498673139449487e+00
-5.346498673139449487e+00
-5.329194244243156575e+00
-5.484784907935170928e+00
-5.432149406197288144e+00
-5.424115247327413236e+00
-5.408953287837523938e+00
-5.293137721226822023e+00
-5.293137721226822023e+00
-5.789285479180393601e+00
-5.773535763837010393e+00
-5.773535763837010393e+00
-5.773535763837010393e+00
-5.642494286544905258e+00
-5.658114810818378970e+00
-5.658114810818378970e+00
-5.652219689425054483e+00
-5.633573392830140136e+00
-5.836166004124022422e+00
-5.833044474161649617e+00
-5.809162509989781675e+00
-5.809162509989781675e+00
-5.207363289404966622e+00
-5.639005023654551252e+00
-5.687552827198874006e+00
-5.354108555441394302e+00
-5.354108555441394302e+00
-5.354108555441394302e+00
-5.170972895642838907e+00
-5.170972895642838907e+00
-5.480222153344457503e+00
-5.424124571029908637e+00
-5.436209185403327204e+00
-5.436209185403327204e+00
-5.359880512197963576e+00
-5.359880512197963576e+00
-5.353498005987359143e+00
-5.376600564897024093e+00
-5.205710195366100912e+00
-5.508669288604496117e+00
-5.531326178316702702e+00
-5.521055812498958382e+00
-5.637359745260768662e+00
-5.637359745260768662e+00
-5.557765616534980246e+00
-5.557765616534980246e+00
-5.557765616534980246e+00
-5.398954723969275449e+00
-5.555540730356272050e+00
-5.580178231278662970e+00
-5.580178231278662970e+00
-5.579530019105673588e+00
-5.579530019105673588e+00
-5.602209887383534870e+00
-5.602209887383534870e+00
-5.611387418376739156e+00
-5.611387418376739156e+00
-5.172631650149879690e+00
-5.747390188446814818e+00
-5.261943150777303124e+00
-5.722869765700967726e+00
-5.722869765700967726e+00
-5.722869765700967726e+00
-5.722869765700967726e+00
-5.722869765700967726e+00
-5.634579574576677352e+00
-5.631998725444335108e+00
-5.631998725444335108e+00
-5.631998725444335108e+00
-5.631770019989419396e+00
-5.461973232089486707e+00
-5.660420882928149489e+00
-5.660420882928149489e+00
-5.660420882928149489e+00
-5.812111680181407003e+00
-5.708723725499678991e+00
-5.708723725499678991e+00
-5.546836420168800963e+00
-5.649110728110604995e+00
-5.649110728110604995e+00
-5.652420328649321313e+00
-5.489688920996594668e+00
-5.477524606423469500e+00
-5.477524606423469500e+00
-5.477524606423469500e+00
-5.463685302783494180e+00
-5.466525747717447814e+00
-5.466525747717447814e+00
-5.456864893455732002e+00
-5.414306487064149742e+00
-5.417810747921716796e+00
-5.417810747921716796e+00
-5.525075981140203041e+00
-5.427677506652379691e+00
-5.427677506652379691e+00
-5.403857746342019652e+00
-5.649632164858566341e+00
-5.642482583593968037e+00
-5.642482583593968037e+00
-5.685281796713147706e+00
-5.687785215628725410e+00
-5.687785215628725410e+00
-5.756744255627945783e+00
-5.756744255627945783e+00
-5.756744255627945783e+00
-5.628876601552658343e+00
-5.646215576088780885e+00
-5.603493279638654734e+00
-5.591315376037108820e+00
-5.672004700813960909e+00
-5.672004700813960909e+00
-5.672004700813960909e+00
-5.751208405622667108e+00
-5.751208405622667108e+00
-5.751208405622667108e+00
-5.602543696241277793e+00
-5.602543696241277793e+00
-5.742681993086073078e+00
-5.742681993086073078e+00
-5.838386521863330181e+00
-5.838386521863330181e+00
-6.012678681125203539e+00
-6.067550440245352839e+00
-6.035921028808846955e+00
-5.952766506854878514e+00
-5.952766506854878514e+00
-5.952766506854878514e+00
-5.764976170289729751e+00
-5.774503116878456410e+00
-5.781167817328911163e+00
-5.624642290183163418e+00
-5.612796260079436550e+00
-5.612796260079436550e+00
-5.698510462905898244e+00
-5.750022352245891533e+00
-5.750022352245891533e+00
-5.748522555351417651e+00
-5.758099220682109554e+00
-5.697012132721098965e+00
-5.697012132721098965e+00
-5.745620510952911708e+00
-5.655385274152713748e+00
-5.746740170792257629e+00
-5.716410387946581295e+00
-5.716410387946581295e+00
-5.772425625574042485e+00
-5.748610708304661365e+00
-5.748610708304661365e+00
-5.849262985960455907e+00
-5.807286544270168882e+00
-5.807286544270168882e+00
-5.807286544270168882e+00
-5.807286544270168882e+00
-5.767667070567602750e+00
-5.767667070567602750e+00
-5.654705426890527242e+00
-5.895530544917588323e+00
-5.983013484872416576e+00
-5.983013484872416576e+00
-5.999526834976628642e+00
-5.999526834976628642e+00
-5.822881287953410201e+00
-5.822881287953410201e+00
-5.822881287953410201e+00
-5.805472120046133000e+00
-5.805472120046133000e+00
-5.805472120046133000e+00
-5.638828715274911474e+00
-5.557113188366107792e+00
-5.554443893787085251e+00
-5.554443893787085251e+00
-5.950028537906804971e+00
-5.950028537906804971e+00
-5.800182255270953213e+00
-5.787586596452610976e+00
-5.704222767489667056e+00
-5.502256300551604973e+00
-5.502256300551604973e+00
-5.401337419966925069e+00
-5.436313967494071697e+00
-5.419348057615454017e+00
-5.258229739776393075e+00
-5.811064062851808210e+00
-5.837265340356442955e+00
-5.430531627115442461e+00
-5.489245312927766740e+00
-5.489245312927766740e+00
-5.489245312927766740e+00
-5.640426393370816527e+00
-5.640426393370816527e+00
-5.640426393370816527e+00
-5.490593575398480475e+00
-5.535142761172879844e+00
-5.535142761172879844e+00
-5.535142761172879844e+00
-5.535142761172879844e+00
-5.493777884098432374e+00
-5.497062244761359295e+00
-5.497062244761359295e+00
-5.519069648172657772e+00
-5.485144295529286396e+00
-5.485144295529286396e+00
-5.485144295529286396e+00
-5.498538566501413705e+00
-5.362194356180120636e+00
-5.366547619744029163e+00
-5.393100122465047441e+00
-5.393100122465047441e+00
-5.393100122465047441e+00
-5.393100122465047441e+00
-5.418332856701705502e+00
-5.375696515685610244e+00
-5.336212821274593843e+00
-5.336212821274593843e+00
-5.701290886687825576e+00
-5.701290886687825576e+00
-5.701290886687825576e+00
-5.712061218948733199e+00
-5.712061218948733199e+00
-5.692130173857166575e+00
-5.568473417406763382e+00
-5.501744553266485482e+00
-5.530006265702910540e+00
-5.530006265702910540e+00
-5.530006265702910540e+00
-5.634312826622684511e+00
-5.691882852880764787e+00
-5.691882852880764787e+00
-5.363075302992140969e+00
-5.781591333160313262e+00
-5.748438086406026493e+00
-5.803828356041965897e+00
-5.729438489758562625e+00
-5.592357921021921641e+00
-5.592357921021921641e+00
-5.592357921021921641e+00
-5.895257352864695655e+00
-5.675432891715852968e+00
-5.600311704765710275e+00
-5.592855408355749347e+00
-5.740875629732333785e+00
-5.779072212239474204e+00
-5.974997684867509484e+00
-5.853936598110299094e+00
-5.738756531739420019e+00
-5.813660135015584096e+00
-5.813660135015584096e+00
-5.666877350488119802e+00
-5.666877350488119802e+00
-5.666877350488119802e+00
-5.660169335340211383e+00
-5.722424562552867577e+00
-5.722424562552867577e+00
-5.748518605163262407e+00
-5.748518605163262407e+00
-5.635417434058783925e+00
-5.814343989909916743e+00
-5.541057690971856964e+00
-5.541057690971856964e+00
-5.498920844505832406e+00
-5.951139181114197818e+00
-5.951139181114197818e+00
-5.951139181114197818e+00
-5.472508564382395413e+00
-5.547372186623979573e+00
-5.547372186623979573e+00
-5.380952731334500250e+00
-6.301164970544675725e+00
-6.043746969771235378e+00
-6.067558006328900966e+00
-6.067558006328900966e+00
-5.297595531691660753e+00
-5.561080091662958580e+00
-5.561080091662958580e+00
-5.561080091662958580e+00
-5.561080091662958580e+00
-5.544331656898952687e+00
-5.889838411914595007e+00
-5.889838411914595007e+00
-6.065837733885660832e+00
-5.877514458100836059e+00
-5.739569486889629424e+00
-5.739569486889629424e+00
-5.739569486889629424e+00
-5.743533181926232523e+00
-5.659348472218001191e+00
-5.296764702187402918e+00
-5.333575524701141823e+00
-5.345529376206359373e+00
-5.345529376206359373e+00
-5.376260408066654506e+00
-5.376260408066654506e+00
-5.376260408066654506e+00
-5.376260408066654506e+00
-5.376260408066654506e+00
-5.377566313809573728e+00
-5.377566313809573728e+00
-5.377566313809573728e+00
-5.377566313809573728e+00
-5.338819667119833134e+00
-5.232050053241593446e+00
-5.560450205697776482e+00
-5.560450205697776482e+00
-5.560450205697776482e+00
-5.545339629457552100e+00
-5.464538114763725751e+00
-5.464538114763725751e+00
-5.050598523948153229e+00
-5.050598523948153229e+00
-5.008568439153742169e+00
-5.031776385983027566e+00
-5.031776385983027566e+00
-5.031776385983027566e+00
-5.031776385983027566e+00
-5.031776385983027566e+00
-5.142264539265409162e+00
-5.170135691176604986e+00
-5.570035881583597970e+00
-5.570035881583597970e+00
-5.570035881583597970e+00
-5.570035881583597970e+00
-5.570035881583597970e+00
-5.935244300789332961e+00
-5.935244300789332961e+00
-5.935244300789332961e+00
-5.921306865700800337e+00
-5.921306865700800337e+00
-5.831469768811152754e+00
-5.796981001706774883e+00
-5.801185000455029162e+00
-5.801185000455029162e+00
-5.821137258878567700e+00
-5.821137258878567700e+00
-5.842641983294940999e+00
-5.828991952849282399e+00
-5.947150165781390996e+00
-5.863890580627171722e+00
-5.931097739434844307e+00
-5.590881842433890192e+00
-5.571310810730357943e+00
-5.562897510563479031e+00
-5.548157502173956424e+00
-5.548157502173956424e+00
-5.630610470950756508e+00
-5.600463601252358536e+00
-5.587319241221305077e+00
-5.544498930150792759e+00
-5.568399971870135801e+00
-5.541566863700387202e+00
-5.421380519256186581e+00
-5.421380519256186581e+00
-5.439807179061318720e+00
-5.390919908446511144e+00
-5.390919908446511144e+00
-5.390919908446511144e+00
-5.395303152995015950e+00
-5.395303152995015950e+00
-5.331325443281810017e+00
-5.360097880386589075e+00
-5.169332963042608142e+00
-5.169332963042608142e+00
-5.169332963042608142e+00
-5.528800877967000815e+00
-5.201643203271934190e+00
-5.296216639029477591e+00
-5.296216639029477591e+00
-5.296216639029477591e+00
-5.305090303610855429e+00
-5.305090303610855429e+00
-5.561587203074943808e+00
-5.198107501418602006e+00
-5.239916265784902549e+00
-5.239916265784902549e+00
-5.747832601724797819e+00
-5.747832601724797819e+00
-5.766623296902738005e+00
-5.766623296902738005e+00
-5.766623296902738005e+00
-5.766623296902738005e+00
-5.358259092233978116e+00
-5.413539324824766297e+00
-5.413539324824766297e+00
-5.413539324824766297e+00
-5.413539324824766297e+00
-5.544531473497871232e+00
-5.420812809542396415e+00
-5.302521600789645184e+00
-5.302521600789645184e+00
-5.604320187620368543e+00
-5.534263173459484264e+00
-5.534263173459484264e+00
-5.186949990648207276e+00
-5.186949990648207276e+00
-5.274069537126430340e+00
-5.274909750972931022e+00
-5.274909750972931022e+00
-5.274909750972931022e+00
-5.274909750972931022e+00
-5.776144970937617806e+00
-5.659259568556327835e+00
-5.578973258881169350e+00
-5.724786039647487890e+00
-5.382907527525971680e+00
-5.382907527525971680e+00
-5.419261695959552760e+00
-5.492414554906087432e+00
-5.492414554906087432e+00
-5.454576308610673330e+00
-5.434016656774696585e+00
-5.434016656774696585e+00
-5.469915995395826513e+00
-5.469915995395826513e+00
-5.383665407785984236e+00
-5.517618105788531402e+00
-5.505787697073690978e+00
-5.603318901302435151e+00
-5.679591925533067354e+00
-5.679591925533067354e+00
-5.679591925533067354e+00
-5.719831600389620796e+00
-5.719831600389620796e+00
-5.719831600389620796e+00
-5.606218447534419447e+00
-5.606218447534419447e+00
-5.734343958290841314e+00
-5.425207218311272506e+00
-5.425207218311272506e+00
-5.425207218311272506e+00
-5.137595938306155574e+00
-5.137595938306155574e+00
-5.820082212108563802e+00
-5.820082212108563802e+00
-5.797448858181930120e+00
-5.775180433204415209e+00
-5.540422403578882715e+00
-5.540422403578882715e+00
-5.648787518582108369e+00
-5.615893791943414648e+00
-5.282560161627677608e+00
-5.149227157135124244e+00
-5.465393209989096945e+00
-5.465393209989096945e+00
-5.470717026069757516e+00
-5.391253609381299050e+00
-5.693669238836364777e+00
-5.693669238836364777e+00
-5.693669238836364777e+00
-5.693669238836364777e+00
-5.693669238836364777e+00
-5.675245321260234732e+00
-5.681885365276561295e+00
-5.879475578726417240e+00
-5.698090272955836255e+00
-5.698090272955836255e+00
-5.438473111234351620e+00
-5.861986887697801407e+00
-5.861986887697801407e+00
-5.861986887697801407e+00
-5.829230997958621430e+00
-5.614527562857785092e+00
-5.614527562857785092e+00
-5.640040974579080491e+00
-5.640040974579080491e+00
-5.640040974579080491e+00
-5.640040974579080491e+00
-5.640040974579080491e+00
-5.518377376546906632e+00
-5.614236466022247463e+00
-5.614236466022247463e+00
-5.573195639513842892e+00
-5.621714923230082483e+00
-5.621714923230082483e+00
-5.621714923230082483e+00
-5.621714923230082483e+00
-5.591008680409257359e+00
-5.554860494345600586e+00
-5.486883773593499214e+00
-5.486883773593499214e+00
