# Variable: dg_gbvi_00000239
# Sample shape: (2565,)
# Date: 2013-03-08 06:18:11.489153
-3.243587758711442781e+00
-2.834440878597893843e+00
-3.159830516391128885e+00
-3.624429852126267448e+00
-3.863136414549872999e+00
-3.988852785651346711e+00
-3.924853654323519958e+00
-3.014351249938216792e+00
-2.740666916676726572e+00
-2.740666916676726572e+00
-2.945977845488524594e+00
-2.945977845488524594e+00
-2.945977845488524594e+00
-3.052653203226093570e+00
-2.996955644060185442e+00
-3.016662763290531846e+00
-3.016662763290531846e+00
-3.016662763290531846e+00
-3.016662763290531846e+00
-3.050816552278130089e+00
-3.222011326395806119e+00
-3.067212271940474633e+00
-3.067212271940474633e+00
-3.128857921728603220e+00
-3.367615374488730051e+00
-3.359399028130860110e+00
-3.359399028130860110e+00
-3.230949637474378910e+00
-3.230949637474378910e+00
-3.137904903120633637e+00
-3.137904903120633637e+00
-3.137904903120633637e+00
-3.137904903120633637e+00
-3.137904903120633637e+00
-3.137904903120633637e+00
-3.281872119061306492e+00
-3.281872119061306492e+00
-3.214139881337024107e+00
-3.241216542592693095e+00
-3.245533930849999749e+00
-3.245533930849999749e+00
-3.245533930849999749e+00
-3.507148557467624439e+00
-3.416548913194040082e+00
-3.469899982157941043e+00
-3.114556797051263981e+00
-3.114556797051263981e+00
-3.483824487623801147e+00
-3.449683250039779381e+00
-3.449683250039779381e+00
-3.449683250039779381e+00
-3.449683250039779381e+00
-3.360029690155495352e+00
-3.411788019688190676e+00
-3.164282855266181915e+00
-3.164282855266181915e+00
-3.402293606545883975e+00
-3.401227768891494030e+00
-3.401227768891494030e+00
-3.401227768891494030e+00
-3.195534146955622656e+00
-3.195534146955622656e+00
-3.195534146955622656e+00
-3.237999840054184286e+00
-3.237999840054184286e+00
-3.237999840054184286e+00
-3.237999840054184286e+00
-3.404997282709669282e+00
-3.404997282709669282e+00
-3.240206307729326163e+00
-3.240206307729326163e+00
-3.240206307729326163e+00
-3.225451681064765097e+00
-3.163256989540334629e+00
-3.474782349689882643e+00
-3.229315226598169275e+00
-3.229315226598169275e+00
-3.490637334766748534e+00
-3.490637334766748534e+00
-3.490637334766748534e+00
-3.290770636246735492e+00
-3.518569883617546523e+00
-3.518569883617546523e+00
-3.518569883617546523e+00
-3.526031990872962485e+00
-3.514707654536379788e+00
-3.514707654536379788e+00
-3.514707654536379788e+00
-3.514707654536379788e+00
-3.514707654536379788e+00
-3.328425781537184491e+00
-3.328425781537184491e+00
-3.418456476021017210e+00
-3.418456476021017210e+00
-3.418456476021017210e+00
-3.517593634349008624e+00
-3.517593634349008624e+00
-3.517593634349008624e+00
-3.517593634349008624e+00
-3.462635858527201460e+00
-3.462635858527201460e+00
-3.489683020493667520e+00
-3.489683020493667520e+00
-3.489683020493667520e+00
-3.489683020493667520e+00
-3.489683020493667520e+00
-3.616819097182819132e+00
-3.616819097182819132e+00
-3.311639735419553254e+00
-3.311639735419553254e+00
-3.311639735419553254e+00
-3.358378873307812817e+00
-3.358378873307812817e+00
-3.358378873307812817e+00
-3.358378873307812817e+00
-3.358378873307812817e+00
-3.358378873307812817e+00
-3.419600615827374845e+00
-3.473706293480551377e+00
-3.473706293480551377e+00
-3.416363089539105058e+00
-3.334697313306516531e+00
-3.334697313306516531e+00
-3.358231661394728285e+00
-3.358231661394728285e+00
-3.358231661394728285e+00
-3.358231661394728285e+00
-3.533105241377330508e+00
-3.533105241377330508e+00
-3.519045409640336963e+00
-3.519045409640336963e+00
-3.474535910141653083e+00
-3.474535910141653083e+00
-3.496932966597157577e+00
-3.427866056822791219e+00
-3.427866056822791219e+00
-3.427866056822791219e+00
-3.427866056822791219e+00
-3.426267504824580090e+00
-3.365187252776629112e+00
-2.995440707967555571e+00
-3.023893739844391249e+00
-3.002059801676598916e+00
-3.002059801676598916e+00
-3.002059801676598916e+00
-3.002059801676598916e+00
-3.248517488749657289e+00
-3.248517488749657289e+00
-3.248517488749657289e+00
-3.248517488749657289e+00
-3.248517488749657289e+00
-3.158346677373857769e+00
-3.158346677373857769e+00
-3.158346677373857769e+00
-3.158346677373857769e+00
-3.158346677373857769e+00
-3.155593585469724349e+00
-3.155593585469724349e+00
-3.155593585469724349e+00
-3.079898487538734297e+00
-3.079898487538734297e+00
-3.079898487538734297e+00
-3.079898487538734297e+00
-3.079898487538734297e+00
-3.079898487538734297e+00
-3.285682682603786375e+00
-3.285682682603786375e+00
-3.501448584796258423e+00
-3.501448584796258423e+00
-3.501448584796258423e+00
-3.501448584796258423e+00
-3.451271518634092761e+00
-3.451271518634092761e+00
-3.379476834616733427e+00
-3.379476834616733427e+00
-3.379476834616733427e+00
-3.352701011986813917e+00
-3.245965418141780301e+00
-3.221958430865877521e+00
-3.221958430865877521e+00
-3.221958430865877521e+00
-3.221958430865877521e+00
-3.206960230961837244e+00
-3.206960230961837244e+00
-3.192198980269437492e+00
-3.203079530584455714e+00
-3.203079530584455714e+00
-3.203079530584455714e+00
-3.203079530584455714e+00
-3.164469251128724903e+00
-3.313074507641385225e+00
-3.313074507641385225e+00
-3.313074507641385225e+00
-3.313074507641385225e+00
-3.276748117055368947e+00
-3.276748117055368947e+00
-3.276748117055368947e+00
-3.276748117055368947e+00
-3.391113439312163358e+00
-3.391113439312163358e+00
-3.391113439312163358e+00
-3.391113439312163358e+00
-3.391113439312163358e+00
-3.391113439312163358e+00
-3.391113439312163358e+00
-3.288577690169081968e+00
-3.267756648570915967e+00
-3.267756648570915967e+00
-3.245848593453846131e+00
-3.290502159886238509e+00
-3.290502159886238509e+00
-3.290502159886238509e+00
-3.290502159886238509e+00
-3.290502159886238509e+00
-3.388145858900230234e+00
-3.388145858900230234e+00
-3.364483162323129495e+00
-3.364483162323129495e+00
-3.270429410541415116e+00
-3.312201492746783771e+00
-3.312201492746783771e+00
-3.357782290089413202e+00
-3.181932421752648565e+00
-3.193156875815087670e+00
-3.167710810940395305e+00
-3.167710810940395305e+00
-3.104195376264937245e+00
-3.104195376264937245e+00
-3.104195376264937245e+00
-3.104195376264937245e+00
-3.104195376264937245e+00
-3.104195376264937245e+00
-3.292456938617787099e+00
-3.292456938617787099e+00
-3.208043466593456294e+00
-3.208043466593456294e+00
-3.178905752889254810e+00
-3.178905752889254810e+00
-3.178905752889254810e+00
-3.129865055262827767e+00
-3.140672177244615781e+00
-3.140672177244615781e+00
-3.236775611825012611e+00
-3.236775611825012611e+00
-3.236775611825012611e+00
-3.276103027004639401e+00
-3.216351827830726595e+00
-3.229915659581397591e+00
-3.225502773967743764e+00
-3.225502773967743764e+00
-3.096030903528144140e+00
-3.096030903528144140e+00
-3.086816226294460286e+00
-3.086816226294460286e+00
-3.227009711545448578e+00
-3.227009711545448578e+00
-3.227009711545448578e+00
-3.227009711545448578e+00
-3.430189093168147796e+00
-3.430189093168147796e+00
-3.430189093168147796e+00
-3.301196636891965852e+00
-3.401513008770381763e+00
-3.441969110386175146e+00
-3.279031199838777333e+00
-3.279031199838777333e+00
-3.269154756056340538e+00
-3.090527527393028606e+00
-3.090527527393028606e+00
-3.204840210853464821e+00
-3.204840210853464821e+00
-3.290921385955502654e+00
-3.290921385955502654e+00
-3.290921385955502654e+00
-3.318363990737435376e+00
-3.318363990737435376e+00
-3.318363990737435376e+00
-3.318363990737435376e+00
-3.318363990737435376e+00
-3.318363990737435376e+00
-3.299476025539173296e+00
-3.299476025539173296e+00
-3.321090525159065887e+00
-3.179827599280763195e+00
-3.249119781348142499e+00
-3.249119781348142499e+00
-3.447620685835136367e+00
-3.114449351439816382e+00
-3.105815989099681929e+00
-3.156097292379696828e+00
-3.156097292379696828e+00
-3.156097292379696828e+00
-3.156097292379696828e+00
-3.156097292379696828e+00
-3.156097292379696828e+00
-3.156097292379696828e+00
-3.296502093346060480e+00
-3.296502093346060480e+00
-3.074276656569850719e+00
-3.074276656569850719e+00
-3.193063243809411311e+00
-3.242138834921308277e+00
-3.242138834921308277e+00
-3.158546776692157110e+00
-3.158546776692157110e+00
-3.296630056642032791e+00
-3.296630056642032791e+00
-3.256838016508736278e+00
-3.256838016508736278e+00
-3.256838016508736278e+00
-3.256838016508736278e+00
-3.259842500016952638e+00
-3.259842500016952638e+00
-3.389778346622034810e+00
-3.321111926462286146e+00
-3.321111926462286146e+00
-3.321111926462286146e+00
-3.236592022041371752e+00
-3.236592022041371752e+00
-3.323861918532623250e+00
-3.323861918532623250e+00
-3.323861918532623250e+00
-3.323861918532623250e+00
-3.323861918532623250e+00
-3.256915223551370087e+00
-3.256915223551370087e+00
-3.256915223551370087e+00
-3.256915223551370087e+00
-3.256915223551370087e+00
-3.206740911937355776e+00
-3.140253527560747049e+00
-3.140253527560747049e+00
-3.140253527560747049e+00
-3.240034103156245404e+00
-3.240034103156245404e+00
-3.399295485930755145e+00
-3.271049334789694729e+00
-3.352229574914502575e+00
-3.352229574914502575e+00
-3.398030259095602634e+00
-3.398030259095602634e+00
-3.351945354198473837e+00
-3.392882091806246780e+00
-3.392882091806246780e+00
-3.392882091806246780e+00
-3.402693844063310991e+00
-3.402693844063310991e+00
-3.402693844063310991e+00
-3.288125355743673595e+00
-3.260218873793544692e+00
-3.308945867142607966e+00
-3.216038323729264903e+00
-3.216038323729264903e+00
-3.169267996958696099e+00
-3.209265049152162597e+00
-3.015959082666391566e+00
-3.015959082666391566e+00
-3.015959082666391566e+00
-3.008825227166419314e+00
-3.008825227166419314e+00
-3.150636915953064943e+00
-3.150636915953064943e+00
-3.150636915953064943e+00
-3.150636915953064943e+00
-3.150636915953064943e+00
-3.150636915953064943e+00
-3.150636915953064943e+00
-3.150636915953064943e+00
-3.150636915953064943e+00
-3.148677940749956772e+00
-3.148677940749956772e+00
-3.146514453277759138e+00
-3.146178325280216459e+00
-3.146178325280216459e+00
-3.146178325280216459e+00
-3.146178325280216459e+00
-3.146178325280216459e+00
-3.146178325280216459e+00
-3.146178325280216459e+00
-3.146178325280216459e+00
-3.217866403961610722e+00
-3.217866403961610722e+00
-3.002320878925542669e+00
-3.002320878925542669e+00
-3.002320878925542669e+00
-3.002320878925542669e+00
-2.992254730759070114e+00
-2.992254730759070114e+00
-3.225779017066499055e+00
-3.214864785099858402e+00
-3.240657367834589131e+00
-3.232029910078430213e+00
-3.232029910078430213e+00
-3.338330894630376466e+00
-3.058870220742152313e+00
-3.058870220742152313e+00
-3.188400623332698469e+00
-3.361597409517639967e+00
-3.361597409517639967e+00
-3.330720446048804462e+00
-3.330720446048804462e+00
-3.330720446048804462e+00
-3.310412041129465965e+00
-3.311336305076022057e+00
-3.311336305076022057e+00
-3.311336305076022057e+00
-3.311336305076022057e+00
-3.311336305076022057e+00
-3.392628762686517252e+00
-3.392628762686517252e+00
-3.421039262951991677e+00
-3.421039262951991677e+00
-3.434610469579803205e+00
-3.202399268732971205e+00
-3.202399268732971205e+00
-3.158565142156393168e+00
-3.240385287917094459e+00
-3.240385287917094459e+00
-3.230662643288732649e+00
-3.230662643288732649e+00
-3.118551442089128933e+00
-3.554000097301297068e+00
-3.554000097301297068e+00
-3.554000097301297068e+00
-3.266627221413378468e+00
-3.266627221413378468e+00
-3.245170531444014905e+00
-3.242912618284784720e+00
-3.242912618284784720e+00
-3.242912618284784720e+00
-3.496739203378352645e+00
-3.499343151098444960e+00
-3.214727580646687066e+00
-3.304344161246487666e+00
-3.407305163157672290e+00
-3.407305163157672290e+00
-3.407292968684430434e+00
-3.411410948337940230e+00
-3.411410948337940230e+00
-3.352186764274402098e+00
-3.255105644153007738e+00
-3.161517828724909940e+00
-3.161517828724909940e+00
-3.150415321016790671e+00
-3.242693090156335334e+00
-3.214566665794674982e+00
-3.214566665794674982e+00
-3.214566665794674982e+00
-3.128061326990434043e+00
-3.128061326990434043e+00
-3.128061326990434043e+00
-3.413620920793353442e+00
-3.413620920793353442e+00
-3.433895024988186329e+00
-3.553342869389051195e+00
-3.553342869389051195e+00
-3.441832032044809253e+00
-3.441832032044809253e+00
-3.441832032044809253e+00
-3.441832032044809253e+00
-3.441832032044809253e+00
-3.487708681945970390e+00
-3.176311403635478481e+00
-3.184196531422108567e+00
-3.184680489895224120e+00
-3.184680489895224120e+00
-3.184680489895224120e+00
-3.168224729616612834e+00
-3.170239618905625889e+00
-3.170239618905625889e+00
-3.238184359770766463e+00
-3.238184359770766463e+00
-3.238184359770766463e+00
-3.238184359770766463e+00
-3.178134505284223366e+00
-3.275809957669942207e+00
-3.275809957669942207e+00
-3.435802482428168325e+00
-3.435802482428168325e+00
-3.484173917584572955e+00
-3.489745137867813263e+00
-3.489745137867813263e+00
-3.453144157624052024e+00
-3.216063401937723665e+00
-3.216063401937723665e+00
-3.216063401937723665e+00
-3.216063401937723665e+00
-3.216063401937723665e+00
-3.271062777480319816e+00
-3.271062777480319816e+00
-3.218718747772607358e+00
-3.218718747772607358e+00
-3.218718747772607358e+00
-3.218718747772607358e+00
-3.348996623800761796e+00
-3.348996623800761796e+00
-3.515322958292932842e+00
-3.510741681225403532e+00
-3.517793144045184839e+00
-3.397859880143849320e+00
-3.214226027914227846e+00
-3.214226027914227846e+00
-3.214226027914227846e+00
-3.214226027914227846e+00
-3.214226027914227846e+00
-3.214226027914227846e+00
-3.214226027914227846e+00
-3.214226027914227846e+00
-3.217344605438781979e+00
-3.422140567235905539e+00
-3.422140567235905539e+00
-3.422140567235905539e+00
-3.615360720076059575e+00
-3.615360720076059575e+00
-3.615360720076059575e+00
-3.615360720076059575e+00
-3.615360720076059575e+00
-3.615360720076059575e+00
-3.593130810953033993e+00
-3.593130810953033993e+00
-3.593130810953033993e+00
-3.457837402167282637e+00
-3.518394654378607544e+00
-3.518394654378607544e+00
-3.350241210085627142e+00
-3.350241210085627142e+00
-3.456702762522611661e+00
-3.729542821481652393e+00
-3.729542821481652393e+00
-3.729542821481652393e+00
-3.729542821481652393e+00
-3.603306847521853484e+00
-3.603306847521853484e+00
-3.605255886419534761e+00
-3.571270270887202170e+00
-3.493727156170767678e+00
-3.463509126587484666e+00
-3.463509126587484666e+00
-3.463509126587484666e+00
-3.463509126587484666e+00
-3.463509126587484666e+00
-3.463509126587484666e+00
-3.435785072912012961e+00
-3.409359439004086667e+00
-3.609604571286303187e+00
-3.609604571286303187e+00
-3.609604571286303187e+00
-3.609604571286303187e+00
-3.364588481179292323e+00
-3.364588481179292323e+00
-3.364588481179292323e+00
-3.311134335249034777e+00
-4.020481406686723602e+00
-3.762784118341899742e+00
-3.762784118341899742e+00
-3.762784118341899742e+00
-3.748590642374701520e+00
-3.753420395289079448e+00
-3.753420395289079448e+00
-3.753420395289079448e+00
-3.753420395289079448e+00
-3.753420395289079448e+00
-3.830026939172415990e+00
-3.775434950195310169e+00
-3.775434950195310169e+00
-3.736164366457972008e+00
-3.683101785558113406e+00
-3.683101785558113406e+00
-3.683101785558113406e+00
-3.683101785558113406e+00
-3.683101785558113406e+00
-3.612421938057408077e+00
-3.612421938057408077e+00
-3.612421938057408077e+00
-3.640303840049938344e+00
-3.640303840049938344e+00
-3.627209759424623314e+00
-3.627209759424623314e+00
-3.612702395416276246e+00
-3.612702395416276246e+00
-3.612702395416276246e+00
-3.612702395416276246e+00
-3.612702395416276246e+00
-3.612702395416276246e+00
-3.612702395416276246e+00
-3.637092756906500135e+00
-3.567354771751762854e+00
-3.567354771751762854e+00
-4.124174467655507215e+00
-4.124174467655507215e+00
-3.901416463077364227e+00
-3.901416463077364227e+00
-3.901416463077364227e+00
-3.901416463077364227e+00
-3.901416463077364227e+00
-3.901416463077364227e+00
-3.901416463077364227e+00
-3.916406459599548473e+00
-3.916406459599548473e+00
-3.999035474883931407e+00
-4.420544929750799490e+00
-4.173629266953025052e+00
-4.173629266953025052e+00
-4.173629266953025052e+00
-4.173629266953025052e+00
-4.173629266953025052e+00
-4.173629266953025052e+00
-3.925321552482067489e+00
-3.956149254436733376e+00
-3.956149254436733376e+00
-4.022064605663570269e+00
-4.023691289933018389e+00
-4.023691289933018389e+00
-4.023691289933018389e+00
-4.023691289933018389e+00
-4.023691289933018389e+00
-4.009528005976461529e+00
-4.272814941567452784e+00
-4.054406762944813281e+00
-4.054406762944813281e+00
-4.200642702077319157e+00
-4.232276686000109756e+00
-3.939654647599621473e+00
-3.939654647599621473e+00
-4.017093972754109288e+00
-4.017093972754109288e+00
-4.126412774305288522e+00
-4.201193935333780161e+00
-4.201193935333780161e+00
-4.356179684484946968e+00
-4.331512833273333030e+00
-4.011295201276145583e+00
-4.011295201276145583e+00
-4.016961885962083478e+00
-3.974104091068193068e+00
-4.261892478198486600e+00
-4.239439979914317647e+00
-4.239439979914317647e+00
-4.258257536360683382e+00
-4.258257536360683382e+00
-4.258257536360683382e+00
-4.258257536360683382e+00
-4.258257536360683382e+00
-4.434388423480982055e+00
-4.369424588562871747e+00
-4.124339448862919255e+00
-4.245117915516659401e+00
-4.206296976038766289e+00
-4.206227903975222837e+00
-4.206227903975222837e+00
-4.206227903975222837e+00
-4.219994072739305935e+00
-4.219994072739305935e+00
-4.219994072739305935e+00
-4.219994072739305935e+00
-4.267768492411805781e+00
-4.104085976509565192e+00
-4.116822550077373855e+00
-4.116822550077373855e+00
-4.212947691453009291e+00
-4.212947691453009291e+00
-4.212947691453009291e+00
-4.212947691453009291e+00
-4.212947691453009291e+00
-4.212947691453009291e+00
-4.212947691453009291e+00
-4.212947691453009291e+00
-4.212947691453009291e+00
-4.239166430684203846e+00
-4.239166430684203846e+00
-4.253873059893003905e+00
-4.253873059893003905e+00
-4.253873059893003905e+00
-4.315267353593831956e+00
-4.315267353593831956e+00
-4.315267353593831956e+00
-4.315267353593831956e+00
-4.342694141584813927e+00
-4.354165972850679189e+00
-4.354165972850679189e+00
-4.354165972850679189e+00
-4.354165972850679189e+00
-4.268348580977909812e+00
-4.229907544457462976e+00
-4.097985729045068304e+00
-4.097985729045068304e+00
-4.097985729045068304e+00
-3.888317272016503345e+00
-4.130257637227281009e+00
-4.130257637227281009e+00
-4.130257637227281009e+00
-4.130257637227281009e+00
-4.120964696278022643e+00
-4.134771307109945226e+00
-4.133191912452698347e+00
-4.153833935215501150e+00
-4.174525396744974692e+00
-4.174525396744974692e+00
-4.096574612856619169e+00
-4.141087148305179433e+00
-4.202721263194898249e+00
-4.212122801073752143e+00
-4.076877347562784415e+00
-4.076877347562784415e+00
-4.062501439367490974e+00
-4.062501439367490974e+00
-4.062501439367490974e+00
-4.062501439367490974e+00
-4.062501439367490974e+00
-4.053743565099324542e+00
-4.053743565099324542e+00
-4.053743565099324542e+00
-4.053743565099324542e+00
-4.053743565099324542e+00
-4.188315832126832561e+00
-4.188315832126832561e+00
-4.188315832126832561e+00
-4.188315832126832561e+00
-4.196353865736363709e+00
-4.199202277151349527e+00
-4.199202277151349527e+00
-4.199202277151349527e+00
-4.199202277151349527e+00
-3.952454622887243474e+00
-3.952454622887243474e+00
-3.952454622887243474e+00
-4.169501584983977160e+00
-4.151153549812186760e+00
-4.151153549812186760e+00
-4.055557161804566491e+00
-4.039347293920417137e+00
-4.039347293920417137e+00
-4.039347293920417137e+00
-4.039347293920417137e+00
-4.039347293920417137e+00
-4.039347293920417137e+00
-4.039347293920417137e+00
-4.039347293920417137e+00
-3.939454513952162173e+00
-3.939454513952162173e+00
-3.898438966104217140e+00
-3.947580053625078023e+00
-3.947580053625078023e+00
-3.947580053625078023e+00
-3.892219084445953214e+00
-3.892219084445953214e+00
-3.892219084445953214e+00
-3.892219084445953214e+00
-3.892219084445953214e+00
-4.013967762138019424e+00
-4.001257038073644523e+00
-4.001257038073644523e+00
-4.001257038073644523e+00
-4.001257038073644523e+00
-4.001257038073644523e+00
-4.001257038073644523e+00
-4.030843884298088931e+00
-3.974765459068573037e+00
-3.974765459068573037e+00
-3.974765459068573037e+00
-3.974765459068573037e+00
-3.974765459068573037e+00
-3.974765459068573037e+00
-3.974765459068573037e+00
-3.860841810021521603e+00
-3.906758617190487115e+00
-3.913389451088599813e+00
-3.974602236291684854e+00
-4.077676563291450229e+00
-3.950427791697772584e+00
-3.950427791697772584e+00
-3.878713787868514729e+00
-3.878713787868514729e+00
-3.878713787868514729e+00
-3.878713787868514729e+00
-3.835898144327321013e+00
-3.782457083028455180e+00
-3.752372285371806893e+00
-3.905363598486688126e+00
-3.806918725699851791e+00
-3.806918725699851791e+00
-3.806918725699851791e+00
-3.806918725699851791e+00
-3.806918725699851791e+00
-3.806918725699851791e+00
-3.806918725699851791e+00
-3.806918725699851791e+00
-3.806918725699851791e+00
-4.049058577337135922e+00
-3.989360515505774973e+00
-3.935326568922135060e+00
-3.935326568922135060e+00
-3.983180089395778722e+00
-3.983180089395778722e+00
-3.983180089395778722e+00
-3.889950934155503859e+00
-3.889950934155503859e+00
-3.889950934155503859e+00
-3.889950934155503859e+00
-3.889950934155503859e+00
-4.098469432975626603e+00
-4.098469432975626603e+00
-4.182312264633855747e+00
-4.182312264633855747e+00
-4.182312264633855747e+00
-4.182312264633855747e+00
-4.182312264633855747e+00
-4.182312264633855747e+00
-4.166037646961859409e+00
-4.016070482545719855e+00
-4.070662876790064111e+00
-4.070662876790064111e+00
-4.070662876790064111e+00
-4.070662876790064111e+00
-4.116896998247486117e+00
-4.016761823918185037e+00
-4.026167495256737894e+00
-4.069393592037111596e+00
-4.069393592037111596e+00
-4.231992427148070668e+00
-4.237263885988702405e+00
-4.220956912871182354e+00
-4.220956912871182354e+00
-4.220956912871182354e+00
-4.279461587260468214e+00
-4.302089975335158023e+00
-4.302089975335158023e+00
-4.302089975335158023e+00
-4.302089975335158023e+00
-4.302089975335158023e+00
-4.302089975335158023e+00
-4.302089975335158023e+00
-4.152226100012746279e+00
-4.152226100012746279e+00
-4.308844403204459717e+00
-4.308844403204459717e+00
-4.267481149732525125e+00
-4.267481149732525125e+00
-4.267481149732525125e+00
-4.267481149732525125e+00
-4.295942325008751617e+00
-4.295942325008751617e+00
-4.295942325008751617e+00
-4.206644006114665046e+00
-4.210345605030964222e+00
-4.224228723655310880e+00
-4.155063699331036808e+00
-4.201148358814497996e+00
-4.198989202182544567e+00
-4.198989202182544567e+00
-4.135492762537950284e+00
-4.264754922231483114e+00
-4.264754922231483114e+00
-4.264754922231483114e+00
-4.264754922231483114e+00
-4.264754922231483114e+00
-4.264754922231483114e+00
-4.183124164155653801e+00
-4.183124164155653801e+00
-4.177135152449674038e+00
-4.177135152449674038e+00
-4.177135152449674038e+00
-4.177135152449674038e+00
-4.214289348689703729e+00
-4.214289348689703729e+00
-4.202307084528433379e+00
-3.909614410653055483e+00
-3.909614410653055483e+00
-3.909614410653055483e+00
-3.909614410653055483e+00
-3.909614410653055483e+00
-3.909614410653055483e+00
-3.909614410653055483e+00
-4.095726039935750684e+00
-4.095726039935750684e+00
-3.983311428714081615e+00
-4.084084315149467237e+00
-4.165639986708804976e+00
-4.165639986708804976e+00
-4.165639986708804976e+00
-4.106321452150664797e+00
-4.088257206166753477e+00
-4.135379124982020649e+00
-4.135379124982020649e+00
-4.162222970342717154e+00
-4.189419899399812408e+00
-4.189419899399812408e+00
-4.215421463829209792e+00
-4.215421463829209792e+00
-4.131209490746887703e+00
-4.031083480729514612e+00
-4.160180301791130297e+00
-3.935616659551857133e+00
-3.935616659551857133e+00
-3.935616659551857133e+00
-3.935616659551857133e+00
-3.935616659551857133e+00
-4.033067303595622377e+00
-4.033067303595622377e+00
-4.033067303595622377e+00
-4.227334154819045509e+00
-4.227334154819045509e+00
-4.227334154819045509e+00
-4.130255966441630733e+00
-4.130255966441630733e+00
-4.130255966441630733e+00
-4.130255966441630733e+00
-4.130255966441630733e+00
-4.111234306290711515e+00
-4.111234306290711515e+00
-4.111234306290711515e+00
-4.061178117042035574e+00
-4.061178117042035574e+00
-4.032309026169280664e+00
-3.762377637568139033e+00
-4.032083661814026776e+00
-3.928980691998291697e+00
-3.923743461981325176e+00
-3.923743461981325176e+00
-3.923743461981325176e+00
-3.923743461981325176e+00
-3.998952543133770909e+00
-3.985278190168530799e+00
-3.985278190168530799e+00
-4.005926512321268618e+00
-4.005926512321268618e+00
-4.028584312102115206e+00
-4.028584312102115206e+00
-4.028584312102115206e+00
-3.887751321587958664e+00
-3.887751321587958664e+00
-3.887751321587958664e+00
-3.887751321587958664e+00
-4.083936641359679598e+00
-4.141071913676661609e+00
-4.141071913676661609e+00
-4.141071913676661609e+00
-4.162445593357110951e+00
-4.140142551914994584e+00
-4.133166443842218207e+00
-4.133166443842218207e+00
-3.711912571465195931e+00
-3.797096409422525909e+00
-3.797096409422525909e+00
-3.872671501865135646e+00
-3.872671501865135646e+00
-3.872671501865135646e+00
-3.872671501865135646e+00
-3.797931528064878215e+00
-3.584083978682786942e+00
-3.584083978682786942e+00
-3.584083978682786942e+00
-3.584083978682786942e+00
-3.584083978682786942e+00
-3.576615061896802228e+00
-3.576615061896802228e+00
-3.580437789083586786e+00
-3.580437789083586786e+00
-3.580437789083586786e+00
-4.011697404847032189e+00
-4.011697404847032189e+00
-3.984751389762046792e+00
-3.984751389762046792e+00
-4.075597625286669690e+00
-4.075597625286669690e+00
-4.075597625286669690e+00
-4.075597625286669690e+00
-4.075597625286669690e+00
-4.075597625286669690e+00
-4.075597625286669690e+00
-4.075597625286669690e+00
-4.235188650353148176e+00
-4.235188650353148176e+00
-4.235188650353148176e+00
-4.236915553977868676e+00
-4.236915553977868676e+00
-4.000260553220971182e+00
-4.000260553220971182e+00
-4.000260553220971182e+00
-3.994197567169972984e+00
-3.995865164395137725e+00
-3.995865164395137725e+00
-3.995865164395137725e+00
-4.030309971696099502e+00
-4.060873298449969582e+00
-4.060873298449969582e+00
-3.994694536487755521e+00
-3.994694536487755521e+00
-4.161770026126454525e+00
-4.161770026126454525e+00
-4.161770026126454525e+00
-4.043157674719137340e+00
-4.043157674719137340e+00
-4.043157674719137340e+00
-3.885911758380161451e+00
-3.885911758380161451e+00
-3.885911758380161451e+00
-3.909565594275557832e+00
-3.932959149438597368e+00
-3.982047481415349921e+00
-3.982047481415349921e+00
-3.982047481415349921e+00
-4.088145907732246620e+00
-4.122108289472742548e+00
-4.174990949188322809e+00
-4.167148621595911706e+00
-4.167148621595911706e+00
-4.167148621595911706e+00
-4.167148621595911706e+00
-4.160182795020589630e+00
-4.160182795020589630e+00
-4.160182795020589630e+00
-4.225760725748238578e+00
-4.147437124303145595e+00
-4.147437124303145595e+00
-4.147437124303145595e+00
-4.132659932322013674e+00
-4.132659932322013674e+00
-4.132659932322013674e+00
-4.242987225291337872e+00
-4.242987225291337872e+00
-4.242987225291337872e+00
-4.242987225291337872e+00
-4.253479243017173950e+00
-4.253479243017173950e+00
-4.199066281363855957e+00
-3.977149413130960376e+00
-3.739681736585797278e+00
-3.739681736585797278e+00
-3.739681736585797278e+00
-3.743936989376786872e+00
-3.743936989376786872e+00
-3.743936989376786872e+00
-3.743936989376786872e+00
-3.761268240135054342e+00
-3.761268240135054342e+00
-3.761268240135054342e+00
-3.761268240135054342e+00
-3.998328459906609567e+00
-3.998328459906609567e+00
-3.966520696942059665e+00
-3.883885273671345839e+00
-4.069214596516455451e+00
-4.069214596516455451e+00
-3.710682929044295975e+00
-3.710682929044295975e+00
-4.460000123292930496e+00
-4.460000123292930496e+00
-4.460000123292930496e+00
-4.255517230998901113e+00
-4.255517230998901113e+00
-4.255517230998901113e+00
-4.255517230998901113e+00
-4.255517230998901113e+00
-4.255517230998901113e+00
-4.280942218307846936e+00
-4.280942218307846936e+00
-4.381284650569238437e+00
-4.396984575629824477e+00
-4.219480128790115359e+00
-4.219480128790115359e+00
-4.219480128790115359e+00
-4.219480128790115359e+00
-4.178140550676533671e+00
-4.178140550676533671e+00
-4.129536780305991250e+00
-4.017093158760072669e+00
-4.017093158760072669e+00
-3.965745430175411812e+00
-3.967698853671297599e+00
-3.967698853671297599e+00
-3.967698853671297599e+00
-3.967698853671297599e+00
-3.967698853671297599e+00
-4.047386009892022685e+00
-4.036004890656733401e+00
-4.036004890656733401e+00
-4.036700350736279752e+00
-3.925045147414221614e+00
-3.925045147414221614e+00
-3.887149786926388462e+00
-3.887149786926388462e+00
-3.819622093959383236e+00
-3.819622093959383236e+00
-3.832094543043456980e+00
-3.837750261107070404e+00
-3.837750261107070404e+00
-3.837750261107070404e+00
-3.831170539957644117e+00
-3.960198041965814042e+00
-4.004704821224819078e+00
-3.915801288779488853e+00
-4.035038293820390365e+00
-3.899055691112031763e+00
-3.899055691112031763e+00
-3.989949744111294994e+00
-4.078898532480121908e+00
-3.973804566809724825e+00
-3.964972058111387643e+00
-4.025961157047229122e+00
-4.025961157047229122e+00
-3.870892284696740848e+00
-3.997682723099966307e+00
-3.997682723099966307e+00
-3.850329471315486529e+00
-3.932811777611843862e+00
-3.933792670921279377e+00
-3.933792670921279377e+00
-3.875822014681459038e+00
-3.875822014681459038e+00
-3.875822014681459038e+00
-3.875822014681459038e+00
-3.875822014681459038e+00
-3.806262062308509719e+00
-3.806262062308509719e+00
-3.680791076825830288e+00
-3.682907267606284840e+00
-3.670534808987939268e+00
-3.674493876906260503e+00
-3.674493876906260503e+00
-3.674493876906260503e+00
-3.674493876906260503e+00
-3.888186112191182264e+00
-3.888186112191182264e+00
-3.885945268442190681e+00
-3.928664312747780940e+00
-3.980879468709809910e+00
-3.980879468709809910e+00
-3.980879468709809910e+00
-3.980879468709809910e+00
-3.984508668674793697e+00
-3.984508668674793697e+00
-3.983585114773789293e+00
-3.983585114773789293e+00
-3.983332664746292107e+00
-4.066719406052412111e+00
-3.929661660666635026e+00
-3.929661660666635026e+00
-3.927676063308404242e+00
-3.927676063308404242e+00
-3.927676063308404242e+00
-3.927676063308404242e+00
-4.043054970056294550e+00
-3.914367913717520242e+00
-3.914367913717520242e+00
-3.914185449876819156e+00
-3.914185449876819156e+00
-3.902160951236138153e+00
-3.902160951236138153e+00
-3.902160951236138153e+00
-3.902160951236138153e+00
-3.902160951236138153e+00
-3.931213467231193359e+00
-3.965839037980659842e+00
-4.021268164216252217e+00
-4.021268164216252217e+00
-4.021268164216252217e+00
-4.021268164216252217e+00
-4.007790693595099540e+00
-3.954292083242958000e+00
-3.954292083242958000e+00
-3.954292083242958000e+00
-3.954292083242958000e+00
-3.786143126667585346e+00
-3.860604511794627935e+00
-3.860604511794627935e+00
-3.860604511794627935e+00
-4.059963358386880827e+00
-3.950371331941933128e+00
-3.948330752743040684e+00
-3.948330752743040684e+00
-3.999563258398936672e+00
-3.999563258398936672e+00
-3.999563258398936672e+00
-3.736716752517458051e+00
-3.736716752517458051e+00
-3.736716752517458051e+00
-3.736716752517458051e+00
-3.736716752517458051e+00
-3.769649442608062895e+00
-4.061163682176451850e+00
-4.061163682176451850e+00
-3.852681723646232737e+00
-3.852681723646232737e+00
-3.808485384796119533e+00
-3.803791179696788038e+00
-3.803791179696788038e+00
-3.803791179696788038e+00
-3.803791179696788038e+00
-3.788793884834761094e+00
-3.788793884834761094e+00
-3.788793884834761094e+00
-3.788793884834761094e+00
-3.715058800378383097e+00
-3.698329206227728871e+00
-3.698329206227728871e+00
-4.028550571485558507e+00
-4.028550571485558507e+00
-4.028550571485558507e+00
-3.990267165759501911e+00
-4.002990301288822828e+00
-4.039080348448178981e+00
-4.034105096750632669e+00
-4.024804153126774864e+00
-4.024804153126774864e+00
-4.024804153126774864e+00
-4.024804153126774864e+00
-4.024804153126774864e+00
-3.990065344456553031e+00
-3.990065344456553031e+00
-3.990065344456553031e+00
-3.990065344456553031e+00
-3.889524673554130008e+00
-3.889524673554130008e+00
-3.889524673554130008e+00
-3.909376478923248577e+00
-3.909376478923248577e+00
-3.909376478923248577e+00
-3.909376478923248577e+00
-3.909376478923248577e+00
-3.895791915705487440e+00
-3.979847971556406350e+00
-3.979847971556406350e+00
-4.007359795749708020e+00
-4.007359795749708020e+00
-4.067971120507267280e+00
-4.067971120507267280e+00
-4.067971120507267280e+00
-4.067971120507267280e+00
-4.067971120507267280e+00
-4.038456400624751197e+00
-4.170609690569023975e+00
-4.170609690569023975e+00
-4.170609690569023975e+00
-4.170609690569023975e+00
-4.170609690569023975e+00
-4.170609690569023975e+00
-4.170609690569023975e+00
-4.214838549410527158e+00
-4.214838549410527158e+00
-4.214838549410527158e+00
-4.214838549410527158e+00
-4.214838549410527158e+00
-4.214838549410527158e+00
-4.214838549410527158e+00
-4.152977448102636693e+00
-4.152977448102636693e+00
-4.152977448102636693e+00
-4.251572059452686680e+00
-4.240616778131713893e+00
-4.105521343379680665e+00
-4.182944859318039832e+00
-4.182944859318039832e+00
-4.162805959138528245e+00
-4.112972873803586005e+00
-4.141810594239067278e+00
-4.141810594239067278e+00
-3.918318304248225026e+00
-3.970757127469917602e+00
-3.970757127469917602e+00
-3.970757127469917602e+00
-4.092865951450684214e+00
-4.092865951450684214e+00
-4.092865951450684214e+00
-4.051590817534175493e+00
-4.057000203279409689e+00
-4.070271789979084787e+00
-4.070271789979084787e+00
-4.081779733706330404e+00
-4.081779733706330404e+00
-4.081779733706330404e+00
-4.081779733706330404e+00
-3.946691982867946091e+00
-3.946691982867946091e+00
-3.946691982867946091e+00
-3.908915895143324271e+00
-3.882246729993651613e+00
-3.907145575013711625e+00
-3.907145575013711625e+00
-3.907145575013711625e+00
-4.106476768511835296e+00
-4.106476768511835296e+00
-4.084833956434763991e+00
-4.084833956434763991e+00
-4.084833956434763991e+00
-4.110597324846421152e+00
-4.127553427400552088e+00
-3.944299758506791154e+00
-3.944299758506791154e+00
-3.944299758506791154e+00
-3.901209894838301384e+00
-3.907986478755590465e+00
-3.907986478755590465e+00
-3.907986478755590465e+00
-3.987334682707099898e+00
-4.102863815763131861e+00
-4.102863815763131861e+00
-4.102863815763131861e+00
-4.038005570589933590e+00
-4.038005570589933590e+00
-4.038005570589933590e+00
-4.038005570589933590e+00
-4.038005570589933590e+00
-3.923448665878314756e+00
-3.871950994948646141e+00
-3.871950994948646141e+00
-3.884798605566626151e+00
-3.884798605566626151e+00
-3.917923868202738191e+00
-3.917923868202738191e+00
-3.982157885041826439e+00
-3.982157885041826439e+00
-3.982157885041826439e+00
-4.087226325274850858e+00
-4.060063120571217432e+00
-3.912662241398967122e+00
-4.063397260009320000e+00
-3.998783615238763023e+00
-3.998783615238763023e+00
-3.965449781435927967e+00
-3.965449781435927967e+00
-3.928825684835956622e+00
-3.912206289833176420e+00
-4.031308023890376013e+00
-4.031308023890376013e+00
-4.330040967976290567e+00
-4.170642017861082351e+00
-4.170642017861082351e+00
-4.123212065953708816e+00
-4.123212065953708816e+00
-4.147851345118922950e+00
-4.147851345118922950e+00
-4.147851345118922950e+00
-4.147266450148102024e+00
-4.106931135986468639e+00
-4.135567124366271052e+00
-4.135567124366271052e+00
-4.003650082076342542e+00
-4.138094585728765651e+00
-4.138094585728765651e+00
-4.140646937862032750e+00
-4.109471586631929796e+00
-4.169290571568677883e+00
-4.169290571568677883e+00
-4.169290571568677883e+00
-4.169290571568677883e+00
-4.093262084677464330e+00
-4.123380670589368968e+00
-4.161953567518524189e+00
-4.137823204906263541e+00
-4.137823204906263541e+00
-4.137823204906263541e+00
-4.137336895073955745e+00
-4.092605291530240663e+00
-4.236958050347477744e+00
-4.236958050347477744e+00
-4.236958050347477744e+00
-4.236958050347477744e+00
-4.262801767706705824e+00
-4.198828069666856067e+00
-4.198828069666856067e+00
-4.198828069666856067e+00
-4.198828069666856067e+00
-4.198828069666856067e+00
-4.198828069666856067e+00
-4.222945185228608622e+00
-4.222945185228608622e+00
-4.222945185228608622e+00
-4.246838446526342459e+00
-3.976149435848677971e+00
-3.976149435848677971e+00
-3.976149435848677971e+00
-4.179974542979876695e+00
-4.086627216492468406e+00
-4.086627216492468406e+00
-4.086627216492468406e+00
-4.091885877540284433e+00
-4.022943697865816404e+00
-4.070433646070396705e+00
-4.070433646070396705e+00
-4.135957303986237399e+00
-4.135957303986237399e+00
-4.135957303986237399e+00
-4.141323479043853339e+00
-4.141323479043853339e+00
-4.141323479043853339e+00
-4.176676013308684432e+00
-4.176676013308684432e+00
-4.176676013308684432e+00
-4.176676013308684432e+00
-4.071516390861439127e+00
-4.071516390861439127e+00
-4.071516390861439127e+00
-4.071516390861439127e+00
-4.071516390861439127e+00
-4.080397492313432295e+00
-4.141410523324413617e+00
-4.133169548023936990e+00
-4.133169548023936990e+00
-4.053548769760053183e+00
-4.197647454684012125e+00
-4.050870278925768453e+00
-4.033247714797173700e+00
-4.033247714797173700e+00
-4.064775809879692225e+00
-4.064775809879692225e+00
-4.064775809879692225e+00
-4.064775809879692225e+00
-4.064775809879692225e+00
-4.064775809879692225e+00
-4.064775809879692225e+00
-4.000673109314211828e+00
-4.000673109314211828e+00
-4.000673109314211828e+00
-3.945860153068690757e+00
-4.060011659469562773e+00
-4.060011659469562773e+00
-4.060011659469562773e+00
-4.023906650882566716e+00
-4.023906650882566716e+00
-4.023906650882566716e+00
-4.121610132354128098e+00
-4.121610132354128098e+00
-4.121610132354128098e+00
-3.992274640009705777e+00
-3.992274640009705777e+00
-3.992274640009705777e+00
-3.992274640009705777e+00
-3.992274640009705777e+00
-3.964935805093058541e+00
-3.964935805093058541e+00
-3.964935805093058541e+00
-3.964935805093058541e+00
-3.964935805093058541e+00
-3.945115562741756232e+00
-3.997724328207718614e+00
-3.974088011048370728e+00
-3.974088011048370728e+00
-3.974088011048370728e+00
-3.878159798937781400e+00
-4.033350456037563703e+00
-4.033350456037563703e+00
-4.013190057311049941e+00
-3.854314523287729610e+00
-3.854314523287729610e+00
-3.841718095185429060e+00
-3.841718095185429060e+00
-3.841718095185429060e+00
-3.841718095185429060e+00
-3.841718095185429060e+00
-3.841718095185429060e+00
-4.141912888583775043e+00
-4.153282974325326116e+00
-4.153282974325326116e+00
-4.153282974325326116e+00
-4.169466050659540457e+00
-4.169466050659540457e+00
-4.154663667598977206e+00
-4.154663667598977206e+00
-4.148091531263568221e+00
-4.148091531263568221e+00
-4.116706731549263587e+00
-3.985352966272382336e+00
-3.985352966272382336e+00
-3.985352966272382336e+00
-3.985352966272382336e+00
-3.985352966272382336e+00
-3.985352966272382336e+00
-3.985352966272382336e+00
-4.027720349812726752e+00
-4.011907411965292880e+00
-4.089962098197478468e+00
-4.089962098197478468e+00
-4.089962098197478468e+00
-4.089962098197478468e+00
-4.089962098197478468e+00
-3.959510486443659882e+00
-3.959510486443659882e+00
-3.959510486443659882e+00
-3.985270245700062830e+00
-3.985270245700062830e+00
-3.985270245700062830e+00
-3.985270245700062830e+00
-3.985270245700062830e+00
-3.985270245700062830e+00
-4.055061193913458872e+00
-4.055061193913458872e+00
-3.984727530239760007e+00
-3.984105729121413919e+00
-3.984105729121413919e+00
-3.977803258813507714e+00
-3.977803258813507714e+00
-3.977803258813507714e+00
-3.956969843639794870e+00
-3.956969843639794870e+00
-3.956969843639794870e+00
-3.931307398821946020e+00
-4.030756596016670912e+00
-4.048184296246597924e+00
-4.048184296246597924e+00
-4.096443118112416570e+00
-3.956060218531745054e+00
-3.977521297219297924e+00
-3.942987310717080529e+00
-4.026306048584534558e+00
-4.026306048584534558e+00
-4.101842603733261150e+00
-4.087897634325155849e+00
-4.087897634325155849e+00
-4.031244000686929674e+00
-4.082334351896717450e+00
-4.089144512637969520e+00
-4.083062136683820675e+00
-4.083062136683820675e+00
-4.083062136683820675e+00
-4.128299638631853341e+00
-4.085130130993416486e+00
-4.085130130993416486e+00
-4.085130130993416486e+00
-4.020755158138412000e+00
-4.020755158138412000e+00
-4.020755158138412000e+00
-4.020755158138412000e+00
-4.020755158138412000e+00
-4.020755158138412000e+00
-4.151798559508766751e+00
-4.203969912333726633e+00
-4.186403779288421667e+00
-4.186403779288421667e+00
-4.186403779288421667e+00
-4.163480466665932411e+00
-4.163480466665932411e+00
-4.163480466665932411e+00
-4.085932777482629952e+00
-4.085932777482629952e+00
-3.998044235670157764e+00
-3.998044235670157764e+00
-3.998044235670157764e+00
-4.132560673697250664e+00
-4.057165832756670198e+00
-4.056866726632984310e+00
-4.056866726632984310e+00
-4.056866726632984310e+00
-4.056866726632984310e+00
-4.048591327915148419e+00
-4.027258233707547319e+00
-3.909715005984406577e+00
-3.937371272987471915e+00
-3.918819484122836538e+00
-3.918819484122836538e+00
-3.918819484122836538e+00
-3.918819484122836538e+00
-4.089580861823935543e+00
-4.089580861823935543e+00
-4.102897471338517121e+00
-4.102897471338517121e+00
-3.922289291406204637e+00
-3.922289291406204637e+00
-3.922289291406204637e+00
-3.930464238091445406e+00
-3.799643770899475914e+00
-3.825652536001653115e+00
-3.825652536001653115e+00
-3.820256365685860800e+00
-3.729650982983196084e+00
-3.939133718956054242e+00
-3.987155453788538306e+00
-3.987155453788538306e+00
-3.993384620984461897e+00
-4.041362013676145004e+00
-4.041362013676145004e+00
-4.093836002166837851e+00
-4.104605071715362818e+00
-4.104605071715362818e+00
-4.150233668629527806e+00
-4.150233668629527806e+00
-3.874649527018917627e+00
-3.876106836105967179e+00
-3.876106836105967179e+00
-3.957555745104607947e+00
-3.957555745104607947e+00
-3.957555745104607947e+00
-3.895282871368562994e+00
-4.019870226841610439e+00
-4.024242235843130011e+00
-4.024242235843130011e+00
-4.024242235843130011e+00
-3.998603221873384683e+00
-3.998603221873384683e+00
-3.998603221873384683e+00
-4.017493557805510207e+00
-4.008614679173648554e+00
-4.008614679173648554e+00
-3.969282463642511694e+00
-3.998984899215922706e+00
-3.897314823190456856e+00
-3.897314823190456856e+00
-3.887417672125548673e+00
-4.050720832073772648e+00
-4.131189033209311745e+00
-4.131189033209311745e+00
-4.143093683587840914e+00
-4.083881561921717918e+00
-4.083881561921717918e+00
-3.992867626069082743e+00
-3.992867626069082743e+00
-3.992867626069082743e+00
-4.140213273257820958e+00
-4.140213273257820958e+00
-4.140213273257820958e+00
-4.140213273257820958e+00
-4.055531586184777382e+00
-4.055531586184777382e+00
-4.032872062760453957e+00
-4.031662965476884963e+00
-3.991155201673846520e+00
-4.013609517717616981e+00
-4.013609517717616981e+00
-3.975050021408878198e+00
-4.018447549686420928e+00
-4.018447549686420928e+00
-4.018447549686420928e+00
-4.018447549686420928e+00
-4.018447549686420928e+00
-4.018447549686420928e+00
-3.919177502604534791e+00
-3.919177502604534791e+00
-3.978040796906102017e+00
-3.978040796906102017e+00
-4.025873671169608592e+00
-4.083830923625876963e+00
-4.069123223041197335e+00
-4.069123223041197335e+00
-4.069123223041197335e+00
-4.069123223041197335e+00
-4.069123223041197335e+00
-3.963942194379641570e+00
-3.963942194379641570e+00
-3.963942194379641570e+00
-3.963942194379641570e+00
-3.924176221612429849e+00
-3.927996213959468186e+00
-3.927996213959468186e+00
-3.927996213959468186e+00
-3.927996213959468186e+00
-3.927996213959468186e+00
-3.933134374679924328e+00
-3.933134374679924328e+00
-4.003744399522961572e+00
-4.089687591576939063e+00
-4.104576125578695667e+00
-4.113503354106970100e+00
-4.118517837014667116e+00
-4.118517837014667116e+00
-4.112012641004068492e+00
-4.112012641004068492e+00
-4.112012641004068492e+00
-4.112012641004068492e+00
-4.214901064244968687e+00
-4.214901064244968687e+00
-4.221856509278461900e+00
-4.221856509278461900e+00
-4.120660725260369084e+00
-4.120660725260369084e+00
-4.138981121745664460e+00
-4.142608414438253561e+00
-4.196406519854560813e+00
-4.196406519854560813e+00
-4.196406519854560813e+00
-4.186185280678268228e+00
-4.186185280678268228e+00
-4.163273781609788671e+00
-4.168824559038650790e+00
-4.168824559038650790e+00
-4.168824559038650790e+00
-4.168824559038650790e+00
-4.168824559038650790e+00
-4.168824559038650790e+00
-4.140018128752766202e+00
-4.140018128752766202e+00
-4.140018128752766202e+00
-4.204075407021813149e+00
-4.204075407021813149e+00
-3.997052714052387934e+00
-3.997052714052387934e+00
-3.997052714052387934e+00
-3.997052714052387934e+00
-4.074843557275893424e+00
-4.078851196661063661e+00
-4.123653011524972101e+00
-4.065389916494182465e+00
-4.056035861263298514e+00
-4.056035861263298514e+00
-4.056035861263298514e+00
-4.057347724101044051e+00
-4.055778187578805927e+00
-4.054961745335138978e+00
-4.054961745335138978e+00
-4.046038425137855832e+00
-4.046038425137855832e+00
-4.060267742064842977e+00
-4.060267742064842977e+00
-4.060267742064842977e+00
-4.060267742064842977e+00
-4.244738934303380340e+00
-4.244738934303380340e+00
-4.244738934303380340e+00
-4.244738934303380340e+00
-4.060357789701005693e+00
-4.043867706235766413e+00
-4.043867706235766413e+00
-4.004130874697642284e+00
-4.077903560031868047e+00
-4.065011254626949011e+00
-4.027226287408034011e+00
-4.027226287408034011e+00
-4.046288243898149339e+00
-4.014781286430369356e+00
-4.014781286430369356e+00
-4.014781286430369356e+00
-4.014781286430369356e+00
-4.092919359300066340e+00
-3.992338038691197522e+00
-4.063668850292650347e+00
-4.073102684741856550e+00
-4.165787130331321642e+00
-4.160403846167493924e+00
-4.160403846167493924e+00
-4.219057181500251552e+00
-3.785551115906144126e+00
-3.785551115906144126e+00
-3.858110690518835817e+00
-4.011050293648167120e+00
-4.027836827160514055e+00
-4.027836827160514055e+00
-3.926485630646213920e+00
-3.962880870174523729e+00
-3.969830959078534338e+00
-3.969830959078534338e+00
-3.969830959078534338e+00
-4.017078409894084601e+00
-4.017078409894084601e+00
-4.044074976909688424e+00
-3.960428121031149828e+00
-3.982489570380816968e+00
-3.982489570380816968e+00
-4.117589590390953624e+00
-4.090369826744609583e+00
-4.176803204835239036e+00
-4.133534960830843374e+00
-4.133534960830843374e+00
-4.215060503895874611e+00
-4.082953106183003555e+00
-4.082953106183003555e+00
-4.082953106183003555e+00
-4.082380726741363652e+00
-4.082380726741363652e+00
-4.082380726741363652e+00
-4.078543838197788318e+00
-4.078543838197788318e+00
-3.949510756794495592e+00
-3.949510756794495592e+00
-3.949510756794495592e+00
-4.116104254941853391e+00
-4.116104254941853391e+00
-4.116104254941853391e+00
-3.958505445303787340e+00
-4.057325767215150591e+00
-4.058971346900705157e+00
-4.058971346900705157e+00
-4.058971346900705157e+00
-4.058971346900705157e+00
-4.072408508194374832e+00
-4.034226714971462791e+00
-4.062967206501594042e+00
-4.062967206501594042e+00
-4.062967206501594042e+00
-4.062967206501594042e+00
-4.062967206501594042e+00
-4.062967206501594042e+00
-4.062967206501594042e+00
-4.015699710570246772e+00
-4.015699710570246772e+00
-4.015699710570246772e+00
-3.973163132712568490e+00
-3.989189434129856160e+00
-4.037892837996064799e+00
-4.037892837996064799e+00
-3.990554526999083418e+00
-3.964676618354444404e+00
-3.964676618354444404e+00
-3.993183681273583918e+00
-3.994100651567039417e+00
-3.994100651567039417e+00
-4.076034897030520909e+00
-4.076034897030520909e+00
-4.076034897030520909e+00
-4.076034897030520909e+00
-4.094142910018478965e+00
-4.117884160854915265e+00
-4.117884160854915265e+00
-4.124819312894627110e+00
-4.124819312894627110e+00
-4.094513975394988847e+00
-3.969584006225783668e+00
-3.969584006225783668e+00
-3.978460167954762650e+00
-3.978460167954762650e+00
-3.978460167954762650e+00
-3.978460167954762650e+00
-3.978460167954762650e+00
-3.957719181796290897e+00
-3.957719181796290897e+00
-3.938452746768362545e+00
-3.953599504965670253e+00
-3.953599504965670253e+00
-3.953599504965670253e+00
-4.056581741938298791e+00
-4.056581741938298791e+00
-4.056581741938298791e+00
-4.026771083770731785e+00
-4.026771083770731785e+00
-4.036296727944781004e+00
-4.069714984888408438e+00
-4.069714984888408438e+00
-4.069714984888408438e+00
-4.261638836723515844e+00
-4.153509907078848151e+00
-4.153509907078848151e+00
-4.153509907078848151e+00
-4.153509907078848151e+00
-4.164842235024818429e+00
-4.023644142641927601e+00
-4.023644142641927601e+00
-4.132579984758896430e+00
-4.169182448218201387e+00
-4.169182448218201387e+00
-4.169182448218201387e+00
-4.220652058475861779e+00
-4.220652058475861779e+00
-4.220652058475861779e+00
-4.220652058475861779e+00
-4.037582143427135506e+00
-4.037582143427135506e+00
-4.037582143427135506e+00
-4.037582143427135506e+00
-4.037582143427135506e+00
-4.037582143427135506e+00
-4.040012394202357804e+00
-4.026820369647372999e+00
-4.121315231350195063e+00
-4.121315231350195063e+00
-4.082520455236568147e+00
-4.082520455236568147e+00
-4.082520455236568147e+00
-4.082520455236568147e+00
-4.256849741275882337e+00
-4.106396210342817099e+00
-4.199658090715368886e+00
-4.226705137997194939e+00
-3.887045774195364345e+00
-3.887045774195364345e+00
-3.887045774195364345e+00
-3.869271525419435420e+00
-3.869271525419435420e+00
-3.869271525419435420e+00
-3.865319972472037069e+00
-3.975715567724877886e+00
-3.975715567724877886e+00
-3.867640182358384582e+00
-3.867640182358384582e+00
-3.867640182358384582e+00
-3.867640182358384582e+00
-3.867640182358384582e+00
-3.867640182358384582e+00
-3.867640182358384582e+00
-4.247590983125653530e+00
-4.267053241027221056e+00
-4.216936841527788360e+00
-4.216936841527788360e+00
-4.113097243832070760e+00
-4.113097243832070760e+00
-4.113097243832070760e+00
-4.113097243832070760e+00
-4.113097243832070760e+00
-4.092116817065714507e+00
-4.092116817065714507e+00
-4.069279880660931603e+00
-3.995991465538527354e+00
-4.064342520064096576e+00
-4.033122225893748691e+00
-4.033122225893748691e+00
-4.039110324157162424e+00
-3.966086676955479007e+00
-3.966086676955479007e+00
-3.982423599243212209e+00
-3.982423599243212209e+00
-4.041082567423762484e+00
-4.042828187276094276e+00
-4.042828187276094276e+00
-3.987682059864637196e+00
-3.978335455329139680e+00
-4.010957976478667142e+00
-4.010957976478667142e+00
-3.931994871110857659e+00
-4.070019055428327093e+00
-4.118052693993798030e+00
-4.114688650381680191e+00
-4.064379695159017203e+00
-4.012876842690778822e+00
-4.098905490943328900e+00
-4.098905490943328900e+00
-4.039206589680294002e+00
-4.039206589680294002e+00
-4.102067745604437654e+00
-4.102067745604437654e+00
-4.108983416531290622e+00
-4.029507635599290261e+00
-4.158532204225516615e+00
-4.140028542821714730e+00
-4.072111141700818671e+00
-4.106888713744519137e+00
-4.165204681765983352e+00
-4.165204681765983352e+00
-4.213549408034822363e+00
-4.213549408034822363e+00
-4.188726776597492041e+00
-4.188726776597492041e+00
-4.203371553157612794e+00
-4.203371553157612794e+00
-4.200809177636951830e+00
-4.244125910511451494e+00
-4.180984686297155584e+00
-4.180984686297155584e+00
-4.196220902114615292e+00
-4.161890216014516142e+00
-4.161890216014516142e+00
-4.161890216014516142e+00
-3.793096199445904038e+00
-3.793096199445904038e+00
-4.018062507859559318e+00
-3.616435758458796279e+00
-3.627889840185997805e+00
-3.966723287850014046e+00
-3.966723287850014046e+00
-3.950481230318672932e+00
-3.950481230318672932e+00
-3.878775318276199258e+00
-3.739639846718311844e+00
-3.739639846718311844e+00
-3.739639846718311844e+00
-3.884245483392864351e+00
-3.816023275291076544e+00
-3.816023275291076544e+00
-3.890820726313383826e+00
-3.890820726313383826e+00
-3.926418878746406715e+00
-3.972053462026198023e+00
-3.972053462026198023e+00
-3.972053462026198023e+00
-3.947554860957620537e+00
-3.868471099824843495e+00
-3.868471099824843495e+00
-3.887372661956341346e+00
-3.804921469924874788e+00
-3.838563665443546657e+00
-3.801124408219366924e+00
-3.867081191952897345e+00
-3.867081191952897345e+00
-3.901585178782130292e+00
-3.764294439779773516e+00
-3.764294439779773516e+00
-3.764294439779773516e+00
-3.863441506263544323e+00
-3.863441506263544323e+00
-3.896246192243011830e+00
-3.896246192243011830e+00
-3.791358041551988745e+00
-3.791358041551988745e+00
-3.791358041551988745e+00
-3.816382404676562867e+00
-3.760659569620148357e+00
-3.760659569620148357e+00
-3.813339144362726252e+00
-3.906901734244619284e+00
-3.995666011876471746e+00
-3.592018841147044395e+00
-3.857703072223237939e+00
-3.737080220249209273e+00
-3.763717430767403727e+00
-3.742561985038687755e+00
-3.742561985038687755e+00
-3.797616087423995701e+00
-3.850558381898116167e+00
-3.804695540342985183e+00
-3.783485586848678306e+00
-3.783485586848678306e+00
-3.783485586848678306e+00
-3.783485586848678306e+00
-3.764210666298961616e+00
-3.741197352284847177e+00
-3.741197352284847177e+00
-3.692745147349243418e+00
-3.692745147349243418e+00
-3.692745147349243418e+00
-3.689797790108853892e+00
-3.689797790108853892e+00
-3.724360840584078680e+00
-3.854512770749439987e+00
-3.854512770749439987e+00
-3.838917990028173577e+00
-3.750071604672599257e+00
-3.676744472124687579e+00
-3.632451812130717883e+00
-3.658017634697841025e+00
-3.629737310886615109e+00
-3.660333945470743533e+00
-3.557670843661826510e+00
-3.623196786453899421e+00
-3.949456653102019654e+00
-3.900268157986272577e+00
-3.825139872276895225e+00
-3.825139872276895225e+00
-3.825139872276895225e+00
-3.842328311494482396e+00
-3.842328311494482396e+00
-3.842328311494482396e+00
-3.645486286664597397e+00
-3.860980877714822679e+00
-3.839088355539427955e+00
-3.925695060681582138e+00
-3.658553495819302892e+00
-3.658553495819302892e+00
-3.671283687716377919e+00
-3.604682725863209036e+00
-3.622576302617126487e+00
-3.622576302617126487e+00
-3.628505488576376337e+00
-3.680562653320992084e+00
-3.680562653320992084e+00
-3.680562653320992084e+00
-3.680562653320992084e+00
-3.712330902945821354e+00
-3.812087310247735061e+00
-3.812087310247735061e+00
-3.748599987384610976e+00
-3.727201612912042883e+00
-3.731104129406918268e+00
-3.731104129406918268e+00
-3.731104129406918268e+00
-3.731353623899064775e+00
-3.731353623899064775e+00
-3.731353623899064775e+00
-3.731353623899064775e+00
-3.815497512829259641e+00
-3.859147495329855904e+00
-3.680334712158563448e+00
-3.692505751703945904e+00
-3.692505751703945904e+00
-3.692505751703945904e+00
-3.618580426589525167e+00
-3.820438066159896451e+00
-3.820438066159896451e+00
-3.888925672579832682e+00
-3.888925672579832682e+00
-3.888925672579832682e+00
-3.879777963453504341e+00
-3.879777963453504341e+00
-3.869370333375701243e+00
-3.879252241736808493e+00
-3.790909729867586897e+00
-3.790909729867586897e+00
-3.772938905111180574e+00
-3.772938905111180574e+00
-3.772938905111180574e+00
-3.772938905111180574e+00
-3.801579861729329934e+00
-3.801579861729329934e+00
-3.639958531347539328e+00
-3.866888287458466245e+00
-3.480005539483121080e+00
-3.485886884151058851e+00
-3.485886884151058851e+00
-3.520135560168330180e+00
-3.511698404699461040e+00
-3.581439462946866215e+00
-3.682947799574275649e+00
-3.682947799574275649e+00
-3.741583713337810480e+00
-3.607201375033761703e+00
-3.526691211749644062e+00
-3.513149732812529624e+00
-3.471196819510078857e+00
-3.433778409030271206e+00
-3.433778409030271206e+00
-3.433778409030271206e+00
-3.474652087613914198e+00
-3.492548670548455192e+00
-3.492548670548455192e+00
-3.551507270907821034e+00
-3.547860008332566206e+00
-3.576566126422056957e+00
-3.609344313533128901e+00
-3.598110381391372403e+00
-3.577773693503572439e+00
-3.854371100511728265e+00
-3.854371100511728265e+00
-3.666362258945631503e+00
-3.562045294864972345e+00
-3.507587436918468971e+00
-3.518765792484292998e+00
-3.563366567085233250e+00
-3.492908853401460512e+00
-3.492908853401460512e+00
-3.554275938938222357e+00
-3.582771963819844085e+00
-3.582771963819844085e+00
-3.582771963819844085e+00
-3.582771963819844085e+00
-3.603250759168802109e+00
-3.603250759168802109e+00
-3.603250759168802109e+00
-3.603250759168802109e+00
-3.578562515202080796e+00
-3.635288133305085267e+00
-3.635288133305085267e+00
-3.635288133305085267e+00
-3.635288133305085267e+00
-3.635288133305085267e+00
-3.635288133305085267e+00
-3.635288133305085267e+00
-3.671352385271219987e+00
-3.671352385271219987e+00
-3.671352385271219987e+00
-3.671352385271219987e+00
-3.671352385271219987e+00
-3.600111950404636829e+00
-3.600111950404636829e+00
-3.600111950404636829e+00
-3.714572123461014286e+00
-3.714572123461014286e+00
-3.698428959085239054e+00
-3.698428959085239054e+00
-3.637534729461233240e+00
-3.637534729461233240e+00
-3.637534729461233240e+00
-3.637534729461233240e+00
-3.637534729461233240e+00
-3.608849166143944576e+00
-3.608849166143944576e+00
-3.607147212595676056e+00
-3.600047314810678856e+00
-3.640217967168395408e+00
-3.640771473710402883e+00
-3.628862856445230989e+00
-3.628862856445230989e+00
-3.719639526806439722e+00
-3.719639526806439722e+00
-3.719639526806439722e+00
-3.738625133764609920e+00
-3.660117792017515193e+00
-3.660117792017515193e+00
-3.655421103119074200e+00
-3.655421103119074200e+00
-3.640171533793207903e+00
-3.640171533793207903e+00
-3.731370370452178786e+00
-3.742329199190219224e+00
-3.742329199190219224e+00
-3.742329199190219224e+00
-3.742329199190219224e+00
-3.714170956487000019e+00
-3.784191009425796004e+00
-3.794951745242615360e+00
-3.794951745242615360e+00
-3.746653010807932116e+00
-3.643791894680946886e+00
-3.643791894680946886e+00
-3.681335521131014588e+00
-3.679451073911220949e+00
-3.722331648189786346e+00
-3.722331648189786346e+00
-3.562934913666276238e+00
-3.562934913666276238e+00
-3.548745198906605225e+00
-3.567576060763475887e+00
-3.561207994045878955e+00
-3.541223223962401079e+00
-3.784230189210150641e+00
-3.911616154333992679e+00
-3.911616154333992679e+00
-3.911616154333992679e+00
-3.911616154333992679e+00
-3.911616154333992679e+00
-3.934875574210364935e+00
-3.918276359328260128e+00
-3.801771038314085693e+00
-3.801771038314085693e+00
-3.799233895314633624e+00
-3.799233895314633624e+00
-3.799233895314633624e+00
-3.858343876737216238e+00
-3.858343876737216238e+00
-3.839990562741191660e+00
-3.856575404493964410e+00
-3.795820560296322199e+00
-3.795820560296322199e+00
-3.795820560296322199e+00
-3.887634546321625084e+00
-3.906920312894050618e+00
-3.721860852886176296e+00
-3.721860852886176296e+00
-3.721860852886176296e+00
-3.721860852886176296e+00
-3.672604039979717516e+00
-3.730110872787999909e+00
-3.751922462741151154e+00
-3.756470790107677260e+00
-3.756470790107677260e+00
-3.751270454520868380e+00
-3.742083804439546135e+00
-3.742083804439546135e+00
-3.742083804439546135e+00
-3.742083804439546135e+00
-3.774168631010446529e+00
-3.768152393099456710e+00
-4.055192252037721268e+00
-3.962187989363867846e+00
-3.962187989363867846e+00
-4.087793995995555818e+00
-3.963225094233285617e+00
-3.738643569837029723e+00
-3.673928243320373266e+00
-3.673928243320373266e+00
-3.673928243320373266e+00
-3.673928243320373266e+00
-3.663293513707328142e+00
-3.677479162661881684e+00
-3.677479162661881684e+00
-3.677479162661881684e+00
-3.674556302365336702e+00
-3.674556302365336702e+00
-3.674556302365336702e+00
-3.738043579674821260e+00
-3.812298405729172668e+00
-3.945128899966498182e+00
-3.954702781825061741e+00
-3.954702781825061741e+00
-3.954702781825061741e+00
-3.978310224089873781e+00
-3.801086076377502732e+00
-3.774296369280541352e+00
-3.799619764970532110e+00
-3.996189214688047553e+00
-4.051831763183940005e+00
-3.929516357979087271e+00
-3.929516357979087271e+00
-3.880857969776445593e+00
-3.878135072712801890e+00
-3.878135072712801890e+00
-3.878135072712801890e+00
-3.835176577751529425e+00
-3.835176577751529425e+00
-3.835176577751529425e+00
-3.835176577751529425e+00
-3.893685407596282122e+00
-3.974299279804443419e+00
-3.852538871318432090e+00
-3.852538871318432090e+00
-3.852170806543248727e+00
-3.852170806543248727e+00
-3.852170806543248727e+00
-3.970040422970557703e+00
-3.916778561645195111e+00
-3.885341444924091725e+00
-3.885341444924091725e+00
-3.885341444924091725e+00
-3.885341444924091725e+00
-3.885341444924091725e+00
-4.002122945276084032e+00
-4.031029852247227652e+00
-4.031029852247227652e+00
-4.082568339789945711e+00
-4.082568339789945711e+00
-4.086793585186376809e+00
-4.023713516105448029e+00
-4.074396463490100651e+00
-3.977026772499768992e+00
-3.977744018421646821e+00
-4.018220253204498604e+00
-4.029048599257194496e+00
-4.029048599257194496e+00
-4.034211167964889988e+00
-3.821959323451557644e+00
-3.821959323451557644e+00
-3.821959323451557644e+00
-3.821959323451557644e+00
-3.821959323451557644e+00
-3.780738677356677346e+00
-3.780738677356677346e+00
-3.780738677356677346e+00
-3.780738677356677346e+00
-3.900553489848809008e+00
-3.900553489848809008e+00
-3.845067575891288225e+00
-3.845067575891288225e+00
-3.845067575891288225e+00
-3.845067575891288225e+00
-3.854811209158925944e+00
-3.918170216716604148e+00
-4.009358719675934601e+00
-3.922011820694047302e+00
-3.811177095678459192e+00
-3.811177095678459192e+00
-3.811177095678459192e+00
-3.840958535619134917e+00
-3.840958535619134917e+00
-3.766965879843144016e+00
-3.787658323904237179e+00
-4.034533208428850770e+00
-3.817186905688516596e+00
-3.896529791396498243e+00
-3.896529791396498243e+00
-3.918838259734555685e+00
-3.925947195923567890e+00
-3.873830315857147877e+00
-3.818254202657396235e+00
-3.818254202657396235e+00
-3.818254202657396235e+00
-3.742771495556672878e+00
-3.814374094220871481e+00
-3.814374094220871481e+00
-3.981478791645859161e+00
-4.006445629062602265e+00
-4.006445629062602265e+00
-4.082035112811351674e+00
-4.040438974416533213e+00
-4.109757908504024115e+00
-4.109757908504024115e+00
-4.130616490151904685e+00
-4.130616490151904685e+00
-4.089983024119397292e+00
-4.089983024119397292e+00
-4.089983024119397292e+00
-4.089983024119397292e+00
-3.663065825219673055e+00
-3.663065825219673055e+00
-3.663065825219673055e+00
-3.663065825219673055e+00
-3.745245318730425321e+00
-3.745245318730425321e+00
-3.745245318730425321e+00
-3.745245318730425321e+00
-3.745245318730425321e+00
-3.655914402447434597e+00
-3.733665676105875075e+00
-3.722758415100932972e+00
-3.644828555434580952e+00
-3.842605955119610783e+00
-3.842605955119610783e+00
-3.682990256232199222e+00
-3.682990256232199222e+00
-3.711160096706827893e+00
-3.711160096706827893e+00
-3.740341003087329863e+00
-3.740341003087329863e+00
-3.740341003087329863e+00
-3.692508371934080991e+00
-3.692508371934080991e+00
-3.692508371934080991e+00
-3.692508371934080991e+00
-3.734331534483538384e+00
-3.734331534483538384e+00
-3.973207017653442641e+00
-3.990471718401595869e+00
-3.715225615436235529e+00
-3.715225615436235529e+00
-3.715225615436235529e+00
-3.715225615436235529e+00
-3.715225615436235529e+00
-3.689156055619950969e+00
-3.681812670632266915e+00
-3.740499517984888556e+00
-3.794061518461446791e+00
-3.716762268928202051e+00
-3.716762268928202051e+00
-3.614471671845243872e+00
-3.702479027047873128e+00
-3.702479027047873128e+00
-3.724759127999019537e+00
-3.710652166420121745e+00
-3.780144875035131413e+00
-3.780144875035131413e+00
-3.780144875035131413e+00
-3.780144875035131413e+00
-3.780144875035131413e+00
-3.723825068650846504e+00
-3.723825068650846504e+00
-3.723825068650846504e+00
-3.720692800501217867e+00
-3.618726459789513683e+00
-3.756734394065659011e+00
-3.856779117736752305e+00
-3.922443316145899139e+00
-3.922443316145899139e+00
-3.843698752980634570e+00
-3.762679904800358965e+00
-3.851418239916561070e+00
-3.851418239916561070e+00
-3.851418239916561070e+00
-3.821083224622061625e+00
-3.821083224622061625e+00
-3.821083224622061625e+00
-3.757229383356153640e+00
-3.861186424537656592e+00
-3.943856052474740803e+00
-3.949473969780069371e+00
-3.987558279683488305e+00
-3.987558279683488305e+00
-3.987558279683488305e+00
-3.942998815100996257e+00
-4.059959653062207963e+00
-4.017865933451338911e+00
-3.951906209016149862e+00
-3.968801531825470352e+00
-3.968801531825470352e+00
-3.968801531825470352e+00
-3.968801531825470352e+00
-3.968801531825470352e+00
-3.968801531825470352e+00
-3.888946220070199189e+00
-3.888946220070199189e+00
-3.886265997535018446e+00
-3.886265997535018446e+00
-3.890111623473489821e+00
-3.889739971437155219e+00
-3.878944287682345227e+00
-3.810402263004537105e+00
-3.727704537196415036e+00
-3.808279775148200041e+00
-3.833112994881368696e+00
-3.682146047411475998e+00
-3.679998973264278828e+00
-3.679998973264278828e+00
-3.679998973264278828e+00
-3.752455374427542623e+00
-3.752455374427542623e+00
-3.905697378222827254e+00
-3.905697378222827254e+00
-3.939466390535215634e+00
-3.939466390535215634e+00
-3.939466390535215634e+00
-3.939466390535215634e+00
-3.939466390535215634e+00
-3.960108087635377583e+00
-3.960108087635377583e+00
-3.960108087635377583e+00
-3.999190826158925738e+00
-3.999190826158925738e+00
-3.999190826158925738e+00
-3.915096093813331901e+00
-3.688676273731350541e+00
-3.727615469994181474e+00
-3.649002142876360377e+00
-3.649002142876360377e+00
-3.649304430879905414e+00
-3.649304430879905414e+00
-3.649304430879905414e+00
-3.649304430879905414e+00
-3.651777767248999940e+00
-3.651777767248999940e+00
-3.640506325204690974e+00
-3.786666839618172187e+00
-3.764969836915595280e+00
-3.764969836915595280e+00
-3.748140220210554929e+00
-3.446972129107712668e+00
-3.446972129107712668e+00
-3.633361136864271757e+00
-3.677212968265302084e+00
-3.677212968265302084e+00
-3.660176891195929372e+00
-3.529201990630305374e+00
-3.778756561296254812e+00
-3.781762259625361278e+00
-3.765670204043551017e+00
-3.765670204043551017e+00
-3.697787678361796448e+00
-3.711312544433357008e+00
-3.820667015392025245e+00
-3.820667015392025245e+00
-3.742291570035861881e+00
-3.838445345594038383e+00
-3.785767422899615653e+00
-3.743894365199759378e+00
-3.706947602834913980e+00
-3.638788675832064445e+00
-3.798955679654506312e+00
-3.798955679654506312e+00
-3.713075630939173255e+00
-3.730274976543940912e+00
-3.673370629440042112e+00
-3.673370629440042112e+00
-3.673370629440042112e+00
-3.693567462884673525e+00
-3.693567462884673525e+00
-3.746604219071616448e+00
-3.734669632071081047e+00
-3.850871158151470297e+00
-3.850871158151470297e+00
-3.875158425942663243e+00
-3.875158425942663243e+00
-3.877185740875737974e+00
-3.877185740875737974e+00
-3.782837617039041866e+00
-3.843605413397331638e+00
-3.843605413397331638e+00
-3.797565307846670457e+00
-3.989763751637423805e+00
-3.936298261863804715e+00
-3.978513469401605551e+00
-3.880484022328113625e+00
-3.621104912088362493e+00
-3.722818516033285174e+00
-3.661103712612514993e+00
-3.668429530100310476e+00
-3.668429530100310476e+00
-3.668429530100310476e+00
-3.668429530100310476e+00
-3.681032888225067801e+00
-3.726719919705935968e+00
-3.726719919705935968e+00
-3.741980237693637079e+00
-3.741980237693637079e+00
-3.758094380133916612e+00
-3.758094380133916612e+00
-3.733923687818374137e+00
-3.749666517360133344e+00
-3.749666517360133344e+00
-3.749666517360133344e+00
-3.732600778767945826e+00
-3.732600778767945826e+00
-3.721119967102409110e+00
-3.711367786204970987e+00
-3.711367786204970987e+00
-3.803143369736186052e+00
-3.816237261273150772e+00
-3.816237261273150772e+00
-3.732772018230819278e+00
-3.900429655900389481e+00
-3.912576319518231927e+00
-3.912576319518231927e+00
-3.912576319518231927e+00
-3.749090004692329448e+00
-3.859557658677894576e+00
-3.857497704665246552e+00
-3.857497704665246552e+00
-3.948966217336678852e+00
-3.948966217336678852e+00
-3.948966217336678852e+00
-3.948966217336678852e+00
-3.876057587945922922e+00
-3.876057587945922922e+00
-3.791126654606554514e+00
-3.791126654606554514e+00
