# Variable: dg_gbvi_00000008
# Sample shape: (2565,)
# Date: 2013-03-08 06:18:13.407348
7.260704874863871394e-02
5.631312042217565678e-02
-4.873395839185706291e-01
-4.283745957553354300e-01
-1.209201936801742733e-01
-1.209201936801742733e-01
-1.209201936801742733e-01
1.792060794228540921e+00
1.792060794228540921e+00
1.792060794228540921e+00
1.792060794228540921e+00
1.792060794228540921e+00
1.792060794228540921e+00
1.792060794228540921e+00
1.792060794228540921e+00
1.764838915710240430e+00
1.764838915710240430e+00
1.764838915710240430e+00
1.764838915710240430e+00
1.669637167204813366e+00
1.405246400244089644e+00
1.605643198688482709e+00
1.605643198688482709e+00
1.521454187366738431e+00
1.521454187366738431e+00
1.521454187366738431e+00
1.521454187366738431e+00
1.521454187366738431e+00
1.521454187366738431e+00
1.521454187366738431e+00
1.521454187366738431e+00
1.521454187366738431e+00
1.521454187366738431e+00
1.521454187366738431e+00
1.521454187366738431e+00
1.521454187366738431e+00
1.521454187366738431e+00
1.712873795332100268e+00
1.712873795332100268e+00
1.712873795332100268e+00
1.712873795332100268e+00
1.712873795332100268e+00
1.451263888715969896e+00
1.451263888715969896e+00
1.377586415593139657e+00
1.670582389402569312e+00
1.670582389402569312e+00
1.451802256171851102e+00
1.451802256171851102e+00
1.451802256171851102e+00
1.451802256171851102e+00
1.451802256171851102e+00
1.451802256171851102e+00
1.451802256171851102e+00
1.451802256171851102e+00
1.451802256171851102e+00
1.503060403155481284e+00
1.503060403155481284e+00
1.503060403155481284e+00
1.503060403155481284e+00
1.503060403155481284e+00
1.503060403155481284e+00
1.503060403155481284e+00
1.441631099735906973e+00
1.441631099735906973e+00
1.441631099735906973e+00
1.441631099735906973e+00
1.441631099735906973e+00
1.441631099735906973e+00
1.441631099735906973e+00
1.441631099735906973e+00
1.441631099735906973e+00
1.462166231557023188e+00
1.548727295965075301e+00
1.548727295965075301e+00
1.548727295965075301e+00
1.548727295965075301e+00
1.548727295965075301e+00
1.548727295965075301e+00
1.548727295965075301e+00
1.548727295965075301e+00
1.548727295965075301e+00
1.548727295965075301e+00
1.548727295965075301e+00
1.382290307328222667e+00
1.382290307328222667e+00
1.382290307328222667e+00
1.382290307328222667e+00
1.382290307328222667e+00
1.382290307328222667e+00
1.642927710941036290e+00
1.642927710941036290e+00
1.642927710941036290e+00
1.642927710941036290e+00
1.642927710941036290e+00
1.507594580863880207e+00
1.507594580863880207e+00
1.507594580863880207e+00
1.507594580863880207e+00
1.507594580863880207e+00
1.507594580863880207e+00
1.469779231982909717e+00
1.469779231982909717e+00
1.469779231982909717e+00
1.469779231982909717e+00
1.469779231982909717e+00
1.469779231982909717e+00
1.469779231982909717e+00
1.469779231982909717e+00
1.469779231982909717e+00
1.469779231982909717e+00
1.469779231982909717e+00
1.469779231982909717e+00
1.469779231982909717e+00
1.469779231982909717e+00
1.469779231982909717e+00
1.469779231982909717e+00
1.469779231982909717e+00
1.469779231982909717e+00
1.469779231982909717e+00
1.469779231982909717e+00
1.469779231982909717e+00
1.469779231982909717e+00
1.436875240623471051e+00
1.436875240623471051e+00
1.436875240623471051e+00
1.436875240623471051e+00
1.436875240623471051e+00
1.436875240623471051e+00
1.436875240623471051e+00
1.436875240623471051e+00
1.499105143122924977e+00
1.499105143122924977e+00
1.467791229122565655e+00
1.467791229122565655e+00
1.467791229122565655e+00
1.467791229122565655e+00
1.467791229122565655e+00
1.470003412929520969e+00
1.551035395250606186e+00
1.805430963656283083e+00
1.805430963656283083e+00
1.834849885749177067e+00
1.834849885749177067e+00
1.834849885749177067e+00
1.834849885749177067e+00
1.491404623893074044e+00
1.491404623893074044e+00
1.491404623893074044e+00
1.491404623893074044e+00
1.491404623893074044e+00
1.612900253977389120e+00
1.612900253977389120e+00
1.612900253977389120e+00
1.612900253977389120e+00
1.612900253977389120e+00
1.612900253977389120e+00
1.612900253977389120e+00
1.612900253977389120e+00
1.754530540455991883e+00
1.754530540455991883e+00
1.754530540455991883e+00
1.754530540455991883e+00
1.754530540455991883e+00
1.754530540455991883e+00
1.754530540455991883e+00
1.754530540455991883e+00
1.432628597809660231e+00
1.432628597809660231e+00
1.432628597809660231e+00
1.432628597809660231e+00
1.432628597809660231e+00
1.432628597809660231e+00
1.529549189705349033e+00
1.529549189705349033e+00
1.529549189705349033e+00
1.566654387742340671e+00
1.566654387742340671e+00
1.566654387742340671e+00
1.566654387742340671e+00
1.566654387742340671e+00
1.566654387742340671e+00
1.566654387742340671e+00
1.566654387742340671e+00
1.587110122671028023e+00
1.572421717935834407e+00
1.572421717935834407e+00
1.572421717935834407e+00
1.572421717935834407e+00
1.572421717935834407e+00
1.572421717935834407e+00
1.572421717935834407e+00
1.572421717935834407e+00
1.572421717935834407e+00
1.572421717935834407e+00
1.572421717935834407e+00
1.572421717935834407e+00
1.572421717935834407e+00
1.418028075717067571e+00
1.418028075717067571e+00
1.418028075717067571e+00
1.418028075717067571e+00
1.418028075717067571e+00
1.418028075717067571e+00
1.418028075717067571e+00
1.556451746943943837e+00
1.556451746943943837e+00
1.556451746943943837e+00
1.556451746943943837e+00
1.556451746943943837e+00
1.556451746943943837e+00
1.556451746943943837e+00
1.556451746943943837e+00
1.556451746943943837e+00
1.556451746943943837e+00
1.556451746943943837e+00
1.556451746943943837e+00
1.556451746943943837e+00
1.556451746943943837e+00
1.500059268983996885e+00
1.500059268983996885e+00
1.500059268983996885e+00
1.500059268983996885e+00
1.500059268983996885e+00
1.534419278818105026e+00
1.534419278818105026e+00
1.622402252143307688e+00
1.622402252143307688e+00
1.622402252143307688e+00
1.622402252143307688e+00
1.622402252143307688e+00
1.622402252143307688e+00
1.622402252143307688e+00
1.622402252143307688e+00
1.622402252143307688e+00
1.622402252143307688e+00
1.624088388208746458e+00
1.624088388208746458e+00
1.624088388208746458e+00
1.692023616004685538e+00
1.692023616004685538e+00
1.692023616004685538e+00
1.562274239211139948e+00
1.562274239211139948e+00
1.562274239211139948e+00
1.562274239211139948e+00
1.618056972241952218e+00
1.577954735074217796e+00
1.577954735074217796e+00
1.577954735074217796e+00
1.577954735074217796e+00
1.577954735074217796e+00
1.577954735074217796e+00
1.577954735074217796e+00
1.568536768877572873e+00
1.568536768877572873e+00
1.568536768877572873e+00
1.568536768877572873e+00
1.288036502982970344e+00
1.288036502982970344e+00
1.288036502982970344e+00
1.415957249239122140e+00
1.333445827477342860e+00
1.277027370812937157e+00
1.277027370812937157e+00
1.277027370812937157e+00
1.277027370812937157e+00
1.526133739368474629e+00
1.526133739368474629e+00
1.526133739368474629e+00
1.526133739368474629e+00
1.526133739368474629e+00
1.526133739368474629e+00
1.526133739368474629e+00
1.487863383431770048e+00
1.487863383431770048e+00
1.487863383431770048e+00
1.487863383431770048e+00
1.487863383431770048e+00
1.487863383431770048e+00
1.421413939518265668e+00
1.421413939518265668e+00
1.421413939518265668e+00
1.618435898451483723e+00
1.618435898451483723e+00
1.618435898451483723e+00
1.438368518801905527e+00
1.438368518801905527e+00
1.438368518801905527e+00
1.438368518801905527e+00
1.438368518801905527e+00
1.438368518801905527e+00
1.438368518801905527e+00
1.438368518801905527e+00
1.438368518801905527e+00
1.438368518801905527e+00
1.529233642513244007e+00
1.529233642513244007e+00
1.551560051401212892e+00
1.551560051401212892e+00
1.551560051401212892e+00
1.537271391192108982e+00
1.537271391192108982e+00
1.537271391192108982e+00
1.537271391192108982e+00
1.537271391192108982e+00
1.537271391192108982e+00
1.537271391192108982e+00
1.537271391192108982e+00
1.537271391192108982e+00
1.537271391192108982e+00
1.559907322049931100e+00
1.559907322049931100e+00
1.638731354692317010e+00
1.510736992588340932e+00
1.510736992588340932e+00
1.510736992588340932e+00
1.510736992588340932e+00
1.510736992588340932e+00
1.567428768324030441e+00
1.567428768324030441e+00
1.567428768324030441e+00
1.567428768324030441e+00
1.567428768324030441e+00
1.567428768324030441e+00
1.567428768324030441e+00
1.567428768324030441e+00
1.567428768324030441e+00
1.567428768324030441e+00
1.641211831085913619e+00
1.641211831085913619e+00
1.641211831085913619e+00
1.641211831085913619e+00
1.448733412009658883e+00
1.448733412009658883e+00
1.428606289787122563e+00
1.428606289787122563e+00
1.428606289787122563e+00
1.428606289787122563e+00
1.361677664025344070e+00
1.361677664025344070e+00
1.429021622052939033e+00
1.429021622052939033e+00
1.429021622052939033e+00
1.429021622052939033e+00
1.429021622052939033e+00
1.429021622052939033e+00
1.429021622052939033e+00
1.580969226412953788e+00
1.580969226412953788e+00
1.507738597022287408e+00
1.727471195648911051e+00
1.727471195648911051e+00
1.727471195648911051e+00
1.673991744554605532e+00
1.673991744554605532e+00
1.673991744554605532e+00
1.673991744554605532e+00
1.683530314409184214e+00
1.683530314409184214e+00
1.683530314409184214e+00
1.683530314409184214e+00
1.683530314409184214e+00
1.683530314409184214e+00
1.683530314409184214e+00
1.683530314409184214e+00
1.683530314409184214e+00
1.683530314409184214e+00
1.683530314409184214e+00
1.683530314409184214e+00
1.683530314409184214e+00
1.686681479149144236e+00
1.687171056605719421e+00
1.687171056605719421e+00
1.687171056605719421e+00
1.687171056605719421e+00
1.687171056605719421e+00
1.687171056605719421e+00
1.687171056605719421e+00
1.687171056605719421e+00
1.583890418729785976e+00
1.583890418729785976e+00
1.583890418729785976e+00
1.583890418729785976e+00
1.583890418729785976e+00
1.583890418729785976e+00
1.583890418729785976e+00
1.583890418729785976e+00
1.583890418729785976e+00
1.583890418729785976e+00
1.583890418729785976e+00
1.583890418729785976e+00
1.583890418729785976e+00
1.583890418729785976e+00
1.583890418729785976e+00
1.583890418729785976e+00
1.583890418729785976e+00
1.583890418729785976e+00
1.583890418729785976e+00
1.583890418729785976e+00
1.583890418729785976e+00
1.583890418729785976e+00
1.611043351889736686e+00
1.611043351889736686e+00
1.611043351889736686e+00
1.611043351889736686e+00
1.611043351889736686e+00
1.611043351889736686e+00
1.611043351889736686e+00
1.611043351889736686e+00
1.438614839415044866e+00
1.438614839415044866e+00
1.420469738018433681e+00
1.420469738018433681e+00
1.420469738018433681e+00
1.484177744501622653e+00
1.375204454236593543e+00
1.375204454236593543e+00
1.389354493922788425e+00
1.389354493922788425e+00
1.389354493922788425e+00
1.448711695098912511e+00
1.448711695098912511e+00
1.448711695098912511e+00
1.448711695098912511e+00
1.448711695098912511e+00
1.406850449776346323e+00
1.406850449776346323e+00
1.406850449776346323e+00
1.406850449776346323e+00
1.406850449776346323e+00
1.403102405167415467e+00
1.479085442221665714e+00
1.479085442221665714e+00
1.479085442221665714e+00
1.479085442221665714e+00
1.459332143816366445e+00
1.459332143816366445e+00
1.459332143816366445e+00
1.537109198706418489e+00
1.537109198706418489e+00
1.537109198706418489e+00
1.537109198706418489e+00
1.553044600126920916e+00
1.553044600126920916e+00
1.530627383639334038e+00
1.530627383639334038e+00
1.530627383639334038e+00
1.530627383639334038e+00
1.530627383639334038e+00
1.530627383639334038e+00
1.530627383639334038e+00
1.530627383639334038e+00
1.504001983387009300e+00
1.347134551125260815e+00
1.347134551125260815e+00
1.493578539388828119e+00
1.493578539388828119e+00
1.493578539388828119e+00
1.493578539388828119e+00
1.493578539388828119e+00
1.433330049289543995e+00
1.433330049289543995e+00
1.505959590245269153e+00
1.505322917729838839e+00
1.505322917729838839e+00
1.505322917729838839e+00
1.505322917729838839e+00
1.507868662502910295e+00
1.507868662502910295e+00
1.507868662502910295e+00
1.507868662502910295e+00
1.507868662502910295e+00
1.507868662502910295e+00
1.595602747614079053e+00
1.452896882193522865e+00
1.452896882193522865e+00
1.452896882193522865e+00
1.452896882193522865e+00
1.393225110774691800e+00
1.393225110774691800e+00
1.393225110774691800e+00
1.393225110774691800e+00
1.393225110774691800e+00
1.393225110774691800e+00
1.393225110774691800e+00
1.393225110774691800e+00
1.393225110774691800e+00
1.393225110774691800e+00
1.393225110774691800e+00
1.536751654157360036e+00
1.536751654157360036e+00
1.536751654157360036e+00
1.536751654157360036e+00
1.536751654157360036e+00
1.536751654157360036e+00
1.536751654157360036e+00
1.536751654157360036e+00
1.445247831809614247e+00
1.603610633189547441e+00
1.603610633189547441e+00
1.603610633189547441e+00
1.603610633189547441e+00
1.603610633189547441e+00
1.603610633189547441e+00
1.603610633189547441e+00
1.603610633189547441e+00
1.603610633189547441e+00
1.603610633189547441e+00
1.603610633189547441e+00
1.603610633189547441e+00
1.603610633189547441e+00
1.320578103483449395e+00
1.320578103483449395e+00
1.320578103483449395e+00
1.320578103483449395e+00
1.320578103483449395e+00
1.320578103483449395e+00
1.320578103483449395e+00
1.320578103483449395e+00
1.320578103483449395e+00
1.320578103483449395e+00
1.320578103483449395e+00
1.320578103483449395e+00
1.548058635284020657e+00
1.548058635284020657e+00
1.396086657920848406e+00
1.396086657920848406e+00
1.396086657920848406e+00
1.396086657920848406e+00
1.396086657920848406e+00
1.577150157963129073e+00
1.577150157963129073e+00
1.566073917412507122e+00
1.614740047734130490e+00
1.614740047734130490e+00
1.375711446257122272e+00
1.375711446257122272e+00
1.375711446257122272e+00
1.375711446257122272e+00
1.375711446257122272e+00
1.375711446257122272e+00
1.375711446257122272e+00
1.375711446257122272e+00
1.375711446257122272e+00
1.375711446257122272e+00
1.375711446257122272e+00
1.375711446257122272e+00
1.375711446257122272e+00
1.375711446257122272e+00
1.375711446257122272e+00
1.452341528185988384e+00
1.452341528185988384e+00
1.452341528185988384e+00
1.452341528185988384e+00
1.452341528185988384e+00
1.452341528185988384e+00
1.452341528185988384e+00
1.452341528185988384e+00
1.452341528185988384e+00
1.452341528185988384e+00
1.452341528185988384e+00
1.452341528185988384e+00
1.452341528185988384e+00
1.452341528185988384e+00
1.505298180726204249e+00
1.505298180726204249e+00
1.505298180726204249e+00
1.505298180726204249e+00
1.505298180726204249e+00
1.505298180726204249e+00
1.608623156918876917e+00
1.608623156918876917e+00
1.608623156918876917e+00
1.568130740550044644e+00
1.568130740550044644e+00
1.585720360282829366e+00
1.585720360282829366e+00
1.606789160538907968e+00
1.606789160538907968e+00
1.606789160538907968e+00
1.606789160538907968e+00
1.606789160538907968e+00
1.606789160538907968e+00
1.606789160538907968e+00
1.574024952341751771e+00
1.574024952341751771e+00
1.574024952341751771e+00
1.574024952341751771e+00
1.574024952341751771e+00
1.574024952341751771e+00
1.574024952341751771e+00
1.574024952341751771e+00
1.574024952341751771e+00
1.574024952341751771e+00
1.574024952341751771e+00
1.574024952341751771e+00
1.551753796800567242e+00
1.551753796800567242e+00
1.186098032300365368e+00
1.186098032300365368e+00
1.567844183503139588e+00
1.567844183503139588e+00
1.567844183503139588e+00
1.567844183503139588e+00
1.567844183503139588e+00
1.567844183503139588e+00
1.567844183503139588e+00
1.520182741380457392e+00
1.520182741380457392e+00
1.427453700969576467e+00
1.427453700969576467e+00
1.427453700969576467e+00
1.427453700969576467e+00
1.427453700969576467e+00
1.427453700969576467e+00
1.447378463652530867e+00
1.447378463652530867e+00
1.483716281273228299e+00
1.483716281273228299e+00
1.483716281273228299e+00
1.483716281273228299e+00
1.483716281273228299e+00
1.483716281273228299e+00
1.483716281273228299e+00
1.483716281273228299e+00
1.483716281273228299e+00
1.483716281273228299e+00
1.483716281273228299e+00
1.483716281273228299e+00
1.518814382690231390e+00
1.518814382690231390e+00
1.518814382690231390e+00
1.518814382690231390e+00
1.582747495034585894e+00
1.582747495034585894e+00
1.550314044680643155e+00
1.550314044680643155e+00
1.550314044680643155e+00
1.550314044680643155e+00
1.550314044680643155e+00
1.550314044680643155e+00
1.550314044680643155e+00
1.550314044680643155e+00
1.550314044680643155e+00
1.550314044680643155e+00
1.378376843325303636e+00
1.435298745346279103e+00
1.366207732100736871e+00
1.366207732100736871e+00
1.366207732100736871e+00
1.366207732100736871e+00
1.366207732100736871e+00
1.366207732100736871e+00
1.366207732100736871e+00
1.366207732100736871e+00
1.625371588011474744e+00
1.625371588011474744e+00
1.625371588011474744e+00
1.625371588011474744e+00
1.625371588011474744e+00
1.625371588011474744e+00
1.625371588011474744e+00
1.625371588011474744e+00
1.625371588011474744e+00
1.625371588011474744e+00
1.625371588011474744e+00
1.625371588011474744e+00
1.625371588011474744e+00
1.625371588011474744e+00
1.602086103228980374e+00
1.602086103228980374e+00
1.602086103228980374e+00
1.514065182706493262e+00
1.514065182706493262e+00
1.514065182706493262e+00
1.514065182706493262e+00
1.514065182706493262e+00
1.526992489386996610e+00
1.526992489386996610e+00
1.526992489386996610e+00
1.526992489386996610e+00
1.526992489386996610e+00
1.526992489386996610e+00
1.439427214724549486e+00
1.439427214724549486e+00
1.439427214724549486e+00
1.439427214724549486e+00
1.439427214724549486e+00
1.439427214724549486e+00
1.439427214724549486e+00
1.439427214724549486e+00
1.452415033197773209e+00
1.452415033197773209e+00
1.452415033197773209e+00
1.505445050137932839e+00
1.596593174393841741e+00
1.596593174393841741e+00
1.529235642706905818e+00
1.598856332599658092e+00
1.598856332599658092e+00
1.585333087253183004e+00
1.585333087253183004e+00
1.585333087253183004e+00
1.566730896342608537e+00
1.566730896342608537e+00
1.566730896342608537e+00
1.566730896342608537e+00
1.566730896342608537e+00
1.549084503774164956e+00
1.549084503774164956e+00
1.549084503774164956e+00
1.549084503774164956e+00
1.549084503774164956e+00
1.549084503774164956e+00
1.549084503774164956e+00
1.549084503774164956e+00
1.549084503774164956e+00
1.549084503774164956e+00
1.544957104082488542e+00
1.544957104082488542e+00
1.544957104082488542e+00
1.544957104082488542e+00
1.544957104082488542e+00
1.544957104082488542e+00
1.544957104082488542e+00
1.544957104082488542e+00
1.544957104082488542e+00
1.544957104082488542e+00
1.544957104082488542e+00
1.544957104082488542e+00
1.544957104082488542e+00
1.544957104082488542e+00
1.544957104082488542e+00
1.544957104082488542e+00
1.544957104082488542e+00
1.544957104082488542e+00
1.544957104082488542e+00
1.544957104082488542e+00
1.544957104082488542e+00
1.566914684120469303e+00
1.566914684120469303e+00
1.566914684120469303e+00
1.566914684120469303e+00
1.582561577955909016e+00
1.582561577955909016e+00
1.582561577955909016e+00
1.582561577955909016e+00
1.582561577955909016e+00
1.582561577955909016e+00
1.521799737619210724e+00
1.521799737619210724e+00
1.521799737619210724e+00
1.521799737619210724e+00
1.521799737619210724e+00
1.521799737619210724e+00
1.521799737619210724e+00
1.521799737619210724e+00
1.521799737619210724e+00
1.521799737619210724e+00
1.521799737619210724e+00
1.521799737619210724e+00
1.521799737619210724e+00
1.521799737619210724e+00
1.521799737619210724e+00
1.521799737619210724e+00
1.521799737619210724e+00
1.521799737619210724e+00
1.375772589066521334e+00
1.556048083590969133e+00
1.556048083590969133e+00
1.657646530025715936e+00
1.657646530025715936e+00
1.657646530025715936e+00
1.657646530025715936e+00
1.657646530025715936e+00
1.657646530025715936e+00
1.657646530025715936e+00
1.657646530025715936e+00
1.657646530025715936e+00
1.657646530025715936e+00
1.657646530025715936e+00
1.657646530025715936e+00
1.657646530025715936e+00
1.657646530025715936e+00
1.657646530025715936e+00
1.657646530025715936e+00
1.657646530025715936e+00
1.495169775100360976e+00
1.495169775100360976e+00
1.495169775100360976e+00
1.495169775100360976e+00
1.427725007281223979e+00
1.427725007281223979e+00
1.427725007281223979e+00
1.559122209972249928e+00
1.559122209972249928e+00
1.559122209972249928e+00
1.559122209972249928e+00
1.559122209972249928e+00
1.559122209972249928e+00
1.559122209972249928e+00
1.431366674806115347e+00
1.431366674806115347e+00
1.431366674806115347e+00
1.431366674806115347e+00
1.431366674806115347e+00
1.431366674806115347e+00
1.454304126416128495e+00
1.454304126416128495e+00
1.454304126416128495e+00
1.454304126416128495e+00
1.454304126416128495e+00
1.454304126416128495e+00
1.454304126416128495e+00
1.454304126416128495e+00
1.446980862632313958e+00
1.627283486598775752e+00
1.627283486598775752e+00
1.627283486598775752e+00
1.576737545839723476e+00
1.576737545839723476e+00
1.576737545839723476e+00
1.576737545839723476e+00
1.492996206839639850e+00
1.460606803145511279e+00
1.460606803145511279e+00
1.460606803145511279e+00
1.460606803145511279e+00
1.460606803145511279e+00
1.460606803145511279e+00
1.460606803145511279e+00
1.606862264000305851e+00
1.606862264000305851e+00
1.606862264000305851e+00
1.606862264000305851e+00
1.672706264639842511e+00
1.672706264639842511e+00
1.672706264639842511e+00
1.672706264639842511e+00
1.631931196913473325e+00
1.631931196913473325e+00
1.631931196913473325e+00
1.631931196913473325e+00
1.626628079770803259e+00
1.657239396524049280e+00
1.657239396524049280e+00
1.657239396524049280e+00
1.657239396524049280e+00
1.657239396524049280e+00
1.657239396524049280e+00
1.657239396524049280e+00
1.657239396524049280e+00
1.657239396524049280e+00
1.657239396524049280e+00
1.657239396524049280e+00
1.657239396524049280e+00
1.657239396524049280e+00
1.657239396524049280e+00
1.657239396524049280e+00
1.657239396524049280e+00
1.657239396524049280e+00
1.657239396524049280e+00
1.601315380746681338e+00
1.601315380746681338e+00
1.618299040134472566e+00
1.618299040134472566e+00
1.618299040134472566e+00
1.618299040134472566e+00
1.618299040134472566e+00
1.618299040134472566e+00
1.618299040134472566e+00
1.618299040134472566e+00
1.394750487600035171e+00
1.394750487600035171e+00
1.551595501988498160e+00
1.410993451675324195e+00
1.410993451675324195e+00
1.410993451675324195e+00
1.410993451675324195e+00
1.493994950533670707e+00
1.550693704317404942e+00
1.484758328133846339e+00
1.484758328133846339e+00
1.451353232820189909e+00
1.451353232820189909e+00
1.451353232820189909e+00
1.451353232820189909e+00
1.451353232820189909e+00
1.451353232820189909e+00
1.451353232820189909e+00
1.451353232820189909e+00
1.451353232820189909e+00
1.451353232820189909e+00
1.451353232820189909e+00
1.451353232820189909e+00
1.451353232820189909e+00
1.451353232820189909e+00
1.451353232820189909e+00
1.451353232820189909e+00
1.451353232820189909e+00
1.451353232820189909e+00
1.451353232820189909e+00
1.451353232820189909e+00
1.451353232820189909e+00
1.451353232820189909e+00
1.451353232820189909e+00
1.451353232820189909e+00
1.411334799281224406e+00
1.411334799281224406e+00
1.411334799281224406e+00
1.481825230428499784e+00
1.481825230428499784e+00
1.474596553018199918e+00
1.530356984077997584e+00
1.530356984077997584e+00
1.530356984077997584e+00
1.530356984077997584e+00
1.530356984077997584e+00
1.530356984077997584e+00
1.530356984077997584e+00
1.413268681545928773e+00
1.413268681545928773e+00
1.413268681545928773e+00
1.440499147392978019e+00
1.440499147392978019e+00
1.440499147392978019e+00
1.440499147392978019e+00
1.440499147392978019e+00
1.637065732640275773e+00
1.637065732640275773e+00
1.637065732640275773e+00
1.637065732640275773e+00
1.637065732640275773e+00
1.546061633467799235e+00
1.546061633467799235e+00
1.546061633467799235e+00
1.546061633467799235e+00
1.546061633467799235e+00
1.525323529517028653e+00
1.525323529517028653e+00
1.525323529517028653e+00
1.525323529517028653e+00
1.525323529517028653e+00
1.456079643608017005e+00
1.456079643608017005e+00
1.456079643608017005e+00
1.456079643608017005e+00
1.456079643608017005e+00
1.456079643608017005e+00
1.456079643608017005e+00
1.456079643608017005e+00
1.456079643608017005e+00
1.456079643608017005e+00
1.467255255872132791e+00
1.467255255872132791e+00
1.467255255872132791e+00
1.467255255872132791e+00
1.467255255872132791e+00
1.467255255872132791e+00
1.467255255872132791e+00
1.505406330427962125e+00
1.505406330427962125e+00
1.505406330427962125e+00
1.505406330427962125e+00
1.505406330427962125e+00
1.505406330427962125e+00
1.505406330427962125e+00
1.505406330427962125e+00
1.505406330427962125e+00
1.505406330427962125e+00
1.505406330427962125e+00
1.505406330427962125e+00
1.505406330427962125e+00
1.499006194480330567e+00
1.499006194480330567e+00
1.499006194480330567e+00
1.499006194480330567e+00
1.499006194480330567e+00
1.499006194480330567e+00
1.535424467086433431e+00
1.535424467086433431e+00
1.535424467086433431e+00
1.535424467086433431e+00
1.487635695771761135e+00
1.487635695771761135e+00
1.591112707510998536e+00
1.591112707510998536e+00
1.591112707510998536e+00
1.591112707510998536e+00
1.591112707510998536e+00
1.761944050192243649e+00
1.761944050192243649e+00
1.761944050192243649e+00
1.761944050192243649e+00
1.761944050192243649e+00
1.761944050192243649e+00
1.761944050192243649e+00
1.761944050192243649e+00
1.641383424746986286e+00
1.641383424746986286e+00
1.641383424746986286e+00
1.471931928944797185e+00
1.471931928944797185e+00
1.397946306515607917e+00
1.622779322269918278e+00
1.622779322269918278e+00
1.622779322269918278e+00
1.622779322269918278e+00
1.622779322269918278e+00
1.622779322269918278e+00
1.622779322269918278e+00
1.622779322269918278e+00
1.736190942466686815e+00
1.736190942466686815e+00
1.736190942466686815e+00
1.677954358215267838e+00
1.677954358215267838e+00
1.677954358215267838e+00
1.677954358215267838e+00
1.677954358215267838e+00
1.677954358215267838e+00
1.677954358215267838e+00
1.677954358215267838e+00
1.677954358215267838e+00
1.765155135613822868e+00
1.516485299596944447e+00
1.516485299596944447e+00
1.516485299596944447e+00
1.516485299596944447e+00
1.534470903544286280e+00
1.534470903544286280e+00
1.534470903544286280e+00
1.534470903544286280e+00
1.590347271547236874e+00
1.590347271547236874e+00
1.590347271547236874e+00
1.590347271547236874e+00
1.353776650116127911e+00
1.353776650116127911e+00
1.353776650116127911e+00
1.482740227826288892e+00
1.482740227826288892e+00
1.482740227826288892e+00
1.482740227826288892e+00
1.482740227826288892e+00
1.482740227826288892e+00
1.482740227826288892e+00
1.482740227826288892e+00
1.482740227826288892e+00
1.482740227826288892e+00
1.482740227826288892e+00
1.482740227826288892e+00
1.482740227826288892e+00
1.482740227826288892e+00
1.482740227826288892e+00
1.482740227826288892e+00
1.482740227826288892e+00
1.459875377390068341e+00
1.459875377390068341e+00
1.459875377390068341e+00
1.459875377390068341e+00
1.459875377390068341e+00
1.525690238738293569e+00
1.525690238738293569e+00
1.525690238738293569e+00
1.525690238738293569e+00
1.525690238738293569e+00
1.416542643553281300e+00
1.413504204512585405e+00
1.413504204512585405e+00
1.413504204512585405e+00
1.413504204512585405e+00
1.413504204512585405e+00
1.413504204512585405e+00
1.387255786756601994e+00
1.387255786756601994e+00
1.387255786756601994e+00
1.387255786756601994e+00
1.387255786756601994e+00
1.387255786756601994e+00
1.387255786756601994e+00
1.407108530076281339e+00
1.407108530076281339e+00
1.390566925868189196e+00
1.382573666085679553e+00
1.382573666085679553e+00
1.382573666085679553e+00
1.382573666085679553e+00
1.382573666085679553e+00
1.382573666085679553e+00
1.441173399261579391e+00
1.441173399261579391e+00
1.441173399261579391e+00
1.441173399261579391e+00
1.441173399261579391e+00
1.441173399261579391e+00
1.594972481626303340e+00
1.594972481626303340e+00
1.505718380396531497e+00
1.505718380396531497e+00
1.505718380396531497e+00
1.505718380396531497e+00
1.505718380396531497e+00
1.505718380396531497e+00
1.378958647410438276e+00
1.378958647410438276e+00
1.378958647410438276e+00
1.557653458584743467e+00
1.557653458584743467e+00
1.557653458584743467e+00
1.557653458584743467e+00
1.557653458584743467e+00
1.557653458584743467e+00
1.557653458584743467e+00
1.557653458584743467e+00
1.557653458584743467e+00
1.575171000790889231e+00
1.575171000790889231e+00
1.575171000790889231e+00
1.575171000790889231e+00
1.575171000790889231e+00
1.575171000790889231e+00
1.575171000790889231e+00
1.552612386102062869e+00
1.470990412680620807e+00
1.470990412680620807e+00
1.470990412680620807e+00
1.470990412680620807e+00
1.470990412680620807e+00
1.465759899001038757e+00
1.465759899001038757e+00
1.464652914289129360e+00
1.464652914289129360e+00
1.464652914289129360e+00
1.280255591442259089e+00
1.388478248202865029e+00
1.388478248202865029e+00
1.388478248202865029e+00
1.388478248202865029e+00
1.388478248202865029e+00
1.388478248202865029e+00
1.388478248202865029e+00
1.388478248202865029e+00
1.388478248202865029e+00
1.388478248202865029e+00
1.388478248202865029e+00
1.405608696854270478e+00
1.405608696854270478e+00
1.405608696854270478e+00
1.405608696854270478e+00
1.405608696854270478e+00
1.405608696854270478e+00
1.359310446018594298e+00
1.359310446018594298e+00
1.359310446018594298e+00
1.359310446018594298e+00
1.359310446018594298e+00
1.359310446018594298e+00
1.435526114126231656e+00
1.435526114126231656e+00
1.435526114126231656e+00
1.435526114126231656e+00
1.435526114126231656e+00
1.435526114126231656e+00
1.435526114126231656e+00
1.435526114126231656e+00
1.414483686667141304e+00
1.570861921581396814e+00
1.571933190977321093e+00
1.571933190977321093e+00
1.571933190977321093e+00
1.571933190977321093e+00
1.571933190977321093e+00
1.571933190977321093e+00
1.571933190977321093e+00
1.571933190977321093e+00
1.571933190977321093e+00
1.571933190977321093e+00
1.609869585851405827e+00
1.609869585851405827e+00
1.609869585851405827e+00
1.609869585851405827e+00
1.609869585851405827e+00
1.524130305825759590e+00
1.524130305825759590e+00
1.524130305825759590e+00
1.524130305825759590e+00
1.524130305825759590e+00
1.524130305825759590e+00
1.524130305825759590e+00
1.524130305825759590e+00
1.524130305825759590e+00
1.524130305825759590e+00
1.524130305825759590e+00
1.524130305825759590e+00
1.524130305825759590e+00
1.524130305825759590e+00
1.524130305825759590e+00
1.524130305825759590e+00
1.506597627822515051e+00
1.456864983341230602e+00
1.463720957310631121e+00
1.446624102374374221e+00
1.446624102374374221e+00
1.446624102374374221e+00
1.446624102374374221e+00
1.446624102374374221e+00
1.446624102374374221e+00
1.446624102374374221e+00
1.446624102374374221e+00
1.446624102374374221e+00
1.446624102374374221e+00
1.446624102374374221e+00
1.446624102374374221e+00
1.446624102374374221e+00
1.446624102374374221e+00
1.446624102374374221e+00
1.446624102374374221e+00
1.446624102374374221e+00
1.465341900410549014e+00
1.467224508813812278e+00
1.467224508813812278e+00
1.368158830755387800e+00
1.368158830755387800e+00
1.368158830755387800e+00
1.368158830755387800e+00
1.368158830755387800e+00
1.368158830755387800e+00
1.368158830755387800e+00
1.368158830755387800e+00
1.368158830755387800e+00
1.368158830755387800e+00
1.368158830755387800e+00
1.368158830755387800e+00
1.368158830755387800e+00
1.368158830755387800e+00
1.368158830755387800e+00
1.355952435780386489e+00
1.355952435780386489e+00
1.355952435780386489e+00
1.355952435780386489e+00
1.355952435780386489e+00
1.355952435780386489e+00
1.355952435780386489e+00
1.355952435780386489e+00
1.355952435780386489e+00
1.355952435780386489e+00
1.335784102225853642e+00
1.335784102225853642e+00
1.335784102225853642e+00
1.282898724392235179e+00
1.282898724392235179e+00
1.319095054650566867e+00
1.388202759055682467e+00
1.388202759055682467e+00
1.388202759055682467e+00
1.388202759055682467e+00
1.388202759055682467e+00
1.388202759055682467e+00
1.388202759055682467e+00
1.388202759055682467e+00
1.388202759055682467e+00
1.388202759055682467e+00
1.388202759055682467e+00
1.388202759055682467e+00
1.388202759055682467e+00
1.388202759055682467e+00
1.372202799154671249e+00
1.372202799154671249e+00
1.372202799154671249e+00
1.372202799154671249e+00
1.560020766270263204e+00
1.560020766270263204e+00
1.560020766270263204e+00
1.615541274841964858e+00
1.615541274841964858e+00
1.603638981708568556e+00
1.603638981708568556e+00
1.603638981708568556e+00
1.326594200150815972e+00
1.326594200150815972e+00
1.326594200150815972e+00
1.326594200150815972e+00
1.326594200150815972e+00
1.326594200150815972e+00
1.326594200150815972e+00
1.326594200150815972e+00
1.326594200150815972e+00
1.326594200150815972e+00
1.326594200150815972e+00
1.336178737879382794e+00
1.336178737879382794e+00
1.336178737879382794e+00
1.336178737879382794e+00
1.465661922847260712e+00
1.465661922847260712e+00
1.465661922847260712e+00
1.465661922847260712e+00
1.465661922847260712e+00
1.465661922847260712e+00
1.465661922847260712e+00
1.465661922847260712e+00
1.634179910714045336e+00
1.645262918518843653e+00
1.645262918518843653e+00
1.645262918518843653e+00
1.645262918518843653e+00
1.645262918518843653e+00
1.645262918518843653e+00
1.550771998939848073e+00
1.550771998939848073e+00
1.550771998939848073e+00
1.406360431936333422e+00
1.406360431936333422e+00
1.608955920093868341e+00
1.393282259812958834e+00
1.393282259812958834e+00
1.393282259812958834e+00
1.442341795280732919e+00
1.442341795280732919e+00
1.496243820974780148e+00
1.496243820974780148e+00
1.496243820974780148e+00
1.496243820974780148e+00
1.458229379037946805e+00
1.458229379037946805e+00
1.458229379037946805e+00
1.362168425002572070e+00
1.362168425002572070e+00
1.362168425002572070e+00
1.362168425002572070e+00
1.362168425002572070e+00
1.362168425002572070e+00
1.362168425002572070e+00
1.456496517826975756e+00
1.456496517826975756e+00
1.456496517826975756e+00
1.456496517826975756e+00
1.456496517826975756e+00
1.452771029503843403e+00
1.452771029503843403e+00
1.452771029503843403e+00
1.452771029503843403e+00
1.452771029503843403e+00
1.452771029503843403e+00
1.452771029503843403e+00
1.452771029503843403e+00
1.452771029503843403e+00
1.395367261204561116e+00
1.395367261204561116e+00
1.395367261204561116e+00
1.395367261204561116e+00
1.456667337177601107e+00
1.456667337177601107e+00
1.456667337177601107e+00
1.456667337177601107e+00
1.456667337177601107e+00
1.517484242257027827e+00
1.517484242257027827e+00
1.517484242257027827e+00
1.517484242257027827e+00
1.517484242257027827e+00
1.517484242257027827e+00
1.517484242257027827e+00
1.517484242257027827e+00
1.517484242257027827e+00
1.517484242257027827e+00
1.482317346496341282e+00
1.482317346496341282e+00
1.482317346496341282e+00
1.482317346496341282e+00
1.482317346496341282e+00
1.507947892114306576e+00
1.507947892114306576e+00
1.507947892114306576e+00
1.507947892114306576e+00
1.507947892114306576e+00
1.507947892114306576e+00
1.507947892114306576e+00
1.507947892114306576e+00
1.507947892114306576e+00
1.507947892114306576e+00
1.505444080468549384e+00
1.505444080468549384e+00
1.505444080468549384e+00
1.505444080468549384e+00
1.505444080468549384e+00
1.505444080468549384e+00
1.505444080468549384e+00
1.505444080468549384e+00
1.505444080468549384e+00
1.505444080468549384e+00
1.505444080468549384e+00
1.505444080468549384e+00
1.501576997832655191e+00
1.501576997832655191e+00
1.470506474494710503e+00
1.470506474494710503e+00
1.470506474494710503e+00
1.393685055424067398e+00
1.599500014994058805e+00
1.624210855115551633e+00
1.624210855115551633e+00
1.580001300181647528e+00
1.580001300181647528e+00
1.580001300181647528e+00
1.580001300181647528e+00
1.580001300181647528e+00
1.580001300181647528e+00
1.580001300181647528e+00
1.472979898469366722e+00
1.472979898469366722e+00
1.472979898469366722e+00
1.575714531588836564e+00
1.575714531588836564e+00
1.575714531588836564e+00
1.575714531588836564e+00
1.508469336309604225e+00
1.508469336309604225e+00
1.508469336309604225e+00
1.508469336309604225e+00
1.508469336309604225e+00
1.508469336309604225e+00
1.617983538744696359e+00
1.617983538744696359e+00
1.617983538744696359e+00
1.617983538744696359e+00
1.617983538744696359e+00
1.617983538744696359e+00
1.617983538744696359e+00
1.617983538744696359e+00
1.617983538744696359e+00
1.617983538744696359e+00
1.617983538744696359e+00
1.617983538744696359e+00
1.655070707922706719e+00
1.655070707922706719e+00
1.655070707922706719e+00
1.655070707922706719e+00
1.535427659349810181e+00
1.535427659349810181e+00
1.535427659349810181e+00
1.564496909314604833e+00
1.564496909314604833e+00
1.564496909314604833e+00
1.564496909314604833e+00
1.564496909314604833e+00
1.564496909314604833e+00
1.564496909314604833e+00
1.564496909314604833e+00
1.564496909314604833e+00
1.582035872261443377e+00
1.582035872261443377e+00
1.582035872261443377e+00
1.620207466570918076e+00
1.620207466570918076e+00
1.620207466570918076e+00
1.620207466570918076e+00
1.605391423181337984e+00
1.605391423181337984e+00
1.542087766510900737e+00
1.542087766510900737e+00
1.542087766510900737e+00
1.542087766510900737e+00
1.542087766510900737e+00
1.542087766510900737e+00
1.542087766510900737e+00
1.542087766510900737e+00
1.480293895721044306e+00
1.480293895721044306e+00
1.480293895721044306e+00
1.480293895721044306e+00
1.480293895721044306e+00
1.480293895721044306e+00
1.480293895721044306e+00
1.480293895721044306e+00
1.480293895721044306e+00
1.480293895721044306e+00
1.480293895721044306e+00
1.480293895721044306e+00
1.480293895721044306e+00
1.480293895721044306e+00
1.480293895721044306e+00
1.480293895721044306e+00
1.624111529337061155e+00
1.624111529337061155e+00
1.624111529337061155e+00
1.624963207554748212e+00
1.624963207554748212e+00
1.624963207554748212e+00
1.624963207554748212e+00
1.624963207554748212e+00
1.566170604908828645e+00
1.566170604908828645e+00
1.566170604908828645e+00
1.566170604908828645e+00
1.557196351521584754e+00
1.533223232679483683e+00
1.533223232679483683e+00
1.466839575828283060e+00
1.533598028908405464e+00
1.533598028908405464e+00
1.533598028908405464e+00
1.409662877823252281e+00
1.409662877823252281e+00
1.409662877823252281e+00
1.430405773535629255e+00
1.430405773535629255e+00
1.507884894490048255e+00
1.507884894490048255e+00
1.507884894490048255e+00
1.507884894490048255e+00
1.507884894490048255e+00
1.507884894490048255e+00
1.440554609161295074e+00
1.440554609161295074e+00
1.440554609161295074e+00
1.440554609161295074e+00
1.440554609161295074e+00
1.440554609161295074e+00
1.440554609161295074e+00
1.440554609161295074e+00
1.440554609161295074e+00
1.440554609161295074e+00
1.440554609161295074e+00
1.440554609161295074e+00
1.440554609161295074e+00
1.440554609161295074e+00
1.440554609161295074e+00
1.476898827770064759e+00
1.476898827770064759e+00
1.476898827770064759e+00
1.389797014702441436e+00
1.389797014702441436e+00
1.520829541968454546e+00
1.520829541968454546e+00
1.520829541968454546e+00
1.520829541968454546e+00
1.520829541968454546e+00
1.520829541968454546e+00
1.520829541968454546e+00
1.520829541968454546e+00
1.520829541968454546e+00
1.520829541968454546e+00
1.476596981656157714e+00
1.476596981656157714e+00
1.438750619982050116e+00
1.302064693131408379e+00
1.302064693131408379e+00
1.302064693131408379e+00
1.302064693131408379e+00
1.302064693131408379e+00
1.302064693131408379e+00
1.345350157012910719e+00
1.345350157012910719e+00
1.591895457691276494e+00
1.591895457691276494e+00
1.591895457691276494e+00
1.591895457691276494e+00
1.591895457691276494e+00
1.591895457691276494e+00
1.591895457691276494e+00
1.591895457691276494e+00
1.591895457691276494e+00
1.591895457691276494e+00
1.562652355041381114e+00
1.562652355041381114e+00
1.562652355041381114e+00
1.562652355041381114e+00
1.562652355041381114e+00
1.490840036017073489e+00
1.490840036017073489e+00
1.490840036017073489e+00
1.428395852670637733e+00
1.428395852670637733e+00
1.380325352147455886e+00
1.383697444835087165e+00
1.383697444835087165e+00
1.352766104553696946e+00
1.352766104553696946e+00
1.352766104553696946e+00
1.352766104553696946e+00
1.339319122414986518e+00
1.332956678264791917e+00
1.332956678264791917e+00
1.332956678264791917e+00
1.332956678264791917e+00
1.332956678264791917e+00
1.332956678264791917e+00
1.376905313100409423e+00
1.376905313100409423e+00
1.376905313100409423e+00
1.560787783731994338e+00
1.540597700174870299e+00
1.540597700174870299e+00
1.540597700174870299e+00
1.540597700174870299e+00
1.540597700174870299e+00
1.423245482032513332e+00
1.423245482032513332e+00
1.469008101451419801e+00
1.469008101451419801e+00
1.469008101451419801e+00
1.593390620200294761e+00
1.593390620200294761e+00
1.593390620200294761e+00
1.481807195242530462e+00
1.481807195242530462e+00
1.481807195242530462e+00
1.481807195242530462e+00
1.597535862851231503e+00
1.597535862851231503e+00
1.597535862851231503e+00
1.597535862851231503e+00
1.657152614685234893e+00
1.657152614685234893e+00
1.657152614685234893e+00
1.657152614685234893e+00
1.657152614685234893e+00
1.657152614685234893e+00
1.657152614685234893e+00
1.657152614685234893e+00
1.657152614685234893e+00
1.657152614685234893e+00
1.657152614685234893e+00
1.657152614685234893e+00
1.576053551108486106e+00
1.576053551108486106e+00
1.576053551108486106e+00
1.539880981637564705e+00
1.539880981637564705e+00
1.539880981637564705e+00
1.539880981637564705e+00
1.539880981637564705e+00
1.539880981637564705e+00
1.539880981637564705e+00
1.539880981637564705e+00
1.539880981637564705e+00
1.539880981637564705e+00
1.616869500350879507e+00
1.614028241564658295e+00
1.614028241564658295e+00
1.614028241564658295e+00
1.614028241564658295e+00
1.614028241564658295e+00
1.610158017430646016e+00
1.610158017430646016e+00
1.610158017430646016e+00
1.610158017430646016e+00
1.610158017430646016e+00
1.610158017430646016e+00
1.610158017430646016e+00
1.610158017430646016e+00
1.595202043914981438e+00
1.595202043914981438e+00
1.595202043914981438e+00
1.595202043914981438e+00
1.444313272001014559e+00
1.444313272001014559e+00
1.444313272001014559e+00
1.444313272001014559e+00
1.444313272001014559e+00
1.444313272001014559e+00
1.522150005873046386e+00
1.581376726616256612e+00
1.581376726616256612e+00
1.581376726616256612e+00
1.581376726616256612e+00
1.457851246094227893e+00
1.457851246094227893e+00
1.474861070944807340e+00
1.638561233066779144e+00
1.638561233066779144e+00
1.638561233066779144e+00
1.638561233066779144e+00
1.638561233066779144e+00
1.638561233066779144e+00
1.652178937222996469e+00
1.652178937222996469e+00
1.652178937222996469e+00
1.563562632012598597e+00
1.563562632012598597e+00
1.526074853868218950e+00
1.526074853868218950e+00
1.526074853868218950e+00
1.526074853868218950e+00
1.418459649289673274e+00
1.365544150969961512e+00
1.365544150969961512e+00
1.452113032665019787e+00
1.465028499303057119e+00
1.465028499303057119e+00
1.465028499303057119e+00
1.465028499303057119e+00
1.519721378710132464e+00
1.414982564156286982e+00
1.414982564156286982e+00
1.414982564156286982e+00
1.414982564156286982e+00
1.414982564156286982e+00
1.414982564156286982e+00
1.414982564156286982e+00
1.414982564156286982e+00
1.414982564156286982e+00
1.414982564156286982e+00
1.414982564156286982e+00
1.414982564156286982e+00
1.687276669389460526e+00
1.630423851131314716e+00
1.630423851131314716e+00
1.630423851131314716e+00
1.529165286664832202e+00
1.505871469538012652e+00
1.449732209476562339e+00
1.449732209476562339e+00
1.449732209476562339e+00
1.492960303873489325e+00
1.492960303873489325e+00
1.492960303873489325e+00
1.492960303873489325e+00
1.625927257654665281e+00
1.625927257654665281e+00
1.625927257654665281e+00
1.625927257654665281e+00
1.566189314232538710e+00
1.536572234723877051e+00
1.536572234723877051e+00
1.536572234723877051e+00
1.536572234723877051e+00
1.536572234723877051e+00
1.536572234723877051e+00
1.326210677977775809e+00
1.328986400852138372e+00
1.328986400852138372e+00
1.478615158525504736e+00
1.421119885048681919e+00
1.421119885048681919e+00
1.421119885048681919e+00
1.421119885048681919e+00
1.356154912207289565e+00
1.356154912207289565e+00
1.341806898229105149e+00
1.464886138839593510e+00
1.464886138839593510e+00
1.464886138839593510e+00
1.464886138839593510e+00
1.464886138839593510e+00
1.464886138839593510e+00
1.426903677725701591e+00
1.426903677725701591e+00
1.426903677725701591e+00
1.462215646186039386e+00
1.462215646186039386e+00
1.462215646186039386e+00
1.462215646186039386e+00
1.462215646186039386e+00
1.462215646186039386e+00
1.580808517048978512e+00
1.580808517048978512e+00
1.580808517048978512e+00
1.580808517048978512e+00
1.580808517048978512e+00
1.542994068744966363e+00
1.542994068744966363e+00
1.542994068744966363e+00
1.544379015831048418e+00
1.544379015831048418e+00
1.546270072102681858e+00
1.546270072102681858e+00
1.546270072102681858e+00
1.546270072102681858e+00
1.527759140000610527e+00
1.487225239876533101e+00
1.487225239876533101e+00
1.487225239876533101e+00
1.487225239876533101e+00
1.487225239876533101e+00
1.487225239876533101e+00
1.487225239876533101e+00
1.487225239876533101e+00
1.487225239876533101e+00
1.487225239876533101e+00
1.487225239876533101e+00
1.506613492135562060e+00
1.483160158283916452e+00
1.483160158283916452e+00
1.483160158283916452e+00
1.483160158283916452e+00
1.483160158283916452e+00
1.483160158283916452e+00
1.483160158283916452e+00
1.524429341752646438e+00
1.524429341752646438e+00
1.524429341752646438e+00
1.524429341752646438e+00
1.524429341752646438e+00
1.524429341752646438e+00
1.497959908608805790e+00
1.497959908608805790e+00
1.497959908608805790e+00
1.496177413234471620e+00
1.496177413234471620e+00
1.467644470455980565e+00
1.467644470455980565e+00
1.467644470455980565e+00
1.540283350397102957e+00
1.540283350397102957e+00
1.540283350397102957e+00
1.540283350397102957e+00
1.540283350397102957e+00
1.540283350397102957e+00
1.540283350397102957e+00
1.540283350397102957e+00
1.540283350397102957e+00
1.540283350397102957e+00
1.540283350397102957e+00
1.328626879963818785e+00
1.328626879963818785e+00
1.328626879963818785e+00
1.328626879963818785e+00
1.328626879963818785e+00
1.328626879963818785e+00
1.328626879963818785e+00
1.328626879963818785e+00
1.328626879963818785e+00
1.328626879963818785e+00
1.328626879963818785e+00
1.328626879963818785e+00
1.328626879963818785e+00
1.328626879963818785e+00
1.338798595025797900e+00
1.548593475824566745e+00
1.548593475824566745e+00
1.548593475824566745e+00
1.494208821408962384e+00
1.494208821408962384e+00
1.494208821408962384e+00
1.417734270184266121e+00
1.417734270184266121e+00
1.417734270184266121e+00
1.417734270184266121e+00
1.417734270184266121e+00
1.417734270184266121e+00
1.417734270184266121e+00
1.417734270184266121e+00
1.417734270184266121e+00
1.417734270184266121e+00
1.421425845642928287e+00
1.441047800307957427e+00
1.441047800307957427e+00
1.441047800307957427e+00
1.441047800307957427e+00
1.441047800307957427e+00
1.441047800307957427e+00
1.441047800307957427e+00
1.441047800307957427e+00
1.441047800307957427e+00
1.441047800307957427e+00
1.437690541125181243e+00
1.437690541125181243e+00
1.437690541125181243e+00
1.437690541125181243e+00
1.437690541125181243e+00
1.437690541125181243e+00
1.437690541125181243e+00
1.417487557752522553e+00
1.417487557752522553e+00
1.417487557752522553e+00
1.417487557752522553e+00
1.417487557752522553e+00
1.417487557752522553e+00
1.417487557752522553e+00
1.417487557752522553e+00
1.417487557752522553e+00
1.417487557752522553e+00
1.417487557752522553e+00
1.446106164236749425e+00
1.445952049781311644e+00
1.445952049781311644e+00
1.445952049781311644e+00
1.445952049781311644e+00
1.445952049781311644e+00
1.445952049781311644e+00
1.445952049781311644e+00
1.445952049781311644e+00
1.445952049781311644e+00
1.477612036882992808e+00
1.579215432204967851e+00
1.579215432204967851e+00
1.579215432204967851e+00
1.579215432204967851e+00
1.570830294736908606e+00
1.488040836743246054e+00
1.488040836743246054e+00
1.535378482487596452e+00
1.535378482487596452e+00
1.511566576148331897e+00
1.511566576148331897e+00
1.511566576148331897e+00
1.511566576148331897e+00
1.511566576148331897e+00
1.463283983162352753e+00
1.463283983162352753e+00
1.463283983162352753e+00
1.463283983162352753e+00
1.463283983162352753e+00
1.463283983162352753e+00
1.536830353622547163e+00
1.536830353622547163e+00
1.417765543542852669e+00
1.417765543542852669e+00
1.500389628487010851e+00
1.500389628487010851e+00
1.500389628487010851e+00
1.500389628487010851e+00
1.508957874601477123e+00
1.508957874601477123e+00
1.508957874601477123e+00
1.535081734987140623e+00
1.535081734987140623e+00
1.528060276692659869e+00
1.528060276692659869e+00
1.528060276692659869e+00
1.528060276692659869e+00
1.528060276692659869e+00
1.546682288211392864e+00
1.546682288211392864e+00
1.546682288211392864e+00
1.546682288211392864e+00
1.546682288211392864e+00
1.486067116817043621e+00
1.495106490507391861e+00
1.495106490507391861e+00
1.495106490507391861e+00
1.546959046699555307e+00
1.546959046699555307e+00
1.546959046699555307e+00
1.546959046699555307e+00
1.546959046699555307e+00
1.478218250952170409e+00
1.478218250952170409e+00
1.478218250952170409e+00
1.478218250952170409e+00
1.478218250952170409e+00
1.478218250952170409e+00
1.478218250952170409e+00
1.478218250952170409e+00
1.478218250952170409e+00
1.478218250952170409e+00
1.478218250952170409e+00
1.478218250952170409e+00
1.478218250952170409e+00
1.478218250952170409e+00
1.478218250952170409e+00
1.478218250952170409e+00
1.478218250952170409e+00
1.416108682903987948e+00
1.416108682903987948e+00
1.416108682903987948e+00
1.416108682903987948e+00
1.416108682903987948e+00
1.416108682903987948e+00
1.434171806698458118e+00
1.434171806698458118e+00
1.434171806698458118e+00
1.434171806698458118e+00
1.434171806698458118e+00
1.434171806698458118e+00
1.426123283790575735e+00
1.408819343699818871e+00
1.408819343699818871e+00
1.408819343699818871e+00
1.408819343699818871e+00
1.408819343699818871e+00
1.364088335974155353e+00
1.364088335974155353e+00
1.497479722412215830e+00
1.497479722412215830e+00
1.497479722412215830e+00
1.465655017048218545e+00
1.465655017048218545e+00
1.465655017048218545e+00
1.465655017048218545e+00
1.465655017048218545e+00
1.465655017048218545e+00
1.465655017048218545e+00
1.465655017048218545e+00
1.465655017048218545e+00
1.465655017048218545e+00
1.465655017048218545e+00
1.465655017048218545e+00
1.444868068144916862e+00
1.458345945021848777e+00
1.458345945021848777e+00
1.430873318169115338e+00
1.430873318169115338e+00
1.430873318169115338e+00
1.430873318169115338e+00
1.430873318169115338e+00
1.430873318169115338e+00
1.430873318169115338e+00
1.368636871674685729e+00
1.368636871674685729e+00
1.368636871674685729e+00
1.372348750820918672e+00
1.372348750820918672e+00
1.372348750820918672e+00
1.395840217622644319e+00
1.395840217622644319e+00
1.395840217622644319e+00
1.395840217622644319e+00
1.395840217622644319e+00
1.480367238189301826e+00
1.480367238189301826e+00
1.480367238189301826e+00
1.480367238189301826e+00
1.480367238189301826e+00
1.480367238189301826e+00
1.480367238189301826e+00
1.480367238189301826e+00
1.480127278711783845e+00
1.480127278711783845e+00
1.480127278711783845e+00
1.480127278711783845e+00
1.480127278711783845e+00
1.480127278711783845e+00
1.480127278711783845e+00
1.518864326089360839e+00
1.486772077443067719e+00
1.486772077443067719e+00
1.486772077443067719e+00
1.486772077443067719e+00
1.486772077443067719e+00
1.510263201393371446e+00
1.510263201393371446e+00
1.510263201393371446e+00
1.510263201393371446e+00
1.510263201393371446e+00
1.510263201393371446e+00
1.510263201393371446e+00
1.510263201393371446e+00
1.550748162128547714e+00
1.524208133924032538e+00
1.524208133924032538e+00
1.616720374110437231e+00
1.616720374110437231e+00
1.616720374110437231e+00
1.616720374110437231e+00
1.616720374110437231e+00
1.616403753510073482e+00
1.616403753510073482e+00
1.616403753510073482e+00
1.616403753510073482e+00
1.509621081071745641e+00
1.509621081071745641e+00
1.509621081071745641e+00
1.509621081071745641e+00
1.509621081071745641e+00
1.509621081071745641e+00
1.603435900863815267e+00
1.603435900863815267e+00
1.603435900863815267e+00
1.516521809592227266e+00
1.516521809592227266e+00
1.516521809592227266e+00
1.516521809592227266e+00
1.516521809592227266e+00
1.516521809592227266e+00
1.514118975268496259e+00
1.517049014383188954e+00
1.517049014383188954e+00
1.517049014383188954e+00
1.517049014383188954e+00
1.517049014383188954e+00
1.517049014383188954e+00
1.517049014383188954e+00
1.517049014383188954e+00
1.702117267260256916e+00
1.535457137375369818e+00
1.535457137375369818e+00
1.544167637800048398e+00
1.544167637800048398e+00
1.544167637800048398e+00
1.544167637800048398e+00
1.533387818368070254e+00
1.516928863767285085e+00
1.516928863767285085e+00
1.516928863767285085e+00
1.516928863767285085e+00
1.516928863767285085e+00
1.516928863767285085e+00
1.516928863767285085e+00
1.563623614496242098e+00
1.563623614496242098e+00
1.563623614496242098e+00
1.510021344631531814e+00
1.510021344631531814e+00
1.510021344631531814e+00
1.510021344631531814e+00
1.510021344631531814e+00
1.583960288748970768e+00
1.583960288748970768e+00
1.550528815727972853e+00
1.608065062919047605e+00
1.497919650187157004e+00
1.497919650187157004e+00
1.666238655460400730e+00
1.666238655460400730e+00
1.688592695903191165e+00
1.739347095678688948e+00
1.739347095678688948e+00
1.563412934518203068e+00
1.563412934518203068e+00
1.563412934518203068e+00
1.526738103008398184e+00
1.526738103008398184e+00
1.526738103008398184e+00
1.526738103008398184e+00
1.562994296823634777e+00
1.562994296823634777e+00
1.562994296823634777e+00
1.562994296823634777e+00
1.570391338098693801e+00
1.499850251699587078e+00
1.499850251699587078e+00
1.499850251699587078e+00
1.499850251699587078e+00
1.499850251699587078e+00
1.499850251699587078e+00
1.499850251699587078e+00
1.586209047503283287e+00
1.586209047503283287e+00
1.586209047503283287e+00
1.586209047503283287e+00
1.586209047503283287e+00
1.586209047503283287e+00
1.586209047503283287e+00
1.586209047503283287e+00
1.586209047503283287e+00
1.586209047503283287e+00
1.586209047503283287e+00
1.586209047503283287e+00
1.586209047503283287e+00
1.586209047503283287e+00
1.586209047503283287e+00
1.586209047503283287e+00
1.586209047503283287e+00
1.586209047503283287e+00
1.586209047503283287e+00
1.586209047503283287e+00
1.586209047503283287e+00
1.586209047503283287e+00
1.586209047503283287e+00
1.586209047503283287e+00
1.586209047503283287e+00
1.586636202878640489e+00
1.586636202878640489e+00
1.586636202878640489e+00
1.586636202878640489e+00
1.586636202878640489e+00
1.586636202878640489e+00
1.572745132173177574e+00
1.572745132173177574e+00
1.572745132173177574e+00
1.572745132173177574e+00
1.572745132173177574e+00
1.569782823874527278e+00
1.569782823874527278e+00
1.569782823874527278e+00
1.569782823874527278e+00
1.569782823874527278e+00
1.528386581922428489e+00
1.525353200736622616e+00
1.525353200736622616e+00
1.525353200736622616e+00
1.654438259297855929e+00
1.654438259297855929e+00
1.654438259297855929e+00
1.654984968022409131e+00
1.654984968022409131e+00
1.654984968022409131e+00
1.654984968022409131e+00
1.654984968022409131e+00
1.635262084858721376e+00
1.635262084858721376e+00
1.635262084858721376e+00
1.635262084858721376e+00
1.635262084858721376e+00
1.425554981753047068e+00
1.425554981753047068e+00
1.425554981753047068e+00
1.425554981753047068e+00
1.425554981753047068e+00
1.425554981753047068e+00
1.396207599244840170e+00
1.396207599244840170e+00
1.396207599244840170e+00
1.396207599244840170e+00
1.396207599244840170e+00
1.396207599244840170e+00
1.396207599244840170e+00
1.396207599244840170e+00
1.396207599244840170e+00
1.396207599244840170e+00
1.396207599244840170e+00
1.396207599244840170e+00
1.396207599244840170e+00
1.396207599244840170e+00
1.412481061167993657e+00
1.444595954201180810e+00
1.444595954201180810e+00
1.444595954201180810e+00
1.444595954201180810e+00
1.444595954201180810e+00
1.435427919806365749e+00
1.428483464610983411e+00
1.428483464610983411e+00
1.428483464610983411e+00
1.428483464610983411e+00
1.431435960146777209e+00
1.431435960146777209e+00
1.431435960146777209e+00
1.431435960146777209e+00
1.420963285626090089e+00
1.420963285626090089e+00
1.420963285626090089e+00
1.520549212120566152e+00
1.520549212120566152e+00
1.350358885194397729e+00
1.506769682823929868e+00
1.506769682823929868e+00
1.506769682823929868e+00
1.506769682823929868e+00
1.506769682823929868e+00
1.506769682823929868e+00
1.480323509192081222e+00
1.480323509192081222e+00
1.480323509192081222e+00
1.480323509192081222e+00
1.480323509192081222e+00
1.480323509192081222e+00
1.480323509192081222e+00
1.480323509192081222e+00
1.381797203305143329e+00
1.381797203305143329e+00
1.331839324474020536e+00
1.331839324474020536e+00
1.331839324474020536e+00
1.331839324474020536e+00
1.331839324474020536e+00
1.349254818721512095e+00
1.349254818721512095e+00
1.349254818721512095e+00
1.349254818721512095e+00
1.496899310272883588e+00
1.496899310272883588e+00
1.496899310272883588e+00
1.500790880172778952e+00
1.500790880172778952e+00
1.500790880172778952e+00
1.601812781897492988e+00
1.601812781897492988e+00
1.601812781897492988e+00
1.601812781897492988e+00
1.601812781897492988e+00
1.494619184483175545e+00
1.546615080072487824e+00
1.546615080072487824e+00
1.546615080072487824e+00
1.546615080072487824e+00
1.546615080072487824e+00
1.546615080072487824e+00
1.546615080072487824e+00
1.546615080072487824e+00
1.546615080072487824e+00
1.546615080072487824e+00
1.546615080072487824e+00
1.546615080072487824e+00
1.546615080072487824e+00
1.546615080072487824e+00
1.546615080072487824e+00
1.546615080072487824e+00
1.546615080072487824e+00
1.540596477721005053e+00
1.540596477721005053e+00
1.473809441745413507e+00
1.372259215197259907e+00
1.372259215197259907e+00
1.372259215197259907e+00
1.372259215197259907e+00
1.372259215197259907e+00
1.380596792091648650e+00
1.380596792091648650e+00
1.380596792091648650e+00
1.380596792091648650e+00
1.380596792091648650e+00
1.380596792091648650e+00
1.380596792091648650e+00
1.380596792091648650e+00
1.380596792091648650e+00
1.380596792091648650e+00
1.380596792091648650e+00
1.380596792091648650e+00
1.409712681352363273e+00
1.409712681352363273e+00
1.409712681352363273e+00
1.409712681352363273e+00
1.409712681352363273e+00
1.324736197149780415e+00
1.324736197149780415e+00
1.324736197149780415e+00
1.307088124467410850e+00
1.307088124467410850e+00
1.307088124467410850e+00
1.307088124467410850e+00
1.307088124467410850e+00
1.408147033802406911e+00
1.408147033802406911e+00
1.408147033802406911e+00
1.408147033802406911e+00
1.408147033802406911e+00
1.408147033802406911e+00
1.408147033802406911e+00
1.422928611654169284e+00
1.422928611654169284e+00
1.445995954201175993e+00
1.445995954201175993e+00
1.445995954201175993e+00
1.445995954201175993e+00
1.445995954201175993e+00
1.445995954201175993e+00
1.445995954201175993e+00
1.445995954201175993e+00
1.445995954201175993e+00
1.445995954201175993e+00
1.445995954201175993e+00
1.355006025426821692e+00
1.355006025426821692e+00
1.355006025426821692e+00
1.355006025426821692e+00
1.355006025426821692e+00
1.355006025426821692e+00
1.355006025426821692e+00
1.355006025426821692e+00
1.355006025426821692e+00
1.355006025426821692e+00
1.355006025426821692e+00
1.355006025426821692e+00
1.355006025426821692e+00
1.355006025426821692e+00
1.355006025426821692e+00
1.355006025426821692e+00
1.355006025426821692e+00
1.419458454429096905e+00
1.419458454429096905e+00
1.405154236754922348e+00
1.405154236754922348e+00
1.405154236754922348e+00
1.405154236754922348e+00
1.405154236754922348e+00
1.405154236754922348e+00
1.405154236754922348e+00
1.405154236754922348e+00
1.405154236754922348e+00
1.405154236754922348e+00
1.405154236754922348e+00
1.470063271450406273e+00
1.470063271450406273e+00
1.470063271450406273e+00
1.470063271450406273e+00
1.465279245568970268e+00
1.465279245568970268e+00
1.465279245568970268e+00
1.495214026447405864e+00
1.458756753404096607e+00
1.458756753404096607e+00
1.458756753404096607e+00
1.458756753404096607e+00
1.458756753404096607e+00
1.458756753404096607e+00
1.458756753404096607e+00
1.462214805935320161e+00
1.462214805935320161e+00
1.462214805935320161e+00
1.462214805935320161e+00
1.500646612500318167e+00
1.500646612500318167e+00
1.500646612500318167e+00
1.500646612500318167e+00
1.500646612500318167e+00
1.403141767883904434e+00
1.403141767883904434e+00
1.403141767883904434e+00
1.403141767883904434e+00
1.403141767883904434e+00
1.480287843023087246e+00
1.480287843023087246e+00
1.480287843023087246e+00
1.480287843023087246e+00
1.480287843023087246e+00
1.480287843023087246e+00
1.480287843023087246e+00
1.395592629010558028e+00
1.395592629010558028e+00
1.395592629010558028e+00
1.395592629010558028e+00
1.395592629010558028e+00
1.395592629010558028e+00
1.395592629010558028e+00
1.395592629010558028e+00
1.395592629010558028e+00
1.395592629010558028e+00
1.395592629010558028e+00
1.274502186004288218e+00
1.379392602419166947e+00
1.371671603969464526e+00
1.371671603969464526e+00
1.371671603969464526e+00
1.371671603969464526e+00
1.371671603969464526e+00
1.371671603969464526e+00
1.371671603969464526e+00
1.462323513285370691e+00
1.462323513285370691e+00
1.462323513285370691e+00
1.462323513285370691e+00
1.462323513285370691e+00
1.462323513285370691e+00
1.462323513285370691e+00
1.462323513285370691e+00
1.462323513285370691e+00
1.468919599803901743e+00
1.468919599803901743e+00
1.468919599803901743e+00
1.468919599803901743e+00
1.468919599803901743e+00
1.468919599803901743e+00
1.412960114074643503e+00
1.561424705663281731e+00
1.561424705663281731e+00
1.561424705663281731e+00
1.561424705663281731e+00
1.561424705663281731e+00
1.561424705663281731e+00
1.473788150147114839e+00
1.473788150147114839e+00
1.473788150147114839e+00
1.473788150147114839e+00
1.427278525375074381e+00
1.427278525375074381e+00
1.427278525375074381e+00
1.427278525375074381e+00
1.427278525375074381e+00
1.400637490751466929e+00
1.400637490751466929e+00
1.400637490751466929e+00
1.400637490751466929e+00
1.400637490751466929e+00
1.400637490751466929e+00
1.402473169844403067e+00
1.402473169844403067e+00
1.438823548921803974e+00
1.438823548921803974e+00
1.438823548921803974e+00
1.438823548921803974e+00
1.438823548921803974e+00
1.438823548921803974e+00
1.438823548921803974e+00
1.438823548921803974e+00
1.438823548921803974e+00
1.438823548921803974e+00
1.466608103412028852e+00
1.444851547660734425e+00
1.444851547660734425e+00
1.444851547660734425e+00
1.444851547660734425e+00
1.444851547660734425e+00
1.444851547660734425e+00
1.444851547660734425e+00
1.444851547660734425e+00
1.464631133207495273e+00
1.464631133207495273e+00
1.464631133207495273e+00
1.464631133207495273e+00
1.464631133207495273e+00
1.464631133207495273e+00
1.464631133207495273e+00
1.464631133207495273e+00
1.464631133207495273e+00
1.464631133207495273e+00
1.572215495430975496e+00
1.440227184911057945e+00
1.440227184911057945e+00
1.440227184911057945e+00
1.502421823264388223e+00
1.502421823264388223e+00
1.393823370310141918e+00
1.393823370310141918e+00
1.511387262806160425e+00
1.511387262806160425e+00
1.511387262806160425e+00
1.511387262806160425e+00
1.511387262806160425e+00
1.511387262806160425e+00
1.511387262806160425e+00
1.438783583651679354e+00
1.438783583651679354e+00
1.438783583651679354e+00
1.438783583651679354e+00
1.438783583651679354e+00
1.438783583651679354e+00
1.361022725744115425e+00
1.361022725744115425e+00
1.361022725744115425e+00
1.308976217672543241e+00
1.308976217672543241e+00
1.367935049040221118e+00
1.367935049040221118e+00
1.436402806832054235e+00
1.436402806832054235e+00
1.436402806832054235e+00
1.436402806832054235e+00
1.494934129303362669e+00
1.554509576326039033e+00
1.544355963985296842e+00
1.544355963985296842e+00
1.544355963985296842e+00
1.544355963985296842e+00
1.528154844797107836e+00
1.528154844797107836e+00
1.528154844797107836e+00
1.528154844797107836e+00
1.528154844797107836e+00
1.528154844797107836e+00
1.528154844797107836e+00
1.561655521027198512e+00
1.541418735303845988e+00
1.541418735303845988e+00
1.541418735303845988e+00
1.541418735303845988e+00
1.541418735303845988e+00
1.556176865345801241e+00
1.556176865345801241e+00
1.556176865345801241e+00
1.438184579433397392e+00
1.438184579433397392e+00
1.438184579433397392e+00
1.347479893010683494e+00
1.347479893010683494e+00
1.347479893010683494e+00
1.347479893010683494e+00
1.347479893010683494e+00
1.457501915267122472e+00
1.303901341990452156e+00
1.303901341990452156e+00
1.303901341990452156e+00
1.220776667674841942e+00
1.220776667674841942e+00
1.220776667674841942e+00
1.220776667674841942e+00
1.313154762038956980e+00
1.313154762038956980e+00
1.429676058152995477e+00
1.429676058152995477e+00
