# Variable: dg_gbvi_00000038
# Sample shape: (2565,)
# Date: 2013-03-08 06:18:16.467493
-2.162686473169634083e-01
-3.405863106302941534e-01
-5.521931675297003794e-01
-4.993781505712623359e-01
-5.378586567346405056e-01
-5.063252365500394703e-01
-5.063252365500394703e-01
2.204203080993442573e-02
2.204203080993442573e-02
2.628014168322494459e-01
2.628014168322494459e-01
2.628014168322494459e-01
2.628014168322494459e-01
2.628014168322494459e-01
2.914464942016999349e-01
2.827278916896521777e-01
3.315970924140243525e-01
3.315970924140243525e-01
3.315970924140243525e-01
2.877042320200352554e-01
2.030253586117825582e-01
2.963919413179775253e-01
2.963919413179775253e-01
2.699104343458638700e-01
2.396258210202845684e-01
2.396258210202845684e-01
2.396258210202845684e-01
3.481587589204565014e-01
3.481587589204565014e-01
3.481587589204565014e-01
3.148542133199079829e-01
3.148542133199079829e-01
3.148542133199079829e-01
3.148542133199079829e-01
3.148542133199079829e-01
3.148542133199079829e-01
3.148542133199079829e-01
3.741504271230244316e-01
3.741504271230244316e-01
3.741504271230244316e-01
3.421706243459857744e-01
4.426445015223422486e-01
3.603055711645973824e-01
3.603055711645973824e-01
3.371163716160613943e-01
4.293337321688236452e-01
4.348660565124808364e-01
3.404952879021822532e-01
2.981647150925607614e-01
2.981647150925607614e-01
2.981647150925607614e-01
2.981647150925607614e-01
2.981647150925607614e-01
2.981647150925607614e-01
2.981647150925607614e-01
3.337809381296642508e-01
3.498566694325004889e-01
3.498566694325004889e-01
3.498566694325004889e-01
3.498566694325004889e-01
3.519855992751431684e-01
3.519855992751431684e-01
3.519855992751431684e-01
3.371788179513356409e-01
3.371788179513356409e-01
3.371788179513356409e-01
3.371788179513356409e-01
3.371788179513356409e-01
3.371788179513356409e-01
3.371788179513356409e-01
3.371788179513356409e-01
3.371788179513356409e-01
3.436039499590874402e-01
3.706875971641829248e-01
3.706875971641829248e-01
3.706875971641829248e-01
3.706875971641829248e-01
3.706875971641829248e-01
3.416975602499801590e-01
3.186915516018428152e-01
4.174528797419005399e-01
4.174528797419005399e-01
4.174528797419005399e-01
4.174528797419005399e-01
3.653772645337806657e-01
3.653772645337806657e-01
3.653772645337806657e-01
2.916088937840511930e-01
2.916088937840511930e-01
2.916088937840511930e-01
4.031126673597466570e-01
4.031126673597466570e-01
4.031126673597466570e-01
4.031126673597466570e-01
4.031126673597466570e-01
3.433225232841841668e-01
3.433225232841841668e-01
3.433225232841841668e-01
3.433225232841841668e-01
3.414473816301474285e-01
2.856946471396584197e-01
2.737112074543015527e-01
2.737112074543015527e-01
2.737112074543015527e-01
2.737112074543015527e-01
2.737112074543015527e-01
2.737112074543015527e-01
2.737112074543015527e-01
2.737112074543015527e-01
2.737112074543015527e-01
2.737112074543015527e-01
2.737112074543015527e-01
2.737112074543015527e-01
2.737112074543015527e-01
2.737112074543015527e-01
2.737112074543015527e-01
2.737112074543015527e-01
2.737112074543015527e-01
2.737112074543015527e-01
2.737112074543015527e-01
2.920362357805332820e-01
2.920362357805332820e-01
2.920362357805332820e-01
2.598629001300808428e-01
2.598629001300808428e-01
2.598629001300808428e-01
2.701261007982836970e-01
2.701261007982836970e-01
2.701261007982836970e-01
2.701261007982836970e-01
2.701261007982836970e-01
2.720425916248431220e-01
2.720425916248431220e-01
2.621194146387755830e-01
2.621194146387755830e-01
2.621194146387755830e-01
2.621194146387755830e-01
2.621194146387755830e-01
2.826413157479646387e-01
3.108984754982969112e-01
4.134442993010497558e-01
4.134442993010497558e-01
4.230373950850015441e-01
4.230373950850015441e-01
4.345386017652778099e-01
4.345386017652778099e-01
2.781806161518861065e-01
3.110040631341510209e-01
3.909446698660120068e-01
3.909446698660120068e-01
3.909446698660120068e-01
4.305626821456640108e-01
3.713628276119183558e-01
3.831113443554738374e-01
3.831113443554738374e-01
3.831113443554738374e-01
3.831113443554738374e-01
3.831113443554738374e-01
3.831113443554738374e-01
4.394325545799644406e-01
4.394325545799644406e-01
4.394325545799644406e-01
4.394325545799644406e-01
4.632521558560068753e-01
4.632521558560068753e-01
4.632521558560068753e-01
4.632521558560068753e-01
3.432407646161888537e-01
3.432407646161888537e-01
3.432407646161888537e-01
3.432407646161888537e-01
3.432407646161888537e-01
3.432407646161888537e-01
3.754692972238194426e-01
3.754692972238194426e-01
3.754692972238194426e-01
3.998088344643153103e-01
3.635401456378605789e-01
3.635401456378605789e-01
3.635401456378605789e-01
3.635401456378605789e-01
3.635401456378605789e-01
3.635401456378605789e-01
3.635401456378605789e-01
3.508939233820616566e-01
3.460096596595313434e-01
3.460096596595313434e-01
3.460096596595313434e-01
3.460096596595313434e-01
3.460096596595313434e-01
3.460096596595313434e-01
3.421099938032496901e-01
3.421099938032496901e-01
3.421099938032496901e-01
3.421099938032496901e-01
3.421099938032496901e-01
3.421099938032496901e-01
4.374292211800001606e-01
3.860894549308040435e-01
3.955386794374359249e-01
3.955386794374359249e-01
3.955386794374359249e-01
3.955386794374359249e-01
3.955386794374359249e-01
3.955386794374359249e-01
4.401606554308770125e-01
4.401606554308770125e-01
3.463038820351130309e-01
3.463038820351130309e-01
3.576803536888161772e-01
3.576803536888161772e-01
3.576803536888161772e-01
3.576803536888161772e-01
3.576803536888161772e-01
3.576803536888161772e-01
3.576803536888161772e-01
3.576803536888161772e-01
3.576803536888161772e-01
3.576803536888161772e-01
3.389284375148695072e-01
3.389284375148695072e-01
3.389284375148695072e-01
3.389284375148695072e-01
3.594304967607860335e-01
3.000765697364867757e-01
3.000765697364867757e-01
3.899934571145421414e-01
3.899934571145421414e-01
3.899934571145421414e-01
3.986684045972327950e-01
3.986684045972327950e-01
3.986684045972327950e-01
3.678823022495926742e-01
3.678823022495926742e-01
3.678823022495926742e-01
4.383368395132816731e-01
3.536208139965246189e-01
3.536208139965246189e-01
3.536208139965246189e-01
3.859442128446520792e-01
3.859442128446520792e-01
3.859442128446520792e-01
3.427908488294947320e-01
3.297521048140967248e-01
3.297521048140967248e-01
3.297521048140967248e-01
4.205833940779143965e-01
3.997569349075035805e-01
3.997569349075035805e-01
3.488718865163455973e-01
3.488718865163455973e-01
3.488718865163455973e-01
3.488718865163455973e-01
3.488718865163455973e-01
3.457114841414571926e-01
3.457114841414571926e-01
3.457114841414571926e-01
4.250555633876921813e-01
2.884089648841818287e-01
2.506777196359534776e-01
2.506777196359534776e-01
3.002916979564147493e-01
2.907956654944879871e-01
2.629706295417379436e-01
2.522797247191881365e-01
2.869732314105613580e-01
2.869732314105613580e-01
4.098300777498156688e-01
4.098300777498156688e-01
4.098300777498156688e-01
4.098300777498156688e-01
3.913496089850794224e-01
3.913496089850794224e-01
3.913496089850794224e-01
3.724750403984637970e-01
3.724750403984637970e-01
4.324077011431984863e-01
4.324077011431984863e-01
4.324077011431984863e-01
4.324077011431984863e-01
3.099144015116986339e-01
3.099144015116986339e-01
3.099144015116986339e-01
4.080623398678408509e-01
4.080623398678408509e-01
4.080623398678408509e-01
3.586017303627667685e-01
3.586017303627667685e-01
3.586017303627667685e-01
3.766432287595544159e-01
3.766432287595544159e-01
3.766432287595544159e-01
3.766432287595544159e-01
3.718007132967917627e-01
3.720080571639103884e-01
3.922655437245903820e-01
4.230625416741278788e-01
4.230625416741278788e-01
4.306296514810506459e-01
4.306296514810506459e-01
4.814207592830198612e-01
4.417647975393376170e-01
4.417647975393376170e-01
4.417647975393376170e-01
4.417647975393376170e-01
4.417647975393376170e-01
4.691872775785009275e-01
4.691872775785009275e-01
4.482657029400109461e-01
4.482657029400109461e-01
3.912493371076393722e-01
4.170661175763366035e-01
4.170661175763366035e-01
4.553895762194551944e-01
3.937271097487979321e-01
3.937271097487979321e-01
4.037490648503668789e-01
4.037490648503668789e-01
4.109674729061044696e-01
4.378930688446126540e-01
4.378930688446126540e-01
4.378930688446126540e-01
4.378930688446126540e-01
4.378930688446126540e-01
4.644598092881147000e-01
4.644598092881147000e-01
4.244502043590002716e-01
4.244502043590002716e-01
4.244502043590002716e-01
4.595215577310029498e-01
4.595215577310029498e-01
4.595215577310029498e-01
4.539465844385948134e-01
3.624556866739779282e-01
3.624556866739779282e-01
3.527285304970976254e-01
3.527285304970976254e-01
4.160088421999733610e-01
4.160088421999733610e-01
3.840331337892030072e-01
3.840331337892030072e-01
4.162072706492975782e-01
4.162072706492975782e-01
3.945688015160670470e-01
3.945688015160670470e-01
3.945688015160670470e-01
3.945688015160670470e-01
3.945688015160670470e-01
3.713855701369321305e-01
4.222873002495742822e-01
3.927657319527489421e-01
4.662981213979554007e-01
4.662981213979554007e-01
4.833696041781727626e-01
4.654729796001120246e-01
4.654729796001120246e-01
4.654729796001120246e-01
4.181565697442684026e-01
4.213486033236328310e-01
4.213486033236328310e-01
4.213486033236328310e-01
4.213486033236328310e-01
4.657399047095407973e-01
4.657399047095407973e-01
4.996748755390896801e-01
4.996748755390896801e-01
4.996748755390896801e-01
4.996748755390896801e-01
4.996748755390896801e-01
4.996748755390896801e-01
4.996748755390896801e-01
5.011367614732752385e-01
4.527793658595767878e-01
4.527793658595767878e-01
4.527793658595767878e-01
4.527793658595767878e-01
4.527793658595767878e-01
4.527793658595767878e-01
4.527793658595767878e-01
4.461298274401133135e-01
3.982159529701773115e-01
3.982159529701773115e-01
3.982159529701773115e-01
3.982159529701773115e-01
3.982159529701773115e-01
3.982159529701773115e-01
4.078204972535973138e-01
4.078204972535973138e-01
4.078204972535973138e-01
4.078204972535973138e-01
4.078204972535973138e-01
4.078204972535973138e-01
4.078204972535973138e-01
4.470567736582071183e-01
4.470567736582071183e-01
3.350780478974745291e-01
4.692120163617806705e-01
4.692120163617806705e-01
4.692120163617806705e-01
4.692120163617806705e-01
4.666093523980489044e-01
4.228208432104873515e-01
4.319074333121676323e-01
4.305930617438423758e-01
4.305930617438423758e-01
4.305930617438423758e-01
4.305930617438423758e-01
4.305930617438423758e-01
4.305930617438423758e-01
4.305930617438423758e-01
3.921234689428312326e-01
3.257278351168109709e-01
3.196556698088056647e-01
3.647291582998121728e-01
3.647291582998121728e-01
3.942845279038634798e-01
3.388630568685971900e-01
3.388630568685971900e-01
3.458688834605611606e-01
3.458688834605611606e-01
3.458688834605611606e-01
3.662047280318200815e-01
4.203195319285036868e-01
4.203195319285036868e-01
4.203195319285036868e-01
4.203195319285036868e-01
3.995936094464863642e-01
4.153521081709500851e-01
4.066928487553546079e-01
4.066928487553546079e-01
4.066928487553546079e-01
4.048371542717034144e-01
3.866021839682828309e-01
3.866021839682828309e-01
3.866021839682828309e-01
3.866021839682828309e-01
3.778798980614816450e-01
3.778798980614816450e-01
3.778798980614816450e-01
4.045343621570730019e-01
4.045343621570730019e-01
4.045343621570730019e-01
4.045343621570730019e-01
4.124747117830860343e-01
4.315729474287621215e-01
4.240207889221261905e-01
4.240207889221261905e-01
4.240207889221261905e-01
3.742593669001437751e-01
3.742593669001437751e-01
3.742593669001437751e-01
3.742593669001437751e-01
3.742593669001437751e-01
3.651347506999086390e-01
3.113757423792786194e-01
3.052109544492588311e-01
3.553978126776196622e-01
3.553978126776196622e-01
3.553978126776196622e-01
3.553978126776196622e-01
4.374238227977977345e-01
4.167764581163357906e-01
4.167764581163357906e-01
4.462619043600483115e-01
4.460439475072221494e-01
3.891653833948506280e-01
3.891653833948506280e-01
3.891653833948506280e-01
3.900368871984382091e-01
3.900368871984382091e-01
3.900368871984382091e-01
3.900368871984382091e-01
3.900368871984382091e-01
3.900368871984382091e-01
3.945464944053698741e-01
3.252850329035991694e-01
3.562484093097512128e-01
4.611008248996021908e-01
4.611008248996021908e-01
3.525393459835611254e-01
3.525393459835611254e-01
3.525393459835611254e-01
3.525393459835611254e-01
3.525393459835611254e-01
3.525393459835611254e-01
4.033841625229668271e-01
3.208785532361229653e-01
3.208785532361229653e-01
3.208785532361229653e-01
3.208785532361229653e-01
3.886258950863398232e-01
3.886258950863398232e-01
3.886258950863398232e-01
3.886258950863398232e-01
3.886258950863398232e-01
3.886258950863398232e-01
3.886258950863398232e-01
3.886258950863398232e-01
3.475221250105299808e-01
4.013551435513946219e-01
4.013551435513946219e-01
4.013551435513946219e-01
4.013551435513946219e-01
4.013551435513946219e-01
4.013551435513946219e-01
4.013551435513946219e-01
4.054585992028876817e-01
3.955184215431095662e-01
3.955184215431095662e-01
4.644546819237498902e-01
4.644546819237498902e-01
4.656755856738912791e-01
3.694629947966827088e-01
3.694629947966827088e-01
3.694629947966827088e-01
3.694629947966827088e-01
3.694629947966827088e-01
3.694629947966827088e-01
3.694629947966827088e-01
3.517941325576709466e-01
3.517941325576709466e-01
3.517941325576709466e-01
3.517941325576709466e-01
3.517941325576709466e-01
4.389874807557488934e-01
4.361797149756597713e-01
3.239542678745232496e-01
3.239542678745232496e-01
3.239542678745232496e-01
3.239542678745232496e-01
3.239542678745232496e-01
4.452998364290054467e-01
4.452998364290054467e-01
4.403711787663937560e-01
4.641101504692123347e-01
4.641101504692123347e-01
3.828348201445674892e-01
3.828348201445674892e-01
3.828348201445674892e-01
3.238955415243892633e-01
3.238955415243892633e-01
3.238955415243892633e-01
3.238955415243892633e-01
3.238955415243892633e-01
3.238955415243892633e-01
3.238955415243892633e-01
3.238955415243892633e-01
3.238955415243892633e-01
3.238955415243892633e-01
3.238955415243892633e-01
3.238955415243892633e-01
3.612751181307874426e-01
3.612751181307874426e-01
3.612751181307874426e-01
3.612751181307874426e-01
3.846410381833527681e-01
3.846410381833527681e-01
3.846410381833527681e-01
3.846410381833527681e-01
3.846410381833527681e-01
3.846410381833527681e-01
3.846410381833527681e-01
3.846410381833527681e-01
3.861548670884491496e-01
3.861548670884491496e-01
4.041613709189436077e-01
4.041613709189436077e-01
4.041613709189436077e-01
3.609723422687770022e-01
3.609723422687770022e-01
3.609723422687770022e-01
3.961052574050989983e-01
3.961052574050989983e-01
3.961052574050989983e-01
3.763533617847607537e-01
3.763533617847607537e-01
3.823342450147723115e-01
3.823342450147723115e-01
3.926114470397947809e-01
3.957956894753287824e-01
3.957956894753287824e-01
3.957956894753287824e-01
3.957956894753287824e-01
3.957956894753287824e-01
3.957956894753287824e-01
3.846550902851291198e-01
3.846550902851291198e-01
3.846550902851291198e-01
3.846550902851291198e-01
3.846550902851291198e-01
3.846550902851291198e-01
3.846550902851291198e-01
3.846550902851291198e-01
3.846550902851291198e-01
3.558385312060177164e-01
3.558385312060177164e-01
3.558385312060177164e-01
4.677681550658128184e-01
4.677681550658128184e-01
2.894040281242026280e-01
2.894040281242026280e-01
3.650944210218662889e-01
3.650944210218662889e-01
3.650944210218662889e-01
3.472156422038742418e-01
3.816334450550891155e-01
3.346630494821205004e-01
3.741768713686703940e-01
3.893523020615216046e-01
3.893523020615216046e-01
3.550759068999427837e-01
3.550759068999427837e-01
2.761514094954459209e-01
3.923395758414572332e-01
3.889973461109544339e-01
3.889973461109544339e-01
3.957792964978534278e-01
3.957792964978534278e-01
4.136555836395082730e-01
4.136555836395082730e-01
4.325303393147049147e-01
4.325303393147049147e-01
4.325303393147049147e-01
3.427601426734097623e-01
3.643300264668087873e-01
4.223287202415604846e-01
4.223287202415604846e-01
4.223287202415604846e-01
4.362796137839281552e-01
4.362796137839281552e-01
4.676233016912660356e-01
4.676233016912660356e-01
4.676233016912660356e-01
4.676233016912660356e-01
4.986869754948524136e-01
4.986869754948524136e-01
4.876569310147657044e-01
4.876569310147657044e-01
4.876569310147657044e-01
4.876569310147657044e-01
4.855410048474815277e-01
4.855410048474815277e-01
4.660164938129082723e-01
4.660164938129082723e-01
3.944142511078218560e-01
3.944142511078218560e-01
3.359414411528222066e-01
3.552995761748695691e-01
3.221487663450501859e-01
3.849826623549423288e-01
3.849826623549423288e-01
3.310947215728828330e-01
3.310947215728828330e-01
3.310947215728828330e-01
3.310947215728828330e-01
3.310947215728828330e-01
4.608525640753151076e-01
4.608525640753151076e-01
4.608525640753151076e-01
4.608525640753151076e-01
4.608525640753151076e-01
4.608525640753151076e-01
4.608525640753151076e-01
4.608525640753151076e-01
4.608525640753151076e-01
4.608525640753151076e-01
4.608525640753151076e-01
4.410272391134036907e-01
4.410272391134036907e-01
4.410272391134036907e-01
4.906455307868395344e-01
4.474293158415044158e-01
4.474293158415044158e-01
4.097525503634087407e-01
4.097525503634087407e-01
4.097525503634087407e-01
4.097525503634087407e-01
4.097525503634087407e-01
4.158246682394090010e-01
4.158246682394090010e-01
4.158246682394090010e-01
4.158246682394090010e-01
4.158246682394090010e-01
4.158246682394090010e-01
3.578782644771645871e-01
3.578782644771645871e-01
3.578782644771645871e-01
3.578782644771645871e-01
3.578782644771645871e-01
3.578782644771645871e-01
3.578782644771645871e-01
3.578782644771645871e-01
3.623632955815083712e-01
3.623632955815083712e-01
3.623632955815083712e-01
3.915391864250579168e-01
4.391215216815866351e-01
4.391215216815866351e-01
4.039586625339687820e-01
4.395989984252598459e-01
4.395989984252598459e-01
4.273710214994126400e-01
4.273710214994126400e-01
4.273710214994126400e-01
4.244512494257409174e-01
4.244512494257409174e-01
4.845318831030094864e-01
4.845318831030094864e-01
4.845318831030094864e-01
4.228700046831611048e-01
4.228700046831611048e-01
4.228700046831611048e-01
4.303326184656420250e-01
4.303326184656420250e-01
4.303326184656420250e-01
4.303326184656420250e-01
4.303326184656420250e-01
4.953561949596548275e-01
4.953561949596548275e-01
4.939234792442023791e-01
4.939234792442023791e-01
4.939234792442023791e-01
4.939234792442023791e-01
4.939234792442023791e-01
5.133383784443283915e-01
5.133383784443283915e-01
5.133383784443283915e-01
5.133383784443283915e-01
5.133383784443283915e-01
5.133383784443283915e-01
5.133383784443283915e-01
4.839634006238209274e-01
4.839634006238209274e-01
5.627054172117479380e-01
4.848843016491480307e-01
4.848843016491480307e-01
4.848843016491480307e-01
4.848843016491480307e-01
4.848843016491480307e-01
4.848843016491480307e-01
4.672585775687703169e-01
4.672585775687703169e-01
4.793462932738996041e-01
4.793462932738996041e-01
4.973196147323137861e-01
5.317676438254194116e-01
5.075084748078859676e-01
5.075084748078859676e-01
5.075084748078859676e-01
5.075084748078859676e-01
4.999326834100136230e-01
4.999326834100136230e-01
4.999326834100136230e-01
3.975009969031747525e-01
3.975009969031747525e-01
4.436308121034160390e-01
4.436308121034160390e-01
3.981234957441744937e-01
3.981234957441744937e-01
3.981234957441744937e-01
4.276767427899237917e-01
4.276767427899237917e-01
4.717829282613291153e-01
4.717829282613291153e-01
4.717829282613291153e-01
4.717829282613291153e-01
4.717829282613291153e-01
4.577906703613530692e-01
4.068087078090056319e-01
4.697476791033408094e-01
4.697476791033408094e-01
5.052183997388534076e-01
5.052183997388534076e-01
5.243444275025633816e-01
5.243444275025633816e-01
5.243444275025633816e-01
5.243444275025633816e-01
5.636006562752373661e-01
5.636006562752373661e-01
4.922495778949793066e-01
4.922495778949793066e-01
5.382522314369964089e-01
5.382522314369964089e-01
5.382522314369964089e-01
5.382522314369964089e-01
5.382522314369964089e-01
5.382522314369964089e-01
5.382522314369964089e-01
4.815272736648967267e-01
4.815272736648967267e-01
4.815272736648967267e-01
4.815272736648967267e-01
4.623212699195488051e-01
4.231716703293017523e-01
4.231716703293017523e-01
4.690459295576127063e-01
5.005638014258706470e-01
5.005638014258706470e-01
4.708607657858326911e-01
4.708607657858326911e-01
4.479430176092839555e-01
4.985109692548797544e-01
4.281294726122132355e-01
4.281294726122132355e-01
4.281294726122132355e-01
4.585032717787627110e-01
4.585032717787627110e-01
4.021965193702060626e-01
4.638079323200001713e-01
4.638079323200001713e-01
4.638079323200001713e-01
4.638079323200001713e-01
4.638079323200001713e-01
4.638079323200001713e-01
4.217889544674106594e-01
4.217889544674106594e-01
4.185435676412452288e-01
5.290634979595941756e-01
5.290634979595941756e-01
5.290634979595941756e-01
5.995303217275865793e-01
5.995303217275865793e-01
5.995303217275865793e-01
5.995303217275865793e-01
5.705539834499231411e-01
5.593465400383491604e-01
5.593465400383491604e-01
5.593465400383491604e-01
5.593465400383491604e-01
5.550174693574830842e-01
5.550174693574830842e-01
5.550174693574830842e-01
6.056942157625205825e-01
6.056942157625205825e-01
6.056942157625205825e-01
5.562567548222693281e-01
5.916496260343647728e-01
5.705578757226829056e-01
5.705578757226829056e-01
5.705578757226829056e-01
5.564295296442482996e-01
5.564295296442482996e-01
5.564295296442482996e-01
5.564295296442482996e-01
5.545920275022795387e-01
5.509695096005583492e-01
5.509695096005583492e-01
5.982635315657579556e-01
5.982635315657579556e-01
5.707607511353157692e-01
5.707607511353157692e-01
5.707607511353157692e-01
6.477983401872903224e-01
6.477983401872903224e-01
6.477983401872903224e-01
5.904262688464920750e-01
5.904262688464920750e-01
5.904262688464920750e-01
5.904262688464920750e-01
5.904262688464920750e-01
5.497538112278209654e-01
5.497538112278209654e-01
5.489685240994367499e-01
6.385096584807475883e-01
6.385096584807475883e-01
6.443874405557314944e-01
6.443874405557314944e-01
6.443874405557314944e-01
5.735358775824315192e-01
5.735358775824315192e-01
6.196588703886987126e-01
6.196588703886987126e-01
6.196588703886987126e-01
5.422921707291378235e-01
5.422921707291378235e-01
5.965738065693984016e-01
5.479136096020212898e-01
5.479136096020212898e-01
5.479136096020212898e-01
5.479136096020212898e-01
5.161928158103561426e-01
5.464746392839484601e-01
4.788483213276462647e-01
4.892577239229569108e-01
4.714166404440305325e-01
4.714166404440305325e-01
4.714166404440305325e-01
4.714166404440305325e-01
4.714166404440305325e-01
4.714166404440305325e-01
4.714166404440305325e-01
4.671097381758708145e-01
4.671097381758708145e-01
4.671097381758708145e-01
4.671097381758708145e-01
4.671097381758708145e-01
5.359446152993670998e-01
5.263638168065509770e-01
5.263638168065509770e-01
5.305565180305255035e-01
5.305565180305255035e-01
5.305565180305255035e-01
5.305565180305255035e-01
5.305565180305255035e-01
5.305565180305255035e-01
5.305565180305255035e-01
5.305565180305255035e-01
5.305565180305255035e-01
5.064416833850244881e-01
5.171184710853548028e-01
4.646357747692144158e-01
5.009675589763352699e-01
5.009675589763352699e-01
4.298655904679545836e-01
5.005184844290844204e-01
5.005184844290844204e-01
5.489942093096794595e-01
5.489942093096794595e-01
4.840069101581843669e-01
4.840069101581843669e-01
4.789855620722459073e-01
4.170006681763621659e-01
4.170006681763621659e-01
4.791395580127245646e-01
4.952896908168603618e-01
4.952896908168603618e-01
4.952896908168603618e-01
4.952896908168603618e-01
4.952896908168603618e-01
5.630150631806255523e-01
5.632462065406911300e-01
5.632462065406911300e-01
5.632462065406911300e-01
5.632462065406911300e-01
5.153530999046321837e-01
5.153530999046321837e-01
5.153530999046321837e-01
5.153530999046321837e-01
5.153530999046321837e-01
5.030609436315971461e-01
5.030609436315971461e-01
5.030609436315971461e-01
5.030609436315971461e-01
5.030609436315971461e-01
4.565294525253305591e-01
4.565294525253305591e-01
4.565294525253305591e-01
5.019798964083247439e-01
4.010137324027407968e-01
4.010137324027407968e-01
4.010137324027407968e-01
4.010137324027407968e-01
4.010137324027407968e-01
4.010137324027407968e-01
4.066096167670161243e-01
4.066096167670161243e-01
4.644853514508481829e-01
4.644853514508481829e-01
4.644853514508481829e-01
4.644853514508481829e-01
4.644853514508481829e-01
4.768593341378723482e-01
4.768593341378723482e-01
4.417992538403939795e-01
4.417992538403939795e-01
4.417992538403939795e-01
4.599193328006856984e-01
4.599193328006856984e-01
4.599193328006856984e-01
4.599193328006856984e-01
4.599193328006856984e-01
4.599193328006856984e-01
4.599193328006856984e-01
4.693900148511870873e-01
4.311860864106485947e-01
4.311860864106485947e-01
4.367872158448740660e-01
4.367872158448740660e-01
4.367872158448740660e-01
4.367872158448740660e-01
4.490949485689855192e-01
4.490949485689855192e-01
4.490949485689855192e-01
4.490949485689855192e-01
4.257008407571735153e-01
4.257008407571735153e-01
4.763560951626911177e-01
4.763560951626911177e-01
4.763560951626911177e-01
4.763560951626911177e-01
4.763560951626911177e-01
5.340893800266596214e-01
5.340893800266596214e-01
5.094776545495600661e-01
5.094776545495600661e-01
5.094776545495600661e-01
5.094776545495600661e-01
5.094776545495600661e-01
5.094776545495600661e-01
4.687336035869879569e-01
4.687336035869879569e-01
4.687336035869879569e-01
3.857817625453645594e-01
3.857817625453645594e-01
4.672636230227850129e-01
5.449019274540083391e-01
5.449019274540083391e-01
5.449019274540083391e-01
5.449019274540083391e-01
5.449019274540083391e-01
5.449019274540083391e-01
5.449019274540083391e-01
5.449019274540083391e-01
5.833550243054559381e-01
5.833550243054559381e-01
4.972334844881911575e-01
5.011450232461593934e-01
5.011450232461593934e-01
5.011450232461593934e-01
5.011450232461593934e-01
5.068404880607777496e-01
5.068404880607777496e-01
4.838441395022129443e-01
4.838441395022129443e-01
4.838441395022129443e-01
5.274931137103002765e-01
4.429924165153642512e-01
4.429924165153642512e-01
4.085743740538300695e-01
4.137061047302609262e-01
4.229196600314867882e-01
4.198764378836365441e-01
4.198764378836365441e-01
4.198764378836365441e-01
4.469712051564005417e-01
4.469712051564005417e-01
4.469712051564005417e-01
4.469712051564005417e-01
3.670799991217676972e-01
4.071448194267113796e-01
4.071448194267113796e-01
4.695283143886671562e-01
4.695283143886671562e-01
4.695283143886671562e-01
4.695283143886671562e-01
4.495462876695189847e-01
4.495462876695189847e-01
4.495462876695189847e-01
4.560822603629741123e-01
4.560822603629741123e-01
4.560822603629741123e-01
4.560822603629741123e-01
4.560822603629741123e-01
4.560822603629741123e-01
4.560822603629741123e-01
4.560822603629741123e-01
4.560822603629741123e-01
4.560822603629741123e-01
4.484463103579455767e-01
4.426068352304143860e-01
4.426068352304143860e-01
4.426068352304143860e-01
4.426068352304143860e-01
4.604887241743584325e-01
3.941374561824898537e-01
3.941374561824898537e-01
3.941374561824898537e-01
3.941374561824898537e-01
3.830737170002054270e-01
3.816375314233266258e-01
3.336615493925265685e-01
3.281647053502802502e-01
3.281647053502802502e-01
3.281647053502802502e-01
3.281647053502802502e-01
3.177069564597793661e-01
3.177069564597793661e-01
3.177069564597793661e-01
3.177069564597793661e-01
3.462343984094605753e-01
3.462343984094605753e-01
3.462343984094605753e-01
3.565755050846758367e-01
3.565755050846758367e-01
3.510614132336772331e-01
3.473070384028743018e-01
3.473070384028743018e-01
3.473070384028743018e-01
3.473070384028743018e-01
3.473070384028743018e-01
3.473070384028743018e-01
3.668410755561662961e-01
3.668410755561662961e-01
3.668410755561662961e-01
3.202453295185462845e-01
3.202453295185462845e-01
3.202453295185462845e-01
3.861028962436482970e-01
3.613690826827909985e-01
3.194470933667152290e-01
2.977793730892634994e-01
2.977793730892634994e-01
3.559182106234605181e-01
2.725362274423390185e-01
3.121023677233274451e-01
2.698474085367545405e-01
2.698474085367545405e-01
2.698474085367545405e-01
3.537790358980820726e-01
2.777719003555862987e-01
2.777719003555862987e-01
2.777719003555862987e-01
2.838944118027068586e-01
2.838944118027068586e-01
3.327627616865008742e-01
3.327627616865008742e-01
3.327627616865008742e-01
3.409906213264677355e-01
3.409906213264677355e-01
3.409906213264677355e-01
3.343623563937113130e-01
3.343623563937113130e-01
3.388457317296099669e-01
3.388457317296099669e-01
3.278479875679893296e-01
2.867798609861464398e-01
2.876132991954929996e-01
2.876132991954929996e-01
2.876132991954929996e-01
2.876132991954929996e-01
2.849815642731823861e-01
3.900516511151013721e-01
3.946903306327345096e-01
4.196479448997230133e-01
4.196479448997230133e-01
3.570276800580171050e-01
3.937794686609892292e-01
3.937794686609892292e-01
3.937794686609892292e-01
2.584922506822088240e-01
2.584922506822088240e-01
3.765833693856812103e-01
3.765833693856812103e-01
3.765833693856812103e-01
3.765833693856812103e-01
3.765833693856812103e-01
3.765833693856812103e-01
3.896593939205642010e-01
3.896593939205642010e-01
3.896593939205642010e-01
3.896593939205642010e-01
3.896593939205642010e-01
3.896593939205642010e-01
3.739963484317438969e-01
3.739963484317438969e-01
3.739963484317438969e-01
3.739963484317438969e-01
3.739963484317438969e-01
3.739963484317438969e-01
4.118620190769199940e-01
4.118620190769199940e-01
4.118620190769199940e-01
4.118620190769199940e-01
4.118620190769199940e-01
4.118620190769199940e-01
4.118620190769199940e-01
4.118620190769199940e-01
4.047432080519261510e-01
4.824354580362013589e-01
4.829979585479809989e-01
4.829979585479809989e-01
4.829979585479809989e-01
4.829979585479809989e-01
4.829979585479809989e-01
3.349446973925836457e-01
3.670205945005056147e-01
3.670205945005056147e-01
3.670205945005056147e-01
3.670205945005056147e-01
3.828331109191941417e-01
3.828331109191941417e-01
3.828331109191941417e-01
4.236597942227707803e-01
4.254870091407469412e-01
3.292455064934974862e-01
3.292455064934974862e-01
3.292455064934974862e-01
3.664510393051768622e-01
3.664510393051768622e-01
3.664510393051768622e-01
3.664510393051768622e-01
3.664510393051768622e-01
3.664510393051768622e-01
3.664510393051768622e-01
3.664510393051768622e-01
3.664510393051768622e-01
3.664510393051768622e-01
3.664510393051768622e-01
3.664510393051768622e-01
3.664510393051768622e-01
3.604905515008094974e-01
3.435832187559325623e-01
3.459140063985339242e-01
3.619798298637568745e-01
3.688853275698820711e-01
3.688853275698820711e-01
3.546601749309560292e-01
3.546601749309560292e-01
3.546601749309560292e-01
3.546601749309560292e-01
3.923904018905847169e-01
3.923904018905847169e-01
3.923904018905847169e-01
3.923904018905847169e-01
3.923904018905847169e-01
3.923904018905847169e-01
3.461292403155309949e-01
3.461292403155309949e-01
3.888709982680477739e-01
3.888709982680477739e-01
3.952452621163025093e-01
3.961971466776565420e-01
3.961971466776565420e-01
3.456795204272514743e-01
3.456795204272514743e-01
3.456795204272514743e-01
3.456795204272514743e-01
4.101442989005207873e-01
3.771081461759408504e-01
3.771081461759408504e-01
3.771081461759408504e-01
3.771081461759408504e-01
3.771081461759408504e-01
3.771081461759408504e-01
3.771081461759408504e-01
3.771081461759408504e-01
3.771081461759408504e-01
3.771081461759408504e-01
3.714743303552354159e-01
3.714743303552354159e-01
3.714743303552354159e-01
3.714743303552354159e-01
3.890577729358309367e-01
3.890577729358309367e-01
3.115901434057585795e-01
3.115901434057585795e-01
3.115901434057585795e-01
3.115901434057585795e-01
3.163598979780617992e-01
3.163598979780617992e-01
3.163598979780617992e-01
2.986324398880487729e-01
2.986324398880487729e-01
3.097026102977662454e-01
3.325385878322729138e-01
3.325385878322729138e-01
3.325385878322729138e-01
3.460150078558499875e-01
3.539069543534164031e-01
3.539069543534164031e-01
2.614835729688491095e-01
2.614835729688491095e-01
2.596110265747773593e-01
2.596110265747773593e-01
2.596110265747773593e-01
2.596110265747773593e-01
2.665680920716747004e-01
2.665680920716747004e-01
2.612810589109342274e-01
2.612810589109342274e-01
2.612810589109342274e-01
2.612810589109342274e-01
3.290690911433832855e-01
3.290690911433832855e-01
3.290690911433832855e-01
3.573251723281299919e-01
3.573251723281299919e-01
3.562113031352839299e-01
3.562113031352839299e-01
3.562113031352839299e-01
2.649895463801307249e-01
2.137323331403403193e-01
2.137323331403403193e-01
2.702421483035926109e-01
2.702421483035926109e-01
2.702421483035926109e-01
2.702421483035926109e-01
2.702421483035926109e-01
2.702421483035926109e-01
2.592374175656167457e-01
2.592374175656167457e-01
2.631323823918458316e-01
2.631323823918458316e-01
2.631323823918458316e-01
2.631323823918458316e-01
3.028635079454685131e-01
3.028635079454685131e-01
3.028635079454685131e-01
3.028635079454685131e-01
3.028635079454685131e-01
3.028635079454685131e-01
3.028635079454685131e-01
3.028635079454685131e-01
3.766032007110972080e-01
3.801941375881405794e-01
3.801941375881405794e-01
3.777634126182282115e-01
3.904337317959942766e-01
4.224215006118841598e-01
4.224215006118841598e-01
3.810743929998176016e-01
3.810743929998176016e-01
3.810743929998176016e-01
3.342844934925729983e-01
3.342844934925729983e-01
3.999262057750905819e-01
3.046770657347603328e-01
3.046770657347603328e-01
2.526824370195086544e-01
2.741018817959695597e-01
2.741018817959695597e-01
2.976355628976058432e-01
3.043565178154243878e-01
3.043565178154243878e-01
3.460459304613920928e-01
3.294487851356108221e-01
3.294487851356108221e-01
3.363942000751145578e-01
2.434836912561677003e-01
2.434836912561677003e-01
2.434836912561677003e-01
2.434836912561677003e-01
2.434836912561677003e-01
2.434836912561677003e-01
2.434836912561677003e-01
2.591661351916845213e-01
2.591661351916845213e-01
2.591661351916845213e-01
3.389121653656510524e-01
2.722337805012905454e-01
2.975118977723053559e-01
3.259769598370675925e-01
3.259769598370675925e-01
3.259769598370675925e-01
3.259769598370675925e-01
3.259769598370675925e-01
3.259769598370675925e-01
3.259769598370675925e-01
3.259769598370675925e-01
3.105683629801065937e-01
3.105683629801065937e-01
3.105683629801065937e-01
3.105683629801065937e-01
3.305401346378695204e-01
3.305401346378695204e-01
3.305401346378695204e-01
3.305401346378695204e-01
3.305401346378695204e-01
3.209256147121360980e-01
3.209256147121360980e-01
3.209256147121360980e-01
3.209256147121360980e-01
3.209256147121360980e-01
3.209256147121360980e-01
3.518826012512750734e-01
3.518826012512750734e-01
3.336190635717791175e-01
3.336190635717791175e-01
3.182749960195255245e-01
3.427249160601425482e-01
3.427249160601425482e-01
3.427249160601425482e-01
3.369866605285191108e-01
3.479155380586793078e-01
3.479155380586793078e-01
3.479155380586793078e-01
3.479155380586793078e-01
3.624133686918982189e-01
3.281116747136213485e-01
3.281116747136213485e-01
3.281116747136213485e-01
3.281116747136213485e-01
3.281116747136213485e-01
3.270237416414731868e-01
3.270237416414731868e-01
2.955209346543667959e-01
2.955209346543667959e-01
2.955209346543667959e-01
2.955209346543667959e-01
2.955209346543667959e-01
2.955209346543667959e-01
2.955209346543667959e-01
2.955209346543667959e-01
2.955209346543667959e-01
2.955209346543667959e-01
2.938301730845923609e-01
2.938301730845923609e-01
2.862139536509535898e-01
3.685072721530337492e-01
3.685072721530337492e-01
3.370365789675954793e-01
4.028957798267212564e-01
4.108030582206695369e-01
4.108030582206695369e-01
3.966563413621488343e-01
3.966563413621488343e-01
3.966563413621488343e-01
3.966563413621488343e-01
3.966563413621488343e-01
3.340876900910896286e-01
3.340876900910896286e-01
2.974346511567997342e-01
2.974346511567997342e-01
2.974346511567997342e-01
3.386981908472671554e-01
3.326613397158405538e-01
3.433668626863190521e-01
3.433668626863190521e-01
3.170503546202132483e-01
3.193568412287073333e-01
3.193568412287073333e-01
3.193568412287073333e-01
3.193568412287073333e-01
3.193568412287073333e-01
3.552147181136932064e-01
3.552147181136932064e-01
3.552147181136932064e-01
3.552147181136932064e-01
3.552147181136932064e-01
3.552147181136932064e-01
3.552147181136932064e-01
3.552147181136932064e-01
3.552147181136932064e-01
3.552147181136932064e-01
3.552147181136932064e-01
3.552147181136932064e-01
3.771370874894481862e-01
3.771370874894481862e-01
3.771370874894481862e-01
3.771370874894481862e-01
3.379627556632721075e-01
3.379627556632721075e-01
3.379627556632721075e-01
3.424010607710212817e-01
3.424010607710212817e-01
3.322696662791540523e-01
3.322696662791540523e-01
3.322696662791540523e-01
3.469151385699011936e-01
3.469151385699011936e-01
3.469151385699011936e-01
3.469151385699011936e-01
3.528875601495721770e-01
3.528875601495721770e-01
3.528875601495721770e-01
3.643001497275867862e-01
4.065090463904530993e-01
4.065090463904530993e-01
4.065090463904530993e-01
4.023184652406840978e-01
4.015036072400821610e-01
3.761651534927242801e-01
3.761651534927242801e-01
3.761651534927242801e-01
3.761651534927242801e-01
3.761651534927242801e-01
3.761651534927242801e-01
3.303718043429588747e-01
3.303718043429588747e-01
3.608459634834802476e-01
3.608459634834802476e-01
3.608459634834802476e-01
3.608459634834802476e-01
3.608459634834802476e-01
3.608459634834802476e-01
3.475221347290821661e-01
3.475221347290821661e-01
3.475221347290821661e-01
3.475221347290821661e-01
3.619536979562177903e-01
3.619536979562177903e-01
3.619536979562177903e-01
3.864007219906221424e-01
3.681467474598822953e-01
3.681467474598822953e-01
4.342462567845740140e-01
4.342462567845740140e-01
4.342462567845740140e-01
4.345270580190119247e-01
4.500372535856013712e-01
4.601495153696726348e-01
4.601495153696726348e-01
4.601495153696726348e-01
3.262390212434786441e-01
3.262390212434786441e-01
3.924789770515137444e-01
4.003183782455329021e-01
3.916562652693325042e-01
3.837768761793955430e-01
3.837768761793955430e-01
3.619581606009757424e-01
3.915059276424966428e-01
3.578189759720469265e-01
3.578189759720469265e-01
2.991820433911114852e-01
2.991820433911114852e-01
2.991820433911114852e-01
3.089960450425425775e-01
3.089960450425425775e-01
2.946203368348564999e-01
3.479905740084144883e-01
3.479905740084144883e-01
3.479905740084144883e-01
4.649058615874412936e-01
4.649058615874412936e-01
4.330501582868933608e-01
4.330501582868933608e-01
4.296859373396663129e-01
4.296859373396663129e-01
4.152430266036516993e-01
3.676641660285672186e-01
3.676641660285672186e-01
3.676641660285672186e-01
3.676641660285672186e-01
3.676641660285672186e-01
3.676641660285672186e-01
3.623215475793173379e-01
3.946012976646542936e-01
3.946012976646542936e-01
3.946012976646542936e-01
4.067598548480721998e-01
4.067598548480721998e-01
4.067598548480721998e-01
3.776209046793496671e-01
3.776209046793496671e-01
4.396157899070901043e-01
4.396157899070901043e-01
4.396157899070901043e-01
4.361457269503087320e-01
3.689540743250074861e-01
3.689540743250074861e-01
3.689540743250074861e-01
3.575809258972803550e-01
3.575809258972803550e-01
3.843557292669818604e-01
3.657690628942663613e-01
3.657690628942663613e-01
4.082616156478121594e-01
3.398054318806978391e-01
3.398054318806978391e-01
3.366301196314999689e-01
3.366301196314999689e-01
3.366301196314999689e-01
3.366301196314999689e-01
3.259950647797162371e-01
3.259950647797162371e-01
4.092494645967301725e-01
4.058793809510031769e-01
4.058793809510031769e-01
4.058793809510031769e-01
4.058793809510031769e-01
4.058793809510031769e-01
4.058793809510031769e-01
4.058793809510031769e-01
4.058793809510031769e-01
4.058793809510031769e-01
4.079514075139544227e-01
4.282239010040377325e-01
4.282239010040377325e-01
4.282239010040377325e-01
4.282239010040377325e-01
4.040494476537074831e-01
4.040494476537074831e-01
4.040494476537074831e-01
3.830286253516606010e-01
3.830286253516606010e-01
3.532838375855040236e-01
3.285747248702451939e-01
3.285747248702451939e-01
3.180281825940944884e-01
3.180281825940944884e-01
3.180281825940944884e-01
3.180281825940944884e-01
3.105011171308156293e-01
3.072236261980945127e-01
3.072236261980945127e-01
3.072236261980945127e-01
3.072236261980945127e-01
3.072236261980945127e-01
3.072236261980945127e-01
3.316280697346150608e-01
3.321969517082768442e-01
3.321969517082768442e-01
3.947216035831638825e-01
3.857665959774114750e-01
3.857665959774114750e-01
3.857665959774114750e-01
3.857665959774114750e-01
4.440453095067357081e-01
3.848653159397784629e-01
3.848653159397784629e-01
3.973084362194958530e-01
3.973084362194958530e-01
3.973084362194958530e-01
4.393097618835355989e-01
4.393097618835355989e-01
4.393097618835355989e-01
4.016304174105214675e-01
4.016304174105214675e-01
4.016304174105214675e-01
4.016304174105214675e-01
4.407095219807722342e-01
4.968123960380247950e-01
4.968123960380247950e-01
4.968123960380247950e-01
5.265168180741494064e-01
5.265168180741494064e-01
5.265168180741494064e-01
5.333313246110057415e-01
4.005793353541005075e-01
4.005793353541005075e-01
4.005793353541005075e-01
4.005793353541005075e-01
4.110557879705428186e-01
4.628178580020876343e-01
4.628178580020876343e-01
4.628178580020876343e-01
4.354324326658084998e-01
4.354324326658084998e-01
4.354324326658084998e-01
4.198337919774983162e-01
4.198337919774983162e-01
4.198337919774983162e-01
4.198337919774983162e-01
4.198337919774983162e-01
4.198337919774983162e-01
4.198337919774983162e-01
4.198337919774983162e-01
4.198337919774983162e-01
4.198337919774983162e-01
4.280842931431719789e-01
4.268377915626075381e-01
4.268377915626075381e-01
4.268377915626075381e-01
4.268377915626075381e-01
4.268377915626075381e-01
3.979950636456668356e-01
4.892957779503417370e-01
4.892957779503417370e-01
4.892957779503417370e-01
4.892957779503417370e-01
4.892957779503417370e-01
4.892957779503417370e-01
5.119948134993723698e-01
5.043088647271697367e-01
5.043088647271697367e-01
4.474385446681112821e-01
4.474385446681112821e-01
3.731144764245494239e-01
3.731144764245494239e-01
4.180002390853402860e-01
3.514379423616528775e-01
3.514379423616528775e-01
3.514379423616528775e-01
3.916933758621711781e-01
4.204778626681247022e-01
4.204778626681247022e-01
4.204778626681247022e-01
4.204778626681247022e-01
3.810480887726260812e-01
3.810480887726260812e-01
3.881849172730827968e-01
4.677029106146647908e-01
4.121333173402645933e-01
4.121333173402645933e-01
4.121333173402645933e-01
4.121333173402645933e-01
4.121333173402645933e-01
4.437310019878278333e-01
4.437310019878278333e-01
4.437310019878278333e-01
4.143189620523188288e-01
4.143189620523188288e-01
4.018766465522744524e-01
4.018766465522744524e-01
4.412254323367721942e-01
4.412254323367721942e-01
4.055075959045577605e-01
3.638221019526798328e-01
4.030413078655086800e-01
4.441249623372980904e-01
3.422916225297326087e-01
3.422916225297326087e-01
3.422916225297326087e-01
3.727776818220227550e-01
3.958248345439329685e-01
3.489934951039233013e-01
3.489934951039233013e-01
3.489934951039233013e-01
3.489934951039233013e-01
3.489934951039233013e-01
3.489934951039233013e-01
3.489934951039233013e-01
3.489934951039233013e-01
3.535663921355133854e-01
3.535663921355133854e-01
3.535663921355133854e-01
3.535663921355133854e-01
4.748630363666559995e-01
4.501007611393536001e-01
3.477273244568089283e-01
3.721745795531543610e-01
4.197910007037067293e-01
4.203143814563011227e-01
3.890858881204613540e-01
3.852301141847905286e-01
3.852301141847905286e-01
3.998173357211675105e-01
4.236095037910164729e-01
2.595501271517700603e-01
2.595501271517700603e-01
3.206814578779620950e-01
3.897175983198028493e-01
3.897175983198028493e-01
3.897175983198028493e-01
3.725448733043190130e-01
3.615378880689190111e-01
3.508743244006435891e-01
3.508743244006435891e-01
3.508743244006435891e-01
3.508743244006435891e-01
3.835707222781379877e-01
3.136898830513243364e-01
3.487667166254757034e-01
3.354831750425157355e-01
3.252115110990377866e-01
3.231287301343007679e-01
2.908032786655017077e-01
2.893977610207696949e-01
2.768826586694907999e-01
2.552818975355427566e-01
2.552818975355427566e-01
2.495883011015476161e-01
3.081623599326501206e-01
3.081623599326501206e-01
3.081623599326501206e-01
3.081623599326501206e-01
3.790364824727891491e-01
3.720612477068918067e-01
3.539851944195954725e-01
3.539851944195954725e-01
3.797342234869070521e-01
3.988191835281673647e-01
3.632259586533059248e-01
4.121951310671486124e-01
4.121951310671486124e-01
3.638834017357298056e-01
3.638834017357298056e-01
4.428413468281076626e-01
3.916072624133518087e-01
3.916072624133518087e-01
3.916072624133518087e-01
3.916072624133518087e-01
3.896239592058325374e-01
3.896239592058325374e-01
3.896239592058325374e-01
3.900799183756156197e-01
3.900799183756156197e-01
3.906599826648710638e-01
3.906599826648710638e-01
3.906599826648710638e-01
3.906599826648710638e-01
3.845672147822569165e-01
3.707449854866768368e-01
3.707449854866768368e-01
4.200977897254490889e-01
4.200977897254490889e-01
4.200977897254490889e-01
4.200977897254490889e-01
4.216395844212526556e-01
4.216395844212526556e-01
3.098707837393937514e-01
3.607453626751832010e-01
3.607453626751832010e-01
3.708352530399640079e-01
3.233262222345315018e-01
3.474167700016836946e-01
3.474167700016836946e-01
3.474167700016836946e-01
3.474167700016836946e-01
3.522648576167539680e-01
3.522648576167539680e-01
3.717728274856159643e-01
3.717728274856159643e-01
3.717728274856159643e-01
3.717728274856159643e-01
3.717728274856159643e-01
3.717728274856159643e-01
3.589623746286114137e-01
4.463698872605701973e-01
4.463698872605701973e-01
4.454357898907120306e-01
4.042549729227717936e-01
4.033361986375109121e-01
4.033361986375109121e-01
4.033361986375109121e-01
4.337010485302372764e-01
4.118784075823283541e-01
4.118784075823283541e-01
4.118784075823283541e-01
4.118784075823283541e-01
4.118784075823283541e-01
4.118784075823283541e-01
4.015432364505429619e-01
4.015432364505429619e-01
4.015432364505429619e-01
4.015432364505429619e-01
2.893469279534374716e-01
2.893469279534374716e-01
2.893469279534374716e-01
2.893469279534374716e-01
2.893469279534374716e-01
2.893469279534374716e-01
2.893469279534374716e-01
3.031449076902774098e-01
3.146056820673218679e-01
3.146056820673218679e-01
3.146056820673218679e-01
3.146056820673218679e-01
3.146056820673218679e-01
3.366219138986740744e-01
3.399616418222684011e-01
4.404543088368249593e-01
4.404543088368249593e-01
4.404543088368249593e-01
4.144038211124307369e-01
4.144038211124307369e-01
4.335574423240656783e-01
3.969257972522181044e-01
3.969257972522181044e-01
3.969257972522181044e-01
3.969257972522181044e-01
3.969257972522181044e-01
3.969257972522181044e-01
3.969257972522181044e-01
3.969257972522181044e-01
3.969257972522181044e-01
3.969257972522181044e-01
3.979134766363658371e-01
4.072887491374599378e-01
4.072887491374599378e-01
4.072887491374599378e-01
4.072887491374599378e-01
4.072887491374599378e-01
4.072887491374599378e-01
4.072887491374599378e-01
4.072887491374599378e-01
3.775508384515280369e-01
3.775508384515280369e-01
3.682775734905935350e-01
3.682775734905935350e-01
3.576791289629127624e-01
3.576791289629127624e-01
3.576791289629127624e-01
3.576791289629127624e-01
4.249509422911867396e-01
4.191700077494593946e-01
4.191700077494593946e-01
3.662636726841521084e-01
3.662636726841521084e-01
3.662636726841521084e-01
3.662636726841521084e-01
3.662636726841521084e-01
3.699724174982426117e-01
3.699724174982426117e-01
3.699724174982426117e-01
3.699724174982426117e-01
3.777105263885607300e-01
3.256675554831107711e-01
3.256675554831107711e-01
3.256675554831107711e-01
3.256675554831107711e-01
3.256675554831107711e-01
3.256675554831107711e-01
3.256675554831107711e-01
3.256675554831107711e-01
3.256675554831107711e-01
3.648064483473364428e-01
3.986029981043665016e-01
3.986029981043665016e-01
3.986029981043665016e-01
3.986029981043665016e-01
3.958138323017791893e-01
3.688498221117877396e-01
3.688498221117877396e-01
3.861337698106210303e-01
3.861337698106210303e-01
3.746662952515157907e-01
3.746662952515157907e-01
3.746662952515157907e-01
3.746662952515157907e-01
3.923055088955432756e-01
3.690533005748110607e-01
3.690533005748110607e-01
3.690533005748110607e-01
3.690533005748110607e-01
3.690533005748110607e-01
3.690533005748110607e-01
4.183958679784822166e-01
4.183958679784822166e-01
3.786037804661638306e-01
3.786037804661638306e-01
4.062171854388213488e-01
4.062171854388213488e-01
4.161830326154688509e-01
4.161830326154688509e-01
3.544177257982528695e-01
3.544177257982528695e-01
3.544177257982528695e-01
3.631382326886109513e-01
3.631382326886109513e-01
3.585464378645036310e-01
3.585464378645036310e-01
3.585464378645036310e-01
3.629253017911978074e-01
3.629253017911978074e-01
3.682367205722680836e-01
3.682367205722680836e-01
3.682367205722680836e-01
3.682367205722680836e-01
3.682367205722680836e-01
4.078155552165128594e-01
4.135548564326188559e-01
4.135548564326188559e-01
4.135548564326188559e-01
4.389755507778426158e-01
4.389755507778426158e-01
4.389755507778426158e-01
4.389755507778426158e-01
4.127729099888951536e-01
3.790727631481915494e-01
4.032453729058157466e-01
4.032453729058157466e-01
4.444208546872843724e-01
4.444208546872843724e-01
4.444208546872843724e-01
4.444208546872843724e-01
4.444208546872843724e-01
4.444208546872843724e-01
4.444208546872843724e-01
4.444208546872843724e-01
4.444208546872843724e-01
4.444208546872843724e-01
3.758514404209034598e-01
4.539805160883335633e-01
4.539805160883335633e-01
4.530761382134384507e-01
3.716330777611380198e-01
3.716330777611380198e-01
3.716330777611380198e-01
3.716330777611380198e-01
3.716330777611380198e-01
3.711787941862730866e-01
3.780455459762563364e-01
3.780455459762563364e-01
3.780455459762563364e-01
3.780455459762563364e-01
3.780455459762563364e-01
3.780455459762563364e-01
3.724904602461410197e-01
3.679020182393199501e-01
3.679020182393199501e-01
3.224669294256593544e-01
3.224669294256593544e-01
3.224669294256593544e-01
3.015132299385089865e-01
3.015132299385089865e-01
3.609613769712878284e-01
3.609613769712878284e-01
3.609613769712878284e-01
3.504086965985737101e-01
3.504086965985737101e-01
3.504086965985737101e-01
3.504086965985737101e-01
3.504086965985737101e-01
3.504225197118466251e-01
3.504225197118466251e-01
3.504225197118466251e-01
3.504225197118466251e-01
3.504225197118466251e-01
3.504225197118466251e-01
3.504225197118466251e-01
3.406084046280593580e-01
3.481408243149864412e-01
3.481408243149864412e-01
3.349686410688749172e-01
3.612029260411618869e-01
3.674059282699286832e-01
3.674059282699286832e-01
3.674059282699286832e-01
4.112723669003248705e-01
4.233831318610673522e-01
3.889743914512210909e-01
3.889743914512210909e-01
3.889743914512210909e-01
3.902493509049303477e-01
3.902493509049303477e-01
3.902493509049303477e-01
4.021233770367756977e-01
4.021233770367756977e-01
4.021233770367756977e-01
4.021233770367756977e-01
4.143250533883827136e-01
4.426221894437257220e-01
4.426221894437257220e-01
4.426221894437257220e-01
4.426221894437257220e-01
4.564888801256837825e-01
4.564888801256837825e-01
4.564888801256837825e-01
3.653623854620278166e-01
3.446257374615598335e-01
3.029291441469277868e-01
3.799568696170237403e-01
3.697979760993135856e-01
3.697979760993135856e-01
3.709578811208464333e-01
4.525681414086359378e-01
4.678781311946520471e-01
4.529290596728186569e-01
4.529290596728186569e-01
4.272838828878395834e-01
4.272838828878395834e-01
4.272838828878395834e-01
4.387460386117822964e-01
4.387460386117822964e-01
4.387460386117822964e-01
4.387460386117822964e-01
4.040276280929898101e-01
4.040276280929898101e-01
4.081676921979498496e-01
4.081676921979498496e-01
4.456549138468459126e-01
4.323768153973173711e-01
4.323768153973173711e-01
4.040586438881005327e-01
4.040586438881005327e-01
4.040586438881005327e-01
4.040586438881005327e-01
4.040586438881005327e-01
4.039536079516647393e-01
4.039536079516647393e-01
4.039536079516647393e-01
4.039536079516647393e-01
3.685294505159849021e-01
3.685294505159849021e-01
3.685294505159849021e-01
3.969653757141196060e-01
3.969653757141196060e-01
3.969653757141196060e-01
4.280875687649966510e-01
4.280875687649966510e-01
4.280875687649966510e-01
3.992546281550679588e-01
3.866989043329549514e-01
3.840540461779471393e-01
3.840540461779471393e-01
3.840540461779471393e-01
3.840540461779471393e-01
3.828490242664810417e-01
3.422668628406119185e-01
3.525975547522390285e-01
3.525975547522390285e-01
3.158037889812505550e-01
3.158037889812505550e-01
3.158037889812505550e-01
3.158037889812505550e-01
3.158037889812505550e-01
3.769368385484401784e-01
3.218844899001025439e-01
3.444471936922785527e-01
3.477985996934721546e-01
3.477985996934721546e-01
4.184063410194110988e-01
4.184063410194110988e-01
4.148493008438583485e-01
4.083419919722663383e-01
4.083419919722663383e-01
4.083419919722663383e-01
4.187777283658428717e-01
3.249460762886485776e-01
3.566888297982929723e-01
3.566888297982929723e-01
3.721350476298675991e-01
3.721350476298675991e-01
3.721350476298675991e-01
3.447939142934852708e-01
3.447939142934852708e-01
3.447939142934852708e-01
3.447939142934852708e-01
4.228528610010835465e-01
4.506632265452255592e-01
4.506632265452255592e-01
4.390234529072569170e-01
4.579496626669035120e-01
4.217179776474814235e-01
4.235812110753596205e-01
4.606438733775912175e-01
4.606438733775912175e-01
4.685258301893291399e-01
4.820697152440045485e-01
4.820697152440045485e-01
4.176328876832807180e-01
4.176328876832807180e-01
4.176328876832807180e-01
3.996275426295188837e-01
3.996275426295188837e-01
2.649417817419263410e-01
2.982498897886005640e-01
3.143889312898305866e-01
3.143889312898305866e-01
3.597953108027305835e-01
3.597953108027305835e-01
3.633789174085239049e-01
3.399015141625568170e-01
3.399015141625568170e-01
3.651852038559452729e-01
3.517126874777560808e-01
3.517126874777560808e-01
3.426479198559334582e-01
3.426479198559334582e-01
4.516771607208144301e-01
4.516771607208144301e-01
4.516771607208144301e-01
4.516771607208144301e-01
4.516771607208144301e-01
4.516771607208144301e-01
4.516771607208144301e-01
4.520692036122269664e-01
4.520692036122269664e-01
4.509656836363627463e-01
4.509656836363627463e-01
4.509656836363627463e-01
4.509656836363627463e-01
4.509656836363627463e-01
4.509656836363627463e-01
4.509656836363627463e-01
4.509656836363627463e-01
4.509656836363627463e-01
4.509656836363627463e-01
4.509656836363627463e-01
4.509656836363627463e-01
4.509656836363627463e-01
4.525193590167441715e-01
4.525193590167441715e-01
4.525193590167441715e-01
4.527249402505783560e-01
4.527249402505783560e-01
4.527249402505783560e-01
4.527249402505783560e-01
4.527249402505783560e-01
4.527249402505783560e-01
4.464678707519314504e-01
4.464678707519314504e-01
4.464678707519314504e-01
4.464678707519314504e-01
4.464678707519314504e-01
4.449671912858682021e-01
4.449671912858682021e-01
4.522868074793571225e-01
4.522868074793571225e-01
4.522868074793571225e-01
4.331074023355227509e-01
4.316264121309826840e-01
4.316264121309826840e-01
4.316264121309826840e-01
4.747493026578901709e-01
4.747493026578901709e-01
4.747493026578901709e-01
4.101286759351701061e-01
4.687792836335371027e-01
4.687792836335371027e-01
4.786333162344482139e-01
4.786333162344482139e-01
4.691768130383972002e-01
4.691768130383972002e-01
4.434395546539559030e-01
4.434395546539559030e-01
4.434395546539559030e-01
3.732250476795166416e-01
3.732250476795166416e-01
3.732250476795166416e-01
4.028823119315264600e-01
3.924834243877022288e-01
4.181057214545356726e-01
4.031086564373186909e-01
3.879886007767510137e-01
3.879886007767510137e-01
3.879886007767510137e-01
3.879886007767510137e-01
3.879886007767510137e-01
3.879886007767510137e-01
3.879886007767510137e-01
3.879886007767510137e-01
3.879886007767510137e-01
3.879886007767510137e-01
3.879886007767510137e-01
3.879886007767510137e-01
3.879886007767510137e-01
3.969529850364271750e-01
4.132970337363950919e-01
4.132970337363950919e-01
4.132970337363950919e-01
4.132970337363950919e-01
4.132970337363950919e-01
4.084417314625014561e-01
4.048757227839297479e-01
4.048757227839297479e-01
4.048757227839297479e-01
4.048757227839297479e-01
4.063811880473515159e-01
4.063811880473515159e-01
4.063811880473515159e-01
4.073133203905487942e-01
4.020399417185951951e-01
4.400328849567286538e-01
4.400328849567286538e-01
4.929060329883405145e-01
4.929060329883405145e-01
4.090701943214136160e-01
4.615095347633514367e-01
4.615095347633514367e-01
4.615095347633514367e-01
5.040255927603078945e-01
5.040255927603078945e-01
4.923681432033024663e-01
4.776389388044332551e-01
4.776389388044332551e-01
4.776389388044332551e-01
4.776389388044332551e-01
4.821089472192719994e-01
4.821089472192719994e-01
4.821089472192719994e-01
4.821089472192719994e-01
4.487688686097975332e-01
4.487688686097975332e-01
4.318637426903952914e-01
4.318637426903952914e-01
4.318637426903952914e-01
4.318637426903952914e-01
4.318637426903952914e-01
4.401138260338731123e-01
4.401138260338731123e-01
4.401138260338731123e-01
4.401138260338731123e-01
5.158003222748898109e-01
5.158003222748898109e-01
5.158003222748898109e-01
5.177952445879758780e-01
5.177952445879758780e-01
5.177952445879758780e-01
5.471434804842706390e-01
5.471434804842706390e-01
5.471434804842706390e-01
5.471434804842706390e-01
5.471434804842706390e-01
5.110479236361339384e-01
5.285566261182388370e-01
5.285566261182388370e-01
5.285566261182388370e-01
5.120661720373697046e-01
5.120661720373697046e-01
5.172884981290012396e-01
5.172884981290012396e-01
5.172884981290012396e-01
5.172884981290012396e-01
5.172884981290012396e-01
5.172884981290012396e-01
5.172884981290012396e-01
4.901335693167426233e-01
4.901335693167426233e-01
4.901335693167426233e-01
4.901335693167426233e-01
5.153475047177784596e-01
5.123246818357690691e-01
5.123246818357690691e-01
4.898353232180357453e-01
4.392248466771429549e-01
4.392248466771429549e-01
4.392248466771429549e-01
4.310861444481486338e-01
4.310861444481486338e-01
4.358219814633649269e-01
4.196804274959119452e-01
4.196804274959119452e-01
4.196804274959119452e-01
4.196804274959119452e-01
4.043411750831804041e-01
3.813600074301107812e-01
3.813600074301107812e-01
3.813600074301107812e-01
3.813600074301107812e-01
3.813600074301107812e-01
3.813600074301107812e-01
3.976579592887243275e-01
3.976579592887243275e-01
3.976579592887243275e-01
3.976579592887243275e-01
4.370950721077278556e-01
4.084925466326760346e-01
4.084925466326760346e-01
4.084925466326760346e-01
3.984230185022404336e-01
3.644320251467904059e-01
3.644320251467904059e-01
3.644320251467904059e-01
3.644320251467904059e-01
3.985327628294028091e-01
3.985327628294028091e-01
4.258826727623848396e-01
4.258826727623848396e-01
4.258826727623848396e-01
4.258826727623848396e-01
4.258826727623848396e-01
4.784451683636375963e-01
4.784451683636375963e-01
4.861870663358158762e-01
3.908898570349763069e-01
3.908898570349763069e-01
3.908898570349763069e-01
4.639338564996780545e-01
4.639338564996780545e-01
4.639338564996780545e-01
4.639338564996780545e-01
4.639338564996780545e-01
4.639338564996780545e-01
4.639338564996780545e-01
4.333956727608567761e-01
4.333956727608567761e-01
4.333956727608567761e-01
4.171220332037476330e-01
4.171220332037476330e-01
4.876579681496009955e-01
3.760698052653949630e-01
3.760698052653949630e-01
3.760698052653949630e-01
4.023485947078609959e-01
4.023485947078609959e-01
4.023485947078609959e-01
4.023485947078609959e-01
4.023485947078609959e-01
4.023485947078609959e-01
4.023485947078609959e-01
4.023485947078609959e-01
4.239802208207454348e-01
4.511172644018386912e-01
4.263098565059399991e-01
4.263098565059399991e-01
4.263098565059399991e-01
3.926950953806104816e-01
3.926950953806104816e-01
3.926950953806104816e-01
3.926950953806104816e-01
3.987558726423881539e-01
3.987558726423881539e-01
3.987558726423881539e-01
3.987558726423881539e-01
4.315697900060958547e-01
4.315697900060958547e-01
4.315697900060958547e-01
4.315697900060958547e-01
4.293082838236901289e-01
3.848740635563056567e-01
3.848740635563056567e-01
3.997900281208508488e-01
3.876928722106243730e-01
3.876928722106243730e-01
3.693618784439010594e-01
3.693618784439010594e-01
3.693618784439010594e-01
3.693618784439010594e-01
3.693618784439010594e-01
3.710641100370148937e-01
3.710641100370148937e-01
3.710641100370148937e-01
3.710641100370148937e-01
3.902896302214007296e-01
3.902896302214007296e-01
3.902896302214007296e-01
3.902896302214007296e-01
3.902896302214007296e-01
3.574899473069938494e-01
3.574899473069938494e-01
3.574899473069938494e-01
3.574899473069938494e-01
3.574899473069938494e-01
3.959088937546383913e-01
3.818834967169184580e-01
3.818834967169184580e-01
3.818834967169184580e-01
3.818834967169184580e-01
3.818834967169184580e-01
4.311310220572052154e-01
4.026403744908467752e-01
4.026403744908467752e-01
4.026403744908467752e-01
4.026403744908467752e-01
4.026403744908467752e-01
4.026403744908467752e-01
4.026403744908467752e-01
4.026403744908467752e-01
4.026403744908467752e-01
4.026403744908467752e-01
4.026403744908467752e-01
4.441459042297104531e-01
4.794011911249270730e-01
4.755662320575718138e-01
4.755662320575718138e-01
4.755662320575718138e-01
4.755662320575718138e-01
4.625655874153847824e-01
4.625655874153847824e-01
4.515529360200090658e-01
4.975806277930230892e-01
4.053754411219325227e-01
4.053754411219325227e-01
4.053754411219325227e-01
4.105098565502150465e-01
4.195052953182413780e-01
4.195052953182413780e-01
4.195052953182413780e-01
4.234227610754641713e-01
4.277943199306524780e-01
4.535743893116458980e-01
4.391847107129073224e-01
4.391847107129073224e-01
4.391847107129073224e-01
4.391847107129073224e-01
4.203287453727461709e-01
4.703549948415270410e-01
4.703549948415270410e-01
4.703549948415270410e-01
4.677160521120305448e-01
4.677160521120305448e-01
4.707736075232922812e-01
4.413581422925228481e-01
4.413581422925228481e-01
4.413581422925228481e-01
4.413581422925228481e-01
4.078068656014832705e-01
4.959394209893759342e-01
4.402975413841082042e-01
4.402975413841082042e-01
4.402975413841082042e-01
4.312645392378025022e-01
4.312645392378025022e-01
4.312645392378025022e-01
4.312645392378025022e-01
4.312645392378025022e-01
4.312645392378025022e-01
4.322276408188315822e-01
4.322276408188315822e-01
4.504404330162712355e-01
4.504404330162712355e-01
4.504404330162712355e-01
4.504404330162712355e-01
4.504404330162712355e-01
4.402445535530694620e-01
4.402445535530694620e-01
4.402445535530694620e-01
4.402445535530694620e-01
4.402445535530694620e-01
4.540933166292387968e-01
4.435797326525070527e-01
4.435797326525070527e-01
4.435797326525070527e-01
4.858207009696310363e-01
4.858207009696310363e-01
4.773189089027646270e-01
4.773189089027646270e-01
4.248306578718973880e-01
4.260642351998556454e-01
4.260642351998556454e-01
4.260642351998556454e-01
4.260642351998556454e-01
4.260642351998556454e-01
4.964859785403895054e-01
4.964859785403895054e-01
4.964859785403895054e-01
4.964859785403895054e-01
4.964859785403895054e-01
4.928622877178900907e-01
4.263632356752113384e-01
4.263632356752113384e-01
4.491602249894053878e-01
4.702039454509649441e-01
4.702039454509649441e-01
4.334593715289489224e-01
4.334593715289489224e-01
4.926910366259338869e-01
4.926910366259338869e-01
4.998186846397760785e-01
4.998186846397760785e-01
4.998186846397760785e-01
4.998186846397760785e-01
4.998186846397760785e-01
4.632391131643520121e-01
4.632391131643520121e-01
4.632391131643520121e-01
4.632391131643520121e-01
4.632391131643520121e-01
4.632391131643520121e-01
4.240612244823228072e-01
4.240612244823228072e-01
4.240612244823228072e-01
3.978388761905859439e-01
3.978388761905859439e-01
4.177877527962045034e-01
4.177877527962045034e-01
4.409539998192320009e-01
4.543703997837793551e-01
4.543703997837793551e-01
4.543703997837793551e-01
4.823739701356282161e-01
5.116052897632080709e-01
5.066233130842283661e-01
5.066233130842283661e-01
4.757532081160668058e-01
4.757532081160668058e-01
4.703046589095174479e-01
4.718013890212426342e-01
4.718013890212426342e-01
4.718013890212426342e-01
4.718013890212426342e-01
4.718013890212426342e-01
4.718013890212426342e-01
4.881263093683235188e-01
4.813338911361185191e-01
4.813338911361185191e-01
4.813338911361185191e-01
4.813338911361185191e-01
4.813338911361185191e-01
4.862874145335893128e-01
4.862874145335893128e-01
4.862874145335893128e-01
4.905086800444035666e-01
4.368042399817836374e-01
4.368042399817836374e-01
4.063594759650780985e-01
4.063594759650780985e-01
4.063594759650780985e-01
4.063594759650780985e-01
4.063594759650780985e-01
4.691094044107416150e-01
3.864358748218790218e-01
3.864358748218790218e-01
4.363205792559498586e-01
3.938333935859217871e-01
3.938333935859217871e-01
3.938333935859217871e-01
3.938333935859217871e-01
4.254671069514122106e-01
4.254671069514122106e-01
4.850241756950762761e-01
4.850241756950762761e-01
