# Variable: dg_gbvi_00000363
# Sample shape: (2565,)
# Date: 2013-03-08 06:18:13.428089
-3.721053916960273433e+00
-3.686445524595574952e+00
-4.692151435732498932e+00
-5.254607421411966683e+00
-5.692982148391510400e+00
-5.868379675467209289e+00
-5.792800492627411479e+00
-7.187110626779965372e+00
-6.911954036956247549e+00
-6.108531435573083535e+00
-6.226317431797123270e+00
-6.226317431797123270e+00
-6.226317431797123270e+00
-6.328746389018792939e+00
-6.199411833348324130e+00
-6.200977901643601520e+00
-6.096519766446509614e+00
-6.096519766446509614e+00
-6.096519766446509614e+00
-6.087903097225877858e+00
-6.134093880014249933e+00
-6.085222762506151462e+00
-6.085222762506151462e+00
-6.090014596317552709e+00
-6.454422813082912214e+00
-6.446589998208619221e+00
-6.446589998208619221e+00
-6.093868526787615814e+00
-6.093868526787615814e+00
-5.965465180351876562e+00
-6.035836980006770602e+00
-6.035836980006770602e+00
-6.035836980006770602e+00
-6.035836980006770602e+00
-6.035836980006770602e+00
-6.217775096112289290e+00
-6.217775096112289290e+00
-6.277898708743717471e+00
-6.303702130063426168e+00
-6.316524100266496689e+00
-6.384122194566289821e+00
-6.171743066671553812e+00
-6.277436333297978344e+00
-6.162839411641833465e+00
-6.166893943689007784e+00
-6.014322974930938592e+00
-6.002628888344885283e+00
-6.236966650633659626e+00
-6.255817288092075046e+00
-6.255817288092075046e+00
-6.255817288092075046e+00
-6.255817288092075046e+00
-6.142453222789880485e+00
-6.207899978687249742e+00
-5.894937597066464363e+00
-5.820097485039633867e+00
-6.078811602398502600e+00
-6.077463884699285224e+00
-6.077463884699285224e+00
-6.077463884699285224e+00
-5.877307672946703754e+00
-5.877307672946703754e+00
-5.877307672946703754e+00
-5.867141729394422356e+00
-5.867141729394422356e+00
-5.867141729394422356e+00
-5.867141729394422356e+00
-6.077605408215339011e+00
-6.077605408215339011e+00
-5.920965595612737609e+00
-5.920965595612737609e+00
-5.920965595612737609e+00
-5.919877305993274774e+00
-5.915289874626119548e+00
-6.209194489233219372e+00
-5.978631973555279977e+00
-5.978631973555279977e+00
-6.227028137588692225e+00
-6.287872358916385629e+00
-6.336157315786115518e+00
-5.938896709461887191e+00
-6.153244063953631660e+00
-6.153244063953631660e+00
-6.153244063953631660e+00
-6.057295425538121059e+00
-6.046531232160281988e+00
-6.046531232160281988e+00
-6.201428324112364443e+00
-6.201428324112364443e+00
-6.201428324112364443e+00
-6.144398081154969660e+00
-6.144398081154969660e+00
-6.229975529277428592e+00
-6.229975529277428592e+00
-6.229975529277428592e+00
-6.294483794471639193e+00
-6.294483794471639193e+00
-6.294483794471639193e+00
-6.294483794471639193e+00
-6.252752193976542472e+00
-6.370570047923848733e+00
-6.372601432789525511e+00
-6.372601432789525511e+00
-6.372601432789525511e+00
-6.372601432789525511e+00
-6.372601432789525511e+00
-6.494031529290552385e+00
-6.494031529290552385e+00
-6.110085972493696005e+00
-6.110085972493696005e+00
-6.110085972493696005e+00
-6.168888390249041898e+00
-6.168888390249041898e+00
-6.168888390249041898e+00
-6.168888390249041898e+00
-6.168888390249041898e+00
-6.168888390249041898e+00
-6.245911344501040574e+00
-6.297588711223176539e+00
-6.297588711223176539e+00
-6.204094285070502757e+00
-6.126093741503306767e+00
-6.126093741503306767e+00
-6.173815978947129857e+00
-6.173815978947129857e+00
-6.173815978947129857e+00
-6.152127566918398571e+00
-6.372135675093035800e+00
-6.372135675093035800e+00
-6.358706861108271546e+00
-6.358706861108271546e+00
-6.392987249958142826e+00
-6.392987249958142826e+00
-6.394669387314210418e+00
-6.307776443517676412e+00
-6.307776443517676412e+00
-6.307776443517676412e+00
-6.307776443517676412e+00
-6.265948112502755407e+00
-6.248676849355000229e+00
-6.168376033308655693e+00
-6.204161443568006362e+00
-6.202032885157008124e+00
-6.202032885157008124e+00
-6.177422238938881982e+00
-6.177422238938881982e+00
-6.264025015278377850e+00
-6.193788364134176661e+00
-6.022728922683210584e+00
-6.022728922683210584e+00
-6.022728922683210584e+00
-6.013938303349879000e+00
-6.140616026531143135e+00
-6.115476178409012142e+00
-6.115476178409012142e+00
-6.115476178409012142e+00
-6.112810355048964084e+00
-6.112810355048964084e+00
-6.112810355048964084e+00
-6.083076310983509316e+00
-6.083076310983509316e+00
-6.083076310983509316e+00
-6.083076310983509316e+00
-6.031637896088011708e+00
-6.031637896088011708e+00
-6.292075501991014619e+00
-6.292075501991014619e+00
-6.343654495938154447e+00
-6.343654495938154447e+00
-6.343654495938154447e+00
-6.343654495938154447e+00
-6.279684294007499723e+00
-6.279684294007499723e+00
-6.271794757021478262e+00
-6.271794757021478262e+00
-6.271794757021478262e+00
-6.246869552987626584e+00
-6.189310481364445060e+00
-6.165828762818244435e+00
-6.165828762818244435e+00
-6.165828762818244435e+00
-6.165828762818244435e+00
-6.151158720934236435e+00
-6.151158720934236435e+00
-6.193843670991775241e+00
-6.195039337569510529e+00
-6.195039337569510529e+00
-6.195039337569510529e+00
-6.195039337569510529e+00
-6.157273844350807046e+00
-6.346729087436329131e+00
-6.355171356253307202e+00
-6.355171356253307202e+00
-6.355171356253307202e+00
-6.318993503515994092e+00
-6.318993503515994092e+00
-6.318993503515994092e+00
-6.112671892529636608e+00
-6.125241803815439923e+00
-6.104788645765026445e+00
-6.104788645765026445e+00
-6.104788645765026445e+00
-6.104788645765026445e+00
-6.104788645765026445e+00
-6.104788645765026445e+00
-6.096565231244247762e+00
-6.069941145157025986e+00
-6.273097226274391147e+00
-6.245083164504697137e+00
-6.277557404086599568e+00
-6.277557404086599568e+00
-6.277557404086599568e+00
-6.277557404086599568e+00
-6.277557404086599568e+00
-6.373064675853179040e+00
-6.373064675853179040e+00
-6.349919714984834762e+00
-6.349919714984834762e+00
-6.257923843025953836e+00
-6.262515019417393525e+00
-6.262515019417393525e+00
-6.307098516797149834e+00
-6.129938704133865990e+00
-6.097008939849761333e+00
-6.247300840956719448e+00
-6.247300840956719448e+00
-6.118565691978249177e+00
-6.118565691978249177e+00
-6.118565691978249177e+00
-6.099802454653267425e+00
-6.099802454653267425e+00
-6.099802454653267425e+00
-6.410637633524642887e+00
-6.410637633524642887e+00
-6.301121083238102827e+00
-6.148733393752003451e+00
-6.306339994259963611e+00
-6.306339994259963611e+00
-6.306339994259963611e+00
-6.287205638294221188e+00
-6.301227855188863636e+00
-6.301227855188863636e+00
-6.311810330909700895e+00
-6.340015594147968336e+00
-6.340015594147968336e+00
-6.378487220700801430e+00
-6.218616254466102333e+00
-6.235690168837598968e+00
-6.229912339275469613e+00
-6.340631671203739828e+00
-6.171113023773664885e+00
-6.171113023773664885e+00
-6.159048166628594778e+00
-6.159048166628594778e+00
-6.334233081840348945e+00
-6.334233081840348945e+00
-6.334233081840348945e+00
-6.161590552760364048e+00
-6.245272234759143615e+00
-6.327370579927102057e+00
-6.327370579927102057e+00
-6.303719224302906987e+00
-6.282253404713671330e+00
-6.299206067123556352e+00
-6.109988843100160771e+00
-6.034070159563954761e+00
-6.021182745255793556e+00
-5.946331066923035813e+00
-5.946331066923035813e+00
-6.059652847326730374e+00
-6.059652847326730374e+00
-6.226668833779642753e+00
-6.226668833779642753e+00
-6.226668833779642753e+00
-6.238168340552050495e+00
-6.238168340552050495e+00
-6.107019628920267174e+00
-6.107019628920267174e+00
-6.107019628920267174e+00
-6.107019628920267174e+00
-6.250910868739470772e+00
-6.250910868739470772e+00
-6.272395758002558885e+00
-6.211906818934793684e+00
-6.302533823688087899e+00
-6.302533823688087899e+00
-6.304765721685355651e+00
-5.869254622274097777e+00
-5.857974755946334433e+00
-5.884238309379717258e+00
-5.884238309379717258e+00
-5.884238309379717258e+00
-5.884238309379717258e+00
-5.894822023783790499e+00
-5.894368856769685472e+00
-5.850094459723097273e+00
-6.114680607314441296e+00
-6.114680607314441296e+00
-5.889303307336676951e+00
-5.889303307336676951e+00
-5.896345882877469968e+00
-6.023086875712706956e+00
-6.023086875712706956e+00
-5.913870187504906006e+00
-5.913870187504906006e+00
-6.094282045431103079e+00
-6.034347967942306212e+00
-5.982357923284272516e+00
-6.028083739249134432e+00
-6.028083739249134432e+00
-6.152697679456099245e+00
-6.112583111636636701e+00
-6.112583111636636701e+00
-6.277596731979285138e+00
-6.111998257717252692e+00
-6.111998257717252692e+00
-6.090095673222847061e+00
-5.981590435088205204e+00
-5.965814891219409333e+00
-6.028161959416745042e+00
-6.028161959416745042e+00
-6.028161959416745042e+00
-6.028161959416745042e+00
-6.028161959416745042e+00
-5.903683963949777791e+00
-5.903683963949777791e+00
-5.990934679718960432e+00
-5.990934679718960432e+00
-5.990934679718960432e+00
-5.970462539592978679e+00
-5.904376349565604087e+00
-5.904376349565604087e+00
-5.916533940499542510e+00
-5.939017961922128386e+00
-5.939017961922128386e+00
-6.163184863419715498e+00
-6.035720466634045600e+00
-5.978334384379444977e+00
-5.978334384379444977e+00
-5.997084831963380935e+00
-5.997084831963380935e+00
-5.978218026605899738e+00
-6.030944959585701426e+00
-6.078157989130651195e+00
-6.078157989130651195e+00
-6.087909931561124033e+00
-6.087909931561124033e+00
-6.087909931561124033e+00
-6.236474153811762733e+00
-6.089467710838987635e+00
-6.088458827913976634e+00
-6.139552129114062673e+00
-6.139552129114062673e+00
-6.042758067043283887e+00
-6.047475590671782975e+00
-5.800403177189078718e+00
-5.800403177189078718e+00
-5.902996193834477268e+00
-5.902154778529153489e+00
-5.902154778529153489e+00
-6.083410209210097896e+00
-6.083410209210097896e+00
-5.987159510227008319e+00
-5.987159510227008319e+00
-5.913580575608259338e+00
-5.913580575608259338e+00
-5.913580575608259338e+00
-5.913580575608259338e+00
-5.913580575608259338e+00
-5.911647742060265109e+00
-5.911647742060265109e+00
-5.910826823485725079e+00
-6.016041857665366699e+00
-6.016041857665366699e+00
-6.016041857665366699e+00
-6.016041857665366699e+00
-6.016041857665366699e+00
-6.016041857665366699e+00
-6.016041857665366699e+00
-6.030459608459024956e+00
-6.058134079835087782e+00
-6.058134079835087782e+00
-5.782636359541089455e+00
-5.782636359541089455e+00
-5.782636359541089455e+00
-5.782636359541089455e+00
-5.748945502992735435e+00
-5.748945502992735435e+00
-6.047422627489818403e+00
-6.036654041107385460e+00
-6.062102433266716162e+00
-6.053590105107304886e+00
-6.053590105107304886e+00
-6.073399148143918680e+00
-5.716208811879007534e+00
-5.959004816709085439e+00
-5.798678997237805888e+00
-6.017140088865843950e+00
-6.017140088865843950e+00
-5.986675164777950364e+00
-5.992321953142145219e+00
-6.087326320825197534e+00
-6.084932449755261707e+00
-6.088696064921952811e+00
-6.088696064921952811e+00
-6.088696064921952811e+00
-6.088696064921952811e+00
-6.088696064921952811e+00
-6.168903710745730962e+00
-6.168903710745730962e+00
-6.015545126711548285e+00
-6.159598334404408071e+00
-6.161198052307388373e+00
-5.770507075826677656e+00
-5.770507075826677656e+00
-5.753947540437146735e+00
-5.804681682205917070e+00
-5.804681682205917070e+00
-5.800244038760823173e+00
-5.800244038760823173e+00
-5.687801541149739570e+00
-6.159893262586358276e+00
-6.040618852489353152e+00
-6.040618852489353152e+00
-5.682544722653958935e+00
-5.682544722653958935e+00
-5.647867724876665108e+00
-5.610875244084343905e+00
-5.629958144047424007e+00
-5.629958144047424007e+00
-5.884534804386639451e+00
-5.885725743711716085e+00
-5.755885901710215968e+00
-5.868962891297319295e+00
-5.972236562394297010e+00
-5.972236562394297010e+00
-5.978638903050804032e+00
-5.982694852534661045e+00
-5.982694852534661045e+00
-5.975003026981471344e+00
-5.876537398192827055e+00
-5.760233420251619663e+00
-5.760233420251619663e+00
-5.755165758635676809e+00
-5.827743789618608616e+00
-5.785488624774060895e+00
-5.785488624774060895e+00
-5.785488624774060895e+00
-5.787189738908521619e+00
-5.787189738908521619e+00
-5.787189738908521619e+00
-6.143597090613297951e+00
-6.143597090613297951e+00
-6.146230200608266081e+00
-6.161743552515049238e+00
-6.175330049042289104e+00
-6.160847520120830367e+00
-6.160847520120830367e+00
-6.160847520120830367e+00
-6.160847520120830367e+00
-5.980071455430216787e+00
-5.986029709576960123e+00
-5.597374305593884714e+00
-5.571625143891214549e+00
-5.571687925736400260e+00
-5.696785086994343494e+00
-5.696785086994343494e+00
-5.676253865069964100e+00
-5.680931100417448754e+00
-5.680931100417448754e+00
-5.748972174538429236e+00
-5.748972174538429236e+00
-5.748972174538429236e+00
-5.748972174538429236e+00
-5.805197961210748048e+00
-5.849980946754649302e+00
-5.781861245212528644e+00
-5.749380367444543616e+00
-5.749380367444543616e+00
-5.943041985112179404e+00
-5.966033357798579573e+00
-5.966033357798579573e+00
-5.921047023162025802e+00
-5.629650614099737105e+00
-5.629650614099737105e+00
-5.518230256135963074e+00
-5.699031469444202358e+00
-5.699031469444202358e+00
-5.753898273188347900e+00
-5.753898273188347900e+00
-5.758120176525415523e+00
-5.758120176525415523e+00
-5.758120176525415523e+00
-5.758120176525415523e+00
-5.918244962465833758e+00
-5.918244962465833758e+00
-6.075408262698628548e+00
-6.070838028449932366e+00
-6.103947385291369265e+00
-6.088848950208333832e+00
-5.866242218220362403e+00
-5.866242218220362403e+00
-5.866242218220362403e+00
-5.866242218220362403e+00
-5.866242218220362403e+00
-5.866242218220362403e+00
-5.857220684517243647e+00
-5.879074374526066293e+00
-5.882854812298096370e+00
-5.911556355115338057e+00
-5.911556355115338057e+00
-5.908871564566330115e+00
-5.915166445704872267e+00
-5.915166445704872267e+00
-5.915166445704872267e+00
-5.915166445704872267e+00
-5.915166445704872267e+00
-5.915166445704872267e+00
-5.892998403103153926e+00
-5.931852566951469008e+00
-5.931852566951469008e+00
-5.796935683886578872e+00
-5.857324403401102053e+00
-5.857324403401102053e+00
-5.821844173718631055e+00
-5.828018504028729119e+00
-5.958062915263811377e+00
-6.182219899887913428e+00
-6.182219899887913428e+00
-6.182219899887913428e+00
-6.182219899887913428e+00
-6.054009903516461399e+00
-6.054009903516461399e+00
-6.057775730231265143e+00
-6.042953525234826984e+00
-5.952383901568936153e+00
-5.804220915253644364e+00
-5.804220915253644364e+00
-5.804220915253644364e+00
-5.933873091783115505e+00
-5.933873091783115505e+00
-5.933873091783115505e+00
-5.906227061213040308e+00
-5.879875796300491508e+00
-6.042811614175615631e+00
-6.042811614175615631e+00
-6.042811614175615631e+00
-6.042811614175615631e+00
-5.736505269439907906e+00
-5.736505269439907906e+00
-5.736505269439907906e+00
-5.713135399132521108e+00
-6.181046492809651127e+00
-6.026863919719035678e+00
-6.026863919719035678e+00
-5.975628736972608657e+00
-5.961475205347039008e+00
-5.980949025510558847e+00
-5.980949025510558847e+00
-5.980949025510558847e+00
-5.980949025510558847e+00
-5.980949025510558847e+00
-6.057378124357681415e+00
-5.999588320791093388e+00
-5.999588320791093388e+00
-5.994718920430546660e+00
-5.974342747471620640e+00
-5.974342747471620640e+00
-6.069255506566014979e+00
-6.069255506566014979e+00
-6.069255506566014979e+00
-6.065913900120061264e+00
-6.065913900120061264e+00
-6.065913900120061264e+00
-6.078502952276457094e+00
-6.078502952276457094e+00
-6.076874716885416028e+00
-6.076874716885416028e+00
-6.070324447746608953e+00
-6.063326716039558306e+00
-6.063326716039558306e+00
-6.063326716039558306e+00
-6.063326716039558306e+00
-6.063326716039558306e+00
-6.063326716039558306e+00
-6.066359632279733738e+00
-5.996783182402190882e+00
-5.996783182402190882e+00
-6.316023872376677950e+00
-6.316023872376677950e+00
-6.200955252023908848e+00
-6.200955252023908848e+00
-6.200955252023908848e+00
-6.200955252023908848e+00
-6.264078734662655634e+00
-6.264078734662655634e+00
-6.264078734662655634e+00
-6.002120781860235788e+00
-6.002120781860235788e+00
-5.935793385711696679e+00
-6.139598266952517314e+00
-6.257409486715726388e+00
-6.257409486715726388e+00
-6.257409486715726388e+00
-6.296281342281443649e+00
-6.221450512114488518e+00
-6.323573059250626294e+00
-5.968966598996842343e+00
-5.900717308578578901e+00
-5.900717308578578901e+00
-5.914615744658846097e+00
-5.916238249087180101e+00
-6.097579066902855338e+00
-5.844997056314891637e+00
-5.852262745513077569e+00
-5.852262745513077569e+00
-5.850554709167473000e+00
-6.135564344956137894e+00
-5.897301959008876437e+00
-5.897301959008876437e+00
-6.002295203406537105e+00
-6.036542739936287205e+00
-5.905037831361030776e+00
-6.101038252804458217e+00
-6.142590072198347073e+00
-6.015958196048591944e+00
-6.136426464521147928e+00
-6.059028346676647026e+00
-6.028706940179714202e+00
-6.083421567419372344e+00
-6.038449745802656032e+00
-5.909700650172288405e+00
-5.909700650172288405e+00
-6.025972634309442633e+00
-6.005133120686934944e+00
-6.097774939550194340e+00
-6.054860101232195646e+00
-6.054860101232195646e+00
-6.073728302165987358e+00
-6.073728302165987358e+00
-6.078354952592118998e+00
-6.078354952592118998e+00
-6.121046937168333812e+00
-6.146680130633106920e+00
-6.237158824447758931e+00
-5.976327779534019946e+00
-5.989811534399838600e+00
-5.982385953545918511e+00
-6.102819981679670214e+00
-5.964695547121601216e+00
-5.964695547121601216e+00
-6.145528275691973796e+00
-6.145528275691973796e+00
-6.145528275691973796e+00
-6.145528275691973796e+00
-6.043881325632824542e+00
-5.954793657984978950e+00
-5.967613985576202928e+00
-5.967613985576202928e+00
-6.064371233169308262e+00
-6.064371233169308262e+00
-6.064371233169308262e+00
-6.064371233169308262e+00
-6.064371233169308262e+00
-6.064371233169308262e+00
-6.064371233169308262e+00
-6.064371233169308262e+00
-6.107361353907064583e+00
-6.133752504100106862e+00
-6.133752504100106862e+00
-6.058120545686492164e+00
-6.151778918417537767e+00
-6.151778918417537767e+00
-6.175465121377391675e+00
-6.175465121377391675e+00
-6.175465121377391675e+00
-6.175465121377391675e+00
-6.175690259476943389e+00
-6.171783335461996423e+00
-6.171783335461996423e+00
-6.171783335461996423e+00
-6.171783335461996423e+00
-6.085116747371841939e+00
-6.046295321957100732e+00
-6.085724617575894335e+00
-6.085724617575894335e+00
-6.085724617575894335e+00
-6.293894097235853913e+00
-6.318849723567472765e+00
-6.318849723567472765e+00
-6.318849723567472765e+00
-6.318849723567472765e+00
-6.317623179996305183e+00
-6.169206064107377152e+00
-6.169094487176520758e+00
-6.153056746443837710e+00
-6.147222071270570964e+00
-6.147222071270570964e+00
-6.042611485259928195e+00
-6.113860145798340362e+00
-6.179506085235586532e+00
-6.240939583714361305e+00
-6.104086696569379633e+00
-6.104086696569379633e+00
-6.104554285268352309e+00
-6.104554285268352309e+00
-5.976139266318654997e+00
-5.976139266318654997e+00
-5.976139266318654997e+00
-6.252639405061310107e+00
-6.252639405061310107e+00
-6.252639405061310107e+00
-6.236731782392836543e+00
-6.236731782392836543e+00
-6.372510003746527651e+00
-6.372510003746527651e+00
-6.372510003746527651e+00
-6.233903002289523876e+00
-6.242013067838617424e+00
-6.242343954639022918e+00
-6.242343954639022918e+00
-6.242343954639022918e+00
-6.242343954639022918e+00
-5.993385098856895965e+00
-5.951999479873491872e+00
-5.951999479873491872e+00
-6.170991484055840637e+00
-6.195855307752126784e+00
-6.195855307752126784e+00
-6.099185604698491581e+00
-6.082793739403597577e+00
-6.145618941263480295e+00
-6.145618941263480295e+00
-5.977210879231271257e+00
-6.143649380872229671e+00
-6.143649380872229671e+00
-6.143649380872229671e+00
-6.143649380872229671e+00
-6.042635047820613892e+00
-6.042635047820613892e+00
-6.142407508173835851e+00
-6.192316723369660991e+00
-6.166321988876268811e+00
-6.166321988876268811e+00
-6.141973813924458625e+00
-6.067584082612060392e+00
-6.119971203518131730e+00
-6.119971203518131730e+00
-6.119971203518131730e+00
-6.243905309807037618e+00
-6.180395190204002631e+00
-6.180395190204002631e+00
-6.180395190204002631e+00
-6.402237499181458347e+00
-6.402237499181458347e+00
-6.302331453838333708e+00
-6.392426507393338397e+00
-6.502130790241582581e+00
-6.502130790241582581e+00
-6.502130790241582581e+00
-6.436938777282828816e+00
-6.436938777282828816e+00
-6.339644188625214838e+00
-6.339644188625214838e+00
-6.222078872099643831e+00
-6.218614043086893695e+00
-6.120884011558550775e+00
-6.216209232352619019e+00
-6.228698347042742611e+00
-6.213280109069533097e+00
-6.213280109069533097e+00
-6.204590802577979680e+00
-6.204590802577979680e+00
-6.163319711386367139e+00
-6.163319711386367139e+00
-6.147993035746855739e+00
-6.093784457838292035e+00
-5.978429448613257868e+00
-6.133618011765866740e+00
-6.182649123270627989e+00
-6.182649123270627989e+00
-6.083231031026340219e+00
-6.083231031026340219e+00
-6.083231031026340219e+00
-6.083231031026340219e+00
-6.083231031026340219e+00
-6.083231031026340219e+00
-6.083231031026340219e+00
-6.232770474978926778e+00
-6.172215033954326024e+00
-6.117405055785934742e+00
-6.117405055785934742e+00
-6.113842249141287155e+00
-6.198449944648136700e+00
-6.198449944648136700e+00
-6.187114866232541033e+00
-6.119000389099603865e+00
-6.119000389099603865e+00
-6.183192754318264761e+00
-6.183192754318264761e+00
-6.444234401780078336e+00
-6.334950069372715653e+00
-6.381360855361906559e+00
-6.381360855361906559e+00
-6.381360855361906559e+00
-6.315718877457491942e+00
-6.315718877457491942e+00
-6.437405551462443754e+00
-6.319582612371948294e+00
-6.134365744617973348e+00
-6.189622595592900289e+00
-6.189622595592900289e+00
-6.189622595592900289e+00
-6.189622595592900289e+00
-6.285712561493264516e+00
-6.269817262220993115e+00
-6.271230454863469639e+00
-6.256829492356121847e+00
-6.256829492356121847e+00
-6.306371503000455014e+00
-6.120125630071333589e+00
-6.103641599934966244e+00
-6.103641599934966244e+00
-6.103641599934966244e+00
-6.110549959844864709e+00
-6.113221969400214562e+00
-6.113221969400214562e+00
-6.113221969400214562e+00
-6.113221969400214562e+00
-6.134250904380528446e+00
-6.134250904380528446e+00
-6.134250904380528446e+00
-6.200049854242902114e+00
-6.200049854242902114e+00
-6.226543170324618792e+00
-6.331919515602566939e+00
-6.308255361962715746e+00
-6.353212597247234861e+00
-6.353212597247234861e+00
-6.353212597247234861e+00
-6.356583595857738800e+00
-6.356583595857738800e+00
-6.356583595857738800e+00
-6.261394146537906380e+00
-6.261832571328253216e+00
-6.308283307410621710e+00
-6.238295292060587194e+00
-6.141210061748318516e+00
-6.139025103037771380e+00
-6.197457455498782686e+00
-6.133202228788028343e+00
-6.264009080679555197e+00
-6.100335172595378275e+00
-6.100335172595378275e+00
-6.100335172595378275e+00
-6.222227760964120336e+00
-6.222227760964120336e+00
-6.214971110650060915e+00
-6.214971110650060915e+00
-6.214182384651440572e+00
-6.300903185092280978e+00
-6.300903185092280978e+00
-6.302577554735439236e+00
-6.161119719676847239e+00
-6.161119719676847239e+00
-6.159618225199468888e+00
-6.024116219658622207e+00
-6.024116219658622207e+00
-6.177977846914973981e+00
-6.177977846914973981e+00
-6.077816912853723608e+00
-6.077816912853723608e+00
-6.077816912853723608e+00
-6.069378561859876342e+00
-6.069378561859876342e+00
-6.055268979375742155e+00
-6.067917365007042818e+00
-6.095949426062141185e+00
-6.095949426062141185e+00
-6.095949426062141185e+00
-6.218740797121255603e+00
-6.216887076169325788e+00
-6.319033805034512952e+00
-6.296640458267495966e+00
-6.309257317235297258e+00
-6.336898575111868936e+00
-6.336898575111868936e+00
-6.258433248121093584e+00
-6.258433248121093584e+00
-6.239060716767704129e+00
-6.131125822117935442e+00
-6.167044839669533651e+00
-5.940005239637363488e+00
-5.940005239637363488e+00
-5.940005239637363488e+00
-5.940005239637363488e+00
-5.793368626140180666e+00
-5.918028761636127122e+00
-5.918028761636127122e+00
-5.909097191847949126e+00
-6.105505959364642798e+00
-6.105505959364642798e+00
-6.105505959364642798e+00
-6.085428209403394462e+00
-6.085428209403394462e+00
-6.085428209403394462e+00
-6.085428209403394462e+00
-6.085428209403394462e+00
-6.086063680939579612e+00
-6.032590665910189998e+00
-6.145013252995600972e+00
-6.113414283817590444e+00
-6.113414283817590444e+00
-6.221972499304311732e+00
-6.009585695792854843e+00
-6.169203094965657996e+00
-5.961522374830130033e+00
-5.955892585932097028e+00
-6.095066716670811680e+00
-6.095066716670811680e+00
-6.105820229497494367e+00
-6.146437757843486338e+00
-6.208849196822180616e+00
-6.074975780111867785e+00
-6.075681965171859211e+00
-6.075681965171859211e+00
-6.098591355361063115e+00
-6.098591355361063115e+00
-6.098591355361063115e+00
-6.081719486453393664e+00
-6.081222286387795606e+00
-6.081222286387795606e+00
-6.081222286387795606e+00
-6.101460727716109922e+00
-6.133187894600983903e+00
-6.133187894600983903e+00
-6.133187894600983903e+00
-6.092638229127987692e+00
-6.143184362548171684e+00
-6.144841404971674415e+00
-6.144841404971674415e+00
-5.980709013366806381e+00
-6.066554479982692705e+00
-6.066554479982692705e+00
-6.025596074578270844e+00
-6.025596074578270844e+00
-6.025596074578270844e+00
-5.927211369169422817e+00
-6.064028675546529357e+00
-5.850401296007035512e+00
-5.850401296007035512e+00
-5.850401296007035512e+00
-5.850401296007035512e+00
-5.850401296007035512e+00
-5.846889450271229194e+00
-5.846889450271229194e+00
-5.725427020658061750e+00
-5.725427020658061750e+00
-5.725427020658061750e+00
-5.891864278989078940e+00
-5.891864278989078940e+00
-5.889756696959214999e+00
-5.889756696959214999e+00
-5.974339108571181001e+00
-5.974339108571181001e+00
-5.974339108571181001e+00
-5.935763970717299109e+00
-5.935763970717299109e+00
-5.935763970717299109e+00
-5.935763970717299109e+00
-5.935763970717299109e+00
-6.104075113777548189e+00
-6.104075113777548189e+00
-6.032965119050697211e+00
-6.107407636425659980e+00
-6.107407636425659980e+00
-6.054990731603405507e+00
-6.054990731603405507e+00
-6.054990731603405507e+00
-6.048956443735081123e+00
-6.075505892934740082e+00
-6.075505892934740082e+00
-6.075505892934740082e+00
-6.084072719930606610e+00
-6.098663314965634186e+00
-6.098663314965634186e+00
-6.067070304051405571e+00
-6.067070304051405571e+00
-6.096255684178913725e+00
-6.096255684178913725e+00
-6.096255684178913725e+00
-6.083252480005554297e+00
-6.083252480005554297e+00
-6.135770181542413049e+00
-5.969885489501722375e+00
-5.969885489501722375e+00
-5.969885489501722375e+00
-5.993424525183721485e+00
-6.016704543365414715e+00
-5.991429463925833865e+00
-5.991429463925833865e+00
-5.991429463925833865e+00
-6.043232565419017988e+00
-5.967033079769931803e+00
-5.747767928235568924e+00
-5.895303985292223992e+00
-5.895303985292223992e+00
-5.895303985292223992e+00
-5.895303985292223992e+00
-5.910947118698566705e+00
-5.910947118698566705e+00
-5.910947118698566705e+00
-6.005187323953498080e+00
-5.996576912221366129e+00
-5.996576912221366129e+00
-6.179822772885672499e+00
-6.121279898288060295e+00
-6.121279898288060295e+00
-6.121279898288060295e+00
-6.231094618825762765e+00
-6.218948939592179315e+00
-6.218948939592179315e+00
-6.267989058744376507e+00
-6.243857174848947089e+00
-6.243857174848947089e+00
-6.216557596202576974e+00
-6.110168316906037234e+00
-5.874037874205160215e+00
-5.947947385696524591e+00
-5.911594114777757980e+00
-5.906122711918094126e+00
-5.912655872955936864e+00
-5.912655872955936864e+00
-5.912655872955936864e+00
-5.866613932405552845e+00
-5.866613932405552845e+00
-5.866613932405552845e+00
-5.866613932405552845e+00
-5.953264224782611969e+00
-5.867681010340541015e+00
-5.853181451720671724e+00
-5.815075516946446754e+00
-5.998865533433805908e+00
-5.998865533433805908e+00
-5.769912511330742788e+00
-5.812865012996978997e+00
-6.180777502308275828e+00
-6.180777502308275828e+00
-6.062398964381838340e+00
-5.861000010789123138e+00
-5.861000010789123138e+00
-5.861000010789123138e+00
-5.861000010789123138e+00
-5.861000010789123138e+00
-5.861000010789123138e+00
-5.887829195936822302e+00
-5.887829195936822302e+00
-5.986658299103721603e+00
-5.988286435395682616e+00
-5.948177073403596360e+00
-5.948177073403596360e+00
-5.948177073403596360e+00
-5.948177073403596360e+00
-5.956832198413666291e+00
-6.098254024619736313e+00
-6.050373573889769041e+00
-5.939603334456004191e+00
-5.939603334456004191e+00
-5.865667702109238490e+00
-5.866514233908797671e+00
-5.969395189701281801e+00
-5.947438196946694511e+00
-5.947438196946694511e+00
-5.947438196946694511e+00
-6.032118387191475861e+00
-6.041388069268715633e+00
-6.041388069268715633e+00
-6.134458064571306046e+00
-6.015889502220600704e+00
-5.953980474215024188e+00
-5.916692417591960407e+00
-5.916692417591960407e+00
-6.152551863886748684e+00
-6.152551863886748684e+00
-6.154253453692228426e+00
-6.156614202446471396e+00
-6.156614202446471396e+00
-6.156614202446471396e+00
-6.092767196348789049e+00
-6.228205082343300170e+00
-6.273903795420786800e+00
-6.221190538712562557e+00
-6.343362617591921548e+00
-6.153268494944802214e+00
-6.257707078896642017e+00
-6.342708845328628442e+00
-6.435854411919100571e+00
-6.405281187427578793e+00
-6.451359096810551641e+00
-6.477384704840573271e+00
-6.525853303321227372e+00
-6.363467977556697797e+00
-6.363592731985960427e+00
-6.550110178749017464e+00
-6.310316984321658218e+00
-6.311846932844752622e+00
-6.312854015837048749e+00
-6.312854015837048749e+00
-6.326595836555783059e+00
-6.496616461111637264e+00
-6.496616461111637264e+00
-6.496616461111637264e+00
-6.482920994065549891e+00
-6.410079066765555389e+00
-6.300765285777041314e+00
-6.182887776532680846e+00
-6.288929165852164438e+00
-6.283762537492448175e+00
-6.227220610175225879e+00
-6.227220610175225879e+00
-6.395593571388480392e+00
-6.395593571388480392e+00
-6.610929065675139604e+00
-6.610929065675139604e+00
-6.602148630910674498e+00
-6.615045535043051927e+00
-6.664009899253955815e+00
-6.664009899253955815e+00
-6.664009899253955815e+00
-6.664009899253955815e+00
-6.665707448335682628e+00
-6.429464229856768576e+00
-6.421473925604951560e+00
-6.365322155124966130e+00
-6.365078963037444026e+00
-6.332257931350099511e+00
-6.261370631961156619e+00
-6.261370631961156619e+00
-6.238895008841431000e+00
-6.542688007486084700e+00
-6.542688007486084700e+00
-6.277509555299591426e+00
-6.398588478651552336e+00
-6.263543948676259632e+00
-6.263543948676259632e+00
-6.313209677621349769e+00
-6.313209677621349769e+00
-6.266806960935156212e+00
-6.266806960935156212e+00
-6.266806960935156212e+00
-6.266806960935156212e+00
-6.266806960935156212e+00
-6.297526243189043527e+00
-6.302351993271713582e+00
-6.360961133155064395e+00
-6.360961133155064395e+00
-6.360961133155064395e+00
-6.360961133155064395e+00
-6.346710449181596658e+00
-6.322300701994318040e+00
-6.322300701994318040e+00
-6.322300701994318040e+00
-6.322300701994318040e+00
-6.153000800231117395e+00
-6.224636931286910091e+00
-6.224636931286910091e+00
-6.224636931286910091e+00
-6.419837139125919911e+00
-6.369809387564955294e+00
-6.369562224374151427e+00
-6.369562224374151427e+00
-6.423172750747720094e+00
-6.423172750747720094e+00
-6.423172750747720094e+00
-6.493561656629519341e+00
-6.421037342287753802e+00
-6.421037342287753802e+00
-6.421037342287753802e+00
-6.421037342287753802e+00
-6.474824600200986602e+00
-6.783330574674034885e+00
-6.783330574674034885e+00
-6.470502589824130624e+00
-6.466374860525683665e+00
-6.548935228208507375e+00
-6.544178569338767737e+00
-6.544178569338767737e+00
-6.459585279321498952e+00
-6.459585279321498952e+00
-6.423154006399297344e+00
-6.423154006399297344e+00
-6.423154006399297344e+00
-6.423154006399297344e+00
-6.286061334245203192e+00
-6.268044278290654248e+00
-6.268044278290654248e+00
-6.614919357125287114e+00
-6.614919357125287114e+00
-6.614919357125287114e+00
-6.570500542747293338e+00
-6.572306925506376629e+00
-6.577430854180470909e+00
-6.576724486723501961e+00
-6.511038518501577776e+00
-6.495490121242982084e+00
-6.495490121242982084e+00
-6.527519430889699770e+00
-6.527519430889699770e+00
-6.491031504489880533e+00
-6.491031504489880533e+00
-6.406078242264490186e+00
-6.406078242264490186e+00
-6.297393343900960616e+00
-6.297393343900960616e+00
-6.297393343900960616e+00
-6.318853231024344375e+00
-6.423014719221640689e+00
-6.423014719221640689e+00
-6.326777509326254822e+00
-6.326777509326254822e+00
-6.324843319701416888e+00
-6.415729523998796147e+00
-6.415729523998796147e+00
-6.404833036617426423e+00
-6.404833036617426423e+00
-6.470329502167289526e+00
-6.470329502167289526e+00
-6.325202007286144124e+00
-6.399575241771347400e+00
-6.399575241771347400e+00
-6.367681699735575407e+00
-6.494324369270085384e+00
-6.494324369270085384e+00
-6.494324369270085384e+00
-6.494324369270085384e+00
-6.494324369270085384e+00
-6.494324369270085384e+00
-6.494324369270085384e+00
-6.520731942241619450e+00
-6.520731942241619450e+00
-6.520731942241619450e+00
-6.520731942241619450e+00
-6.481180492605014720e+00
-6.481180492605014720e+00
-6.655432891347863311e+00
-6.589630486064634418e+00
-6.589630486064634418e+00
-6.589630486064634418e+00
-6.568313184311912245e+00
-6.557591952319153705e+00
-6.415490528259066849e+00
-6.418918419113298413e+00
-6.418918419113298413e+00
-6.417123560292827378e+00
-6.410812493229135711e+00
-6.440656769920606983e+00
-6.440656769920606983e+00
-6.190034473591484065e+00
-6.227367922098398623e+00
-6.227367922098398623e+00
-6.434220284857721239e+00
-6.560682031122953006e+00
-6.564872968959109656e+00
-6.564872968959109656e+00
-6.521584756582653242e+00
-6.533826267802596455e+00
-6.532157265499171750e+00
-6.532157265499171750e+00
-6.533637299309764224e+00
-6.533637299309764224e+00
-6.533637299309764224e+00
-6.533637299309764224e+00
-6.503440326550215644e+00
-6.503440326550215644e+00
-6.503440326550215644e+00
-6.457150777892423754e+00
-6.429311197264741651e+00
-6.440585426835913729e+00
-6.440585426835913729e+00
-6.440585426835913729e+00
-6.466005832583082480e+00
-6.580887435666394225e+00
-6.558315254516229764e+00
-6.431661116580061233e+00
-6.431661116580061233e+00
-6.458530795841491923e+00
-6.476215014375093837e+00
-6.286012208786023514e+00
-6.286012208786023514e+00
-6.310676856525737399e+00
-6.265736660908024724e+00
-6.270596030444724356e+00
-6.270596030444724356e+00
-6.270596030444724356e+00
-6.353163793641786405e+00
-6.488216481770073152e+00
-6.488216481770073152e+00
-6.488216481770073152e+00
-6.416713082102930343e+00
-6.416713082102930343e+00
-6.416713082102930343e+00
-6.416713082102930343e+00
-6.416713082102930343e+00
-6.375577987861483997e+00
-6.329554731136074253e+00
-6.329554731136074253e+00
-6.347982888225376819e+00
-6.319734197742081783e+00
-6.281957825793402783e+00
-6.281957825793402783e+00
-6.305022977063281964e+00
-6.305022977063281964e+00
-6.305022977063281964e+00
-6.318316466389383379e+00
-6.290812434068824288e+00
-6.272162951792431329e+00
-6.326105590194266881e+00
-6.260729547285995622e+00
-6.376621084469111800e+00
-6.364693637204450027e+00
-6.364693637204450027e+00
-6.351588874536108875e+00
-6.319792953604705943e+00
-6.440300009100838885e+00
-6.347377908584229900e+00
-6.639365426768256029e+00
-6.478085674801475236e+00
-6.462604944702952992e+00
-6.580535894997390223e+00
-6.580535894997390223e+00
-6.605940792569083619e+00
-6.605940792569083619e+00
-6.605940792569083619e+00
-6.503620469147328720e+00
-6.461835198538815384e+00
-6.477208530585195412e+00
-6.477208530585195412e+00
-6.341561895912093405e+00
-6.445710643669106510e+00
-6.594742415926780232e+00
-6.535516324340146177e+00
-6.440355264465505769e+00
-6.477791774913992384e+00
-6.477791774913992384e+00
-6.477791774913992384e+00
-6.477791774913992384e+00
-6.400842502781883603e+00
-6.432048550867535575e+00
-6.471088606300605228e+00
-6.458376521575594609e+00
-6.458376521575594609e+00
-6.458376521575594609e+00
-6.460671961465009439e+00
-6.454985162954977262e+00
-6.602491751699647970e+00
-6.602491751699647970e+00
-6.602491751699647970e+00
-6.602491751699647970e+00
-6.674077548290852313e+00
-6.604769239997375863e+00
-6.604769239997375863e+00
-6.604769239997375863e+00
-6.604769239997375863e+00
-6.604769239997375863e+00
-6.535772355232537301e+00
-6.560168712717223904e+00
-6.600874457867102585e+00
-6.600874457867102585e+00
-6.609414864725099648e+00
-6.274469657105177234e+00
-6.274469657105177234e+00
-6.274469657105177234e+00
-6.498435021264925560e+00
-6.437560895652697290e+00
-6.437560895652697290e+00
-6.437560895652697290e+00
-6.442923010029983466e+00
-6.340233287447850863e+00
-6.483020094316234605e+00
-6.483020094316234605e+00
-6.552015200157428332e+00
-6.552015200157428332e+00
-6.552015200157428332e+00
-6.553902114737925721e+00
-6.553902114737925721e+00
-6.624396411829637898e+00
-6.660398806770183810e+00
-6.660398806770183810e+00
-6.660398806770183810e+00
-6.660398806770183810e+00
-6.545505063011312963e+00
-6.545505063011312963e+00
-6.545505063011312963e+00
-6.545505063011312963e+00
-6.545505063011312963e+00
-6.548912779333707412e+00
-6.612384471896967320e+00
-6.610173787180031013e+00
-6.425805701467319331e+00
-6.276941776066331080e+00
-6.337463254272575952e+00
-6.320135645525130741e+00
-6.318055234216155114e+00
-6.318055234216155114e+00
-6.321777246806464134e+00
-6.321777246806464134e+00
-6.321777246806464134e+00
-6.321777246806464134e+00
-6.321777246806464134e+00
-6.460123927078144312e+00
-6.460123927078144312e+00
-6.429336040472344749e+00
-6.429336040472344749e+00
-6.429336040472344749e+00
-6.416092860333425740e+00
-6.551636954379353561e+00
-6.527755226217576201e+00
-6.527755226217576201e+00
-6.502560298745679646e+00
-6.466250763613119901e+00
-6.466250763613119901e+00
-6.567445044170088231e+00
-6.567445044170088231e+00
-6.567445044170088231e+00
-6.505231256409502727e+00
-6.505231256409502727e+00
-6.505231256409502727e+00
-6.505231256409502727e+00
-6.505231256409502727e+00
-6.478441160679325961e+00
-6.478441160679325961e+00
-6.478441160679325961e+00
-6.478441160679325961e+00
-6.478441160679325961e+00
-6.435489266488300331e+00
-6.490279851713523840e+00
-6.474275968624700006e+00
-6.474275968624700006e+00
-6.474275968624700006e+00
-6.374369368753064258e+00
-6.457125103795456234e+00
-6.457125103795456234e+00
-6.436128601885253708e+00
-6.275561647063391035e+00
-6.275561647063391035e+00
-6.285092395875091498e+00
-6.285092395875091498e+00
-6.285092395875091498e+00
-6.252419398223930891e+00
-6.252419398223930891e+00
-6.252419398223930891e+00
-6.566606329066453362e+00
-6.574443121507338894e+00
-6.574443121507338894e+00
-6.574443121507338894e+00
-6.584562371418921423e+00
-6.490652866862292036e+00
-6.475630586250402665e+00
-6.475630586250402665e+00
-6.472714517246561883e+00
-6.551621363155102351e+00
-6.523626452008532972e+00
-6.438546665101329225e+00
-6.438546665101329225e+00
-6.438546665101329225e+00
-6.438546665101329225e+00
-6.438546665101329225e+00
-6.541272180992825369e+00
-6.541272180992825369e+00
-6.424663290058304277e+00
-6.408128354718284569e+00
-6.489746913033435760e+00
-6.489746913033435760e+00
-6.489746913033435760e+00
-6.489746913033435760e+00
-6.615588510060273819e+00
-6.479641376228698846e+00
-6.479641376228698846e+00
-6.479641376228698846e+00
-6.505800310035686707e+00
-6.505800310035686707e+00
-6.505800310035686707e+00
-6.450899895487977709e+00
-6.491892646485833751e+00
-6.491892646485833751e+00
-6.546006780044147710e+00
-6.546006780044147710e+00
-6.473384408180854699e+00
-6.473302801420253161e+00
-6.438790368741837966e+00
-6.401625290590112982e+00
-6.401625290590112982e+00
-6.401625290590112982e+00
-6.623432942687712988e+00
-6.623432942687712988e+00
-6.475661652715215766e+00
-6.431414099966771936e+00
-6.486969622450199147e+00
-6.489244408498990424e+00
-6.489244408498990424e+00
-6.495543489459941533e+00
-6.440193031114251454e+00
-6.537896781820012215e+00
-6.501572949937695967e+00
-6.537774943246751569e+00
-6.537774943246751569e+00
-6.616930372125662707e+00
-6.610871282632367674e+00
-6.610871282632367674e+00
-6.692943508657143603e+00
-6.627317393439960291e+00
-6.634453821532910744e+00
-6.621720757957685777e+00
-6.360825513358666861e+00
-6.360825513358666861e+00
-6.380483483068967843e+00
-6.335231242001164276e+00
-6.342738465950116478e+00
-6.342738465950116478e+00
-6.305929736153260023e+00
-6.412085224662057215e+00
-6.412085224662057215e+00
-6.412085224662057215e+00
-6.412085224662057215e+00
-6.412085224662057215e+00
-6.549712789571179528e+00
-6.616467303153478419e+00
-6.526012448697944279e+00
-6.526012448697944279e+00
-6.526012448697944279e+00
-6.526081795634912197e+00
-6.526081795634912197e+00
-6.526081795634912197e+00
-6.386766521524444684e+00
-6.386766521524444684e+00
-6.348529984364459366e+00
-6.348529984364459366e+00
-6.348529984364459366e+00
-6.497434130963298138e+00
-6.568229110390464420e+00
-6.567915227597415750e+00
-6.567915227597415750e+00
-6.593290407091744854e+00
-6.593290407091744854e+00
-6.524867626806652332e+00
-6.509467975500203174e+00
-6.385998772715320015e+00
-6.266435269232685457e+00
-6.239476760468082972e+00
-6.239476760468082972e+00
-6.246634408985263676e+00
-6.246634408985263676e+00
-6.430986005641402770e+00
-6.430986005641402770e+00
-6.521981589272954238e+00
-6.521981589272954238e+00
-6.496500356447082680e+00
-6.526081288828282645e+00
-6.526081288828282645e+00
-6.534868492074950019e+00
-6.403676262642168382e+00
-6.431856236256678905e+00
-6.431856236256678905e+00
-6.426009594306511197e+00
-6.327840485397923764e+00
-6.537716035219072630e+00
-6.515726483372437983e+00
-6.470259535427699937e+00
-6.471877252287049131e+00
-6.522166457799924544e+00
-6.522166457799924544e+00
-6.529405995508472671e+00
-6.540844907038218636e+00
-6.540844907038218636e+00
-6.547140025009036357e+00
-6.547140025009036357e+00
-6.300488281870282314e+00
-6.361701698464033328e+00
-6.361701698464033328e+00
-6.426841818552564867e+00
-6.426841818552564867e+00
-6.426841818552564867e+00
-6.359337310150030120e+00
-6.496426444782753329e+00
-6.498535155173986055e+00
-6.498535155173986055e+00
-6.498535155173986055e+00
-6.470679625289950998e+00
-6.470679625289950998e+00
-6.470679625289950998e+00
-6.486562470648208567e+00
-6.473084669968058869e+00
-6.473084669968058869e+00
-6.554435856327212484e+00
-6.563238160323036752e+00
-6.454095046948149061e+00
-6.454095046948149061e+00
-6.443470427364948350e+00
-6.487608135362312289e+00
-6.524894371585110875e+00
-6.524894371585110875e+00
-6.566923517801357413e+00
-6.503770969539014679e+00
-6.503770969539014679e+00
-6.491061986840565901e+00
-6.491061986840565901e+00
-6.491061986840565901e+00
-6.572532333420447515e+00
-6.572532333420447515e+00
-6.572532333420447515e+00
-6.572532333420447515e+00
-6.560707571796806192e+00
-6.434740921436913119e+00
-6.391654025847360643e+00
-6.390445123530845706e+00
-6.372008782198403942e+00
-6.395538496118538419e+00
-6.395538496118538419e+00
-6.341669774125406889e+00
-6.684206726590537606e+00
-6.684206726590537606e+00
-6.684206726590537606e+00
-6.684206726590537606e+00
-6.660748381609293389e+00
-6.544845361741903567e+00
-6.438520208209485673e+00
-6.438520208209485673e+00
-6.446715336487850223e+00
-6.446715336487850223e+00
-6.497947685514229299e+00
-6.513434543376972030e+00
-6.497804481312670077e+00
-6.497804481312670077e+00
-6.497804481312670077e+00
-6.497804481312670077e+00
-6.497804481312670077e+00
-6.386027253016377969e+00
-6.386027253016377969e+00
-6.386027253016377969e+00
-6.386027253016377969e+00
-6.460343773081588914e+00
-6.461406668113915508e+00
-6.461406668113915508e+00
-6.461406668113915508e+00
-6.461406668113915508e+00
-6.461406668113915508e+00
-6.523560145080439021e+00
-6.319358866925537832e+00
-6.383522363885094641e+00
-6.474657414521560739e+00
-6.490445370120191626e+00
-6.499911895676476092e+00
-6.505006704720405430e+00
-6.454292306638619969e+00
-6.448608493037220946e+00
-6.448608493037220946e+00
-6.575777963582345897e+00
-6.575777963582345897e+00
-6.621138708830595299e+00
-6.621138708830595299e+00
-6.528160194439726283e+00
-6.677002191879312321e+00
-6.569456084174629673e+00
-6.569456084174629673e+00
-6.590818561620747751e+00
-6.597456819816449602e+00
-6.653528192631711136e+00
-6.653528192631711136e+00
-6.653528192631711136e+00
-6.585921964089523684e+00
-6.585921964089523684e+00
-6.580000713908904508e+00
-6.592614353477571854e+00
-6.715851730269603692e+00
-6.715851730269603692e+00
-6.715851730269603692e+00
-6.715851730269603692e+00
-6.715851730269603692e+00
-6.627315971851611032e+00
-6.627315971851611032e+00
-6.627315971851611032e+00
-6.635936834579093002e+00
-6.635936834579093002e+00
-6.394949999345541869e+00
-6.394949999345541869e+00
-6.307743567846921806e+00
-6.307743567846921806e+00
-6.318212701082152272e+00
-6.365297920522381858e+00
-6.324962844231177606e+00
-6.300316975970558175e+00
-6.534898360571259168e+00
-6.534898360571259168e+00
-6.534898360571259168e+00
-6.468524556260047298e+00
-6.462541037052389470e+00
-6.465687581632120207e+00
-6.465687581632120207e+00
-6.456297695262481540e+00
-6.456297695262481540e+00
-6.471271008570536054e+00
-6.471271008570536054e+00
-6.471271008570536054e+00
-6.471271008570536054e+00
-6.613965410421439373e+00
-6.613965410421439373e+00
-6.613965410421439373e+00
-6.613965410421439373e+00
-6.554740430643109406e+00
-6.548610030183766639e+00
-6.777986640701922916e+00
-6.681201250081831411e+00
-6.508611587745903648e+00
-6.473356540409867854e+00
-6.454340567372441662e+00
-6.463028583465977306e+00
-6.483521948967948312e+00
-6.479191095598098471e+00
-6.425581433169852197e+00
-6.795247945864182348e+00
-6.795247945864182348e+00
-6.857332193776037421e+00
-6.597924472688037056e+00
-6.672416318769190724e+00
-6.682291389055663444e+00
-6.701297330540007202e+00
-6.698645311469763719e+00
-6.722416462798798342e+00
-6.783578018999826931e+00
-6.330978662018555525e+00
-6.330978662018555525e+00
-6.333847430746535778e+00
-6.354395975211112102e+00
-6.301021210106162229e+00
-6.330643156737924215e+00
-6.468894031524685673e+00
-6.422707398468855189e+00
-6.502052028648662052e+00
-6.505186295847076750e+00
-6.533094643302863602e+00
-6.539465583419195482e+00
-6.539465583419195482e+00
-6.568951879762098933e+00
-6.533709143106334771e+00
-6.556770588902702812e+00
-6.556770588902702812e+00
-6.697918811167319575e+00
-6.511235662749244923e+00
-6.617159389889329724e+00
-6.555822228494330162e+00
-6.555822228494330162e+00
-6.583557311392402411e+00
-6.524865390884269090e+00
-6.604901691773160444e+00
-6.494787718359010142e+00
-6.494183712206488046e+00
-6.602819333699810223e+00
-6.602819333699810223e+00
-6.601039941449735160e+00
-6.688676341432519656e+00
-6.551255281618800552e+00
-6.551255281618800552e+00
-6.551255281618800552e+00
-6.577636880673328967e+00
-6.577636880673328967e+00
-6.577636880673328967e+00
-6.415819986914606865e+00
-6.517854546316288022e+00
-6.519047920593301626e+00
-6.519047920593301626e+00
-6.519047920593301626e+00
-6.519047920593301626e+00
-6.520786599390871352e+00
-6.491077915303927526e+00
-6.521025523586940764e+00
-6.410773633661278836e+00
-6.410773633661278836e+00
-6.410773633661278836e+00
-6.410773633661278836e+00
-6.407329335374452484e+00
-6.407329335374452484e+00
-6.607762927255170560e+00
-6.494111462797220291e+00
-6.494111462797220291e+00
-6.481285685379909900e+00
-6.569290734879540850e+00
-6.566581722530274945e+00
-6.566581722530274945e+00
-6.516782450957578909e+00
-6.489559236331057690e+00
-6.478692070306640183e+00
-6.507906172535100175e+00
-6.537178376348689035e+00
-6.537178376348689035e+00
-6.622836798364954092e+00
-6.622836798364954092e+00
-6.622836798364954092e+00
-6.622836798364954092e+00
-6.630636225765865532e+00
-6.459692583125215215e+00
-6.459692583125215215e+00
-6.460991628970814915e+00
-6.553261317103048711e+00
-6.505243613777000888e+00
-6.374608861807057103e+00
-6.374608861807057103e+00
-6.403554045857369204e+00
-6.452451622345834359e+00
-6.452451622345834359e+00
-6.452451622345834359e+00
-6.452451622345834359e+00
-6.410131650385961777e+00
-6.410131650385961777e+00
-6.412941505065503200e+00
-6.428897756207524239e+00
-6.428897756207524239e+00
-6.428897756207524239e+00
-6.488873580218350590e+00
-6.488873580218350590e+00
-6.488873580218350590e+00
-6.457469741704889188e+00
-6.457469741704889188e+00
-6.467504467865482276e+00
-6.502708707186864778e+00
-6.471861084915998319e+00
-6.446238664412599739e+00
-6.647608868587964182e+00
-6.533701170673103853e+00
-6.533701170673103853e+00
-6.533701170673103853e+00
-6.484480312524713241e+00
-6.492227767108573744e+00
-6.430501823105102766e+00
-6.430501823105102766e+00
-6.545005044952390882e+00
-6.561006122387285977e+00
-6.561006122387285977e+00
-6.518225929316360023e+00
-6.540726306106362742e+00
-6.540726306106362742e+00
-6.540726306106362742e+00
-6.540726306106362742e+00
-6.348814540347029300e+00
-6.348814540347029300e+00
-6.348814540347029300e+00
-6.348814540347029300e+00
-6.348814540347029300e+00
-6.348814540347029300e+00
-6.349237618689149265e+00
-6.343482763506735900e+00
-6.442720522560329677e+00
-6.442720522560329677e+00
-6.401978554424434087e+00
-6.401978554424434087e+00
-6.401978554424434087e+00
-6.401978554424434087e+00
-6.584450667620911801e+00
-6.436808635349590801e+00
-6.637152240846330820e+00
-6.662268456364930813e+00
-6.306709399897743928e+00
-6.330412131848851764e+00
-6.330412131848851764e+00
-6.311675259923047676e+00
-6.311675259923047676e+00
-6.161226224215926806e+00
-6.165730682506863403e+00
-6.282569680252189315e+00
-6.401141039457773907e+00
-6.233947518313599723e+00
-6.233947518313599723e+00
-6.233947518313599723e+00
-6.233947518313599723e+00
-6.225689463052783701e+00
-6.225689463052783701e+00
-6.225689463052783701e+00
-6.620300472247517831e+00
-6.628103897751064011e+00
-6.690480929801706722e+00
-6.690480929801706722e+00
-6.581678967405195202e+00
-6.581678967405195202e+00
-6.581678967405195202e+00
-6.581678967405195202e+00
-6.581678967405195202e+00
-6.559796733623532994e+00
-6.559796733623532994e+00
-6.493108031457309082e+00
-6.483252926979696795e+00
-6.554545016067184093e+00
-6.480462138831353691e+00
-6.480462138831353691e+00
-6.481261985313811813e+00
-6.448873984777772073e+00
-6.448873984777772073e+00
-6.446665337106650462e+00
-6.446665337106650462e+00
-6.498666051679892419e+00
-6.541310778023324168e+00
-6.541310778023324168e+00
-6.483206174595594007e+00
-6.433964450685105696e+00
-6.448057827266043596e+00
-6.448057827266043596e+00
-6.366665121378569658e+00
-6.510762426611182541e+00
-6.561570397679419742e+00
-6.558012053243702510e+00
-6.503373270813494145e+00
-6.448895710580965890e+00
-6.460608035702809282e+00
-6.460608035702809282e+00
-6.452480360152718752e+00
-6.452480360152718752e+00
-6.496723161316810824e+00
-6.496723161316810824e+00
-6.644078358593690226e+00
-6.488359938584032705e+00
-6.622426497783970412e+00
-6.619943693221455483e+00
-6.547935606470788983e+00
-6.568931381928123869e+00
-6.630314004671105543e+00
-6.630314004671105543e+00
-6.715201705696161483e+00
-6.715201705696161483e+00
-6.678368865928851150e+00
-6.678368865928851150e+00
-6.693579262425294552e+00
-6.693579262425294552e+00
-6.690836371054700749e+00
-6.564354771678897471e+00
-6.604823647030950262e+00
-6.604823647030950262e+00
-6.621095224041876115e+00
-6.605383366634237419e+00
-6.605383366634237419e+00
-6.605383366634237419e+00
-6.219719477921567652e+00
-6.277882190367932047e+00
-6.604195680057163287e+00
-6.136166768070626887e+00
-6.148113897215806034e+00
-6.655017979742387624e+00
-6.655017979742387624e+00
-6.637935062232714678e+00
-6.637935062232714678e+00
-6.562516896891665397e+00
-6.411584314419581432e+00
-6.411584314419581432e+00
-6.411584314419581432e+00
-6.567935652390023193e+00
-6.495847554745592056e+00
-6.653663845480828343e+00
-6.552881400743605589e+00
-6.552881400743605589e+00
-6.592578238831827697e+00
-6.731107751020379837e+00
-6.731107751020379837e+00
-6.731107751020379837e+00
-6.705220908669152990e+00
-6.620125518283268562e+00
-6.621171076999122107e+00
-6.623218849638958794e+00
-6.537633294062916711e+00
-6.572997601013382152e+00
-6.533641864443263891e+00
-6.602974912107271166e+00
-6.602974912107271166e+00
-6.523983490730604906e+00
-6.390988584949863771e+00
-6.390988584949863771e+00
-6.495362504601453146e+00
-6.601879842670697052e+00
-6.601879842670697052e+00
-6.615939009366383239e+00
-6.615939009366383239e+00
-6.565741947910895604e+00
-6.565741947910895604e+00
-6.565741947910895604e+00
-6.569377916834877595e+00
-6.509512826818802722e+00
-6.509512826818802722e+00
-6.603630390964243979e+00
-6.700623128853498756e+00
-6.822571739439494465e+00
-6.377521180286774616e+00
-6.663816338543495199e+00
-6.538300324330149849e+00
-6.566018094547731998e+00
-6.544004461282395546e+00
-6.544004461282395546e+00
-6.591993556010097954e+00
-6.664102669196920736e+00
-6.615927149395060880e+00
-6.581532567413336920e+00
-6.520993458624579908e+00
-6.506679204314202103e+00
-6.506679204314202103e+00
-6.486432327209871396e+00
-6.361030891353375516e+00
-6.552597449397425500e+00
-6.544541585618794066e+00
-6.544541585618794066e+00
-6.544541585618794066e+00
-6.544082371762474537e+00
-6.544082371762474537e+00
-6.582176737246370202e+00
-6.670962594067630036e+00
-6.670962594067630036e+00
-6.654139961993936758e+00
-6.558314034007341142e+00
-6.301480308723483859e+00
-6.314943781549034796e+00
-6.342447291641849283e+00
-6.312023542539781928e+00
-6.357686911679376607e+00
-6.216276834905166915e+00
-6.322803932621827272e+00
-6.672934713804399287e+00
-6.829524815290822559e+00
-6.774243108943365677e+00
-6.723110250624813489e+00
-6.546332435061346544e+00
-6.714884156542401783e+00
-6.714884156542401783e+00
-6.701393392098037083e+00
-6.303894514910184377e+00
-6.537945908343273160e+00
-6.533112891542092626e+00
-6.661596382439787689e+00
-6.460076683579077717e+00
-6.460076683579077717e+00
-6.473840053070330391e+00
-6.441910388781118435e+00
-6.461459733535849459e+00
-6.461459733535849459e+00
-6.467937572037697258e+00
-6.598928388487965258e+00
-6.598928388487965258e+00
-6.589371612138102741e+00
-6.589371612138102741e+00
-6.550623875938475393e+00
-6.612362161624598222e+00
-6.612362161624598222e+00
-6.754742481480312755e+00
-6.732158166790875420e+00
-6.736034926216487584e+00
-6.736034926216487584e+00
-6.736034926216487584e+00
-6.736070627234817643e+00
-6.736070627234817643e+00
-6.736070627234817643e+00
-6.736070627234817643e+00
-6.748111063459742098e+00
-6.794173220761704712e+00
-6.602488910571580938e+00
-6.550160201642325042e+00
-6.550160201642325042e+00
-6.550160201642325042e+00
-6.539581974586698543e+00
-6.755471485076451899e+00
-6.755471485076451899e+00
-6.765271610406777825e+00
-6.760242442690314491e+00
-6.766306649719139088e+00
-6.756703629354322338e+00
-6.756703629354322338e+00
-6.745777977674060288e+00
-6.751633984038128311e+00
-6.756575527783283519e+00
-6.732897263799285881e+00
-6.714056369319728823e+00
-6.798388813491289540e+00
-6.798388813491289540e+00
-6.798388813491289540e+00
-6.828416441535670067e+00
-6.828416441535670067e+00
-6.798495864516634235e+00
-6.912448589973748447e+00
-6.448591027726084057e+00
-6.450063331126981936e+00
-6.450063331126981936e+00
-6.323950782610741506e+00
-6.315155919087616532e+00
-6.380186358863398688e+00
-6.535134801322906917e+00
-6.535134801322906917e+00
-6.616297061530589829e+00
-6.461244124440340464e+00
-6.590441540240028928e+00
-6.502972790636124323e+00
-6.454139165514512833e+00
-6.448754269202133571e+00
-6.448754269202133571e+00
-6.448754269202133571e+00
-6.469502887008154346e+00
-6.486803103123667924e+00
-6.486803103123667924e+00
-6.544106888054520788e+00
-6.360170644229619974e+00
-6.368353533060688854e+00
-6.401866087164300723e+00
-6.398787092260204368e+00
-6.414836915743388879e+00
-6.636874637457411907e+00
-6.632582750655562798e+00
-6.601499696983942123e+00
-6.467343156589917541e+00
-6.423344280398390005e+00
-6.426650439071621257e+00
-6.471827518541976687e+00
-6.450386304290524286e+00
-6.450386304290524286e+00
-6.516788521192959927e+00
-6.529715645602879981e+00
-6.529715645602879981e+00
-6.842304561558386844e+00
-6.765000581403213253e+00
-6.770879528815657800e+00
-6.770879528815657800e+00
-6.665823556363571711e+00
-6.665823556363571711e+00
-6.652893053181523797e+00
-6.661142700234900182e+00
-6.661142700234900182e+00
-6.602596190361662565e+00
-6.633792935089915410e+00
-6.633792935089915410e+00
-6.737140491357406447e+00
-6.737140491357406447e+00
-6.593822018339305480e+00
-6.593822018339305480e+00
-6.593822018339305480e+00
-6.593822018339305480e+00
-6.593822018339305480e+00
-6.519629315405924608e+00
-6.519629315405924608e+00
-6.518728833905436559e+00
-6.637932340076883264e+00
-6.656561162515451713e+00
-6.639714864977058539e+00
-6.639714864977058539e+00
-6.576168320647948207e+00
-6.576168320647948207e+00
-6.576168320647948207e+00
-6.576168320647948207e+00
-6.576168320647948207e+00
-6.532946226912577536e+00
-6.532946226912577536e+00
-6.531168470122027614e+00
-6.523752350268269495e+00
-6.562938575904540883e+00
-6.559971922419805423e+00
-6.547553449157841321e+00
-6.547553449157841321e+00
-6.642410659913098314e+00
-6.642410659913098314e+00
-6.642410659913098314e+00
-6.662209117376480805e+00
-6.580340559285733804e+00
-6.580340559285733804e+00
-6.578191868637234485e+00
-6.578191868637234485e+00
-6.562229686292943676e+00
-6.562229686292943676e+00
-6.657690248439341651e+00
-6.663990363509812553e+00
-6.663990363509812553e+00
-6.647187837171355085e+00
-6.647187837171355085e+00
-6.616796950145385381e+00
-6.700730057269252526e+00
-6.706549229247611876e+00
-6.706549229247611876e+00
-6.639510599026995585e+00
-6.624572340352055555e+00
-6.624572340352055555e+00
-6.665045395357208413e+00
-6.813159778359437979e+00
-6.723800499737096814e+00
-6.723800499737096814e+00
-6.470747434383024022e+00
-6.470747434383024022e+00
-6.466075391696038288e+00
-6.486304791568298533e+00
-6.538371184214517129e+00
-6.516902177195786017e+00
-6.753522649859609039e+00
-6.737110343485696262e+00
-6.737110343485696262e+00
-6.737110343485696262e+00
-6.669192104577211566e+00
-6.693006645344777183e+00
-6.659034460563183266e+00
-6.652368522250710292e+00
-6.639626919132235017e+00
-6.639626919132235017e+00
-6.636872663194335331e+00
-6.636872663194335331e+00
-6.636872663194335331e+00
-6.701040909665812784e+00
-6.701040909665812784e+00
-6.681117033059495114e+00
-6.705996123930693997e+00
-6.640109752724542957e+00
-6.640109752724542957e+00
-6.640109752724542957e+00
-6.739678609250623786e+00
-6.756154932562183468e+00
-6.612663013289683533e+00
-6.612663013289683533e+00
-6.612663013289683533e+00
-6.612663013289683533e+00
-6.558902501268663698e+00
-6.605815589920367437e+00
-6.617779377221166826e+00
-6.622713272217217728e+00
-6.622713272217217728e+00
-6.617072097415602983e+00
-6.612079788834026139e+00
-6.612079788834026139e+00
-6.612079788834026139e+00
-6.609937782698430020e+00
-6.627078391055135853e+00
-6.533391970283024541e+00
-6.842765435913304550e+00
-6.719791392727855417e+00
-6.719791392727855417e+00
-6.777442107864175114e+00
-6.757535283574151563e+00
-6.533389985282596513e+00
-6.464363133154584773e+00
-6.367671624207295267e+00
-6.367671624207295267e+00
-6.468987045410309555e+00
-6.464220496092674573e+00
-6.479627422993680774e+00
-6.479627422993680774e+00
-6.479627422993680774e+00
-6.466275566833191490e+00
-6.466275566833191490e+00
-6.466275566833191490e+00
-6.322085220744070533e+00
-6.332788249189786001e+00
-6.474515865261964542e+00
-6.449462469049869640e+00
-6.449462469049869640e+00
-6.449462469049869640e+00
-6.474330965211476219e+00
-6.286137836981880334e+00
-6.271560999716774276e+00
-6.299223250215944425e+00
-6.506326912300551157e+00
-6.566342253186613576e+00
-6.496978326370985712e+00
-6.496978326370985712e+00
-6.418100729353106715e+00
-6.416804815220640279e+00
-6.416804815220640279e+00
-6.416804815220640279e+00
-6.435960288085093239e+00
-6.435960288085093239e+00
-6.435960288085093239e+00
-6.435960288085093239e+00
-6.498162961054281261e+00
-6.509410271129371317e+00
-6.416305579753974087e+00
-6.416305579753974087e+00
-6.415911545370015290e+00
-6.452777026336232957e+00
-6.452777026336232957e+00
-6.565695198615317807e+00
-6.508675331105797213e+00
-6.475020100407633095e+00
-6.475020100407633095e+00
-6.475020100407633095e+00
-6.475020100407633095e+00
-6.475020100407633095e+00
-6.660747979654424000e+00
-6.691694476164109950e+00
-6.691694476164109950e+00
-6.746869373514673640e+00
-6.690501983565802391e+00
-6.692427312813634899e+00
-6.624896492598510100e+00
-6.632515430236437304e+00
-6.534744922817394830e+00
-6.535529307447840885e+00
-6.602874903477954582e+00
-6.632992385471763619e+00
-6.632992385471763619e+00
-6.635950041648240649e+00
-6.448257292498855264e+00
-6.448257292498855264e+00
-6.448257292498855264e+00
-6.448257292498855264e+00
-6.482752335841358793e+00
-6.489637637248113933e+00
-6.489637637248113933e+00
-6.489637637248113933e+00
-6.489637637248113933e+00
-6.616442595475049870e+00
-6.616442595475049870e+00
-6.494556016002063004e+00
-6.494556016002063004e+00
-6.494556016002063004e+00
-6.494556016002063004e+00
-6.417085928956534069e+00
-6.425748732240461614e+00
-6.521736612625422147e+00
-6.363448349197215137e+00
-6.257578052335794006e+00
-6.333056952656941796e+00
-6.333056952656941796e+00
-6.364266256398392940e+00
-6.364266256398392940e+00
-6.354251049345900348e+00
-6.376990703891142864e+00
-6.710775273541124797e+00
-6.479041113908078131e+00
-6.563266978990787592e+00
-6.563266978990787592e+00
-6.586948371817340941e+00
-6.491228816432277782e+00
-6.372585879156035915e+00
-6.329174073368824871e+00
-6.542759377984263658e+00
-6.542759377984263658e+00
-6.463139555282324089e+00
-6.376342163687070297e+00
-6.376342163687070297e+00
-6.552605666847932220e+00
-6.579424099910363033e+00
-6.579424099910363033e+00
-6.725781198842396336e+00
-6.654612839618469167e+00
-6.664174268039310789e+00
-6.664174268039310789e+00
-6.708467730194618284e+00
-6.745168707186684820e+00
-6.701783839320937908e+00
-6.542708316204120855e+00
-6.794366501469208508e+00
-6.794366501469208508e+00
-6.270814177487485708e+00
-6.211979035376679725e+00
-6.211979035376679725e+00
-6.211979035376679725e+00
-6.300351072416243703e+00
-6.300351072416243703e+00
-6.300351072416243703e+00
-6.300351072416243703e+00
-6.300351072416243703e+00
-6.249617869000245740e+00
-6.105862338868985439e+00
-6.143074659160287609e+00
-6.015145646982748673e+00
-6.335049465823573200e+00
-6.598511149969818135e+00
-6.426667720393234084e+00
-6.426667720393234084e+00
-6.456995576810416360e+00
-6.436697441346609594e+00
-6.468082938174111618e+00
-6.468082938174111618e+00
-6.468082938174111618e+00
-6.445762851949521810e+00
-6.445762851949521810e+00
-6.445762851949521810e+00
-6.445762851949521810e+00
-6.484063304037033681e+00
-6.503274874593181210e+00
-6.756015010189380554e+00
-6.764938313985334517e+00
-6.455732350638944794e+00
-6.455732350638944794e+00
-6.497011723966117813e+00
-6.497011723966117813e+00
-6.497011723966117813e+00
-6.469459704897684738e+00
-6.461690278821842881e+00
-6.522068830119626348e+00
-6.578660751818582675e+00
-6.496975698110722952e+00
-6.496975698110722952e+00
-6.433107611190891362e+00
-6.585479433474866973e+00
-6.585479433474866973e+00
-6.609290806232643867e+00
-6.594870534992343103e+00
-6.599311974750242449e+00
-6.599311974750242449e+00
-6.599311974750242449e+00
-6.599311974750242449e+00
-6.599311974750242449e+00
-6.573171950044059741e+00
-6.605077057100294802e+00
-6.605077057100294802e+00
-6.601727409163605564e+00
-6.492684592118329157e+00
-6.640320700397741582e+00
-6.635279799228015030e+00
-6.644806686829036302e+00
-6.644806686829036302e+00
-6.560597241490426335e+00
-6.473955675482685024e+00
-6.568884872999228186e+00
-6.568884872999228186e+00
-6.568884872999228186e+00
-6.537933391418732754e+00
-6.537933391418732754e+00
-6.537933391418732754e+00
-6.469536596752751834e+00
-6.301044595127909709e+00
-6.464582089037783419e+00
-6.467178067010895148e+00
-6.507876389374747106e+00
-6.507876389374747106e+00
-6.507876389374747106e+00
-6.489813401751807653e+00
-6.614802141192357432e+00
-6.670618179337675535e+00
-6.638986277444538509e+00
-6.802380928490686429e+00
-6.802380928490686429e+00
-6.802380928490686429e+00
-6.790710234900180886e+00
-6.770263309434138677e+00
-6.770263309434138677e+00
-6.684821177925586611e+00
-6.636767675990728144e+00
-6.643951452239334365e+00
-6.585208226180908397e+00
-6.622117747444911551e+00
-6.621719403227492862e+00
-6.610151302495463455e+00
-6.536686565291796924e+00
-6.407928571406079854e+00
-6.600711387628532378e+00
-6.627321391579969578e+00
-6.451572531607608241e+00
-6.455275172344874690e+00
-6.455275172344874690e+00
-6.407016743758205735e+00
-6.421935660881342045e+00
-6.421935660881342045e+00
-6.583475644214293432e+00
-6.583475644214293432e+00
-6.725727287127031495e+00
-6.525156773113485187e+00
-6.651785580640852125e+00
-6.651785580640852125e+00
-6.651785580640852125e+00
-6.654833364288173847e+00
-6.654833364288173847e+00
-6.654833364288173847e+00
-6.732540919534731216e+00
-6.732540919534731216e+00
-6.732540919534731216e+00
-6.626635444533934383e+00
-6.383347035769446620e+00
-6.399505733494789794e+00
-6.315111755925755688e+00
-6.315111755925755688e+00
-6.315831859020029526e+00
-6.315831859020029526e+00
-6.338993569380392046e+00
-6.338993569380392046e+00
-6.344884688869171896e+00
-6.344884688869171896e+00
-6.317956806351743282e+00
-6.486919380753885633e+00
-6.485688416951666646e+00
-6.485688416951666646e+00
-6.448359532312584186e+00
-6.029538609109579284e+00
-6.029538609109579284e+00
-6.247886979399298824e+00
-6.331579637221271817e+00
-6.451188487392629511e+00
-6.456573735377498124e+00
-6.305443137807953846e+00
-6.573526678612231500e+00
-6.576729969991295555e+00
-6.559580031017890889e+00
-6.399254259226927033e+00
-6.326909171498135365e+00
-6.341323155253753008e+00
-6.457866532442309015e+00
-6.457866532442309015e+00
-6.552309906326485134e+00
-6.597959843807336355e+00
-6.541818901783975626e+00
-6.444936044914297391e+00
-6.450001277771367114e+00
-6.378415880949317440e+00
-6.490714480010588261e+00
-6.490714480010588261e+00
-6.449768281096622147e+00
-6.468131545979778352e+00
-6.391127861042617653e+00
-6.391127861042617653e+00
-6.391127861042617653e+00
-6.412691460662474086e+00
-6.412691460662474086e+00
-6.437978516283278552e+00
-6.425236288328911805e+00
-6.550259460481609786e+00
-6.550259460481609786e+00
-6.576190303548929528e+00
-6.576190303548929528e+00
-6.546850042919936108e+00
-6.546850042919936108e+00
-6.446137940414188527e+00
-6.488534291840772461e+00
-6.488534291840772461e+00
-6.481696371065391205e+00
-6.688650081713545248e+00
-6.680709335728793441e+00
-6.695181191692975986e+00
-6.590539452983516178e+00
-6.311409986431552710e+00
-6.385915036842094494e+00
-6.346640379376589536e+00
-6.349976606308483262e+00
-6.349976606308483262e+00
-6.420039704950061932e+00
-6.420039704950061932e+00
-6.421902019059250399e+00
-6.442925565727508186e+00
-6.442925565727508186e+00
-6.458931901419332711e+00
-6.458931901419332711e+00
-6.475833801726579964e+00
-6.475833801726579964e+00
-6.464954544780602497e+00
-6.467272499908265360e+00
-6.467272499908265360e+00
-6.467272499908265360e+00
-6.449372483607448636e+00
-6.449372483607448636e+00
-6.447682062822591043e+00
-6.438274705961097411e+00
-6.438274705961097411e+00
-6.352313038211357288e+00
-6.487955762891123079e+00
-6.487955762891123079e+00
-6.204599428908085024e+00
-6.571239836098564879e+00
-6.583948399472905777e+00
-6.583948399472905777e+00
-6.583948399472905777e+00
-6.459648748266732632e+00
-6.521524829532022949e+00
-6.519315104428875074e+00
-6.404678829518431371e+00
-6.468076080008297701e+00
-6.468076080008297701e+00
-6.468076080008297701e+00
-6.468076080008297701e+00
-6.456655500026020178e+00
-6.456655500026020178e+00
-6.414221079451460028e+00
-6.414221079451460028e+00
