# Variable: dg_gbvi_00000251
# Sample shape: (2565,)
# Date: 2013-03-08 06:18:16.617229
-3.998578356237735831e-01
-1.747146753577373535e-01
-7.726119795882605557e-01
-7.128920669310893077e-01
-4.651886436087068755e-01
-6.243327945956068659e-01
-6.243327945956068659e-01
-7.042908486612717844e-01
-9.441860047158279201e-01
-1.224345405198348447e+00
-1.137990274549024905e+00
-1.137990274549024905e+00
-1.137990274549024905e+00
-9.031383018310382704e-01
-1.361268564480603516e+00
-1.381634573554923362e+00
-1.381634573554923362e+00
-1.381634573554923362e+00
-1.381634573554923362e+00
-1.402374518293440842e+00
-1.598082834651525008e+00
-1.764341556456765492e+00
-1.398738608112551907e+00
-7.090850859971322695e-01
-1.633639590795489704e+00
-1.209058975029741356e+00
-1.209058975029741356e+00
-1.228027767037333629e+00
-1.126801044117232697e+00
-1.126801044117232697e+00
-1.542020031511939226e+00
-1.542020031511939226e+00
-1.696225585931200763e+00
-1.696225585931200763e+00
-1.696225585931200763e+00
-1.696225585931200763e+00
-1.696225585931200763e+00
-1.802115218708038258e+00
-1.802115218708038258e+00
-1.488946669739245499e+00
-1.488946669739245499e+00
-1.134210616303326757e+00
-1.328012558118575326e+00
-1.328012558118575326e+00
-1.382593202804164534e+00
-1.165540303688853196e+00
-1.165540303688853196e+00
-1.352126086298055530e+00
-1.352126086298055530e+00
-1.600091030951031890e+00
-1.600091030951031890e+00
-1.175652775948486717e+00
-1.175652775948486717e+00
-1.172924053132403888e+00
-1.172924053132403888e+00
-1.375161764526795727e+00
-1.297078327085808169e+00
-1.605675300774830783e+00
-1.605675300774830783e+00
-1.294801513634046497e+00
-1.760702229555656917e+00
-1.760702229555656917e+00
-1.760702229555656917e+00
-1.895969283547465301e+00
-1.895969283547465301e+00
-1.618914794051570682e+00
-1.618914794051570682e+00
-1.524002046344615113e+00
-1.128074250241440257e+00
-1.128074250241440257e+00
-1.530679523743947223e+00
-1.530679523743947223e+00
-1.515719023314524572e+00
-1.452656518893864268e+00
-1.452656518893864268e+00
-1.452656518893864268e+00
-1.156504074832626738e+00
-1.156504074832626738e+00
-1.156504074832626738e+00
-1.156504074832626738e+00
-1.089123939050597345e+00
-1.089123939050597345e+00
-1.089123939050597345e+00
-1.089123939050597345e+00
-1.210378609420575957e+00
-1.210378609420575957e+00
-1.210378609420575957e+00
-2.027049514366774385e+00
-1.091136640036802108e+00
-1.091136640036802108e+00
-1.282046197085351169e+00
-1.246853383200865917e+00
-1.246853383200865917e+00
-1.246853383200865917e+00
-1.260266373122349792e+00
-1.259659406073358134e+00
-1.259659406073358134e+00
-1.259659406073358134e+00
-1.356987953438512529e+00
-1.356987953438512529e+00
-1.356987953438512529e+00
-1.384793537533755670e+00
-1.244788468863138320e+00
-1.244788468863138320e+00
-1.244788468863138320e+00
-1.244788468863138320e+00
-1.244788468863138320e+00
-1.379506340773413609e+00
-1.379506340773413609e+00
-1.379506340773413609e+00
-1.379506340773413609e+00
-5.712549950257773679e-01
-1.511305363756659581e+00
-1.292571860391622085e+00
-1.292571860391622085e+00
-1.292571860391622085e+00
-1.292571860391622085e+00
-1.122263978323671196e+00
-1.122263978323671196e+00
-1.122263978323671196e+00
-1.122263978323671196e+00
-1.122263978323671196e+00
-1.122263978323671196e+00
-1.144597783067774044e+00
-1.144597783067774044e+00
-1.630875267435130116e+00
-1.630875267435130116e+00
-1.630875267435130116e+00
-1.329131407340316651e+00
-9.585282090623944429e-01
-9.585282090623944429e-01
-9.162892455128038849e-01
-9.162892455128038849e-01
-9.375437745885616403e-01
-9.375437745885616403e-01
-9.375437745885616403e-01
-9.375437745885616403e-01
-1.720686978319925009e+00
-1.719249378336348943e+00
-1.733063513954828938e+00
-1.473327095702330558e+00
-1.473327095702330558e+00
-1.356260936795143257e+00
-1.158889841700795564e+00
-1.158889841700795564e+00
-1.158889841700795564e+00
-1.100330954044772325e+00
-1.100330954044772325e+00
-1.145822410625237042e+00
-1.145822410625237042e+00
-1.145822410625237042e+00
-1.062214805206218360e+00
-1.533266402239109594e+00
-1.533266402239109594e+00
-1.533266402239109594e+00
-1.238885503291389467e+00
-1.238885503291389467e+00
-7.146755035797091038e-01
-1.107323756832186534e+00
-1.144788950679507256e+00
-1.045336713434836806e+00
-1.045336713434836806e+00
-1.045336713434836806e+00
-1.045336713434836806e+00
-1.045336713434836806e+00
-1.045336713434836806e+00
-1.045336713434836806e+00
-1.235952549931285116e+00
-1.235952549931285116e+00
-1.375902559009242632e+00
-7.442421264435427064e-01
-6.383087730229249912e-01
-1.074721027882498570e+00
-8.499796657033508174e-01
-8.499796657033508174e-01
-1.147478677596354357e+00
-1.286886837970263597e+00
-1.279252815681392708e+00
-1.257047895562863005e+00
-1.257047895562863005e+00
-1.257047895562863005e+00
-1.257047895562863005e+00
-1.257047895562863005e+00
-1.257047895562863005e+00
-1.243338956617303204e+00
-1.253649100925793736e+00
-1.514296524338023975e+00
-1.181951200903821331e+00
-1.187687977871730860e+00
-1.084987313100745254e+00
-1.084987313100745254e+00
-9.690288077624897856e-01
-9.690288077624897856e-01
-9.690288077624897856e-01
-9.690288077624897856e-01
-9.690288077624897856e-01
-1.248229181197596516e+00
-1.248229181197596516e+00
-1.356706518814290829e+00
-1.335597603764979935e+00
-1.394454334116498773e+00
-1.144763798184338155e+00
-1.247968214233691642e+00
-1.247968214233691642e+00
-1.375302953596848621e+00
-1.276358051616421463e+00
-1.276358051616421463e+00
-1.276358051616421463e+00
-1.417338720433411359e+00
-1.417338720433411359e+00
-1.445631332505485478e+00
-1.263314455015190907e+00
-1.263314455015190907e+00
-1.263314455015190907e+00
-1.263314455015190907e+00
-1.060945487787122499e+00
-1.259945845501609263e+00
-1.431135754405054916e+00
-1.302039552346942575e+00
-1.142110391681634196e+00
-1.293951824751193413e+00
-1.296391640304823012e+00
-1.296391640304823012e+00
-1.545402588494160678e+00
-1.522689268118911921e+00
-9.850627491539203362e-01
-9.318705079354866472e-01
-1.455610923992919803e+00
-1.231287028487921154e+00
-1.163308440532061949e+00
-1.163308440532061949e+00
-1.204340735560375020e+00
-1.314955443813463631e+00
-1.314955443813463631e+00
-1.454441544025512068e+00
-1.454441544025512068e+00
-1.452162568882475524e+00
-1.452162568882475524e+00
-1.452162568882475524e+00
-1.404591731154650303e+00
-1.404591731154650303e+00
-1.317831741946170698e+00
-1.411370705012490845e+00
-1.411370705012490845e+00
-1.411370705012490845e+00
-1.411370705012490845e+00
-1.164323398284353939e+00
-8.833811141265893729e-01
-9.849823778087840598e-01
-9.849823778087840598e-01
-1.136156315793895644e+00
-1.136156315793895644e+00
-1.136156315793895644e+00
-1.136156315793895644e+00
-1.142819320350989765e+00
-1.142819320350989765e+00
-1.127793597592606112e+00
-1.127793597592606112e+00
-1.317592365750549943e+00
-1.317592365750549943e+00
-1.684256026051144106e+00
-1.291156631674347466e+00
-1.468782217521523936e+00
-1.334376760191108291e+00
-1.334376760191108291e+00
-1.334376760191108291e+00
-1.334376760191108291e+00
-1.164314153522820749e+00
-1.164314153522820749e+00
-1.212604994742422004e+00
-1.212604994742422004e+00
-1.297046962017314176e+00
-1.058301438969470265e+00
-1.058301438969470265e+00
-1.084835891668155305e+00
-1.084835891668155305e+00
-1.084835891668155305e+00
-1.314716530663693650e+00
-1.258607572429909283e+00
-1.216823684442356113e+00
-1.080589787932600077e+00
-1.188837562811507098e+00
-1.346894960308719025e+00
-9.404967466970169943e-01
-9.868715581868119369e-01
-9.868715581868119369e-01
-1.283565461970345822e+00
-1.283565461970345822e+00
-1.158605191266316004e+00
-1.158605191266316004e+00
-9.466354155110069390e-01
-9.466354155110069390e-01
-9.466354155110069390e-01
-9.466354155110069390e-01
-9.466354155110069390e-01
-9.466354155110069390e-01
-8.814444298004509015e-01
-8.814444298004509015e-01
-8.654263962212812578e-01
-1.057972776852716290e+00
-1.015722172262561562e+00
-1.025699871656907680e+00
-1.326239184058451315e+00
-1.326239184058451315e+00
-8.872042317858545024e-01
-8.872042317858545024e-01
-1.174897575886503454e+00
-6.625646482500782142e-01
-6.625646482500782142e-01
-1.178306113523654108e+00
-1.178306113523654108e+00
-1.030104616006043861e+00
-1.030104616006043861e+00
-9.766767748240381408e-01
-1.063533700639063273e+00
-1.063533700639063273e+00
-1.188691923653382165e+00
-1.179881369491181387e+00
-1.179881369491181387e+00
-1.162036999160339867e+00
-1.162036999160339867e+00
-1.162036999160339867e+00
-1.162036999160339867e+00
-1.162036999160339867e+00
-1.162036999160339867e+00
-1.076243055066783860e+00
-1.076243055066783860e+00
-1.253735776841275573e+00
-1.253735776841275573e+00
-1.205605642453422943e+00
-1.205605642453422943e+00
-1.205605642453422943e+00
-1.287424266664305650e+00
-1.418587322481828839e+00
-1.418587322481828839e+00
-1.451259382592712921e+00
-1.558993763411369526e+00
-1.711144212610308246e+00
-1.711144212610308246e+00
-1.416575446409429118e+00
-1.416575446409429118e+00
-1.206929823411416081e+00
-1.206929823411416081e+00
-1.206929823411416081e+00
-1.203676703492480460e+00
-1.230628496237452074e+00
-1.230628496237452074e+00
-1.230628496237452074e+00
-1.121163601551506073e+00
-1.121163601551506073e+00
-1.043732807808658292e+00
-1.136875895748909793e+00
-1.136875895748909793e+00
-1.136875895748909793e+00
-1.175275744751663742e+00
-1.246918369980495767e+00
-1.246918369980495767e+00
-1.246918369980495767e+00
-1.029088832312697210e+00
-1.029088832312697210e+00
-9.731291610999790453e-01
-1.162673024362806284e+00
-1.162673024362806284e+00
-9.691978174979859473e-01
-9.691978174979859473e-01
-9.691978174979859473e-01
-1.559451708004605752e+00
-1.559451708004605752e+00
-1.559451708004605752e+00
-1.490818932103868955e+00
-1.490818932103868955e+00
-1.488559186740116891e+00
-1.488208103734628640e+00
-1.447688577578041258e+00
-1.447688577578041258e+00
-1.447688577578041258e+00
-1.155947343212785361e+00
-1.326276091863160866e+00
-1.326276091863160866e+00
-1.267544657919417395e+00
-1.581777585237606809e+00
-1.581777585237606809e+00
-8.095444360286380148e-01
-8.095444360286380148e-01
-1.120239942207514661e+00
-9.372601612354685141e-01
-9.372601612354685141e-01
-1.222336374218134347e+00
-1.128948679308484415e+00
-1.364002542095821058e+00
-1.244503655518368834e+00
-1.368045513415637071e+00
-7.243562678885161477e-01
-9.669010696738429278e-01
-9.943907873381137019e-01
-9.935977841296763646e-01
-1.140314260636480670e+00
-1.140314260636480670e+00
-1.140314260636480670e+00
-1.140314260636480670e+00
-1.140314260636480670e+00
-1.140314260636480670e+00
-1.121285080627709263e+00
-1.121285080627709263e+00
-9.156148039669309568e-01
-9.156148039669309568e-01
-9.156148039669309568e-01
-9.628041517899519341e-01
-9.628041517899519341e-01
-9.628041517899519341e-01
-1.208818841842963954e+00
-9.665436335271494483e-01
-1.017491765275559512e+00
-1.168099879218159165e+00
-1.168099879218159165e+00
-1.131184665768277586e+00
-1.116004623420718156e+00
-1.538770311902046606e+00
-1.674355504927468985e+00
-1.572087580970614074e+00
-1.572087580970614074e+00
-1.166237470695774103e+00
-1.166237470695774103e+00
-1.166237470695774103e+00
-1.166237470695774103e+00
-1.206857919923151723e+00
-1.235758992031181780e+00
-1.473164842794457474e+00
-1.564556570007911152e+00
-1.564556570007911152e+00
-1.564556570007911152e+00
-1.567144226124496997e+00
-1.514685413302025774e+00
-1.335123028549422664e+00
-1.404205599944049920e+00
-1.404205599944049920e+00
-1.413288119276236987e+00
-1.137921069974000998e+00
-9.952214078545064124e-01
-1.170464950520986092e+00
-1.170464950520986092e+00
-1.034878035604591018e+00
-1.034878035604591018e+00
-1.077994111170325064e+00
-1.077994111170325064e+00
-1.094350297581525133e+00
-1.094350297581525133e+00
-1.404833113916934995e+00
-1.404833113916934995e+00
-1.132809760932809606e+00
-1.132809760932809606e+00
-1.132809760932809606e+00
-6.210051840503822973e-01
-9.116073642532902532e-01
-1.021081299812616860e+00
-1.033867099718557725e+00
-9.314243215263814379e-01
-1.163979521260751993e+00
-8.045440474106859696e-01
-1.771750395010934787e+00
-1.771750395010934787e+00
-1.817184584249661894e+00
-1.817184584249661894e+00
-1.588958115109507796e+00
-1.589437973822382721e+00
-1.589437973822382721e+00
-1.589437973822382721e+00
-1.589437973822382721e+00
-1.594977383232278445e+00
-1.594977383232278445e+00
-1.054164911280335293e+00
-1.111675772981673749e+00
-1.279902258971721052e+00
-1.279902258971721052e+00
-1.216424886657594850e+00
-1.319675445881321352e+00
-8.212070080566016284e-01
-1.676182229218802666e+00
-1.676182229218802666e+00
-1.599637493385643205e+00
-1.342219528323307598e+00
-1.477324486464705267e+00
-1.470396309612615138e+00
-1.470396309612615138e+00
-1.548004065510850680e+00
-1.548004065510850680e+00
-1.548004065510850680e+00
-1.112687132125945055e+00
-1.549748414572839961e+00
-1.549748414572839961e+00
-1.448821756835240393e+00
-1.448821756835240393e+00
-1.352900585490145913e+00
-1.352900585490145913e+00
-1.507487035543154219e+00
-1.041459939717953365e+00
-1.041459939717953365e+00
-1.041459939717953365e+00
-1.089430279566695470e+00
-9.865906571043682183e-01
-9.865906571043682183e-01
-9.865906571043682183e-01
-9.865906571043682183e-01
-9.865906571043682183e-01
-9.865906571043682183e-01
-9.865906571043682183e-01
-9.865906571043682183e-01
-9.865906571043682183e-01
-9.865906571043682183e-01
-9.865906571043682183e-01
-9.865906571043682183e-01
-9.865906571043682183e-01
-1.170389871603618959e+00
-1.261994126931454963e+00
-1.487969959009186161e+00
-1.252313684310623509e+00
-1.252313684310623509e+00
-1.274454851950844958e+00
-1.274454851950844958e+00
-1.274454851950844958e+00
-1.274454851950844958e+00
-1.274454851950844958e+00
-1.274454851950844958e+00
-1.274454851950844958e+00
-1.115362919568305689e+00
-9.209119236324048163e-01
-1.026600467972480946e+00
-1.026600467972480946e+00
-1.026600467972480946e+00
-7.823012270620542941e-01
-1.043412074318327498e+00
-1.201136603739543007e+00
-1.201136603739543007e+00
-1.205290536598992102e+00
-1.171876270593472880e+00
-1.171876270593472880e+00
-1.441159188776822253e+00
-1.315127609343093695e+00
-9.616818204508964518e-01
-1.155036043973827642e+00
-1.155036043973827642e+00
-1.512034286004475092e+00
-1.360082378446357376e+00
-1.360082378446357376e+00
-1.360082378446357376e+00
-1.360082378446357376e+00
-1.360082378446357376e+00
-1.360082378446357376e+00
-1.183808066744989063e+00
-1.183808066744989063e+00
-1.183808066744989063e+00
-1.129792079796568371e+00
-1.129792079796568371e+00
-1.129792079796568371e+00
-1.129792079796568371e+00
-1.077178300394730615e+00
-1.077178300394730615e+00
-1.077178300394730615e+00
-1.077178300394730615e+00
-1.077178300394730615e+00
-1.278942997496774536e+00
-1.278942997496774536e+00
-1.278942997496774536e+00
-1.172929601007716149e+00
-1.172929601007716149e+00
-1.135180516580080790e+00
-8.930606762034880575e-01
-7.966771531167600173e-01
-7.966771531167600173e-01
-7.966771531167600173e-01
-6.865397461366660181e-01
-8.372441215172738982e-01
-1.405206596197374092e+00
-1.405206596197374092e+00
-1.433500752483096052e+00
-1.433500752483096052e+00
-1.420894586087686262e+00
-1.616912268175207945e+00
-1.343049738490021960e+00
-1.343049738490021960e+00
-1.343049738490021960e+00
-1.343049738490021960e+00
-9.895098735248382127e-01
-9.001561411572202021e-01
-8.266594526803037191e-01
-1.019737387900171433e+00
-1.019737387900171433e+00
-7.970531781251807280e-01
-7.970531781251807280e-01
-7.970531781251807280e-01
-7.970531781251807280e-01
-7.970531781251807280e-01
-1.159349111702426827e+00
-1.029003193704767893e+00
-1.029003193704767893e+00
-1.029003193704767893e+00
-1.029003193704767893e+00
-1.044324643307324996e+00
-1.044324643307324996e+00
-1.186866342756886850e+00
-1.186866342756886850e+00
-8.899026808288192925e-01
-8.899026808288192925e-01
-1.017264239748254084e+00
-1.017264239748254084e+00
-1.017264239748254084e+00
-1.363889647502251945e+00
-1.363889647502251945e+00
-1.396678354047698134e+00
-1.396678354047698134e+00
-6.245645164648127023e-01
-7.845464122875057678e-01
-7.845464122875057678e-01
-1.012802527705590760e+00
-1.012802527705590760e+00
-8.741479308512342117e-01
-1.041278829550684515e+00
-1.041278829550684515e+00
-1.027329631728511883e+00
-1.027329631728511883e+00
-1.094320235550060527e+00
-1.094320235550060527e+00
-1.062294765845011923e+00
-1.127508723781701416e+00
-1.127508723781701416e+00
-1.107334999184087954e+00
-1.107334999184087954e+00
-1.107334999184087954e+00
-1.107334999184087954e+00
-1.107334999184087954e+00
-1.082779683860717990e+00
-1.082779683860717990e+00
-1.082779683860717990e+00
-1.082779683860717990e+00
-1.039927042928324052e+00
-1.039927042928324052e+00
-1.062618116471125473e+00
-1.062618116471125473e+00
-1.062618116471125473e+00
-1.208330244820356336e+00
-1.208330244820356336e+00
-8.742460564924454669e-01
-1.205748895037856094e+00
-1.390104164017950117e+00
-1.438371351206121140e+00
-9.302245102377938446e-01
-1.035481357007369541e+00
-9.957627984314946223e-01
-1.075743927049610305e+00
-1.075743927049610305e+00
-1.075743927049610305e+00
-1.075743927049610305e+00
-1.075743927049610305e+00
-1.056108582937221874e+00
-1.056108582937221874e+00
-1.056108582937221874e+00
-1.194593108102473877e+00
-1.284903735586556461e+00
-1.039961772853026378e+00
-1.039961772853026378e+00
-1.039961772853026378e+00
-1.039961772853026378e+00
-1.039961772853026378e+00
-1.039961772853026378e+00
-1.039961772853026378e+00
-1.039961772853026378e+00
-1.039961772853026378e+00
-1.039961772853026378e+00
-1.039961772853026378e+00
-1.039961772853026378e+00
-1.413625954175650401e+00
-1.413625954175650401e+00
-1.413625954175650401e+00
-1.476479484887415206e+00
-1.425576440959206881e+00
-1.425576440959206881e+00
-1.425576440959206881e+00
-1.233440233265420627e+00
-1.057177305681315627e+00
-1.057177305681315627e+00
-1.057177305681315627e+00
-1.055595682560656057e+00
-7.384561827584397165e-01
-1.072726001265240203e+00
-1.195310148226816027e+00
-1.195310148226816027e+00
-1.511596455054512012e+00
-1.511596455054512012e+00
-1.511596455054512012e+00
-1.511596455054512012e+00
-1.128049618552656952e+00
-1.218775878649224209e+00
-1.209549157495714677e+00
-9.682735176874556204e-01
-1.073051514601107925e+00
-1.059073588231238316e+00
-9.952452648153553572e-01
-1.363780624328297941e+00
-1.410949102583962445e+00
-1.405712900146255606e+00
-1.113464930563022870e+00
-1.315557028416324270e+00
-1.315557028416324270e+00
-1.315557028416324270e+00
-1.499692559404332215e+00
-1.499692559404332215e+00
-1.338481619926437105e+00
-1.338481619926437105e+00
-1.338481619926437105e+00
-1.339995928190788721e+00
-1.535927363507211041e+00
-1.535927363507211041e+00
-1.535927363507211041e+00
-1.535927363507211041e+00
-1.187316638848761929e+00
-1.187316638848761929e+00
-1.187316638848761929e+00
-1.187316638848761929e+00
-1.187316638848761929e+00
-1.173616727899193579e+00
-1.551221775189136842e+00
-1.551221775189136842e+00
-1.587306159677307260e+00
-1.587306159677307260e+00
-1.231388019871264783e+00
-1.231388019871264783e+00
-1.309042325847644905e+00
-1.309042325847644905e+00
-1.309042325847644905e+00
-1.309042325847644905e+00
-1.309042325847644905e+00
-1.309042325847644905e+00
-1.309042325847644905e+00
-1.418079682026186727e+00
-6.719599604173115415e-01
-7.613201776807331234e-01
-7.613201776807331234e-01
-7.613201776807331234e-01
-6.830809642781977553e-01
-6.830809642781977553e-01
-8.850241148901221155e-01
-8.850241148901221155e-01
-8.850241148901221155e-01
-1.460084698594469321e+00
-1.437026011489693333e+00
-1.437026011489693333e+00
-1.437026011489693333e+00
-1.349331320790338795e+00
-1.349331320790338795e+00
-1.349331320790338795e+00
-1.356622654929326544e+00
-6.949718158376224642e-01
-6.949718158376224642e-01
-9.419210277385815511e-01
-9.419210277385815511e-01
-8.722092671811785269e-01
-1.102962500948609037e+00
-1.102962500948609037e+00
-1.102962500948609037e+00
-1.102962500948609037e+00
-1.116595526714948106e+00
-1.182610764594706154e+00
-1.182610764594706154e+00
-1.182610764594706154e+00
-1.182610764594706154e+00
-1.182610764594706154e+00
-1.062598488944030528e+00
-1.089554248555009597e+00
-1.188005206081286902e+00
-1.066464141763023399e+00
-1.070969064606339893e+00
-1.002471771919193566e+00
-9.834087196857164148e-01
-9.834087196857164148e-01
-9.834087196857164148e-01
-9.834087196857164148e-01
-9.834087196857164148e-01
-9.834087196857164148e-01
-9.834087196857164148e-01
-9.834087196857164148e-01
-1.091393448111164677e+00
-1.091393448111164677e+00
-1.091393448111164677e+00
-1.091393448111164677e+00
-1.091393448111164677e+00
-1.103752200317439147e+00
-1.103752200317439147e+00
-8.526079930987050526e-01
-1.062646134982463408e+00
-1.062646134982463408e+00
-1.062646134982463408e+00
-1.216223516645323466e+00
-1.264254828505338546e+00
-1.166979271724292833e+00
-1.166979271724292833e+00
-1.073403739862270667e+00
-9.854401730586572761e-01
-9.497079454734289605e-01
-9.497079454734289605e-01
-8.497311496667646624e-01
-6.738714841644868336e-01
-1.143247231242613626e+00
-1.233607076613109754e+00
-1.174136417020267942e+00
-1.174136417020267942e+00
-1.174136417020267942e+00
-1.174136417020267942e+00
-1.174136417020267942e+00
-1.141056721834936116e+00
-1.141056721834936116e+00
-1.141056721834936116e+00
-1.141056721834936116e+00
-1.141056721834936116e+00
-1.141056721834936116e+00
-1.141056721834936116e+00
-1.141056721834936116e+00
-1.168851267006498329e+00
-1.141493080904208535e+00
-1.141493080904208535e+00
-1.141493080904208535e+00
-1.164509608507020788e+00
-1.185081392249964560e+00
-1.190806591691050187e+00
-1.190806591691050187e+00
-1.251818185474042222e+00
-1.275416197694237530e+00
-1.608276371134744087e+00
-1.766476109269800476e+00
-1.119162693092416117e+00
-1.119162693092416117e+00
-1.600595544503834677e+00
-1.600595544503834677e+00
-1.355891787343258770e+00
-1.355891787343258770e+00
-1.355891787343258770e+00
-1.355891787343258770e+00
-1.421211326861310464e+00
-1.421211326861310464e+00
-1.140324800277416895e+00
-1.140324800277416895e+00
-1.498538888317238360e+00
-1.542347950422767955e+00
-1.542347950422767955e+00
-1.542347950422767955e+00
-1.546272553175742859e+00
-1.542245578108046633e+00
-1.542245578108046633e+00
-1.542245578108046633e+00
-1.542245578108046633e+00
-1.542245578108046633e+00
-1.359721619243334123e+00
-1.359721619243334123e+00
-1.424500614642976393e+00
-1.221950160511678929e+00
-1.214043916038880733e+00
-1.409633073795297564e+00
-1.409633073795297564e+00
-1.409633073795297564e+00
-1.409633073795297564e+00
-1.409633073795297564e+00
-1.409633073795297564e+00
-1.558768613217719201e+00
-1.515796131295883420e+00
-1.556701257073873190e+00
-1.556701257073873190e+00
-1.544062327951047031e+00
-1.544062327951047031e+00
-1.544062327951047031e+00
-1.544062327951047031e+00
-1.544062327951047031e+00
-1.544062327951047031e+00
-1.544062327951047031e+00
-1.544062327951047031e+00
-1.375572018710368383e+00
-1.375572018710368383e+00
-1.258850823656878282e+00
-1.363484301510872188e+00
-1.363484301510872188e+00
-1.363484301510872188e+00
-1.363484301510872188e+00
-1.301716102019478516e+00
-1.261156733329114044e+00
-1.310224636025627332e+00
-1.310224636025627332e+00
-1.334120920979814162e+00
-1.637262249020024818e+00
-1.637262249020024818e+00
-1.637262249020024818e+00
-1.637262249020024818e+00
-1.637262249020024818e+00
-1.637262249020024818e+00
-1.637262249020024818e+00
-1.389524624765881455e+00
-1.389524624765881455e+00
-1.389524624765881455e+00
-1.414881454196745825e+00
-1.414881454196745825e+00
-1.315295506010676130e+00
-1.315295506010676130e+00
-1.031974400625620403e+00
-1.323770238415452605e+00
-1.323770238415452605e+00
-1.323770238415452605e+00
-1.797711471538670169e+00
-8.842658741784445997e-01
-8.842658741784445997e-01
-1.110680730606571576e+00
-1.342866147173277236e+00
-1.348195478629914179e+00
-1.474962517632052661e+00
-1.474962517632052661e+00
-1.393431563347230062e+00
-1.253541259781995931e+00
-1.267726088555545250e+00
-1.130700148915079195e+00
-1.207484411561658977e+00
-1.207484411561658977e+00
-1.207484411561658977e+00
-1.207484411561658977e+00
-1.039919563252164503e+00
-8.774104801095767847e-01
-9.598783194333702085e-01
-9.598783194333702085e-01
-9.598783194333702085e-01
-9.553319476288126832e-01
-9.553319476288126832e-01
-9.553319476288126832e-01
-1.583965688235716485e+00
-1.583965688235716485e+00
-1.441564438192163289e+00
-1.441564438192163289e+00
-1.441564438192163289e+00
-1.441564438192163289e+00
-1.155983095080162393e+00
-1.153326713702726769e+00
-1.298923289920966617e+00
-1.298923289920966617e+00
-1.047247254692696972e+00
-1.047247254692696972e+00
-1.430336513068392268e+00
-1.430336513068392268e+00
-1.333968632838853363e+00
-1.296111329904906739e+00
-1.189792366931017531e+00
-1.217016782477075454e+00
-1.217016782477075454e+00
-1.217016782477075454e+00
-1.244549728009781031e+00
-1.244549728009781031e+00
-1.683011903379972418e+00
-1.683011903379972418e+00
-1.683011903379972418e+00
-1.683011903379972418e+00
-1.683011903379972418e+00
-1.675023448128822645e+00
-1.675023448128822645e+00
-1.675023448128822645e+00
-1.477493633415700724e+00
-1.780651911221981853e+00
-1.780651911221981853e+00
-1.780651911221981853e+00
-1.752296705756732242e+00
-1.752296705756732242e+00
-1.752296705756732242e+00
-1.003601564062979845e+00
-1.003601564062979845e+00
-1.003601564062979845e+00
-1.003601564062979845e+00
-1.003601564062979845e+00
-1.003601564062979845e+00
-1.003601564062979845e+00
-1.268627261925497240e+00
-1.076165691343462072e+00
-1.076165691343462072e+00
-1.080784678926070219e+00
-1.056836146485150341e+00
-1.053996361952480365e+00
-1.320425941383460255e+00
-1.320425941383460255e+00
-1.413702378458407960e+00
-1.021519806501518746e+00
-1.021519806501518746e+00
-1.021519806501518746e+00
-9.894863843595932407e-01
-1.607277859408858589e+00
-1.650311329054848120e+00
-1.176540261888724404e+00
-1.176540261888724404e+00
-1.163055571380360531e+00
-1.163055571380360531e+00
-9.399153452460368152e-01
-8.238339108173868830e-01
-1.460105024051757461e+00
-1.460105024051757461e+00
-1.050445303078951564e+00
-1.050445303078951564e+00
-1.050445303078951564e+00
-1.071544038545069855e+00
-1.071544038545069855e+00
-1.159925835725100995e+00
-1.218508176657913777e+00
-1.218508176657913777e+00
-1.218530984886115442e+00
-1.218530984886115442e+00
-1.273990710620408473e+00
-1.087315265034003664e+00
-1.054198705008108972e+00
-1.054198705008108972e+00
-1.054198705008108972e+00
-1.054198705008108972e+00
-1.067948130517552663e+00
-1.067948130517552663e+00
-1.067948130517552663e+00
-1.437949712629151389e+00
-1.437949712629151389e+00
-1.516253053931208239e+00
-1.340690476316291235e+00
-1.340690476316291235e+00
-1.340690476316291235e+00
-1.481564358281788563e+00
-1.481564358281788563e+00
-1.481564358281788563e+00
-1.344359983898709698e+00
-1.344359983898709698e+00
-1.344359983898709698e+00
-1.281982290418554049e+00
-1.065496623889401695e+00
-1.329688037138369694e+00
-1.369332730732078618e+00
-1.369332730732078618e+00
-1.365735302925746408e+00
-1.365735302925746408e+00
-1.365735302925746408e+00
-1.365735302925746408e+00
-1.354354647135192824e+00
-1.354354647135192824e+00
-1.354354647135192824e+00
-1.354354647135192824e+00
-1.526547051074747641e+00
-1.526547051074747641e+00
-1.703038253755439380e+00
-1.611785635932748484e+00
-1.611785635932748484e+00
-1.611785635932748484e+00
-1.203000403057262746e+00
-1.203000403057262746e+00
-1.203000403057262746e+00
-9.604725189272595998e-01
-9.604725189272595998e-01
-1.102448163593437780e+00
-1.102448163593437780e+00
-1.102448163593437780e+00
-1.102448163593437780e+00
-1.102448163593437780e+00
-1.102448163593437780e+00
-1.102448163593437780e+00
-1.102448163593437780e+00
-1.041120601111104493e+00
-1.057055967088527337e+00
-1.057055967088527337e+00
-1.057055967088527337e+00
-1.047107569065495847e+00
-1.252331056257703246e+00
-1.208178546488594796e+00
-1.178528601798029207e+00
-9.941997969103399946e-01
-1.152429193296674592e+00
-9.256988333609064146e-01
-7.753206316765945960e-01
-7.771564539697989327e-01
-2.566824246880385907e-01
-7.951606193492124497e-01
-7.951606193492124497e-01
-7.951606193492124497e-01
-7.951606193492124497e-01
-8.018386260301988422e-01
-7.416362728440886176e-01
-7.416362728440886176e-01
-7.416362728440886176e-01
-1.433186601608760435e+00
-1.287542995814888735e+00
-1.287542995814888735e+00
-1.273681554479134226e+00
-1.273681554479134226e+00
-1.285792435979345560e+00
-1.657744420360623305e+00
-1.414914041394250033e+00
-1.824197970192387386e+00
-1.447936987055447267e+00
-1.447936987055447267e+00
-1.223831955241580838e+00
-1.123093287426013331e+00
-1.233510820882891990e+00
-1.233510820882891990e+00
-1.233510820882891990e+00
-1.409704409854240614e+00
-1.409704409854240614e+00
-1.283396901225824394e+00
-1.283396901225824394e+00
-1.346163933376000932e+00
-1.346163933376000932e+00
-1.346163933376000932e+00
-1.240841708878099192e+00
-1.240841708878099192e+00
-1.240841708878099192e+00
-1.304432538070514846e+00
-1.304432538070514846e+00
-1.304432538070514846e+00
-1.178767243103586715e+00
-1.178767243103586715e+00
-1.178767243103586715e+00
-1.178767243103586715e+00
-1.178767243103586715e+00
-1.192419876966549497e+00
-1.192419876966549497e+00
-1.192419876966549497e+00
-1.192419876966549497e+00
-1.180100844903085644e+00
-1.180100844903085644e+00
-1.180100844903085644e+00
-1.180100844903085644e+00
-1.231209122007249412e+00
-1.231209122007249412e+00
-1.231209122007249412e+00
-1.229465447227416686e+00
-1.191269438485963228e+00
-1.191269438485963228e+00
-1.174166994381171225e+00
-1.400132699418559223e+00
-1.400132699418559223e+00
-1.403783003336234181e+00
-1.625433553948949061e+00
-1.605135031463419626e+00
-1.154485001386778231e+00
-1.154485001386778231e+00
-1.006766028999121154e+00
-9.312253346619832062e-01
-9.312253346619832062e-01
-9.312253346619832062e-01
-9.312253346619832062e-01
-9.312253346619832062e-01
-9.312253346619832062e-01
-9.312253346619832062e-01
-9.312253346619832062e-01
-9.312253346619832062e-01
-1.556088122945388008e+00
-1.556088122945388008e+00
-1.543886750996343427e+00
-1.543886750996343427e+00
-1.543886750996343427e+00
-9.038533446663370441e-01
-9.038533446663370441e-01
-1.353522873865695031e+00
-1.387812452734302759e+00
-1.387812452734302759e+00
-1.387812452734302759e+00
-1.387812452734302759e+00
-1.387812452734302759e+00
-1.387812452734302759e+00
-1.333526909264314719e+00
-1.239522654693746118e+00
-8.643119543021479112e-01
-8.643119543021479112e-01
-1.373715041709986151e+00
-1.316986274229494436e+00
-1.316986274229494436e+00
-1.147103969948582325e+00
-1.162228324143568248e+00
-1.039482249062838815e+00
-7.608579005786302307e-01
-7.608579005786302307e-01
-7.608579005786302307e-01
-7.608579005786302307e-01
-7.608579005786302307e-01
-7.608579005786302307e-01
-7.608579005786302307e-01
-1.165283055696481718e+00
-1.165283055696481718e+00
-1.165283055696481718e+00
-1.168670180848633500e+00
-1.168670180848633500e+00
-1.168670180848633500e+00
-1.168670180848633500e+00
-1.168670180848633500e+00
-1.100808650107556685e+00
-1.100808650107556685e+00
-9.378189169869745045e-01
-1.257112774521137899e+00
-1.257112774521137899e+00
-1.257112774521137899e+00
-1.257112774521137899e+00
-1.257112774521137899e+00
-1.243368030651905709e+00
-1.243368030651905709e+00
-8.777761860784063508e-01
-8.777761860784063508e-01
-8.559061171323734118e-01
-7.986260013092240095e-01
-7.891531856366753583e-01
-1.036229476994488197e+00
-1.048328845037462376e+00
-1.282678091766160877e+00
-1.283177875406821489e+00
-1.279340581226680484e+00
-1.299139824857867165e+00
-1.079351521010120551e+00
-1.048505668276702218e+00
-1.048505668276702218e+00
-1.019799654999699712e+00
-1.110715091676047095e+00
-1.360218978537715007e+00
-1.360218978537715007e+00
-1.360218978537715007e+00
-1.053842523427468647e+00
-1.053842523427468647e+00
-9.162219819606810534e-01
-9.162219819606810534e-01
-9.162219819606810534e-01
-9.162219819606810534e-01
-9.162219819606810534e-01
-9.039425053528559184e-01
-1.043586935498138857e+00
-1.304642219136549208e+00
-1.368930201379558342e+00
-9.196919773757969985e-01
-9.196919773757969985e-01
-1.121177504596654106e+00
-1.121177504596654106e+00
-1.121177504596654106e+00
-1.121177504596654106e+00
-1.232889901743896788e+00
-1.232889901743896788e+00
-1.232889901743896788e+00
-1.181440578406395492e+00
-1.181440578406395492e+00
-1.314916240631551769e+00
-1.314916240631551769e+00
-1.217129445837010993e+00
-1.041084488296487809e+00
-1.047275700899650497e+00
-1.152801100794122124e+00
-1.152801100794122124e+00
-1.152801100794122124e+00
-1.152801100794122124e+00
-1.152801100794122124e+00
-1.133419777363960268e+00
-1.086108784415749984e+00
-1.086108784415749984e+00
-1.100490918633004078e+00
-1.100490918633004078e+00
-1.100490918633004078e+00
-8.637659568981154168e-01
-1.407151935172045620e+00
-1.386366951892757271e+00
-1.507809642205327094e+00
-1.653066933548303474e+00
-1.653066933548303474e+00
-1.406299964158467031e+00
-1.406299964158467031e+00
-1.406299964158467031e+00
-1.406299964158467031e+00
-1.406299964158467031e+00
-1.513689580080348707e+00
-1.513689580080348707e+00
-1.513689580080348707e+00
-1.513689580080348707e+00
-1.513689580080348707e+00
-1.513689580080348707e+00
-9.106755463913493998e-01
-9.106755463913493998e-01
-9.106755463913493998e-01
-9.106755463913493998e-01
-9.259229684628257351e-01
-1.055511879976616552e+00
-1.200791616625041636e+00
-1.162361817165131539e+00
-1.162361817165131539e+00
-8.797978430048657428e-01
-8.797978430048657428e-01
-8.797978430048657428e-01
-1.071689605536654488e+00
-9.808212528707248579e-01
-1.297213600608028372e+00
-1.297213600608028372e+00
-1.357930563075867791e+00
-1.417284572165905754e+00
-1.417284572165905754e+00
-1.364741199202693211e+00
-1.305555651650885940e+00
-1.278344483543930155e+00
-1.278344483543930155e+00
-1.083582772289792384e+00
-1.083582772289792384e+00
-1.025139040082795994e+00
-1.025139040082795994e+00
-1.037130947065595166e+00
-1.037130947065595166e+00
-1.037130947065595166e+00
-1.037130947065595166e+00
-1.037130947065595166e+00
-1.037130947065595166e+00
-1.037130947065595166e+00
-1.037130947065595166e+00
-7.535813329296338070e-01
-7.463746876804775443e-01
-9.396830291301384586e-01
-9.396830291301384586e-01
-1.022592627223827932e+00
-1.045573272218689453e+00
-1.045573272218689453e+00
-9.297192356320895801e-01
-1.195426331024908251e+00
-1.101556716127996882e+00
-1.203063057363594313e+00
-1.261988249887817659e+00
-1.119584651752145499e+00
-1.269721655041713859e+00
-1.118130201889361297e+00
-1.118130201889361297e+00
-1.084771526673534048e+00
-1.180859987510657572e+00
-1.231525800270639515e+00
-1.231525800270639515e+00
-1.231525800270639515e+00
-1.100832879981909818e+00
-1.153394430906983903e+00
-1.153394430906983903e+00
-1.153394430906983903e+00
-1.134989466308919059e+00
-1.134989466308919059e+00
-1.134989466308919059e+00
-9.768084770263095740e-01
-9.768084770263095740e-01
-9.768084770263095740e-01
-9.768084770263095740e-01
-1.234797952365148221e+00
-1.391553703770379125e+00
-1.391553703770379125e+00
-1.391553703770379125e+00
-1.391553703770379125e+00
-1.394154293307777515e+00
-1.426751020525539593e+00
-1.426751020525539593e+00
-1.426751020525539593e+00
-1.107573592840951360e+00
-1.107573592840951360e+00
-1.107573592840951360e+00
-1.107573592840951360e+00
-1.107573592840951360e+00
-8.763302200538665154e-01
-8.763302200538665154e-01
-1.010220588031495392e+00
-1.010220588031495392e+00
-9.706218877544948720e-01
-9.706218877544948720e-01
-9.706218877544948720e-01
-7.023088792887524079e-01
-7.706059112567487102e-01
-7.648708349115467264e-01
-8.973727772567382521e-01
-8.973727772567382521e-01
-1.075436028086410811e+00
-1.075436028086410811e+00
-1.075436028086410811e+00
-1.075436028086410811e+00
-1.099282744305189130e+00
-1.077582436796100884e+00
-1.077582436796100884e+00
-1.099224006401800402e+00
-1.099224006401800402e+00
-1.099224006401800402e+00
-1.280417954787718582e+00
-1.280417954787718582e+00
-1.245835633531398701e+00
-1.209489806728982320e+00
-1.209489806728982320e+00
-1.209489806728982320e+00
-1.209489806728982320e+00
-9.078564303607058461e-01
-9.078564303607058461e-01
-9.078564303607058461e-01
-1.283583525099996958e+00
-1.283583525099996958e+00
-1.159711590496266265e+00
-1.159711590496266265e+00
-1.159711590496266265e+00
-1.159711590496266265e+00
-1.159711590496266265e+00
-1.159711590496266265e+00
-1.159711590496266265e+00
-1.159711590496266265e+00
-1.159711590496266265e+00
-1.159711590496266265e+00
-1.048143892393970322e+00
-1.061951047863160413e+00
-1.239051684958942134e+00
-1.137715657300635952e+00
-1.139279604969056336e+00
-1.026934866815932601e+00
-1.026934866815932601e+00
-1.095297555653222732e+00
-9.661974914680430127e-01
-9.506973011397030771e-01
-9.506973011397030771e-01
-1.492256428544270319e+00
-1.015064076280614014e+00
-1.015064076280614014e+00
-1.015064076280614014e+00
-1.015064076280614014e+00
-1.445812300986208276e+00
-1.445812300986208276e+00
-1.445954073711601229e+00
-1.445954073711601229e+00
-1.445954073711601229e+00
-1.329540601364870733e+00
-1.329540601364870733e+00
-1.329540601364870733e+00
-1.329540601364870733e+00
-1.335129808500430393e+00
-1.211968350812487438e+00
-1.211968350812487438e+00
-1.211968350812487438e+00
-1.211968350812487438e+00
-1.211968350812487438e+00
-1.146143162049443553e+00
-1.146143162049443553e+00
-1.146143162049443553e+00
-1.146143162049443553e+00
-1.146143162049443553e+00
-1.146143162049443553e+00
-1.146143162049443553e+00
-1.146143162049443553e+00
-1.146143162049443553e+00
-1.146143162049443553e+00
-8.635294366092527429e-01
-9.533276203805599591e-01
-1.208858983368115592e+00
-1.208858983368115592e+00
-1.028265512168069051e+00
-1.124932361014745030e+00
-1.204350980273301674e+00
-1.204350980273301674e+00
-8.566207074772458352e-01
-1.291390457646934165e+00
-1.291390457646934165e+00
-1.291390457646934165e+00
-1.291390457646934165e+00
-1.291390457646934165e+00
-1.065051939643043566e+00
-1.065051939643043566e+00
-1.065051939643043566e+00
-9.800962496923927292e-01
-9.854368069888835846e-01
-9.854368069888835846e-01
-9.854368069888835846e-01
-9.934397783076230892e-01
-1.212094296011910988e+00
-1.212094296011910988e+00
-8.399368280916078566e-01
-9.138981672563748493e-01
-9.639205019845662470e-01
-9.535177111976023134e-01
-9.535177111976023134e-01
-9.535177111976023134e-01
-9.535177111976023134e-01
-9.535177111976023134e-01
-9.535177111976023134e-01
-9.666378858795173779e-01
-1.039488630563934368e+00
-1.081290149671623402e+00
-1.155403365800769189e+00
-1.155403365800769189e+00
-1.155403365800769189e+00
-1.155403365800769189e+00
-1.155403365800769189e+00
-1.155403365800769189e+00
-1.155403365800769189e+00
-1.155403365800769189e+00
-1.155403365800769189e+00
-1.155403365800769189e+00
-1.155403365800769189e+00
-8.824587329654715040e-01
-9.570005558675735990e-01
-9.570005558675735990e-01
-9.570005558675735990e-01
-9.574301636993212128e-01
-1.303271576974825541e+00
-9.586539543364192006e-01
-9.580799836777822431e-01
-9.580799836777822431e-01
-9.580799836777822431e-01
-9.580799836777822431e-01
-1.669288697592240966e+00
-1.236677926216749102e+00
-1.516111178048139330e+00
-1.297666911935282608e+00
-1.297666911935282608e+00
-1.385044945196753252e+00
-1.402290993401987818e+00
-1.402290993401987818e+00
-1.450046804968939673e+00
-1.310279015273092984e+00
-1.285348361254508021e+00
-1.285348361254508021e+00
-1.565389889020507130e+00
-1.565389889020507130e+00
-1.191500883991104098e+00
-1.176927158759246472e+00
-1.176927158759246472e+00
-1.120877558586157674e+00
-1.120877558586157674e+00
-1.260920664027799454e+00
-1.261682523351988161e+00
-1.261682523351988161e+00
-1.261682523351988161e+00
-1.308988024559242014e+00
-1.250202790413414533e+00
-1.566570828632479984e+00
-1.566570828632479984e+00
-1.576062400685220855e+00
-1.491786561678781098e+00
-1.491786561678781098e+00
-1.353240174383484318e+00
-1.353240174383484318e+00
-1.353240174383484318e+00
-1.353240174383484318e+00
-1.353240174383484318e+00
-1.305404982489902110e+00
-1.162379217130018016e+00
-1.162379217130018016e+00
-1.136237982473666364e+00
-1.136237982473666364e+00
-1.136237982473666364e+00
-1.403946162589548630e+00
-1.403946162589548630e+00
-1.312361231808630624e+00
-1.220857909501374294e+00
-8.843079205280882649e-01
-8.843079205280882649e-01
-9.990795840155063390e-01
-9.990795840155063390e-01
-1.109876881570830642e+00
-1.109876881570830642e+00
-1.109876881570830642e+00
-1.109876881570830642e+00
-1.111065175155245832e+00
-1.166005490114141452e+00
-1.357146093608189608e+00
-1.354332942660180228e+00
-1.354332942660180228e+00
-1.354332942660180228e+00
-1.354332942660180228e+00
-1.015647638268641018e+00
-1.015647638268641018e+00
-1.014811235633029884e+00
-1.014811235633029884e+00
-1.160310680361949176e+00
-1.160310680361949176e+00
-1.160310680361949176e+00
-1.308776122706075240e+00
-1.308776122706075240e+00
-1.443222212815674199e+00
-1.443222212815674199e+00
-1.443222212815674199e+00
-1.443222212815674199e+00
-1.057883094438707650e+00
-1.109088979477549586e+00
-8.413486041426135875e-01
-8.413486041426135875e-01
-8.413486041426135875e-01
-8.413486041426135875e-01
-8.351065967221085184e-01
-8.351065967221085184e-01
-8.351065967221085184e-01
-1.050452735790880388e+00
-1.050452735790880388e+00
-9.882631312987677497e-01
-9.884465089780845037e-01
-1.297089845974292555e+00
-1.319734344888382038e+00
-9.915685456737162173e-01
-9.915685456737162173e-01
-9.915685456737162173e-01
-9.933412586371228592e-01
-9.972732761777175492e-01
-9.972732761777175492e-01
-9.972732761777175492e-01
-9.972732761777175492e-01
-9.972732761777175492e-01
-9.972732761777175492e-01
-9.911016839897931474e-01
-9.911016839897931474e-01
-9.911016839897931474e-01
-1.008597056162688688e+00
-1.029767712846697103e+00
-8.859667666451174206e-01
-8.859667666451174206e-01
-8.859667666451174206e-01
-1.339311525888663423e+00
-1.269218181881708540e+00
-1.269218181881708540e+00
-9.765665001723976557e-01
-9.765665001723976557e-01
-1.123998227900807168e+00
-1.041330145409275598e+00
-1.041330145409275598e+00
-1.041330145409275598e+00
-1.115491594074902615e+00
-1.115491594074902615e+00
-1.115491594074902615e+00
-1.207324268661472022e+00
-1.130407776402404751e+00
-1.130407776402404751e+00
-1.130407776402404751e+00
-1.249879637230347562e+00
-1.213546538904337835e+00
-1.016517221414242167e+00
-1.016517221414242167e+00
-1.016517221414242167e+00
-1.016517221414242167e+00
-1.016517221414242167e+00
-1.031126639383334265e+00
-1.130087256805243801e+00
-1.159165024974608826e+00
-1.441726673566769756e+00
-1.182031251643790304e+00
-1.182031251643790304e+00
-1.414575869176385892e+00
-1.414575869176385892e+00
-1.414575869176385892e+00
-1.463233246688611766e+00
-1.560529348662706983e+00
-1.560529348662706983e+00
-1.573426706075825354e+00
-1.689544255533538708e+00
-1.689544255533538708e+00
-1.689544255533538708e+00
-1.430929582321790905e+00
-1.430929582321790905e+00
-1.430929582321790905e+00
-1.035066627018916385e+00
-1.038597109753974346e+00
-1.038597109753974346e+00
-1.038597109753974346e+00
-1.038597109753974346e+00
-1.818356068900238043e+00
-1.766435782233064078e+00
-1.766435782233064078e+00
-1.766435782233064078e+00
-1.766435782233064078e+00
-1.451718589117394265e+00
-1.451718589117394265e+00
-1.451718589117394265e+00
-1.108163731936376184e+00
-1.106989593677760952e+00
-1.106989593677760952e+00
-1.106989593677760952e+00
-1.481306710343061273e+00
-1.587434997620329469e+00
-1.587434997620329469e+00
-1.709352325038198339e+00
-1.709352325038198339e+00
-1.709352325038198339e+00
-1.709352325038198339e+00
-1.714638863836528859e+00
-1.434416213916817284e+00
-1.065078620375966123e+00
-1.065078620375966123e+00
-1.065078620375966123e+00
-1.287225547267319969e+00
-8.649441724714196367e-01
-8.440813289841937461e-01
-1.191628202701139561e+00
-9.629232177517481617e-01
-9.629232177517481617e-01
-1.232349573973961387e+00
-1.232349573973961387e+00
-1.255838054336554821e+00
-1.255022483873944328e+00
-1.085069057109423474e+00
-1.085069057109423474e+00
-1.105594644725022668e+00
-9.628374359197745536e-01
-9.878253153163849554e-01
-9.878253153163849554e-01
-9.878253153163849554e-01
-9.407521131774255752e-01
-1.018217075616759004e+00
-8.643456712674901787e-01
-8.643456712674901787e-01
-8.107997168187323078e-01
-1.757238643675147260e+00
-1.757238643675147260e+00
-1.757238643675147260e+00
-1.547926419661333153e+00
-1.549489908938219473e+00
-1.546475794948148241e+00
-1.454195058798840146e+00
-1.454195058798840146e+00
-1.690125847943223292e+00
-1.690125847943223292e+00
-1.557325856568807509e+00
-1.557325856568807509e+00
-1.557325856568807509e+00
-1.293395605283621741e+00
-1.367852828208032445e+00
-1.397940989194113026e+00
-1.310730550132709782e+00
-1.117416184112673960e+00
-1.467892433341957403e+00
-1.467892433341957403e+00
-1.597063196848253819e+00
-1.159394394931240635e+00
-1.153456577738362965e+00
-1.065094713358149647e+00
-1.072642323216953963e+00
-1.072642323216953963e+00
-1.041662801993014087e+00
-1.041662801993014087e+00
-1.191833091431670155e+00
-1.191833091431670155e+00
-1.515128789934252929e+00
-9.146056370052281226e-01
-9.146056370052281226e-01
-1.163085692440831487e+00
-1.252791016248029354e+00
-1.247257221335161148e+00
-1.247257221335161148e+00
-1.247257221335161148e+00
-1.247257221335161148e+00
-1.247257221335161148e+00
-9.699343999580877229e-01
-1.120814198140023921e+00
-1.494084108182987869e+00
-1.494084108182987869e+00
-1.558434529235022570e+00
-1.597610277927838052e+00
-1.150322069637311984e+00
-1.150322069637311984e+00
-1.384610701752359008e+00
-1.139446684026209855e+00
-1.012935775548655215e+00
-1.267436286484182162e+00
-1.186639023500400736e+00
-1.183108070491458719e+00
-1.183108070491458719e+00
-1.183108070491458719e+00
-1.172531480601314957e+00
-1.172531480601314957e+00
-1.197951657740192299e+00
-1.342268769024847597e+00
-1.342268769024847597e+00
-1.245568733954048213e+00
-1.245568733954048213e+00
-1.245568733954048213e+00
-1.245568733954048213e+00
-1.370196810444087143e+00
-1.370196810444087143e+00
-1.290084467997163697e+00
-1.290084467997163697e+00
-1.290084467997163697e+00
-1.356445521713747215e+00
-1.356445521713747215e+00
-1.105830461161652511e+00
-1.175763002351310371e+00
-1.175763002351310371e+00
-1.174789980358317276e+00
-1.174789980358317276e+00
-1.175598978351424018e+00
-1.175598978351424018e+00
-9.819772946684593995e-01
-9.819772946684593995e-01
-1.135072287437557836e+00
-1.123494607522422584e+00
-1.123494607522422584e+00
-1.123494607522422584e+00
-1.123494607522422584e+00
-1.167042799363049665e+00
-1.167042799363049665e+00
-1.167042799363049665e+00
-1.167042799363049665e+00
-1.167042799363049665e+00
-1.243592376359685892e+00
-1.243592376359685892e+00
-1.022113603399217530e+00
-1.038231834593767777e+00
-1.038231834593767777e+00
-1.025997568644513303e+00
-1.025997568644513303e+00
-9.314706063095391508e-01
-1.036684596148104598e+00
-1.036684596148104598e+00
-1.103648722919250647e+00
-1.103648722919250647e+00
-1.103648722919250647e+00
-1.272688062059883052e+00
-1.332228999762652411e+00
-1.332228999762652411e+00
-1.350720555667893619e+00
-1.350720555667893619e+00
-1.199951026140938071e+00
-1.264228095437402555e+00
-1.264228095437402555e+00
-1.249649234635165307e+00
-1.047736248794700620e+00
-1.047736248794700620e+00
-1.136295652286135383e+00
-1.136295652286135383e+00
-1.136295652286135383e+00
-1.136295652286135383e+00
-1.136295652286135383e+00
-1.136295652286135383e+00
-1.136295652286135383e+00
-1.196978391585893364e+00
-1.196978391585893364e+00
-1.196978391585893364e+00
-1.455457054773702685e+00
-1.694711550604119710e+00
-1.721835951834489453e+00
-1.721835951834489453e+00
-1.473882242593739456e+00
-1.473882242593739456e+00
-1.473882242593739456e+00
-1.473882242593739456e+00
-1.473882242593739456e+00
-1.473882242593739456e+00
-1.473882242593739456e+00
-1.531850212642122955e+00
-1.531850212642122955e+00
-9.519806692745145238e-01
-9.519806692745145238e-01
-1.319620849435352294e+00
-1.014400978144551768e+00
-1.502839740601818352e+00
-1.484173231566880302e+00
-1.522914037570167300e+00
-1.590149118096894965e+00
-1.590149118096894965e+00
-1.443532752868924351e+00
-1.443532752868924351e+00
-1.443532752868924351e+00
-1.677318343046368065e+00
-8.874887309902170784e-01
-8.874887309902170784e-01
-1.527388938276839525e+00
-1.346538633732175638e+00
-1.346538633732175638e+00
-1.346538633732175638e+00
-1.348181031121762574e+00
-1.335145780405789795e+00
-1.135653971549063668e+00
-1.135653971549063668e+00
-1.072508811871547785e+00
-1.072508811871547785e+00
-1.072508811871547785e+00
-1.072508811871547785e+00
-1.059605388228097800e+00
-1.059605388228097800e+00
-1.059605388228097800e+00
-1.076879023419965220e+00
-1.033969489722791346e+00
-1.138329222397182372e+00
-1.138329222397182372e+00
-1.138329222397182372e+00
-1.003362827284217440e+00
-1.003362827284217440e+00
-1.005960940992846053e+00
-1.005960940992846053e+00
-6.986703663471696135e-01
-6.986703663471696135e-01
-6.986703663471696135e-01
-1.166496041079268187e+00
-1.177918845452373020e+00
-9.334280149574032404e-01
-9.334280149574032404e-01
-1.030570394309550553e+00
-1.030570394309550553e+00
-1.041247241994523565e+00
-1.041353054626876773e+00
-1.041353054626876773e+00
-1.041353054626876773e+00
-1.041353054626876773e+00
-1.041353054626876773e+00
-1.041353054626876773e+00
-1.041353054626876773e+00
-1.041353054626876773e+00
-9.262128867262267029e-01
-9.044756229116466262e-01
-8.580587604597006424e-01
-1.669244856079515227e+00
-1.669244856079515227e+00
-1.669244856079515227e+00
-1.760005942160151937e+00
-1.474569882120787323e+00
-1.585267312196683154e+00
-1.613167069426771238e+00
-1.457125519810107184e+00
-1.474096806895932810e+00
-1.107122739647541376e+00
-1.705429270528230123e+00
-1.549121504555303952e+00
-1.549121504555303952e+00
-1.583533606431496432e+00
-1.483323226424621444e+00
-1.483323226424621444e+00
-1.517421317851957330e+00
-1.517421317851957330e+00
-1.517421317851957330e+00
-1.464508053640502849e+00
-1.464508053640502849e+00
-1.553152918021785567e+00
-1.553152918021785567e+00
-1.411388377652986970e+00
-1.411388377652986970e+00
-1.411388377652986970e+00
-1.581516246219698107e+00
-1.314655972866424438e+00
-1.314655972866424438e+00
-1.460408878590023107e+00
-1.320518514468243865e+00
-1.320518514468243865e+00
-1.360266547925719660e+00
-1.360266547925719660e+00
-1.589386119719211177e+00
-1.211542180718994555e+00
-1.508098796479668824e+00
-1.518806658244169938e+00
-1.518806658244169938e+00
-1.518806658244169938e+00
-1.518806658244169938e+00
-1.518806658244169938e+00
-1.527279927351443911e+00
-1.458551552401557982e+00
-1.590587501315557928e+00
-1.590587501315557928e+00
-1.816684425711745154e+00
-1.816684425711745154e+00
-1.816684425711745154e+00
-1.158974411754415179e+00
-1.158974411754415179e+00
-1.207064805032755261e+00
-1.207064805032755261e+00
-9.879500489226611393e-01
-5.242214074533126933e-01
-5.242214074533126933e-01
-5.242214074533126933e-01
-5.242214074533126933e-01
-9.458627394630344520e-01
-9.458627394630344520e-01
-1.205441545257422531e+00
-1.205441545257422531e+00
-1.304567786914041516e+00
-1.303681053032663018e+00
-1.303681053032663018e+00
-1.322210870011222505e+00
-9.517917430234436038e-01
-9.517917430234436038e-01
-9.952429937881478450e-01
-9.952429937881478450e-01
-9.952429937881478450e-01
-1.385288350441149507e+00
-1.492128712516962885e+00
-1.492128712516962885e+00
-1.499494955450924705e+00
-1.499494955450924705e+00
-1.499494955450924705e+00
-1.499494955450924705e+00
-1.385804528070337049e+00
-1.385804528070337049e+00
-1.432649470637559874e+00
-1.426642962409565563e+00
-1.426642962409565563e+00
-1.426642962409565563e+00
-1.426642962409565563e+00
-1.426642962409565563e+00
-1.662842426400860996e+00
-1.662842426400860996e+00
-1.564516211383533140e+00
-1.564516211383533140e+00
-1.564516211383533140e+00
-1.564704757505508859e+00
-1.564704757505508859e+00
-1.173905892925844574e+00
-1.251644831245747103e+00
-1.251644831245747103e+00
-1.248047802666192085e+00
-1.248047802666192085e+00
-1.159090036916234689e+00
-1.218488739514290708e+00
-1.358652728054351222e+00
-1.358652728054351222e+00
-1.358652728054351222e+00
-1.373331210926754808e+00
-1.318841941715835686e+00
-1.318841941715835686e+00
-1.338289676112280224e+00
-1.346179742356024667e+00
-1.346179742356024667e+00
-1.346179742356024667e+00
-1.346179742356024667e+00
-9.992533587809104834e-01
-9.462239864174077919e-01
-1.395371204848608659e+00
-1.463362999386499386e+00
-1.463362999386499386e+00
-9.686362648524021735e-01
-9.686362648524021735e-01
-9.410605896712280760e-01
-1.319688113962205867e+00
-1.289804870198063780e+00
-1.289804870198063780e+00
-1.289804870198063780e+00
-1.289804870198063780e+00
-1.229932809724528342e+00
-9.499047479715458930e-01
-1.093636597100275942e+00
-1.093636597100275942e+00
-1.093636597100275942e+00
-1.001407680976079018e+00
-1.001407680976079018e+00
-1.061735155020784083e+00
-1.054060734910940544e+00
-1.054060734910940544e+00
-1.054060734910940544e+00
-1.054060734910940544e+00
-1.105666845702963474e+00
-1.105666845702963474e+00
-1.105666845702963474e+00
-1.097661303121511667e+00
-1.087735491444490332e+00
-9.603108836859203246e-01
-1.322611244584654733e+00
-1.322611244584654733e+00
-1.529398125957524668e+00
-1.204611099998651236e+00
-1.230566761741763049e+00
-1.230566761741763049e+00
-1.230566761741763049e+00
-1.230566761741763049e+00
-1.230566761741763049e+00
-1.230566761741763049e+00
-1.230566761741763049e+00
-1.238768072417554711e+00
-1.231947880454117739e+00
-1.075206561430769980e+00
-1.020850840101935164e+00
-1.170414777463349099e+00
-1.170414777463349099e+00
-1.170414777463349099e+00
-1.170414777463349099e+00
-1.170629672753393136e+00
-1.170629672753393136e+00
-1.170629672753393136e+00
-1.170629672753393136e+00
-1.243104721246558686e+00
-1.491744553939241325e+00
-1.491744553939241325e+00
-1.491744553939241325e+00
-1.434443540834136721e+00
-1.434443540834136721e+00
-1.397606044466557451e+00
-1.397606044466557451e+00
-1.397606044466557451e+00
-7.731540600956752218e-01
-4.869398699661735552e-01
-4.869398699661735552e-01
-1.029254547636467176e+00
-1.014196393489849024e+00
-1.026026695005852751e+00
-1.413133549400194422e+00
-9.462233065221523631e-01
-9.795606668361095393e-01
-9.795606668361095393e-01
-1.113425266139223879e+00
-1.113425266139223879e+00
-1.113425266139223879e+00
-9.122110981856245138e-01
-9.122110981856245138e-01
-1.276973629522643483e+00
-1.031909996438176602e+00
-1.416393251787281704e+00
-1.378002627629765664e+00
-1.378002627629765664e+00
-1.378002627629765664e+00
-1.436509619141410621e+00
-1.444333456550106032e+00
-1.097124134552811547e+00
-1.097124134552811547e+00
-1.079098290276861327e+00
-1.148175473504445598e+00
-1.148175473504445598e+00
-1.148175473504445598e+00
-1.148175473504445598e+00
-1.114221403085503104e+00
-1.114221403085503104e+00
-1.114221403085503104e+00
-1.151397106514202351e+00
-1.151397106514202351e+00
-1.190776516120787720e+00
-1.190776516120787720e+00
-1.225158599477297994e+00
-1.260837760612943281e+00
-1.260837760612943281e+00
-1.245125332597052381e+00
-9.697145110267815227e-01
-1.181097284984141016e+00
-1.427661154493948370e+00
-1.165483818438159958e+00
-1.165483818438159958e+00
-1.175781486882901294e+00
-9.507181597568876708e-01
-1.016542946616830312e+00
-1.073283326165789919e+00
-1.073283326165789919e+00
-1.073283326165789919e+00
-1.097728212881953880e+00
-1.038771446697637657e+00
-1.038771446697637657e+00
-1.038771446697637657e+00
-1.092688688352098536e+00
-7.983411771758689435e-01
-1.224065628553187901e+00
-1.288936280815210500e+00
-1.276265977403450824e+00
-1.326058842567013674e+00
-1.326058842567013674e+00
-1.326058842567013674e+00
-1.326058842567013674e+00
-1.491960301444860804e+00
-1.491960301444860804e+00
-1.491960301444860804e+00
-1.534178099207645918e+00
-1.328248838222669370e+00
-1.394068603982715704e+00
-1.337649738195034077e+00
-1.257335556555932099e+00
-1.315205098372530523e+00
-1.315205098372530523e+00
-1.315205098372530523e+00
-1.110438166659661885e+00
-1.453694894807430416e+00
-9.401475088550219628e-01
-9.363669975626726094e-01
-9.363669975626726094e-01
-9.363669975626726094e-01
-7.735971526537609444e-01
-8.272973394382202583e-01
-8.272973394382202583e-01
-8.272973394382202583e-01
-8.272973394382202583e-01
-1.155105095836230555e+00
-1.155105095836230555e+00
-1.155105095836230555e+00
-1.155105095836230555e+00
-1.155105095836230555e+00
-1.580589194547591392e+00
-1.444136995666505996e+00
-1.444136995666505996e+00
-8.128465959777319005e-01
-8.128465959777319005e-01
-8.128465959777319005e-01
-8.128465959777319005e-01
-8.080949890908384337e-01
-9.648004142694519558e-01
-1.294324606780173692e+00
-1.214340467449487981e+00
-1.159430916067810013e+00
-1.165315820929891499e+00
-1.165315820929891499e+00
-1.165315820929891499e+00
-1.326186887546290105e+00
-1.579886609886436588e+00
-1.609971638943438643e+00
-1.434346043444625796e+00
-1.499183879721411428e+00
-1.436928436240838991e+00
-1.348755515475451583e+00
-1.404420815072609408e+00
-1.465022622978658262e+00
-1.464058869436639210e+00
-1.464058869436639210e+00
-1.421566981218256309e+00
-1.080292376157049095e+00
-7.963429629245017960e-01
-7.952741710832220701e-01
-7.952741710832220701e-01
-7.952741710832220701e-01
-9.674372075035283514e-01
-7.002552608901314590e-01
-8.240919865037408254e-01
-1.035485775890643723e+00
-1.035485775890643723e+00
-1.035485775890643723e+00
-2.183636119231110229e+00
-1.094031092798651628e+00
-1.258399616090848161e+00
-1.107264252230760970e+00
-1.107264252230760970e+00
-1.107264252230760970e+00
-1.107264252230760970e+00
-1.107264252230760970e+00
-1.107264252230760970e+00
-1.107264252230760970e+00
-8.986301415263840964e-01
-8.986301415263840964e-01
-1.040659819663250829e+00
-1.040659819663250829e+00
-1.040659819663250829e+00
-1.040659819663250829e+00
-1.044164397190865845e+00
-1.004015134922353836e+00
-1.330961620243370280e+00
-1.330961620243370280e+00
-1.208697690820477177e+00
-1.422217487526244328e+00
-1.341742423344626678e+00
-1.303173836937158825e+00
-1.428323090295432696e+00
-1.428323090295432696e+00
-1.344330618999244775e+00
-1.338451414689769248e+00
-1.508533793952611335e+00
-1.381251502843302559e+00
-1.239754891629583078e+00
-1.456033984446557072e+00
-1.456033984446557072e+00
-1.456033984446557072e+00
-1.246181871830534638e+00
-1.223104115855238705e+00
-1.321705553774966679e+00
-1.221395096636750388e+00
-1.221395096636750388e+00
-1.221395096636750388e+00
-1.221395096636750388e+00
-1.221395096636750388e+00
-1.076500949302785504e+00
-1.079363542876975446e+00
-1.079363542876975446e+00
-1.019885176670910720e+00
-1.019885176670910720e+00
-1.019885176670910720e+00
-1.019885176670910720e+00
-1.155070702216630441e+00
-9.641899466207435321e-01
-1.026115191658113712e+00
-1.278234699078759196e+00
-1.188330343719562254e+00
-1.255146226873001591e+00
-1.255146226873001591e+00
-1.255146226873001591e+00
-1.255146226873001591e+00
-1.234788323756209394e+00
-1.234788323756209394e+00
-1.234788323756209394e+00
-1.363804027567091071e+00
-1.269249758028726971e+00
-1.269249758028726971e+00
-1.068546448727691001e+00
-1.066376865092371284e+00
-1.035761352757651466e+00
-7.804891311654572617e-01
-1.202088262797341267e+00
-1.246529020227550966e+00
-1.246529020227550966e+00
-1.259276740290501406e+00
-1.259276740290501406e+00
-1.333006147057498536e+00
-1.297242569487643937e+00
-1.297242569487643937e+00
-1.016160989134007320e+00
-8.195187755170134647e-01
-8.195187755170134647e-01
-1.348348119498876452e+00
-1.212040549800755374e+00
-1.212040549800755374e+00
-1.212040549800755374e+00
-1.212040549800755374e+00
-1.212040549800755374e+00
-9.291747844800761769e-01
-9.291747844800761769e-01
-9.291747844800761769e-01
-1.407064967325221350e+00
-1.407064967325221350e+00
-1.407064967325221350e+00
-1.365700129124618911e+00
-1.280969805136836559e+00
-9.287156835332462945e-01
-9.363235077809517470e-01
-9.363235077809517470e-01
-9.363235077809517470e-01
-9.363235077809517470e-01
-1.379089206083917940e+00
-1.386287766234834962e+00
-1.416695394840328026e+00
-1.416695394840328026e+00
-1.228537615067263777e+00
-1.228537615067263777e+00
-1.223139756458518690e+00
-1.223139756458518690e+00
-1.505076745413629791e+00
-1.306127378796839711e+00
-1.306127378796839711e+00
-1.638783116312530153e+00
-1.482972518946694462e+00
-1.498957390289715752e+00
-1.498957390289715752e+00
-1.498957390289715752e+00
-1.782329032864813145e+00
-1.766697519949439243e+00
-1.828612576462322448e+00
-1.877806524973617552e+00
-1.918374735926264618e+00
-1.907495946530357811e+00
-1.332768406656376969e+00
-1.464175580205852700e+00
-1.464175580205852700e+00
-1.464175580205852700e+00
-1.393242631685409849e+00
-1.393242631685409849e+00
-1.393242631685409849e+00
-1.143544935390603090e+00
-1.204273470742321717e+00
-1.204273470742321717e+00
-1.204273470742321717e+00
-9.803280114563942549e-01
-9.803280114563942549e-01
-1.079591174524869635e+00
-1.132875910339458558e+00
-1.132875910339458558e+00
-1.132875910339458558e+00
-1.132875910339458558e+00
-1.358729899640234606e+00
-1.358729899640234606e+00
-1.421776416071347748e+00
-1.560089004160454929e+00
-1.560089004160454929e+00
-1.269334608532689979e+00
-1.488813035415622821e+00
-1.488813035415622821e+00
-1.488813035415622821e+00
-1.488813035415622821e+00
-1.488813035415622821e+00
-1.488813035415622821e+00
-1.560487105823784360e+00
-1.560487105823784360e+00
-1.575034230962818249e+00
-1.575034230962818249e+00
-1.575034230962818249e+00
-1.575034230962818249e+00
-1.575034230962818249e+00
-1.436842351541271157e+00
-1.436842351541271157e+00
-1.436842351541271157e+00
-1.421989910246213462e+00
-1.379159687992635552e+00
-1.204478435343365739e+00
-1.202725456162350826e+00
-1.202725456162350826e+00
-1.186888129134876735e+00
-1.215442127228760993e+00
-1.215442127228760993e+00
-1.215442127228760993e+00
-1.215442127228760993e+00
-1.215442127228760993e+00
-1.215442127228760993e+00
-1.215442127228760993e+00
-1.215442127228760993e+00
-1.179457873185974393e+00
-1.575353696065290299e+00
-1.306107266302114267e+00
-1.306107266302114267e+00
-1.309830703807946417e+00
-1.309830703807946417e+00
-1.309830703807946417e+00
-1.441829673642723630e+00
-1.466506919587566182e+00
-1.466506919587566182e+00
-1.466506919587566182e+00
-1.448225751283506835e+00
-1.458839286024296911e+00
-1.589666400437540261e+00
-1.610677053974568285e+00
-1.527517291304506752e+00
-1.527517291304506752e+00
-1.527517291304506752e+00
-1.527517291304506752e+00
-1.465156274427578564e+00
-1.465156274427578564e+00
-1.465156274427578564e+00
-1.465156274427578564e+00
-1.465156274427578564e+00
-1.531714901939147166e+00
-1.531714901939147166e+00
-1.637670501831414605e+00
-1.397129397452615107e+00
-1.397129397452615107e+00
-1.753499100874567507e+00
-1.609155457752176055e+00
-1.609155457752176055e+00
-1.609155457752176055e+00
-1.609155457752176055e+00
-1.609155457752176055e+00
-1.609155457752176055e+00
-1.670778671606555799e+00
-1.477077934387525548e+00
-1.489835419658126492e+00
-1.291511888565423538e+00
-1.503444848352615049e+00
-1.342447515735347929e+00
-1.342447515735347929e+00
-1.342447515735347929e+00
-1.342447515735347929e+00
-1.342447515735347929e+00
-1.092857040663760770e+00
-1.187130053498996363e+00
-1.111924291569399204e+00
-1.146088941879515266e+00
-1.146088941879515266e+00
-1.146088941879515266e+00
-1.152949519771305553e+00
-1.152949519771305553e+00
-1.152949519771305553e+00
-1.350495047993184983e+00
-1.287531495392801872e+00
-1.269629529634804799e+00
-1.269629529634804799e+00
-1.163931491141124486e+00
-1.163931491141124486e+00
-1.171869457541480530e+00
-1.171869457541480530e+00
-1.171869457541480530e+00
-1.242249343255946492e+00
-1.215648152384343206e+00
-1.215648152384343206e+00
-1.215648152384343206e+00
-1.594447912170274817e+00
-1.238616434993693227e+00
-1.574260297377366502e+00
-1.562533447914224327e+00
-1.452040477711744382e+00
-1.452040477711744382e+00
-1.452040477711744382e+00
-1.435927385117018895e+00
-1.435927385117018895e+00
-1.746045868071625762e+00
-1.587817801970080378e+00
-1.405751089918353181e+00
-1.405751089918353181e+00
-1.405751089918353181e+00
-1.340924989025762626e+00
-1.377607589301118818e+00
-1.519789106383570010e+00
-1.204709699544396218e+00
-1.365449243316732231e+00
-9.989243837286517769e-01
-9.989243837286517769e-01
-1.415093271165221767e+00
-1.415093271165221767e+00
-1.415093271165221767e+00
-1.415093271165221767e+00
-1.416263033495679391e+00
-1.233908038907036486e+00
-1.254768810661917700e+00
-1.254768810661917700e+00
-1.254768810661917700e+00
-1.254768810661917700e+00
-1.254768810661917700e+00
-1.254768810661917700e+00
-1.423248051078796594e+00
-1.423248051078796594e+00
-1.687659011345199245e+00
-1.687659011345199245e+00
-1.668768009525200879e+00
-1.041300322258022160e+00
-1.011731092760549622e+00
-1.011731092760549622e+00
-8.390772911629166275e-01
-8.390772911629166275e-01
-1.024322200760439339e+00
-1.024322200760439339e+00
-1.498382271753432970e+00
-1.483580280452612143e+00
-1.483580280452612143e+00
-1.541276125833345167e+00
-1.060521723973721242e+00
-1.188168369781652300e+00
-1.077610616154523582e+00
-1.436185489024915718e+00
-1.436185489024915718e+00
-1.436185489024915718e+00
-1.436185489024915718e+00
-1.361489946408865226e+00
-1.453129086796028924e+00
-1.471714618460666424e+00
-1.471714618460666424e+00
-1.439654531142321670e+00
-1.473689989699290548e+00
-1.551884690108674691e+00
-1.320062326224650473e+00
-1.301115098313036178e+00
-1.301115098313036178e+00
-1.269494781178237330e+00
-1.269494781178237330e+00
-1.406814789076648253e+00
-1.406814789076648253e+00
-1.406814789076648253e+00
-1.456193177854613552e+00
-1.456193177854613552e+00
-1.456193177854613552e+00
-1.456193177854613552e+00
-1.365767639969824643e+00
-1.417644365540496443e+00
-1.429132610792102520e+00
-1.429132610792102520e+00
-1.429132610792102520e+00
-1.380549763765501536e+00
-1.380549763765501536e+00
-1.339273278013453750e+00
-1.163979381784057576e+00
-1.234139684579064200e+00
-1.264892394153950939e+00
-1.264892394153950939e+00
-1.264892394153950939e+00
-1.281310288249948526e+00
-1.332178568628485937e+00
-1.338764443640001911e+00
-1.338764443640001911e+00
-1.338764443640001911e+00
-1.338764443640001911e+00
-1.712931754199763734e+00
-1.539982608052964386e+00
-1.350720917010676647e+00
-1.642192860463994819e+00
-1.642192860463994819e+00
-1.178623604341768827e+00
-1.178623604341768827e+00
-1.155443010853303809e+00
-1.169817990580221512e+00
-1.169817990580221512e+00
-1.169817990580221512e+00
-1.169817990580221512e+00
-1.169817990580221512e+00
-1.159334714082634443e+00
-1.159334714082634443e+00
-1.159334714082634443e+00
-1.243149245753354615e+00
-1.243149245753354615e+00
-1.243149245753354615e+00
-1.307580329142171927e+00
-1.307580329142171927e+00
-1.510110373201021927e+00
-1.575794773159808093e+00
-1.575794773159808093e+00
-1.188533435081579048e+00
-1.289346739929274399e+00
-1.375577737673338241e+00
-8.199465744713293480e-01
-8.749144239678813273e-01
-8.749144239678813273e-01
-8.574239705219482977e-01
-1.270347801188449921e+00
-6.691383228932916705e-01
-6.691383228932916705e-01
-1.473435516392350930e+00
-1.365788845881739988e+00
