# Variable: dg_gbvi_00000040
# Sample shape: (2565,)
# Date: 2013-03-08 06:18:14.775568
-2.515312097586532292e-01
-1.723002987980063461e-01
-3.011934714891285059e-01
-2.464620021247875548e-01
-2.943687930723293822e-01
-2.747521296555159309e-01
-2.747521296555159309e-01
3.289792997730847102e-01
3.289792997730847102e-01
5.142452145589380130e-01
5.142452145589380130e-01
5.142452145589380130e-01
5.142452145589380130e-01
5.142452145589380130e-01
5.408398279878329218e-01
5.276762747369834194e-01
5.730473339623224360e-01
5.730473339623224360e-01
5.730473339623224360e-01
5.156535688571388665e-01
3.878033935806307619e-01
5.055770667387731176e-01
5.055770667387731176e-01
4.656142872992555248e-01
4.372504014752112145e-01
4.372504014752112145e-01
4.372504014752112145e-01
5.388999033411789874e-01
5.388999033411789874e-01
5.388999033411789874e-01
5.077076170577096148e-01
5.077076170577096148e-01
5.077076170577096148e-01
5.077076170577096148e-01
5.077076170577096148e-01
5.077076170577096148e-01
5.077076170577096148e-01
5.977418977166386593e-01
5.977418977166386593e-01
5.977418977166386593e-01
5.677988697072010593e-01
6.618736249357882739e-01
5.376138796474010384e-01
5.376138796474010384e-01
5.026184769038477551e-01
6.417860090015701235e-01
6.469659828724025896e-01
5.189820921706074230e-01
4.792809867473383778e-01
4.792809867473383778e-01
4.792809867473383778e-01
4.792809867473383778e-01
4.792809867473383778e-01
4.792809867473383778e-01
4.792809867473383778e-01
5.126848207075845876e-01
5.369408264079721382e-01
5.369408264079721382e-01
5.369408264079721382e-01
5.369408264079721382e-01
5.389375125501992825e-01
5.389375125501992825e-01
5.389375125501992825e-01
5.143135612349467589e-01
5.143135612349467589e-01
5.143135612349467589e-01
5.143135612349467589e-01
5.143135612349467589e-01
5.143135612349467589e-01
5.143135612349467589e-01
5.143135612349467589e-01
5.143135612349467589e-01
5.240068809700250130e-01
5.648668121954552035e-01
5.648668121954552035e-01
5.648668121954552035e-01
5.648668121954552035e-01
5.648668121954552035e-01
5.376469770222255251e-01
5.160457708820084255e-01
6.087764935581355674e-01
6.087764935581355674e-01
6.087764935581355674e-01
6.087764935581355674e-01
5.302122573674710182e-01
5.302122573674710182e-01
5.302122573674710182e-01
4.609483616798599748e-01
4.609483616798599748e-01
4.609483616798599748e-01
6.131905237064901870e-01
6.131905237064901870e-01
6.131905237064901870e-01
6.131905237064901870e-01
6.131905237064901870e-01
5.325086156551964711e-01
5.325086156551964711e-01
5.325086156551964711e-01
5.325086156551964711e-01
5.302651787020712382e-01
4.782260510598683734e-01
4.601392937061243860e-01
4.601392937061243860e-01
4.601392937061243860e-01
4.601392937061243860e-01
4.601392937061243860e-01
4.601392937061243860e-01
4.601392937061243860e-01
4.601392937061243860e-01
4.601392937061243860e-01
4.601392937061243860e-01
4.601392937061243860e-01
4.601392937061243860e-01
4.601392937061243860e-01
4.601392937061243860e-01
4.601392937061243860e-01
4.601392937061243860e-01
4.601392937061243860e-01
4.601392937061243860e-01
4.601392937061243860e-01
4.772437191093025222e-01
4.772437191093025222e-01
4.772437191093025222e-01
4.412082355291984115e-01
4.412082355291984115e-01
4.412082355291984115e-01
4.507878196423556472e-01
4.507878196423556472e-01
4.507878196423556472e-01
4.507878196423556472e-01
4.507878196423556472e-01
4.639339678952227319e-01
4.639339678952227319e-01
4.489567911381543985e-01
4.489567911381543985e-01
4.489567911381543985e-01
4.489567911381543985e-01
4.489567911381543985e-01
4.685060445730342416e-01
5.086143462944952010e-01
6.512061022245052566e-01
6.512061022245052566e-01
6.654810421090119332e-01
6.654810421090119332e-01
6.761388347659330611e-01
6.761388347659330611e-01
4.677073330575304277e-01
4.981237495212338384e-01
5.722020993067172823e-01
5.722020993067172823e-01
5.722020993067172823e-01
6.311554086838404576e-01
5.762968366678659082e-01
5.871838034844791832e-01
5.871838034844791832e-01
5.871838034844791832e-01
5.871838034844791832e-01
5.871838034844791832e-01
5.871838034844791832e-01
6.645896075627559796e-01
6.645896075627559796e-01
6.645896075627559796e-01
6.645896075627559796e-01
6.865167390064468300e-01
6.865167390064468300e-01
6.865167390064468300e-01
6.865167390064468300e-01
5.180215316799787750e-01
5.180215316799787750e-01
5.180215316799787750e-01
5.180215316799787750e-01
5.180215316799787750e-01
5.180215316799787750e-01
5.656310317459612991e-01
5.656310317459612991e-01
5.656310317459612991e-01
5.948310865915276135e-01
5.615092072267245937e-01
5.615092072267245937e-01
5.615092072267245937e-01
5.615092072267245937e-01
5.615092072267245937e-01
5.615092072267245937e-01
5.615092072267245937e-01
5.536602558817492747e-01
5.464449924116084878e-01
5.464449924116084878e-01
5.464449924116084878e-01
5.464449924116084878e-01
5.464449924116084878e-01
5.464449924116084878e-01
5.428621720938450190e-01
5.428621720938450190e-01
5.428621720938450190e-01
5.428621720938450190e-01
5.428621720938450190e-01
5.428621720938450190e-01
6.304367687657140840e-01
5.545952579409274552e-01
5.632767385593074883e-01
5.632767385593074883e-01
5.632767385593074883e-01
5.632767385593074883e-01
5.632767385593074883e-01
5.632767385593074883e-01
6.299804274516178637e-01
6.299804274516178637e-01
5.437494612419411233e-01
5.437494612419411233e-01
5.542016013194531743e-01
5.542016013194531743e-01
5.542016013194531743e-01
5.542016013194531743e-01
5.542016013194531743e-01
5.542016013194531743e-01
5.542016013194531743e-01
5.542016013194531743e-01
5.542016013194531743e-01
5.542016013194531743e-01
5.265003911778091128e-01
5.265003911778091128e-01
5.265003911778091128e-01
5.265003911778091128e-01
5.453366702666790911e-01
4.971863515486776297e-01
4.971863515486776297e-01
5.960118647637027145e-01
5.960118647637027145e-01
5.960118647637027145e-01
6.039819779072296280e-01
6.039819779072296280e-01
6.039819779072296280e-01
5.756972281207339837e-01
5.756972281207339837e-01
5.756972281207339837e-01
6.404273760077247024e-01
5.628960438984912384e-01
5.628960438984912384e-01
5.628960438984912384e-01
6.051115555540295121e-01
6.051115555540295121e-01
6.051115555540295121e-01
5.413704380612978095e-01
5.293921870030976473e-01
5.293921870030976473e-01
5.293921870030976473e-01
6.225209672289289120e-01
5.967967329323287107e-01
5.967967329323287107e-01
5.502640287363049776e-01
5.502640287363049776e-01
5.502640287363049776e-01
5.502640287363049776e-01
5.502640287363049776e-01
5.456124205574778285e-01
5.456124205574778285e-01
5.456124205574778285e-01
6.181699730410571414e-01
4.417304572735222812e-01
4.072264736949485764e-01
4.072264736949485764e-01
4.752707830850567694e-01
4.492431834741353325e-01
4.133469864973693397e-01
4.036204257270121776e-01
4.351844988126378766e-01
4.351844988126378766e-01
5.936782223653033208e-01
5.936782223653033208e-01
5.936782223653033208e-01
5.936782223653033208e-01
5.768647341256784022e-01
5.768647341256784022e-01
5.768647341256784022e-01
5.525152514156773664e-01
5.525152514156773664e-01
6.070418491675615424e-01
6.070418491675615424e-01
6.070418491675615424e-01
6.070418491675615424e-01
4.829349477966389803e-01
4.829349477966389803e-01
4.829349477966389803e-01
6.090153697244874431e-01
6.090153697244874431e-01
6.090153697244874431e-01
5.345904219536118385e-01
5.345904219536118385e-01
5.345904219536118385e-01
5.510027892434424812e-01
5.510027892434424812e-01
5.510027892434424812e-01
5.510027892434424812e-01
5.465975485791916277e-01
5.467861694812697904e-01
5.652144231933828866e-01
6.100048456071412994e-01
6.100048456071412994e-01
6.210102703975289851e-01
6.210102703975289851e-01
6.672149867669699974e-01
6.283630335313851178e-01
6.283630335313851178e-01
6.283630335313851178e-01
6.283630335313851178e-01
6.283630335313851178e-01
6.533092882438502613e-01
6.533092882438502613e-01
6.342769130111124420e-01
6.342769130111124420e-01
5.824090738221652241e-01
6.114286883311205179e-01
6.114286883311205179e-01
6.617745437844341216e-01
5.805853716808414555e-01
5.805853716808414555e-01
5.897064661339853631e-01
5.897064661339853631e-01
5.962760207778103894e-01
6.312469606118004117e-01
6.312469606118004117e-01
6.312469606118004117e-01
6.312469606118004117e-01
6.312469606118004117e-01
6.554492089307153435e-01
6.554492089307153435e-01
6.190005374915005243e-01
6.190005374915005243e-01
6.190005374915005243e-01
6.654890582211224759e-01
6.654890582211224759e-01
6.654890582211224759e-01
6.604102685110664339e-01
5.391353221984006572e-01
5.391353221984006572e-01
5.267257796995491459e-01
5.267257796995491459e-01
5.843568482730194802e-01
5.843568482730194802e-01
5.420875212180250591e-01
5.420875212180250591e-01
5.846191548000168048e-01
5.846191548000168048e-01
5.649124235137126249e-01
5.649124235137126249e-01
5.649124235137126249e-01
5.649124235137126249e-01
5.649124235137126249e-01
5.716915637893701385e-01
6.180491277723658694e-01
5.782750436931154425e-01
6.857010757196568829e-01
6.857010757196568829e-01
7.013409860245898297e-01
6.751951830716971248e-01
6.751951830716971248e-01
6.751951830716971248e-01
6.318466107406286447e-01
6.365099639121195585e-01
6.365099639121195585e-01
6.365099639121195585e-01
6.365099639121195585e-01
6.771787201609545948e-01
6.771787201609545948e-01
7.082679879654883992e-01
7.082679879654883992e-01
7.082679879654883992e-01
7.082679879654883992e-01
7.082679879654883992e-01
7.082679879654883992e-01
7.082679879654883992e-01
7.102240060724231974e-01
6.660175589110176597e-01
6.660175589110176597e-01
6.660175589110176597e-01
6.660175589110176597e-01
6.660175589110176597e-01
6.660175589110176597e-01
6.660175589110176597e-01
6.599256343964039484e-01
5.958163876727236019e-01
5.958163876727236019e-01
5.958163876727236019e-01
5.958163876727236019e-01
5.958163876727236019e-01
5.958163876727236019e-01
6.046155185418075062e-01
6.046155185418075062e-01
6.046155185418075062e-01
6.046155185418075062e-01
6.046155185418075062e-01
6.046155185418075062e-01
6.046155185418075062e-01
6.405615375003226308e-01
6.405615375003226308e-01
5.379730717234644244e-01
6.608588961497685599e-01
6.608588961497685599e-01
6.608588961497685599e-01
6.608588961497685599e-01
6.584744851720752967e-01
6.183579724533440070e-01
6.316328888084361548e-01
6.304287372007160162e-01
6.304287372007160162e-01
6.304287372007160162e-01
6.304287372007160162e-01
6.304287372007160162e-01
6.304287372007160162e-01
6.304287372007160162e-01
5.637493242298132756e-01
5.029214646322003324e-01
4.940504265798559280e-01
5.353441634043257791e-01
5.353441634043257791e-01
5.748895456744358423e-01
4.956669568897739686e-01
4.956669568897739686e-01
5.047638532429506997e-01
5.047638532429506997e-01
5.047638532429506997e-01
5.341474784331230463e-01
5.830557055356135887e-01
5.830557055356135887e-01
5.830557055356135887e-01
5.830557055356135887e-01
5.561435965691775563e-01
5.703859143623242201e-01
5.625597929400624198e-01
5.625597929400624198e-01
5.625597929400624198e-01
5.601502185437591264e-01
5.585178982790883762e-01
5.585178982790883762e-01
5.585178982790883762e-01
5.585178982790883762e-01
5.468431161856993628e-01
5.468431161856993628e-01
5.468431161856993628e-01
5.853628249126221483e-01
5.853628249126221483e-01
5.853628249126221483e-01
5.853628249126221483e-01
5.956343428194659229e-01
6.128915220052336688e-01
6.019142671142444501e-01
6.019142671142444501e-01
6.019142671142444501e-01
5.569498111140193108e-01
5.569498111140193108e-01
5.569498111140193108e-01
5.569498111140193108e-01
5.569498111140193108e-01
5.437633686097725905e-01
4.660735176890260512e-01
4.605030109718417086e-01
5.330305678547271331e-01
5.330305678547271331e-01
5.330305678547271331e-01
5.330305678547271331e-01
6.071493283936336693e-01
5.773107816250263591e-01
5.773107816250263591e-01
6.197926631119434759e-01
6.194778709897036384e-01
5.680459089636532566e-01
5.680459089636532566e-01
5.680459089636532566e-01
5.693046100703822443e-01
5.693046100703822443e-01
5.693046100703822443e-01
5.693046100703822443e-01
5.693046100703822443e-01
5.693046100703822443e-01
5.909365030831660315e-01
4.997543606752274936e-01
5.277527327222665265e-01
6.225646454544996322e-01
6.225646454544996322e-01
5.202306024529809170e-01
5.202306024529809170e-01
5.202306024529809170e-01
5.202306024529809170e-01
5.202306024529809170e-01
5.202306024529809170e-01
5.664553981885801504e-01
4.914466717165363319e-01
4.914466717165363319e-01
4.914466717165363319e-01
4.914466717165363319e-01
5.822327473672863629e-01
5.822327473672863629e-01
5.822327473672863629e-01
5.822327473672863629e-01
5.822327473672863629e-01
5.822327473672863629e-01
5.822327473672863629e-01
5.822327473672863629e-01
5.226881557128385536e-01
6.007914490864013635e-01
6.007914490864013635e-01
6.007914490864013635e-01
6.007914490864013635e-01
6.007914490864013635e-01
6.007914490864013635e-01
6.007914490864013635e-01
6.045179392863412327e-01
5.954909196763336077e-01
5.954909196763336077e-01
6.580943253291998696e-01
6.580943253291998696e-01
6.592030703105953293e-01
5.196136433159164181e-01
5.196136433159164181e-01
5.196136433159164181e-01
5.196136433159164181e-01
5.196136433159164181e-01
5.196136433159164181e-01
5.196136433159164181e-01
5.035679375572079675e-01
5.035679375572079675e-01
5.035679375572079675e-01
5.035679375572079675e-01
5.035679375572079675e-01
6.254673849348107995e-01
6.229175555831953925e-01
4.912766778104207810e-01
4.912766778104207810e-01
4.912766778104207810e-01
4.912766778104207810e-01
4.912766778104207810e-01
6.368900299271892385e-01
6.368900299271892385e-01
6.299497867835546216e-01
6.609928317436284395e-01
6.609928317436284395e-01
5.430626761581934803e-01
5.430626761581934803e-01
5.430626761581934803e-01
4.895465756643621602e-01
4.895465756643621602e-01
4.895465756643621602e-01
4.895465756643621602e-01
4.895465756643621602e-01
4.895465756643621602e-01
4.895465756643621602e-01
4.895465756643621602e-01
4.895465756643621602e-01
4.895465756643621602e-01
4.895465756643621602e-01
4.895465756643621602e-01
5.384272050238537721e-01
5.384272050238537721e-01
5.384272050238537721e-01
5.384272050238537721e-01
5.596431573554421224e-01
5.596431573554421224e-01
5.596431573554421224e-01
5.596431573554421224e-01
5.596431573554421224e-01
5.596431573554421224e-01
5.596431573554421224e-01
5.596431573554421224e-01
5.610176943656030035e-01
5.610176943656030035e-01
5.871450541658993494e-01
5.871450541658993494e-01
5.871450541658993494e-01
5.479299763505088849e-01
5.479299763505088849e-01
5.479299763505088849e-01
5.989076854738883959e-01
5.989076854738883959e-01
5.989076854738883959e-01
5.730784713249016393e-01
5.730784713249016393e-01
5.817567072303877485e-01
5.817567072303877485e-01
5.951960275396432909e-01
5.980872783687369854e-01
5.980872783687369854e-01
5.980872783687369854e-01
5.980872783687369854e-01
5.980872783687369854e-01
5.980872783687369854e-01
5.819223167430216392e-01
5.819223167430216392e-01
5.819223167430216392e-01
5.819223167430216392e-01
5.819223167430216392e-01
5.819223167430216392e-01
5.819223167430216392e-01
5.819223167430216392e-01
5.819223167430216392e-01
5.557572548748195285e-01
5.557572548748195285e-01
5.557572548748195285e-01
6.530457258323499881e-01
6.530457258323499881e-01
4.198020250845512780e-01
4.198020250845512780e-01
5.629564270157249029e-01
5.629564270157249029e-01
5.629564270157249029e-01
5.467227277521730100e-01
5.779736463124812706e-01
5.353251363787774331e-01
5.712031741234067095e-01
5.756897844217981897e-01
5.756897844217981897e-01
5.274461721999806896e-01
5.274461721999806896e-01
4.552745873160923273e-01
5.606830879837209070e-01
5.576509424919853242e-01
5.576509424919853242e-01
5.674906167606371676e-01
5.674906167606371676e-01
5.901938856608633932e-01
5.901938856608633932e-01
6.073267118032613654e-01
6.073267118032613654e-01
6.073267118032613654e-01
5.258413035526359192e-01
5.454205275332496550e-01
5.980665884427858181e-01
5.980665884427858181e-01
5.980665884427858181e-01
6.107299700359360983e-01
6.107299700359360983e-01
6.456579175147022509e-01
6.456579175147022509e-01
6.456579175147022509e-01
6.456579175147022509e-01
6.864027539595985994e-01
6.864027539595985994e-01
6.704054563865232685e-01
6.704054563865232685e-01
6.704054563865232685e-01
6.704054563865232685e-01
6.684848066161069857e-01
6.684848066161069857e-01
6.507621902905214029e-01
6.507621902905214029e-01
5.857680363643797961e-01
5.857680363643797961e-01
5.009626720276558753e-01
5.290385194974052130e-01
4.853868379934209720e-01
5.424218658746915445e-01
5.424218658746915445e-01
4.916291138955518059e-01
4.916291138955518059e-01
4.916291138955518059e-01
4.916291138955518059e-01
4.916291138955518059e-01
6.601532971315005049e-01
6.601532971315005049e-01
6.601532971315005049e-01
6.601532971315005049e-01
6.601532971315005049e-01
6.601532971315005049e-01
6.601532971315005049e-01
6.601532971315005049e-01
6.601532971315005049e-01
6.601532971315005049e-01
6.601532971315005049e-01
6.422554871414307698e-01
6.422554871414307698e-01
6.422554871414307698e-01
6.799298117083428794e-01
6.410751352375883005e-01
6.410751352375883005e-01
5.905565731266197993e-01
5.905565731266197993e-01
5.905565731266197993e-01
5.905565731266197993e-01
5.905565731266197993e-01
5.990085737296368951e-01
5.990085737296368951e-01
5.990085737296368951e-01
5.990085737296368951e-01
5.990085737296368951e-01
5.990085737296368951e-01
5.275822951710860131e-01
5.275822951710860131e-01
5.275822951710860131e-01
5.275822951710860131e-01
5.275822951710860131e-01
5.275822951710860131e-01
5.275822951710860131e-01
5.275822951710860131e-01
5.340919395512736534e-01
5.340919395512736534e-01
5.340919395512736534e-01
5.701414961794336600e-01
6.304662998437071675e-01
6.304662998437071675e-01
5.858868868552810083e-01
6.313323125410986725e-01
6.313323125410986725e-01
6.169276401549858013e-01
6.169276401549858013e-01
6.169276401549858013e-01
6.110947054511447485e-01
6.110947054511447485e-01
6.655359588713504193e-01
6.655359588713504193e-01
6.655359588713504193e-01
6.038501195215915107e-01
6.038501195215915107e-01
6.038501195215915107e-01
6.104796538028623987e-01
6.104796538028623987e-01
6.104796538028623987e-01
6.104796538028623987e-01
6.104796538028623987e-01
6.682444051383666928e-01
6.682444051383666928e-01
6.661452557767484350e-01
6.661452557767484350e-01
6.661452557767484350e-01
6.661452557767484350e-01
6.661452557767484350e-01
6.833927971297282244e-01
6.833927971297282244e-01
6.833927971297282244e-01
6.833927971297282244e-01
6.833927971297282244e-01
6.833927971297282244e-01
6.833927971297282244e-01
6.572970580028010268e-01
6.572970580028010268e-01
7.272488086309222277e-01
6.581151554007121929e-01
6.581151554007121929e-01
6.581151554007121929e-01
6.581151554007121929e-01
6.581151554007121929e-01
6.581151554007121929e-01
6.467894501807928131e-01
6.467894501807928131e-01
6.575277689502218026e-01
6.575277689502218026e-01
6.769268630449669644e-01
7.074635121731833731e-01
6.859588353619697765e-01
6.859588353619697765e-01
6.859588353619697765e-01
6.859588353619697765e-01
6.701408461805888894e-01
6.701408461805888894e-01
6.701408461805888894e-01
5.795562343309960118e-01
5.795562343309960118e-01
6.203507535575082388e-01
6.203507535575082388e-01
5.801067360147210694e-01
5.801067360147210694e-01
5.801067360147210694e-01
6.062419047679520334e-01
6.062419047679520334e-01
6.452468438385068339e-01
6.452468438385068339e-01
6.452468438385068339e-01
6.452468438385068339e-01
6.452468438385068339e-01
6.328729066908047596e-01
5.582341491545517176e-01
6.503782405711105996e-01
6.503782405711105996e-01
7.023081856851658422e-01
7.023081856851658422e-01
7.192221296050926860e-01
7.192221296050926860e-01
7.192221296050926860e-01
7.192221296050926860e-01
7.539380497204377640e-01
7.539380497204377640e-01
6.908393157198603474e-01
6.908393157198603474e-01
7.315213805892765153e-01
7.315213805892765153e-01
7.315213805892765153e-01
7.315213805892765153e-01
7.315213805892765153e-01
7.315213805892765153e-01
7.315213805892765153e-01
6.484747468890008637e-01
6.484747468890008637e-01
6.484747468890008637e-01
6.484747468890008637e-01
6.178404626260256549e-01
5.832188391432108210e-01
5.832188391432108210e-01
6.503798023599842715e-01
6.782523707699631421e-01
6.782523707699631421e-01
6.519847377165149949e-01
6.519847377165149949e-01
6.317176173181723309e-01
6.764369656766462402e-01
5.892157035417190380e-01
5.892157035417190380e-01
5.892157035417190380e-01
6.160765207529599330e-01
6.160765207529599330e-01
5.662821115678717820e-01
6.254097830738315489e-01
6.254097830738315489e-01
6.254097830738315489e-01
6.254097830738315489e-01
6.254097830738315489e-01
6.254097830738315489e-01
5.882506487385853466e-01
5.882506487385853466e-01
5.837979958154296822e-01
7.099148658143128454e-01
7.099148658143128454e-01
7.099148658143128454e-01
7.626510506363834985e-01
7.626510506363834985e-01
7.626510506363834985e-01
7.626510506363834985e-01
7.203164200630919334e-01
7.039422677477250589e-01
7.039422677477250589e-01
7.039422677477250589e-01
7.039422677477250589e-01
6.996735340021110749e-01
6.996735340021110749e-01
6.996735340021110749e-01
7.737039530108967833e-01
7.737039530108967833e-01
7.737039530108967833e-01
7.297585212704842395e-01
7.745695119580889854e-01
7.558208534311459115e-01
7.558208534311459115e-01
7.558208534311459115e-01
7.351816558842479976e-01
7.351816558842479976e-01
7.351816558842479976e-01
7.351816558842479976e-01
7.324973664783682725e-01
7.348848791601427788e-01
7.348848791601427788e-01
7.769553192928988494e-01
7.769553192928988494e-01
7.524901960171780368e-01
7.524901960171780368e-01
7.524901960171780368e-01
8.210190532280913223e-01
8.210190532280913223e-01
8.210190532280913223e-01
7.699836751329206530e-01
7.699836751329206530e-01
7.699836751329206530e-01
7.699836751329206530e-01
7.699836751329206530e-01
7.338034535700888039e-01
7.338034535700888039e-01
7.331049006928135325e-01
8.015342808671790387e-01
8.015342808671790387e-01
8.101165646950280186e-01
8.101165646950280186e-01
8.101165646950280186e-01
7.470904925928553153e-01
7.470904925928553153e-01
7.881192426752104963e-01
7.881192426752104963e-01
7.881192426752104963e-01
6.751543578203891283e-01
6.751543578203891283e-01
7.544122138412462375e-01
6.833623490852103188e-01
6.833623490852103188e-01
6.833623490852103188e-01
6.833623490852103188e-01
6.715350727648250473e-01
7.100788988182165085e-01
6.369018429378151547e-01
6.461615364573473075e-01
6.234527448677169570e-01
6.234527448677169570e-01
6.234527448677169570e-01
6.234527448677169570e-01
6.234527448677169570e-01
6.234527448677169570e-01
6.234527448677169570e-01
6.196215360489031321e-01
6.196215360489031321e-01
6.196215360489031321e-01
6.196215360489031321e-01
6.196215360489031321e-01
6.808536634243372854e-01
6.723310554356867197e-01
6.723310554356867197e-01
6.760606766120702549e-01
6.760606766120702549e-01
6.760606766120702549e-01
6.760606766120702549e-01
6.760606766120702549e-01
6.760606766120702549e-01
6.760606766120702549e-01
6.760606766120702549e-01
6.760606766120702549e-01
6.471982159592497563e-01
6.577727499805638978e-01
6.109715222004120649e-01
6.572423984049295953e-01
6.572423984049295953e-01
5.921587605864861992e-01
6.664512377404028243e-01
6.664512377404028243e-01
7.097230792420651246e-01
7.097230792420651246e-01
6.517121858427109560e-01
6.517121858427109560e-01
6.472298809564074329e-01
5.683300117219621805e-01
5.683300117219621805e-01
6.237982733871877405e-01
6.432348779715046927e-01
6.432348779715046927e-01
6.432348779715046927e-01
6.432348779715046927e-01
6.432348779715046927e-01
7.422541936461942713e-01
7.424606597786987949e-01
7.424606597786987949e-01
7.424606597786987949e-01
7.424606597786987949e-01
6.812089266541141441e-01
6.812089266541141441e-01
6.812089266541141441e-01
6.812089266541141441e-01
6.812089266541141441e-01
6.665522845756665093e-01
6.665522845756665093e-01
6.665522845756665093e-01
6.665522845756665093e-01
6.665522845756665093e-01
6.164541115647994562e-01
6.164541115647994562e-01
6.164541115647994562e-01
6.575388503193703160e-01
5.662709084286494665e-01
5.662709084286494665e-01
5.662709084286494665e-01
5.662709084286494665e-01
5.662709084286494665e-01
5.662709084286494665e-01
5.735577112542887823e-01
5.735577112542887823e-01
6.258742396876619818e-01
6.258742396876619818e-01
6.258742396876619818e-01
6.258742396876619818e-01
6.258742396876619818e-01
6.442930813327594208e-01
6.442930813327594208e-01
6.126006683071708592e-01
6.126006683071708592e-01
6.126006683071708592e-01
6.289802379371681740e-01
6.289802379371681740e-01
6.289802379371681740e-01
6.289802379371681740e-01
6.289802379371681740e-01
6.289802379371681740e-01
6.289802379371681740e-01
6.405221243785230723e-01
6.046257356507316327e-01
6.046257356507316327e-01
6.097119479803529973e-01
6.097119479803529973e-01
6.097119479803529973e-01
6.097119479803529973e-01
6.277425810053878230e-01
6.277425810053878230e-01
6.277425810053878230e-01
6.277425810053878230e-01
5.970091508338493114e-01
5.970091508338493114e-01
6.635562376737015322e-01
6.635562376737015322e-01
6.635562376737015322e-01
6.635562376737015322e-01
6.635562376737015322e-01
7.481345833403016954e-01
7.481345833403016954e-01
7.257854369681481232e-01
7.257854369681481232e-01
7.257854369681481232e-01
7.257854369681481232e-01
7.257854369681481232e-01
7.257854369681481232e-01
6.660960492208610750e-01
6.660960492208610750e-01
6.660960492208610750e-01
5.571201209759670814e-01
5.571201209759670814e-01
6.172475075388593746e-01
7.301327001756893198e-01
7.301327001756893198e-01
7.301327001756893198e-01
7.301327001756893198e-01
7.301327001756893198e-01
7.301327001756893198e-01
7.301327001756893198e-01
7.301327001756893198e-01
7.863638861434225635e-01
7.863638861434225635e-01
7.083110973940875965e-01
7.003630528511147757e-01
7.003630528511147757e-01
7.003630528511147757e-01
7.003630528511147757e-01
7.055183185575741867e-01
7.055183185575741867e-01
6.847031101493907812e-01
6.847031101493907812e-01
6.847031101493907812e-01
7.412702738369786326e-01
6.176117273968773080e-01
6.176117273968773080e-01
5.864581412084417522e-01
5.922927304655090097e-01
6.043587126080772753e-01
6.015959742663913312e-01
6.015959742663913312e-01
6.015959742663913312e-01
6.388883956306622425e-01
6.388883956306622425e-01
6.388883956306622425e-01
6.388883956306622425e-01
5.220590281768012764e-01
5.584763450468174240e-01
5.584763450468174240e-01
6.410036531723548592e-01
6.410036531723548592e-01
6.410036531723548592e-01
6.410036531723548592e-01
6.228407912601410246e-01
6.228407912601410246e-01
6.228407912601410246e-01
6.362604119494880139e-01
6.362604119494880139e-01
6.362604119494880139e-01
6.362604119494880139e-01
6.362604119494880139e-01
6.362604119494880139e-01
6.362604119494880139e-01
6.362604119494880139e-01
6.362604119494880139e-01
6.362604119494880139e-01
6.250834171946709761e-01
6.197324433255128051e-01
6.197324433255128051e-01
6.197324433255128051e-01
6.197324433255128051e-01
6.491595394813634012e-01
5.883588864336123381e-01
5.883588864336123381e-01
5.883588864336123381e-01
5.883588864336123381e-01
5.530467709785492625e-01
5.511541379081797976e-01
5.071745398943192651e-01
5.046954495080866465e-01
5.046954495080866465e-01
5.046954495080866465e-01
5.046954495080866465e-01
4.884715327585435474e-01
4.884715327585435474e-01
4.884715327585435474e-01
4.884715327585435474e-01
5.146764117233011415e-01
5.146764117233011415e-01
5.146764117233011415e-01
5.279261070729609484e-01
5.279261070729609484e-01
5.198321752927937967e-01
5.148860964050967493e-01
5.148860964050967493e-01
5.148860964050967493e-01
5.148860964050967493e-01
5.148860964050967493e-01
5.148860964050967493e-01
5.435593881061346888e-01
5.435593881061346888e-01
5.435593881061346888e-01
5.007572368532402507e-01
5.007572368532402507e-01
5.007572368532402507e-01
5.900639829972614825e-01
5.673438739933626129e-01
5.121151140450241890e-01
4.922114722002917664e-01
4.922114722002917664e-01
5.456169336301192052e-01
4.690234984052983891e-01
5.053683595742299861e-01
4.433438655557027652e-01
4.433438655557027652e-01
4.433438655557027652e-01
5.539168554170076364e-01
4.840978442746050603e-01
4.840978442746050603e-01
4.840978442746050603e-01
4.897218911735569669e-01
4.897218911735569669e-01
5.346116221270384994e-01
5.346116221270384994e-01
5.346116221270384994e-01
5.454511479309848143e-01
5.454511479309848143e-01
5.454511479309848143e-01
5.327508739717143893e-01
5.327508739717143893e-01
5.368194549202334187e-01
5.368194549202334187e-01
5.220485735944279115e-01
4.694168648480671613e-01
4.701724190426422867e-01
4.701724190426422867e-01
4.701724190426422867e-01
4.701724190426422867e-01
4.667996646109875969e-01
5.620510509135594468e-01
5.660330468607188692e-01
5.886572962391738439e-01
5.886572962391738439e-01
4.968242651826682565e-01
5.507210053623911028e-01
5.507210053623911028e-01
5.507210053623911028e-01
4.280822096615604644e-01
4.280822096615604644e-01
5.351326228279343900e-01
5.351326228279343900e-01
5.351326228279343900e-01
5.351326228279343900e-01
5.351326228279343900e-01
5.351326228279343900e-01
5.513539976225820816e-01
5.513539976225820816e-01
5.513539976225820816e-01
5.513539976225820816e-01
5.513539976225820816e-01
5.513539976225820816e-01
5.283768574487891501e-01
5.283768574487891501e-01
5.283768574487891501e-01
5.283768574487891501e-01
5.283768574487891501e-01
5.283768574487891501e-01
5.771182485834330800e-01
5.771182485834330800e-01
5.771182485834330800e-01
5.771182485834330800e-01
5.771182485834330800e-01
5.771182485834330800e-01
5.771182485834330800e-01
5.771182485834330800e-01
5.666752016735088215e-01
6.666821018575549429e-01
6.673610542168807447e-01
6.673610542168807447e-01
6.673610542168807447e-01
6.673610542168807447e-01
6.673610542168807447e-01
5.327883931597110490e-01
5.619437038629203629e-01
5.619437038629203629e-01
5.619437038629203629e-01
5.619437038629203629e-01
5.862423517623875924e-01
5.862423517623875924e-01
5.862423517623875924e-01
6.234244846462222434e-01
6.250885862187729458e-01
5.171184986304723230e-01
5.171184986304723230e-01
5.171184986304723230e-01
5.508394270792539293e-01
5.508394270792539293e-01
5.508394270792539293e-01
5.508394270792539293e-01
5.508394270792539293e-01
5.508394270792539293e-01
5.508394270792539293e-01
5.508394270792539293e-01
5.508394270792539293e-01
5.508394270792539293e-01
5.508394270792539293e-01
5.508394270792539293e-01
5.508394270792539293e-01
5.420883079972464991e-01
5.172651581031856294e-01
5.206871934943712033e-01
5.317876051136157800e-01
5.380392480163648239e-01
5.380392480163648239e-01
5.251610199261895762e-01
5.251610199261895762e-01
5.251610199261895762e-01
5.251610199261895762e-01
5.593187179849473667e-01
5.593187179849473667e-01
5.593187179849473667e-01
5.593187179849473667e-01
5.593187179849473667e-01
5.593187179849473667e-01
5.174378464328394100e-01
5.174378464328394100e-01
5.561325530457820188e-01
5.561325530457820188e-01
5.654948498794187817e-01
5.667317760929803105e-01
5.667317760929803105e-01
5.027788700833295543e-01
5.027788700833295543e-01
5.027788700833295543e-01
5.027788700833295543e-01
5.611471434984904860e-01
5.312352561007409602e-01
5.312352561007409602e-01
5.312352561007409602e-01
5.312352561007409602e-01
5.312352561007409602e-01
5.312352561007409602e-01
5.312352561007409602e-01
5.312352561007409602e-01
5.312352561007409602e-01
5.312352561007409602e-01
5.239234269308344905e-01
5.239234269308344905e-01
5.239234269308344905e-01
5.239234269308344905e-01
5.398736935413435134e-01
5.398736935413435134e-01
4.696013712116762773e-01
4.696013712116762773e-01
4.696013712116762773e-01
4.696013712116762773e-01
4.722248984817248307e-01
4.722248984817248307e-01
4.722248984817248307e-01
4.463769453181277158e-01
4.463769453181277158e-01
4.633282653288511854e-01
4.972739005957527159e-01
4.972739005957527159e-01
4.972739005957527159e-01
5.096894583429445458e-01
5.169601516952488929e-01
5.169601516952488929e-01
4.318123285520637511e-01
4.318123285520637511e-01
4.300871888006148613e-01
4.300871888006148613e-01
4.300871888006148613e-01
4.300871888006148613e-01
4.364965948800194062e-01
4.364965948800194062e-01
4.286374305833601239e-01
4.286374305833601239e-01
4.286374305833601239e-01
4.286374305833601239e-01
5.261681141583471888e-01
5.261681141583471888e-01
5.261681141583471888e-01
5.630567436693564298e-01
5.630567436693564298e-01
5.598194449141511431e-01
5.598194449141511431e-01
5.598194449141511431e-01
4.241862719253884362e-01
3.768657294052840667e-01
3.768657294052840667e-01
4.290354620578595291e-01
4.290354620578595291e-01
4.290354620578595291e-01
4.290354620578595291e-01
4.290354620578595291e-01
4.290354620578595291e-01
4.188759197048150251e-01
4.188759197048150251e-01
4.247031817864471148e-01
4.247031817864471148e-01
4.247031817864471148e-01
4.247031817864471148e-01
5.003447144686351544e-01
5.003447144686351544e-01
5.003447144686351544e-01
5.003447144686351544e-01
5.003447144686351544e-01
5.003447144686351544e-01
5.003447144686351544e-01
5.003447144686351544e-01
6.007244774329868475e-01
6.060522412749412835e-01
6.060522412749412835e-01
6.037906246341679939e-01
6.155794551481273968e-01
6.453417981325073605e-01
6.453417981325073605e-01
5.890571472789664087e-01
5.890571472789664087e-01
5.890571472789664087e-01
5.196363962885927057e-01
5.196363962885927057e-01
6.170270085988598385e-01
4.884472434727413770e-01
4.884472434727413770e-01
4.400614889095812443e-01
4.692600608249332672e-01
4.692600608249332672e-01
5.013407187154794720e-01
5.075951815921082577e-01
5.075951815921082577e-01
5.463909906595627586e-01
5.237660838778078753e-01
5.237660838778078753e-01
5.302294273212734277e-01
4.143832716384741599e-01
4.143832716384741599e-01
4.143832716384741599e-01
4.143832716384741599e-01
4.143832716384741599e-01
4.143832716384741599e-01
4.143832716384741599e-01
4.577280888905891354e-01
4.577280888905891354e-01
4.577280888905891354e-01
5.319335948189161112e-01
4.698878318818811572e-01
4.927066106248287336e-01
5.191940022503302998e-01
5.191940022503302998e-01
5.191940022503302998e-01
5.191940022503302998e-01
5.191940022503302998e-01
5.191940022503302998e-01
5.191940022503302998e-01
5.191940022503302998e-01
4.860680504454779061e-01
4.860680504454779061e-01
4.860680504454779061e-01
4.860680504454779061e-01
5.157246959932377806e-01
5.157246959932377806e-01
5.157246959932377806e-01
5.157246959932377806e-01
5.157246959932377806e-01
5.266310503435799317e-01
5.266310503435799317e-01
5.266310503435799317e-01
5.266310503435799317e-01
5.266310503435799317e-01
5.266310503435799317e-01
5.554407807865142654e-01
5.554407807865142654e-01
5.384440489884946279e-01
5.384440489884946279e-01
5.175188863947293161e-01
5.402728971842130079e-01
5.402728971842130079e-01
5.402728971842130079e-01
5.349326617943848117e-01
5.494960182329208243e-01
5.494960182329208243e-01
5.494960182329208243e-01
5.494960182329208243e-01
5.629487367684699040e-01
5.311197655205248669e-01
5.311197655205248669e-01
5.311197655205248669e-01
5.311197655205248669e-01
5.311197655205248669e-01
5.296826022384588661e-01
5.296826022384588661e-01
5.004417984729355728e-01
5.004417984729355728e-01
5.004417984729355728e-01
5.004417984729355728e-01
5.004417984729355728e-01
5.004417984729355728e-01
5.004417984729355728e-01
5.004417984729355728e-01
5.004417984729355728e-01
5.004417984729355728e-01
4.981940882009237015e-01
4.981940882009237015e-01
4.806183266928008013e-01
5.569398368769350460e-01
5.569398368769350460e-01
5.140724623016266204e-01
6.124619763062605360e-01
6.242749541154515303e-01
6.242749541154515303e-01
6.031406467094401203e-01
6.031406467094401203e-01
6.031406467094401203e-01
6.031406467094401203e-01
6.031406467094401203e-01
5.446940205336338048e-01
5.446940205336338048e-01
4.828733215979633120e-01
4.828733215979633120e-01
4.828733215979633120e-01
5.424940231393150514e-01
5.368971769179150533e-01
5.468224118592764915e-01
5.468224118592764915e-01
5.070019930378403261e-01
5.104145348647581848e-01
5.104145348647581848e-01
5.104145348647581848e-01
5.104145348647581848e-01
5.104145348647581848e-01
5.637615979600247851e-01
5.637615979600247851e-01
5.637615979600247851e-01
5.637615979600247851e-01
5.637615979600247851e-01
5.637615979600247851e-01
5.637615979600247851e-01
5.637615979600247851e-01
5.637615979600247851e-01
5.637615979600247851e-01
5.637615979600247851e-01
5.637615979600247851e-01
5.904882671390575544e-01
5.904882671390575544e-01
5.904882671390575544e-01
5.904882671390575544e-01
5.322071938242857181e-01
5.322071938242857181e-01
5.322071938242857181e-01
5.432898071875126300e-01
5.432898071875126300e-01
5.338923529167232118e-01
5.338923529167232118e-01
5.338923529167232118e-01
5.474768753866448012e-01
5.474768753866448012e-01
5.474768753866448012e-01
5.474768753866448012e-01
5.576617974677893219e-01
5.576617974677893219e-01
5.576617974677893219e-01
5.791688181827668869e-01
6.184383937231816564e-01
6.184383937231816564e-01
6.184383937231816564e-01
6.101029402730471229e-01
6.043170215881799034e-01
5.662588084369066799e-01
5.662588084369066799e-01
5.662588084369066799e-01
5.662588084369066799e-01
5.662588084369066799e-01
5.662588084369066799e-01
5.240504278354330969e-01
5.240504278354330969e-01
5.409970809921031965e-01
5.409970809921031965e-01
5.409970809921031965e-01
5.409970809921031965e-01
5.409970809921031965e-01
5.409970809921031965e-01
5.258606286097755600e-01
5.258606286097755600e-01
5.258606286097755600e-01
5.258606286097755600e-01
5.390548477453758203e-01
5.390548477453758203e-01
5.390548477453758203e-01
5.614058146674281158e-01
5.447169129688662625e-01
5.447169129688662625e-01
6.359341242842841968e-01
6.359341242842841968e-01
6.359341242842841968e-01
6.363503398496656027e-01
6.506364957075720934e-01
6.599507140424064611e-01
6.599507140424064611e-01
6.599507140424064611e-01
5.230077792233683853e-01
5.230077792233683853e-01
5.838616015259712189e-01
5.910635617537554065e-01
5.868117942097412776e-01
5.751395285661636825e-01
5.751395285661636825e-01
5.428180070210176789e-01
5.831706646602534683e-01
5.523593096076783171e-01
5.523593096076783171e-01
4.744384197798860447e-01
4.744384197798860447e-01
4.744384197798860447e-01
4.874799570464440346e-01
4.874799570464440346e-01
4.886756105173785114e-01
5.374900399997921685e-01
5.374900399997921685e-01
5.374900399997921685e-01
6.444251664520704859e-01
6.444251664520704859e-01
6.020930621278434147e-01
6.020930621278434147e-01
5.990160189125842694e-01
5.990160189125842694e-01
5.858059886601182376e-01
5.422885703873974172e-01
5.422885703873974172e-01
5.422885703873974172e-01
5.422885703873974172e-01
5.422885703873974172e-01
5.422885703873974172e-01
5.374020102866010618e-01
5.669262857573365011e-01
5.669262857573365011e-01
5.669262857573365011e-01
5.847756037256880424e-01
5.847756037256880424e-01
5.847756037256880424e-01
5.419982923243964468e-01
5.419982923243964468e-01
6.243814663597995196e-01
6.243814663597995196e-01
6.243814663597995196e-01
6.212076160553218207e-01
5.597515993204063012e-01
5.597515993204063012e-01
5.597515993204063012e-01
5.493492893191801452e-01
5.493492893191801452e-01
5.738385331414529444e-01
5.451501711212727308e-01
5.451501711212727308e-01
5.769007821640230738e-01
4.860909946189357345e-01
4.860909946189357345e-01
4.832080453661423136e-01
4.832080453661423136e-01
4.832080453661423136e-01
4.832080453661423136e-01
4.815627673597179803e-01
4.815627673597179803e-01
6.040787343089994987e-01
6.005249736394516757e-01
6.005249736394516757e-01
6.005249736394516757e-01
6.005249736394516757e-01
6.005249736394516757e-01
6.005249736394516757e-01
6.005249736394516757e-01
6.005249736394516757e-01
6.005249736394516757e-01
5.968357881611535687e-01
6.153040121157629105e-01
6.153040121157629105e-01
6.153040121157629105e-01
6.153040121157629105e-01
5.796109477469312266e-01
5.796109477469312266e-01
5.796109477469312266e-01
5.485741523067363401e-01
5.485741523067363401e-01
5.139782406133881487e-01
4.921869541020797989e-01
4.921869541020797989e-01
4.766599943577781162e-01
4.766599943577781162e-01
4.766599943577781162e-01
4.766599943577781162e-01
4.677103456644122748e-01
4.635817521727101931e-01
4.635817521727101931e-01
4.635817521727101931e-01
4.635817521727101931e-01
4.635817521727101931e-01
4.635817521727101931e-01
4.928262199929773213e-01
4.933736428438091348e-01
4.933736428438091348e-01
5.853809945330622488e-01
5.734594628328786303e-01
5.734594628328786303e-01
5.734594628328786303e-01
5.734594628328786303e-01
6.263524107759828041e-01
5.509597974191192682e-01
5.509597974191192682e-01
5.699526786761573982e-01
5.699526786761573982e-01
5.699526786761573982e-01
6.318659412518357055e-01
6.318659412518357055e-01
6.318659412518357055e-01
5.763236194047313132e-01
5.763236194047313132e-01
5.763236194047313132e-01
5.763236194047313132e-01
6.339292978976796000e-01
6.849533581214942712e-01
6.849533581214942712e-01
6.849533581214942712e-01
7.230895291136589798e-01
7.230895291136589798e-01
7.230895291136589798e-01
7.292871401589917646e-01
6.085527640954205841e-01
6.085527640954205841e-01
6.085527640954205841e-01
6.085527640954205841e-01
6.180808169486093906e-01
6.651570322580712125e-01
6.651570322580712125e-01
6.651570322580712125e-01
6.247887580956360543e-01
6.247887580956360543e-01
6.247887580956360543e-01
6.037241683340500709e-01
6.037241683340500709e-01
6.037241683340500709e-01
6.037241683340500709e-01
6.037241683340500709e-01
6.037241683340500709e-01
6.037241683340500709e-01
6.037241683340500709e-01
6.037241683340500709e-01
6.037241683340500709e-01
6.255580050382135715e-01
6.238701498889740460e-01
6.238701498889740460e-01
6.238701498889740460e-01
6.238701498889740460e-01
6.238701498889740460e-01
5.967805341316448908e-01
6.801553787578671351e-01
6.801553787578671351e-01
6.801553787578671351e-01
6.801553787578671351e-01
6.801553787578671351e-01
6.801553787578671351e-01
7.008838974390031451e-01
6.911987021411523102e-01
6.911987021411523102e-01
6.393038774359424137e-01
6.393038774359424137e-01
5.435646685217742080e-01
5.435646685217742080e-01
5.845234460110242392e-01
5.237845805208212191e-01
5.237845805208212191e-01
5.237845805208212191e-01
5.743114580378078093e-01
6.126647780734890691e-01
6.126647780734890691e-01
6.126647780734890691e-01
6.126647780734890691e-01
5.529133871153012469e-01
5.529133871153012469e-01
5.627092942628479921e-01
6.691673469313065281e-01
6.181788290761517368e-01
6.181788290761517368e-01
6.181788290761517368e-01
6.181788290761517368e-01
6.181788290761517368e-01
6.507446751456602563e-01
6.507446751456602563e-01
6.507446751456602563e-01
6.073772168556987872e-01
6.073772168556987872e-01
5.890312741852188338e-01
5.890312741852188338e-01
6.251506319166376668e-01
6.251506319166376668e-01
5.724854041705120800e-01
5.209745445934006458e-01
5.569150019003560326e-01
6.112356856738448974e-01
5.203212806373156418e-01
5.203212806373156418e-01
5.203212806373156418e-01
5.482586875008608196e-01
5.837558848664394784e-01
5.154490241309844789e-01
5.154490241309844789e-01
5.154490241309844789e-01
5.154490241309844789e-01
5.154490241309844789e-01
5.154490241309844789e-01
5.154490241309844789e-01
5.154490241309844789e-01
5.215085508167909278e-01
5.215085508167909278e-01
5.215085508167909278e-01
5.215085508167909278e-01
6.841725107561879016e-01
6.484060279562325890e-01
5.547717007245431819e-01
5.771320156439904148e-01
6.015687796870217152e-01
5.971904134925708485e-01
5.580268903127544311e-01
5.545179267707049942e-01
5.545179267707049942e-01
5.761174552290798667e-01
5.977696194213477643e-01
4.484666828480428635e-01
4.484666828480428635e-01
5.310940651051259120e-01
5.944148313543948792e-01
5.944148313543948792e-01
5.944148313543948792e-01
5.721176620449166528e-01
5.535303190738056767e-01
5.437393480471069962e-01
5.437393480471069962e-01
5.437393480471069962e-01
5.437393480471069962e-01
5.737602204547391782e-01
4.705569979004255998e-01
5.033118206404973982e-01
4.911206481301451099e-01
5.101590916073532878e-01
4.970754053688827834e-01
4.674082301754329261e-01
4.661182949600192749e-01
4.546323692529113947e-01
4.227470364279322657e-01
4.227470364279322657e-01
4.135410287757225745e-01
4.905289992670252008e-01
4.905289992670252008e-01
4.905289992670252008e-01
4.905289992670252008e-01
5.555277077021230081e-01
5.491307149131378074e-01
5.253720974491448148e-01
5.253720974491448148e-01
5.489865504095350346e-01
5.727217039068983606e-01
5.403905141245709531e-01
5.848717774088555421e-01
5.848717774088555421e-01
5.409877040994510722e-01
5.409877040994510722e-01
6.353482360644864269e-01
5.899648423058646562e-01
5.899648423058646562e-01
5.899648423058646562e-01
5.899648423058646562e-01
5.811573104873504203e-01
5.811573104873504203e-01
5.811573104873504203e-01
5.818337150867823881e-01
5.818337150867823881e-01
5.829850390822801653e-01
5.829850390822801653e-01
5.829850390822801653e-01
5.829850390822801653e-01
5.739469250131570277e-01
5.490521910913314096e-01
5.490521910913314096e-01
5.944460676020121292e-01
5.944460676020121292e-01
5.944460676020121292e-01
5.944460676020121292e-01
5.958641843454400844e-01
5.958641843454400844e-01
4.930611275758051693e-01
5.398547067728675097e-01
5.398547067728675097e-01
5.531676894884516305e-01
5.052980429211930691e-01
5.273660730439974076e-01
5.273660730439974076e-01
5.273660730439974076e-01
5.273660730439974076e-01
5.318071403273759712e-01
5.318071403273759712e-01
5.568941988515615504e-01
5.568941988515615504e-01
5.568941988515615504e-01
5.568941988515615504e-01
5.568941988515615504e-01
5.568941988515615504e-01
5.402541783951354537e-01
6.202628688240678922e-01
6.202628688240678922e-01
6.190703466507760933e-01
5.813594354706785872e-01
5.731161992041049480e-01
5.731161992041049480e-01
5.731161992041049480e-01
6.200633283541354679e-01
6.001101918008238112e-01
6.001101918008238112e-01
6.001101918008238112e-01
6.001101918008238112e-01
6.001101918008238112e-01
6.001101918008238112e-01
5.906604152413960085e-01
5.906604152413960085e-01
5.906604152413960085e-01
5.906604152413960085e-01
4.486022864636091123e-01
4.486022864636091123e-01
4.486022864636091123e-01
4.486022864636091123e-01
4.486022864636091123e-01
4.486022864636091123e-01
4.486022864636091123e-01
4.612182193612897607e-01
4.716971708638930671e-01
4.716971708638930671e-01
4.716971708638930671e-01
4.716971708638930671e-01
4.716971708638930671e-01
4.918273137356446445e-01
4.984077618642194785e-01
6.302759735132342778e-01
6.302759735132342778e-01
6.302759735132342778e-01
5.960920740223105696e-01
5.960920740223105696e-01
6.136161872736622946e-01
5.655475105344303088e-01
5.655475105344303088e-01
5.655475105344303088e-01
5.655475105344303088e-01
5.655475105344303088e-01
5.655475105344303088e-01
5.655475105344303088e-01
5.655475105344303088e-01
5.655475105344303088e-01
5.655475105344303088e-01
5.678956478009071773e-01
5.802188312289296990e-01
5.802188312289296990e-01
5.802188312289296990e-01
5.802188312289296990e-01
5.802188312289296990e-01
5.802188312289296990e-01
5.802188312289296990e-01
5.802188312289296990e-01
5.530040705968211068e-01
5.530040705968211068e-01
5.438385948174679907e-01
5.438385948174679907e-01
5.341164620617484537e-01
5.341164620617484537e-01
5.341164620617484537e-01
5.341164620617484537e-01
5.958260363476064470e-01
5.829413397401685959e-01
5.829413397401685959e-01
5.344811926661263701e-01
5.344811926661263701e-01
5.344811926661263701e-01
5.344811926661263701e-01
5.344811926661263701e-01
5.378782588006272292e-01
5.378782588006272292e-01
5.378782588006272292e-01
5.378782588006272292e-01
5.558888847569900538e-01
5.080933448572918509e-01
5.080933448572918509e-01
5.080933448572918509e-01
5.080933448572918509e-01
5.080933448572918509e-01
5.080933448572918509e-01
5.080933448572918509e-01
5.080933448572918509e-01
5.080933448572918509e-01
5.498703015127883731e-01
5.996760333013751998e-01
5.996760333013751998e-01
5.996760333013751998e-01
5.996760333013751998e-01
5.955656597609912950e-01
5.442989047250464951e-01
5.442989047250464951e-01
5.737820263201310889e-01
5.737820263201310889e-01
5.588250071038683986e-01
5.588250071038683986e-01
5.588250071038683986e-01
5.588250071038683986e-01
5.749742355870787192e-01
5.446463961939150833e-01
5.446463961939150833e-01
5.446463961939150833e-01
5.446463961939150833e-01
5.446463961939150833e-01
5.446463961939150833e-01
6.035882154886306195e-01
6.035882154886306195e-01
5.448849031257475550e-01
5.448849031257475550e-01
5.856216032802921134e-01
5.856216032802921134e-01
5.947456349028088507e-01
5.947456349028088507e-01
5.410420537094144944e-01
5.410420537094144944e-01
5.410420537094144944e-01
5.539037927781439441e-01
5.539037927781439441e-01
5.481250290229322530e-01
5.481250290229322530e-01
5.481250290229322530e-01
5.521470713454268431e-01
5.521470713454268431e-01
5.635370960562976483e-01
5.635370960562976483e-01
5.635370960562976483e-01
5.635370960562976483e-01
5.635370960562976483e-01
5.887204694161526364e-01
5.912095282405528396e-01
5.912095282405528396e-01
5.912095282405528396e-01
6.243054381233970052e-01
6.243054381233970052e-01
6.243054381233970052e-01
6.243054381233970052e-01
6.004444582703395428e-01
5.565692986176647983e-01
5.785816659614093638e-01
5.785816659614093638e-01
6.160774034766135498e-01
6.160774034766135498e-01
6.160774034766135498e-01
6.160774034766135498e-01
6.160774034766135498e-01
6.160774034766135498e-01
6.160774034766135498e-01
6.160774034766135498e-01
6.160774034766135498e-01
6.160774034766135498e-01
5.536358570109533028e-01
6.247827431379771035e-01
6.247827431379771035e-01
6.239591871297779369e-01
5.378798559744573105e-01
5.378798559744573105e-01
5.378798559744573105e-01
5.378798559744573105e-01
5.378798559744573105e-01
5.374661705251647659e-01
5.496088143711285179e-01
5.496088143711285179e-01
5.496088143711285179e-01
5.496088143711285179e-01
5.496088143711285179e-01
5.496088143711285179e-01
5.492702977694167155e-01
5.385192699056290389e-01
5.385192699056290389e-01
4.967470662454268604e-01
4.967470662454268604e-01
4.967470662454268604e-01
4.689945965348484291e-01
4.689945965348484291e-01
5.482947868613646802e-01
5.482947868613646802e-01
5.482947868613646802e-01
5.327130909539603554e-01
5.327130909539603554e-01
5.327130909539603554e-01
5.327130909539603554e-01
5.327130909539603554e-01
5.313056303352273746e-01
5.313056303352273746e-01
5.313056303352273746e-01
5.313056303352273746e-01
5.313056303352273746e-01
5.313056303352273746e-01
5.313056303352273746e-01
5.183443311292765809e-01
5.280056982644534269e-01
5.280056982644534269e-01
5.107121041263665839e-01
5.347035564214354109e-01
5.403762489386839674e-01
5.403762489386839674e-01
5.403762489386839674e-01
5.804924392929267096e-01
5.823393095979276790e-01
5.380398968945686589e-01
5.380398968945686589e-01
5.380398968945686589e-01
5.399144049884982977e-01
5.399144049884982977e-01
5.399144049884982977e-01
5.524267947033055792e-01
5.524267947033055792e-01
5.524267947033055792e-01
5.524267947033055792e-01
5.657765083989290122e-01
6.078522900162054432e-01
6.078522900162054432e-01
6.078522900162054432e-01
6.078522900162054432e-01
6.205064921985091742e-01
6.205064921985091742e-01
6.205064921985091742e-01
5.373480000905926923e-01
5.183672316419102311e-01
4.847774305231205005e-01
5.557645134350872596e-01
5.418902984070248507e-01
5.418902984070248507e-01
5.432666192689861173e-01
6.179054921362097108e-01
6.400318423384820932e-01
6.191560315917281621e-01
6.191560315917281621e-01
5.957262742936967337e-01
5.957262742936967337e-01
5.957262742936967337e-01
6.112984201623669067e-01
6.112984201623669067e-01
6.112984201623669067e-01
6.112984201623669067e-01
5.797049125299029715e-01
5.797049125299029715e-01
5.834723415378681999e-01
5.834723415378681999e-01
6.269275590634777462e-01
6.088609568811930162e-01
6.088609568811930162e-01
6.001510817085986549e-01
6.001510817085986549e-01
6.001510817085986549e-01
6.001510817085986549e-01
6.001510817085986549e-01
5.999948071927448945e-01
5.999948071927448945e-01
5.999948071927448945e-01
5.999948071927448945e-01
5.472900545086724078e-01
5.472900545086724078e-01
5.472900545086724078e-01
5.733730209262059008e-01
5.733730209262059008e-01
5.733730209262059008e-01
6.196772270519473880e-01
6.196772270519473880e-01
6.196772270519473880e-01
5.767790153793038721e-01
5.665843027970313139e-01
5.641534803184585778e-01
5.641534803184585778e-01
5.641534803184585778e-01
5.641534803184585778e-01
5.624820531999623618e-01
5.257119331744380952e-01
5.352108755478318658e-01
5.352108755478318658e-01
5.013794667952962136e-01
5.013794667952962136e-01
5.013794667952962136e-01
5.013794667952962136e-01
5.013794667952962136e-01
5.924009412304005462e-01
5.104330698324633930e-01
5.310896556411415226e-01
5.365148993428365820e-01
5.365148993428365820e-01
6.014720620677547203e-01
6.014720620677547203e-01
5.961769629873409082e-01
5.857484211230125082e-01
5.857484211230125082e-01
5.857484211230125082e-01
5.953368121529447610e-01
5.091239626548983432e-01
5.382893153946024523e-01
5.382893153946024523e-01
5.612905239711388772e-01
5.612905239711388772e-01
5.612905239711388772e-01
5.262719819906264140e-01
5.262719819906264140e-01
5.262719819906264140e-01
5.262719819906264140e-01
5.979928147320318077e-01
6.450105106091595930e-01
6.450105106091595930e-01
6.238127418427256154e-01
6.519742790736225979e-01
5.980628007813288960e-01
5.997795875453126868e-01
6.652984025550325864e-01
6.652984025550325864e-01
6.792059281185339747e-01
7.103700536118672249e-01
7.103700536118672249e-01
6.014151192368523136e-01
6.014151192368523136e-01
6.014151192368523136e-01
5.782769692352033308e-01
5.782769692352033308e-01
4.551282929679513201e-01
4.855832526302269470e-01
5.076046693067679527e-01
5.076046693067679527e-01
5.492419224934047550e-01
5.492419224934047550e-01
5.541900335307009540e-01
5.192566208354157942e-01
5.192566208354157942e-01
5.424172103161862823e-01
5.300759964786430078e-01
5.300759964786430078e-01
5.198178295145376993e-01
5.198178295145376993e-01
6.390437322995979885e-01
6.390437322995979885e-01
6.390437322995979885e-01
6.390437322995979885e-01
6.390437322995979885e-01
6.390437322995979885e-01
6.390437322995979885e-01
6.394029510899986724e-01
6.394029510899986724e-01
6.376466002454419524e-01
6.376466002454419524e-01
6.376466002454419524e-01
6.376466002454419524e-01
6.376466002454419524e-01
6.376466002454419524e-01
6.376466002454419524e-01
6.376466002454419524e-01
6.376466002454419524e-01
6.376466002454419524e-01
6.376466002454419524e-01
6.376466002454419524e-01
6.376466002454419524e-01
6.390688670944447702e-01
6.390688670944447702e-01
6.390688670944447702e-01
6.393390737433526372e-01
6.393390737433526372e-01
6.393390737433526372e-01
6.393390737433526372e-01
6.393390737433526372e-01
6.393390737433526372e-01
6.301122999386017387e-01
6.301122999386017387e-01
6.301122999386017387e-01
6.301122999386017387e-01
6.301122999386017387e-01
6.280166877263558822e-01
6.280166877263558822e-01
6.347153530629899842e-01
6.347153530629899842e-01
6.347153530629899842e-01
6.076639687800695633e-01
6.055925407621763901e-01
6.055925407621763901e-01
6.055925407621763901e-01
6.697484268930103957e-01
6.697484268930103957e-01
6.697484268930103957e-01
6.108775748387217375e-01
6.644254450338876739e-01
6.644254450338876739e-01
6.735821888076934938e-01
6.735821888076934938e-01
6.608990271631284275e-01
6.608990271631284275e-01
6.374263512670440557e-01
6.374263512670440557e-01
6.374263512670440557e-01
5.329336684605034957e-01
5.329336684605034957e-01
5.329336684605034957e-01
5.599814348291538568e-01
5.504975296924834449e-01
5.738653595436441490e-01
5.543481368964902067e-01
5.391077852324860364e-01
5.391077852324860364e-01
5.391077852324860364e-01
5.391077852324860364e-01
5.391077852324860364e-01
5.391077852324860364e-01
5.391077852324860364e-01
5.391077852324860364e-01
5.391077852324860364e-01
5.391077852324860364e-01
5.391077852324860364e-01
5.391077852324860364e-01
5.391077852324860364e-01
5.500486262281595318e-01
5.729063699048329017e-01
5.729063699048329017e-01
5.729063699048329017e-01
5.729063699048329017e-01
5.729063699048329017e-01
5.662113851378518525e-01
5.612375039905075358e-01
5.612375039905075358e-01
5.612375039905075358e-01
5.612375039905075358e-01
5.633426480803893632e-01
5.633426480803893632e-01
5.633426480803893632e-01
5.641835975544267079e-01
5.567794030393214966e-01
5.911225560348670749e-01
5.911225560348670749e-01
6.599087685754063681e-01
6.599087685754063681e-01
5.504341019882262875e-01
6.281663020486729643e-01
6.281663020486729643e-01
6.281663020486729643e-01
6.668666021968926438e-01
6.668666021968926438e-01
6.532465310444413031e-01
6.348871759052415742e-01
6.348871759052415742e-01
6.348871759052415742e-01
6.348871759052415742e-01
6.389306267756518221e-01
6.389306267756518221e-01
6.389306267756518221e-01
6.389306267756518221e-01
5.895085154795943749e-01
5.895085154795943749e-01
5.644489760451212312e-01
5.644489760451212312e-01
5.644489760451212312e-01
5.644489760451212312e-01
5.644489760451212312e-01
5.762833991340109430e-01
5.762833991340109430e-01
5.762833991340109430e-01
5.762833991340109430e-01
6.733832081703755579e-01
6.733832081703755579e-01
6.733832081703755579e-01
6.759425362574649210e-01
6.759425362574649210e-01
6.759425362574649210e-01
7.205055245981113465e-01
7.205055245981113465e-01
7.205055245981113465e-01
7.205055245981113465e-01
7.205055245981113465e-01
6.668599312876125618e-01
6.928815476516778649e-01
6.928815476516778649e-01
6.928815476516778649e-01
6.779234930698977424e-01
6.779234930698977424e-01
6.826605268919744285e-01
6.826605268919744285e-01
6.826605268919744285e-01
6.826605268919744285e-01
6.826605268919744285e-01
6.826605268919744285e-01
6.826605268919744285e-01
6.580290094488411290e-01
6.580290094488411290e-01
6.580290094488411290e-01
6.580290094488411290e-01
6.808999031246986133e-01
6.769919894219368350e-01
6.769919894219368350e-01
6.435680699268935268e-01
5.781087661317482196e-01
5.781087661317482196e-01
5.781087661317482196e-01
5.707479166587348107e-01
5.707479166587348107e-01
5.763963543309876814e-01
5.617873679352541894e-01
5.617873679352541894e-01
5.617873679352541894e-01
5.617873679352541894e-01
5.479045081889022395e-01
5.271052985044616390e-01
5.271052985044616390e-01
5.271052985044616390e-01
5.271052985044616390e-01
5.271052985044616390e-01
5.271052985044616390e-01
5.466975663011313102e-01
5.466975663011313102e-01
5.466975663011313102e-01
5.466975663011313102e-01
5.824729904741379194e-01
5.397939350083257315e-01
5.397939350083257315e-01
5.397939350083257315e-01
5.276110323387482870e-01
4.968195092644216992e-01
4.968195092644216992e-01
4.968195092644216992e-01
4.968195092644216992e-01
5.477190771219359045e-01
5.477190771219359045e-01
5.732133323387089696e-01
5.732133323387089696e-01
5.732133323387089696e-01
5.732133323387089696e-01
5.732133323387089696e-01
6.235938017625803909e-01
6.235938017625803909e-01
6.351489226423203682e-01
5.485245555098632320e-01
5.485245555098632320e-01
5.485245555098632320e-01
6.149209408067155547e-01
6.149209408067155547e-01
6.149209408067155547e-01
6.149209408067155547e-01
6.149209408067155547e-01
6.149209408067155547e-01
6.149209408067155547e-01
5.693413677074709023e-01
5.693413677074709023e-01
5.693413677074709023e-01
5.545487653016009100e-01
5.545487653016009100e-01
6.186653409034312823e-01
5.172326330598788768e-01
5.172326330598788768e-01
5.172326330598788768e-01
5.411198331275588469e-01
5.411198331275588469e-01
5.411198331275588469e-01
5.411198331275588469e-01
5.411198331275588469e-01
5.411198331275588469e-01
5.411198331275588469e-01
5.411198331275588469e-01
5.734059799429753745e-01
6.049263495790098144e-01
5.788552310310397520e-01
5.788552310310397520e-01
5.788552310310397520e-01
5.419127026120651447e-01
5.419127026120651447e-01
5.419127026120651447e-01
5.419127026120651447e-01
5.475610514536769502e-01
5.475610514536769502e-01
5.475610514536769502e-01
5.475610514536769502e-01
5.895902144958220514e-01
5.895902144958220514e-01
5.895902144958220514e-01
5.895902144958220514e-01
5.863163445550690911e-01
5.480835489535177407e-01
5.480835489535177407e-01
5.677094589119299206e-01
5.496377018126425984e-01
5.496377018126425984e-01
5.328607576938790835e-01
5.328607576938790835e-01
5.328607576938790835e-01
5.328607576938790835e-01
5.328607576938790835e-01
5.351455079851182850e-01
5.351455079851182850e-01
5.351455079851182850e-01
5.351455079851182850e-01
5.626744376112107204e-01
5.626744376112107204e-01
5.626744376112107204e-01
5.626744376112107204e-01
5.626744376112107204e-01
5.140265747185689404e-01
5.140265747185689404e-01
5.140265747185689404e-01
5.140265747185689404e-01
5.140265747185689404e-01
5.636691398874156267e-01
5.509175972392604814e-01
5.509175972392604814e-01
5.509175972392604814e-01
5.509175972392604814e-01
5.509175972392604814e-01
5.956922241538408214e-01
5.534354401432249881e-01
5.534354401432249881e-01
5.534354401432249881e-01
5.534354401432249881e-01
5.534354401432249881e-01
5.534354401432249881e-01
5.534354401432249881e-01
5.534354401432249881e-01
5.534354401432249881e-01
5.534354401432249881e-01
5.534354401432249881e-01
5.681528166763940568e-01
6.204352258466948600e-01
6.154709367684554344e-01
6.154709367684554344e-01
6.154709367684554344e-01
6.154709367684554344e-01
6.036457056429109791e-01
6.036457056429109791e-01
5.906956363882727157e-01
6.498158551366374214e-01
5.685015734664785603e-01
5.685015734664785603e-01
5.685015734664785603e-01
5.731677083782711346e-01
5.813427248857335750e-01
5.813427248857335750e-01
5.813427248857335750e-01
5.864193377922368722e-01
5.924348873385315573e-01
6.158625840788083394e-01
6.027859308930011428e-01
6.027859308930011428e-01
6.027859308930011428e-01
6.027859308930011428e-01
5.748957706416378821e-01
6.488903972379896912e-01
6.488903972379896912e-01
6.488903972379896912e-01
6.464922520248048698e-01
6.464922520248048698e-01
6.508864127493164675e-01
6.073651846711770608e-01
6.073651846711770608e-01
6.073651846711770608e-01
6.073651846711770608e-01
5.640618040692348956e-01
6.437817543029432654e-01
5.934511148074803621e-01
5.934511148074803621e-01
5.934511148074803621e-01
5.800963576095038432e-01
5.800963576095038432e-01
5.800963576095038432e-01
5.800963576095038432e-01
5.800963576095038432e-01
5.800963576095038432e-01
5.814178792256129436e-01
5.814178792256129436e-01
6.075779538161789617e-01
6.075779538161789617e-01
6.075779538161789617e-01
6.075779538161789617e-01
6.075779538161789617e-01
5.983297937570273284e-01
5.983297937570273284e-01
5.983297937570273284e-01
5.983297937570273284e-01
5.983297937570273284e-01
6.163461176547376796e-01
6.007295143992763542e-01
6.007295143992763542e-01
6.007295143992763542e-01
6.389848155268663676e-01
6.389848155268663676e-01
6.312852142014327983e-01
6.312852142014327983e-01
5.837495177237465027e-01
5.886774090298033668e-01
5.886774090298033668e-01
5.886774090298033668e-01
5.886774090298033668e-01
5.886774090298033668e-01
6.524544743943265779e-01
6.524544743943265779e-01
6.524544743943265779e-01
6.524544743943265779e-01
6.524544743943265779e-01
6.700580727767270206e-01
5.842106537302591551e-01
5.842106537302591551e-01
6.048566219871800431e-01
6.359543047470170851e-01
6.359543047470170851e-01
5.816544434150086040e-01
5.816544434150086040e-01
6.581199781588343845e-01
6.581199781588343845e-01
6.645750934642867813e-01
6.645750934642867813e-01
6.645750934642867813e-01
6.645750934642867813e-01
6.645750934642867813e-01
6.173524383356759904e-01
6.173524383356759904e-01
6.173524383356759904e-01
6.173524383356759904e-01
6.173524383356759904e-01
6.173524383356759904e-01
5.667754673303834201e-01
5.667754673303834201e-01
5.667754673303834201e-01
5.329235423324387710e-01
5.329235423324387710e-01
5.624033026832699900e-01
5.624033026832699900e-01
5.966375818343406801e-01
6.087880708297334076e-01
6.087880708297334076e-01
6.087880708297334076e-01
6.502148689524848146e-01
6.886801121770467216e-01
6.821243717199776402e-01
6.821243717199776402e-01
6.540761914409800593e-01
6.540761914409800593e-01
6.460364882032985090e-01
6.487850948802234008e-01
6.487850948802234008e-01
6.487850948802234008e-01
6.487850948802234008e-01
6.487850948802234008e-01
6.487850948802234008e-01
6.703251193371831951e-01
6.603009192377812253e-01
6.603009192377812253e-01
6.603009192377812253e-01
6.603009192377812253e-01
6.603009192377812253e-01
6.676112920734652567e-01
6.676112920734652567e-01
6.676112920734652567e-01
6.490404048270981274e-01
6.001751521367009179e-01
6.001751521367009179e-01
5.552449967708924516e-01
5.552449967708924516e-01
5.552449967708924516e-01
5.552449967708924516e-01
5.552449967708924516e-01
6.361217884040129000e-01
5.304757281426203397e-01
5.304757281426203397e-01
5.753147727738986417e-01
5.203044090292648916e-01
5.203044090292648916e-01
5.203044090292648916e-01
5.203044090292648916e-01
5.664848723297275512e-01
5.664848723297275512e-01
6.435964993647065313e-01
6.435964993647065313e-01
