# Variable: dg_gbvi_00000475
# Sample shape: (2565,)
# Date: 2013-03-08 06:18:12.252580
-3.272738329452849815e+00
-3.147665787272135418e+00
-3.978422872359955509e+00
-4.900676255340764342e+00
-5.173048444013171654e+00
-5.173048444013171654e+00
-5.048406188239191295e+00
-4.953073027131329908e+00
-4.420331019026185970e+00
-4.420331019026185970e+00
-4.420331019026185970e+00
-4.420331019026185970e+00
-4.420331019026185970e+00
-4.627980626218529459e+00
-4.608188588854633672e+00
-4.614082402249535697e+00
-4.614082402249535697e+00
-4.614082402249535697e+00
-4.614082402249535697e+00
-4.554634299080309923e+00
-4.267210720120388601e+00
-4.043158362330610878e+00
-4.043158362330610878e+00
-4.061812179133650780e+00
-4.061812179133650780e+00
-4.045850927360121752e+00
-4.045850927360121752e+00
-3.796322368664357683e+00
-3.796322368664357683e+00
-3.818195812034633985e+00
-3.818195812034633985e+00
-3.818195812034633985e+00
-3.818195812034633985e+00
-3.818195812034633985e+00
-3.818195812034633985e+00
-3.818195812034633985e+00
-3.818195812034633985e+00
-3.920063608517608156e+00
-3.972578468053195699e+00
-3.926804672501143845e+00
-3.926804672501143845e+00
-3.926804672501143845e+00
-3.982137339116955665e+00
-3.982137339116955665e+00
-3.997720736206663794e+00
-3.658053791583067760e+00
-3.658053791583067760e+00
-4.052382588555782483e+00
-4.174406720535950299e+00
-4.174406720535950299e+00
-4.174406720535950299e+00
-4.174406720535950299e+00
-4.174406720535950299e+00
-4.174406720535950299e+00
-4.174406720535950299e+00
-4.174406720535950299e+00
-4.696013414262689700e+00
-4.696013414262689700e+00
-4.696013414262689700e+00
-4.696013414262689700e+00
-4.297768071130052547e+00
-4.297768071130052547e+00
-4.297768071130052547e+00
-4.292043492564085128e+00
-4.292043492564085128e+00
-4.292043492564085128e+00
-4.292043492564085128e+00
-4.292043492564085128e+00
-4.292043492564085128e+00
-3.973041948786522504e+00
-3.973041948786522504e+00
-3.973041948786522504e+00
-3.968843805531458102e+00
-3.951147510622742498e+00
-3.951147510622742498e+00
-3.951147510622742498e+00
-3.951147510622742498e+00
-4.457013538412964770e+00
-4.457013538412964770e+00
-4.457013538412964770e+00
-4.070112584733831085e+00
-4.088909727359671287e+00
-4.088909727359671287e+00
-4.088909727359671287e+00
-4.122935626356846406e+00
-4.101014032810494925e+00
-4.101014032810494925e+00
-4.101014032810494925e+00
-4.101014032810494925e+00
-4.101014032810494925e+00
-4.084146190515973274e+00
-4.084146190515973274e+00
-4.258427157851317091e+00
-4.258427157851317091e+00
-4.258427157851317091e+00
-4.366115010389814977e+00
-4.366115010389814977e+00
-4.366115010389814977e+00
-4.366115010389814977e+00
-4.259617988045762971e+00
-4.259617988045762971e+00
-4.267279009409703505e+00
-4.267279009409703505e+00
-4.267279009409703505e+00
-4.267279009409703505e+00
-4.267279009409703505e+00
-4.513642938761575074e+00
-4.513642938761575074e+00
-4.513642938761575074e+00
-4.513642938761575074e+00
-4.513642938761575074e+00
-4.513642938761575074e+00
-4.513642938761575074e+00
-4.513642938761575074e+00
-4.513642938761575074e+00
-4.513642938761575074e+00
-4.513642938761575074e+00
-4.513642938761575074e+00
-4.618488767687641605e+00
-4.618488767687641605e+00
-4.507369269489018393e+00
-4.349117559587482695e+00
-4.349117559587482695e+00
-4.355783587753902175e+00
-4.355783587753902175e+00
-4.355783587753902175e+00
-4.355783587753902175e+00
-4.355783587753902175e+00
-4.355783587753902175e+00
-4.328538485632172694e+00
-4.328538485632172694e+00
-4.315931313501489619e+00
-4.315931313501489619e+00
-4.322275207482223713e+00
-4.322275207482223713e+00
-4.322275207482223713e+00
-4.322275207482223713e+00
-4.322275207482223713e+00
-4.322104981462927320e+00
-4.254302397717471429e+00
-3.357186706946814869e+00
-3.357186706946814869e+00
-3.349189957206321289e+00
-3.349189957206321289e+00
-3.349189957206321289e+00
-3.349189957206321289e+00
-3.373303549256236433e+00
-3.373303549256236433e+00
-3.373303549256236433e+00
-3.373303549256236433e+00
-3.373303549256236433e+00
-3.340278200969173827e+00
-3.340278200969173827e+00
-3.340278200969173827e+00
-3.340278200969173827e+00
-3.340278200969173827e+00
-3.334864447951719768e+00
-3.334864447951719768e+00
-3.334864447951719768e+00
-3.301171944711374096e+00
-3.301171944711374096e+00
-3.301171944711374096e+00
-3.301171944711374096e+00
-3.301171944711374096e+00
-3.301171944711374096e+00
-3.301171944711374096e+00
-3.301171944711374096e+00
-3.395765092126761697e+00
-3.395765092126761697e+00
-3.395765092126761697e+00
-3.395765092126761697e+00
-3.395765092126761697e+00
-3.395765092126761697e+00
-3.367941217545871169e+00
-3.367941217545871169e+00
-3.367941217545871169e+00
-3.365031290746651305e+00
-3.365031290746651305e+00
-3.317442678572374071e+00
-3.317442678572374071e+00
-3.317442678572374071e+00
-3.317442678572374071e+00
-3.287712020979111749e+00
-3.287712020979111749e+00
-3.286107806625981009e+00
-3.290324540378342100e+00
-3.290324540378342100e+00
-3.290324540378342100e+00
-3.290324540378342100e+00
-3.213788088975981339e+00
-3.213788088975981339e+00
-3.213788088975981339e+00
-3.213788088975981339e+00
-3.213788088975981339e+00
-3.213788088975981339e+00
-3.213788088975981339e+00
-3.213788088975981339e+00
-3.213788088975981339e+00
-3.258111274102680088e+00
-3.258111274102680088e+00
-3.258111274102680088e+00
-3.258111274102680088e+00
-3.258111274102680088e+00
-3.258111274102680088e+00
-3.258111274102680088e+00
-3.218372733593267920e+00
-3.218372733593267920e+00
-3.218372733593267920e+00
-3.218372733593267920e+00
-3.218372733593267920e+00
-3.218372733593267920e+00
-3.218372733593267920e+00
-3.218372733593267920e+00
-3.218372733593267920e+00
-3.411930053811576435e+00
-3.411930053811576435e+00
-3.365023922797980571e+00
-3.365023922797980571e+00
-3.178582889375661136e+00
-3.194771990199063438e+00
-3.194771990199063438e+00
-3.285125971829655267e+00
-3.285125971829655267e+00
-3.285125971829655267e+00
-3.275261931737417864e+00
-3.275261931737417864e+00
-3.268361981716969122e+00
-3.268361981716969122e+00
-3.268361981716969122e+00
-3.268361981716969122e+00
-3.268361981716969122e+00
-3.268361981716969122e+00
-3.268361981716969122e+00
-3.268361981716969122e+00
-3.268361981716969122e+00
-3.268361981716969122e+00
-3.212322115369771858e+00
-3.212322115369771858e+00
-3.212322115369771858e+00
-3.206995133731046277e+00
-3.206995133731046277e+00
-3.206995133731046277e+00
-3.244283107903269681e+00
-3.244283107903269681e+00
-3.244283107903269681e+00
-3.322249690171472647e+00
-3.261308005889945960e+00
-3.272414873462178964e+00
-3.272414873462178964e+00
-3.272414873462178964e+00
-3.272414873462178964e+00
-3.272414873462178964e+00
-3.272414873462178964e+00
-3.272414873462178964e+00
-3.275221679383398143e+00
-3.275221679383398143e+00
-3.275221679383398143e+00
-3.275221679383398143e+00
-3.298796712548022203e+00
-3.298796712548022203e+00
-3.298796712548022203e+00
-3.191346702988437034e+00
-3.214453988932518325e+00
-3.218275116498122923e+00
-3.218275116498122923e+00
-3.218275116498122923e+00
-3.218275116498122923e+00
-3.201403559423864564e+00
-3.201403559423864564e+00
-3.430856204445022595e+00
-3.430856204445022595e+00
-3.339617543809308753e+00
-3.339617543809308753e+00
-3.339617543809308753e+00
-3.342209530911775861e+00
-3.342209530911775861e+00
-3.342209530911775861e+00
-3.342209530911775861e+00
-3.342209530911775861e+00
-3.342209530911775861e+00
-3.346659006239160572e+00
-3.346659006239160572e+00
-3.390145627568704079e+00
-3.377055977026571565e+00
-3.377055977026571565e+00
-3.377055977026571565e+00
-3.427837656636691044e+00
-3.429178494250281872e+00
-3.429178494250281872e+00
-3.429178494250281872e+00
-3.429178494250281872e+00
-3.429178494250281872e+00
-3.429178494250281872e+00
-3.429178494250281872e+00
-3.429178494250281872e+00
-3.429178494250281872e+00
-3.399827641682326096e+00
-3.399827641682326096e+00
-3.102524046858038620e+00
-3.102524046858038620e+00
-3.341831004991289600e+00
-3.342453861829864259e+00
-3.342453861829864259e+00
-3.342453861829864259e+00
-3.342453861829864259e+00
-3.342453861829864259e+00
-3.342453861829864259e+00
-3.342453861829864259e+00
-3.342453861829864259e+00
-3.342453861829864259e+00
-3.342453861829864259e+00
-3.334599641781797796e+00
-3.334599641781797796e+00
-3.332293468298330286e+00
-3.337167642722996597e+00
-3.337167642722996597e+00
-3.337167642722996597e+00
-3.337167642722996597e+00
-3.337167642722996597e+00
-3.473351183854699542e+00
-3.473351183854699542e+00
-3.473351183854699542e+00
-3.473351183854699542e+00
-3.473351183854699542e+00
-3.338294202103293529e+00
-3.338294202103293529e+00
-3.338294202103293529e+00
-3.338294202103293529e+00
-3.338294202103293529e+00
-3.336365951517952233e+00
-3.202235574193651235e+00
-3.202235574193651235e+00
-3.202235574193651235e+00
-3.144506064097048359e+00
-3.144506064097048359e+00
-3.148226433778865907e+00
-2.889591958418204154e+00
-3.053308441349830815e+00
-3.053308441349830815e+00
-3.055299041579674579e+00
-3.055299041579674579e+00
-3.053296088481467496e+00
-3.053296088481467496e+00
-3.053296088481467496e+00
-3.053296088481467496e+00
-3.073083484631731199e+00
-3.073083484631731199e+00
-3.073083484631731199e+00
-3.023996555112266282e+00
-3.023996555112266282e+00
-3.085237010537071445e+00
-3.160380636496226803e+00
-3.160380636496226803e+00
-3.160380636496226803e+00
-3.176932927781530580e+00
-3.176932927781530580e+00
-3.176932927781530580e+00
-3.176932927781530580e+00
-3.173980668858757515e+00
-3.173980668858757515e+00
-3.173980668858757515e+00
-3.173980668858757515e+00
-3.173980668858757515e+00
-3.173980668858757515e+00
-3.173980668858757515e+00
-3.173980668858757515e+00
-3.173980668858757515e+00
-3.173980668858757515e+00
-3.173980668858757515e+00
-3.170054670133580110e+00
-3.170054670133580110e+00
-3.169944944073264548e+00
-3.169927896597185324e+00
-3.169927896597185324e+00
-3.169927896597185324e+00
-3.169927896597185324e+00
-3.169927896597185324e+00
-3.169927896597185324e+00
-3.169927896597185324e+00
-3.169927896597185324e+00
-3.175085297945924978e+00
-3.175085297945924978e+00
-3.175085297945924978e+00
-3.175085297945924978e+00
-3.175085297945924978e+00
-3.175085297945924978e+00
-3.175085297945924978e+00
-3.175085297945924978e+00
-3.175085297945924978e+00
-3.153211993618568076e+00
-3.204903126193874741e+00
-3.187612765346802490e+00
-3.187612765346802490e+00
-3.400651464955638748e+00
-3.400651464955638748e+00
-3.400651464955638748e+00
-3.400651464955638748e+00
-3.400651464955638748e+00
-3.400651464955638748e+00
-3.338770682072995211e+00
-3.338770682072995211e+00
-3.338770682072995211e+00
-3.330366645574539319e+00
-3.332218970744428965e+00
-3.332218970744428965e+00
-3.332218970744428965e+00
-3.332218970744428965e+00
-3.332218970744428965e+00
-3.495137870605449226e+00
-3.495137870605449226e+00
-3.548505788674387595e+00
-3.548505788674387595e+00
-3.554121833670595088e+00
-3.554121833670595088e+00
-3.554121833670595088e+00
-3.551903470259362372e+00
-3.447202214174148516e+00
-3.447202214174148516e+00
-3.446862312437833697e+00
-3.446862312437833697e+00
-3.219029094437054983e+00
-3.199100444398994991e+00
-3.199100444398994991e+00
-3.199100444398994991e+00
-3.249458379225904636e+00
-3.249458379225904636e+00
-3.250463938947648845e+00
-3.245875391010161870e+00
-3.245875391010161870e+00
-3.245875391010161870e+00
-3.761703667553686792e+00
-3.761793700295545939e+00
-3.759968492253865424e+00
-3.759968492253865424e+00
-3.759968492253865424e+00
-3.759968492253865424e+00
-3.760275956068734438e+00
-3.760275956068734438e+00
-3.760275956068734438e+00
-3.734137110134745807e+00
-3.442769856771608961e+00
-3.442769856771608961e+00
-3.442769856771608961e+00
-3.442341511370309970e+00
-3.442341511370309970e+00
-3.450134305340603724e+00
-3.450134305340603724e+00
-3.450134305340603724e+00
-3.450134305340603724e+00
-3.450134305340603724e+00
-3.450134305340603724e+00
-3.450134305340603724e+00
-3.450134305340603724e+00
-3.459082410101192995e+00
-3.511801475508678827e+00
-3.511801475508678827e+00
-3.462585458617946088e+00
-3.462585458617946088e+00
-3.462585458617946088e+00
-3.462585458617946088e+00
-3.462585458617946088e+00
-3.482833409670951230e+00
-3.482833409670951230e+00
-3.489554433978233838e+00
-3.489767663293180888e+00
-3.489767663293180888e+00
-3.489767663293180888e+00
-3.489767663293180888e+00
-3.488915062621980034e+00
-3.488915062621980034e+00
-3.488915062621980034e+00
-3.488915062621980034e+00
-3.488915062621980034e+00
-3.488915062621980034e+00
-3.487379221940631435e+00
-3.489877378424533827e+00
-3.489877378424533827e+00
-3.489877378424533827e+00
-3.489877378424533827e+00
-3.514664621355525043e+00
-3.513275792026012034e+00
-3.513275792026012034e+00
-3.513275792026012034e+00
-3.513275792026012034e+00
-3.513275792026012034e+00
-3.513275792026012034e+00
-3.513275792026012034e+00
-3.513275792026012034e+00
-3.624669615888332252e+00
-3.624669615888332252e+00
-3.714527561053449833e+00
-3.714527561053449833e+00
-3.714527561053449833e+00
-3.714527561053449833e+00
-3.714527561053449833e+00
-3.714527561053449833e+00
-3.714527561053449833e+00
-3.705248801691362281e+00
-3.712137255629113231e+00
-3.659773271595094357e+00
-3.659773271595094357e+00
-3.659773271595094357e+00
-3.659773271595094357e+00
-3.659773271595094357e+00
-3.659773271595094357e+00
-3.659773271595094357e+00
-3.659773271595094357e+00
-3.659773271595094357e+00
-3.659773271595094357e+00
-3.659773271595094357e+00
-3.659773271595094357e+00
-3.659773271595094357e+00
-3.711680527557263520e+00
-3.711680527557263520e+00
-3.711680527557263520e+00
-3.711680527557263520e+00
-3.711680527557263520e+00
-3.711680527557263520e+00
-3.666722020878463439e+00
-3.666722020878463439e+00
-3.666722020878463439e+00
-3.393100136559036084e+00
-3.515573135118110759e+00
-3.515573135118110759e+00
-3.460298065091805153e+00
-3.460298065091805153e+00
-3.465607513068064360e+00
-3.465607513068064360e+00
-3.465607513068064360e+00
-3.465607513068064360e+00
-3.465607513068064360e+00
-3.459281693989086470e+00
-3.459281693989086470e+00
-3.461421236533031465e+00
-3.459612456867377173e+00
-3.459612456867377173e+00
-3.538735900480461716e+00
-3.538735900480461716e+00
-3.538735900480461716e+00
-3.538735900480461716e+00
-3.538735900480461716e+00
-3.538735900480461716e+00
-3.482675621495474605e+00
-3.429240852302826603e+00
-3.429240852302826603e+00
-3.429240852302826603e+00
-3.429240852302826603e+00
-3.429240852302826603e+00
-3.462592423549095688e+00
-3.462592423549095688e+00
-3.462592423549095688e+00
-3.459744304476251475e+00
-3.459744304476251475e+00
-3.459744304476251475e+00
-3.459744304476251475e+00
-3.459744304476251475e+00
-3.431043948034805613e+00
-3.435579285478061351e+00
-3.435579285478061351e+00
-3.435579285478061351e+00
-3.435579285478061351e+00
-3.435579285478061351e+00
-3.590611004751179891e+00
-3.480131018569466494e+00
-3.480131018569466494e+00
-3.462471199283736478e+00
-3.543204096164491279e+00
-3.543204096164491279e+00
-3.543204096164491279e+00
-3.543204096164491279e+00
-3.543204096164491279e+00
-3.521370530657526032e+00
-3.521370530657526032e+00
-3.521370530657526032e+00
-3.522996642013601409e+00
-3.522996642013601409e+00
-3.517130910497626495e+00
-3.517130910497626495e+00
-3.516284820823866841e+00
-3.516284820823866841e+00
-3.516284820823866841e+00
-3.516284820823866841e+00
-3.516284820823866841e+00
-3.516284820823866841e+00
-3.516284820823866841e+00
-3.527210926762348819e+00
-3.386079383827230505e+00
-3.386079383827230505e+00
-3.386079383827230505e+00
-3.386079383827230505e+00
-3.386079383827230505e+00
-3.386079383827230505e+00
-3.386079383827230505e+00
-3.386079383827230505e+00
-3.386079383827230505e+00
-3.386079383827230505e+00
-3.386079383827230505e+00
-3.386973758186332617e+00
-3.386973758186332617e+00
-3.401657914983805764e+00
-3.401657914983805764e+00
-3.386327593721798479e+00
-3.386327593721798479e+00
-3.386327593721798479e+00
-3.386327593721798479e+00
-3.386327593721798479e+00
-3.386327593721798479e+00
-3.386327593721798479e+00
-3.388241601806094128e+00
-3.388241601806094128e+00
-3.419164592925137303e+00
-3.422498473476194292e+00
-3.422498473476194292e+00
-3.422498473476194292e+00
-3.422498473476194292e+00
-3.422498473476194292e+00
-3.415854025773899849e+00
-3.415854025773899849e+00
-2.947620146291764609e+00
-2.947620146291764609e+00
-3.247514780792841282e+00
-3.247514780792841282e+00
-3.247514780792841282e+00
-3.247514780792841282e+00
-3.182703566109437610e+00
-3.182703566109437610e+00
-3.182703566109437610e+00
-3.182703566109437610e+00
-3.182703566109437610e+00
-3.182703566109437610e+00
-3.171032619699242883e+00
-3.171032619699242883e+00
-3.171032619699242883e+00
-3.220165448717164480e+00
-3.216423540928206037e+00
-3.216423540928206037e+00
-3.132046846589216837e+00
-3.132046846589216837e+00
-3.171545429608765065e+00
-3.171545429608765065e+00
-3.171545429608765065e+00
-3.171545429608765065e+00
-3.171545429608765065e+00
-3.171545429608765065e+00
-3.032816418207485931e+00
-3.032816418207485931e+00
-3.092240157086640462e+00
-3.069416948730548267e+00
-3.217657863814551877e+00
-3.217657863814551877e+00
-3.217657863814551877e+00
-3.217657863814551877e+00
-3.217657863814551877e+00
-3.217657863814551877e+00
-3.217657863814551877e+00
-3.069793647453609609e+00
-3.055469651718468516e+00
-3.082647123170331849e+00
-3.082647123170331849e+00
-3.287760238690301762e+00
-3.287760238690301762e+00
-3.287760238690301762e+00
-3.287760238690301762e+00
-3.287760238690301762e+00
-3.287760238690301762e+00
-3.287760238690301762e+00
-3.287760238690301762e+00
-3.287760238690301762e+00
-3.343706136004518381e+00
-3.343706136004518381e+00
-3.344993125594725836e+00
-3.344993125594725836e+00
-3.344993125594725836e+00
-3.375852433674312092e+00
-3.375852433674312092e+00
-3.375852433674312092e+00
-3.375852433674312092e+00
-3.375852433674312092e+00
-3.370438747970651683e+00
-3.370438747970651683e+00
-3.370438747970651683e+00
-3.370438747970651683e+00
-3.186723528353322621e+00
-3.104430145711932099e+00
-3.124313616279099648e+00
-3.124313616279099648e+00
-3.124313616279099648e+00
-3.642288866110444001e+00
-3.425187539905380163e+00
-3.425187539905380163e+00
-3.425187539905380163e+00
-3.425187539905380163e+00
-3.419996603847706762e+00
-3.358231244534465088e+00
-3.358231244534465088e+00
-3.336507124116536271e+00
-3.354202627746778465e+00
-3.354202627746778465e+00
-3.359434047575502902e+00
-3.354026856301226100e+00
-3.354026856301226100e+00
-3.358755001720695077e+00
-3.070963894922334347e+00
-3.070963894922334347e+00
-3.181474482958632777e+00
-3.181474482958632777e+00
-3.181474482958632777e+00
-3.181474482958632777e+00
-3.181474482958632777e+00
-3.185841498724873322e+00
-3.185841498724873322e+00
-3.185841498724873322e+00
-3.185841498724873322e+00
-3.185841498724873322e+00
-3.468053355479685074e+00
-3.468053355479685074e+00
-3.468053355479685074e+00
-3.468053355479685074e+00
-3.484909937000598923e+00
-3.486241738763923514e+00
-3.486241738763923514e+00
-3.486241738763923514e+00
-3.486241738763923514e+00
-2.968786581041619854e+00
-2.968786581041619854e+00
-2.968786581041619854e+00
-3.423956338743549210e+00
-3.422777812432268529e+00
-3.422777812432268529e+00
-3.220328373316483361e+00
-3.185999893656506377e+00
-3.185999893656506377e+00
-3.185999893656506377e+00
-3.185999893656506377e+00
-3.185999893656506377e+00
-3.185999893656506377e+00
-3.185999893656506377e+00
-3.185999893656506377e+00
-2.974451761998250454e+00
-2.974451761998250454e+00
-2.898220274713590783e+00
-3.004308104428393911e+00
-3.004308104428393911e+00
-3.004308104428393911e+00
-3.008625554689985382e+00
-3.008625554689985382e+00
-3.008625554689985382e+00
-3.008625554689985382e+00
-3.008625554689985382e+00
-3.270413052866370851e+00
-3.237326168774016022e+00
-3.237326168774016022e+00
-3.237326168774016022e+00
-3.237326168774016022e+00
-3.237326168774016022e+00
-3.237326168774016022e+00
-3.305026608111710118e+00
-3.305026608111710118e+00
-3.305026608111710118e+00
-3.305026608111710118e+00
-3.305026608111710118e+00
-3.305026608111710118e+00
-3.305026608111710118e+00
-3.305026608111710118e+00
-3.050202430155365629e+00
-3.050202430155365629e+00
-3.120092442312984105e+00
-3.124351354827761718e+00
-3.173943732741641544e+00
-3.112720251069381217e+00
-3.112720251069381217e+00
-3.078216334496381990e+00
-3.078216334496381990e+00
-3.078216334496381990e+00
-3.078216334496381990e+00
-3.052223358077672088e+00
-2.939962876921992319e+00
-2.876765519341103694e+00
-3.198145334889045177e+00
-3.198145334889045177e+00
-3.198145334889045177e+00
-3.198145334889045177e+00
-3.198145334889045177e+00
-3.198145334889045177e+00
-3.198145334889045177e+00
-3.198145334889045177e+00
-3.198145334889045177e+00
-3.198145334889045177e+00
-3.253324174661922807e+00
-3.127919982036123869e+00
-3.014414061779475684e+00
-3.014414061779475684e+00
-3.037319024638444276e+00
-3.037319024638444276e+00
-3.037319024638444276e+00
-2.992695132456308471e+00
-2.992695132456308471e+00
-2.992695132456308471e+00
-2.992695132456308471e+00
-2.992695132456308471e+00
-3.430717627490546651e+00
-3.430717627490546651e+00
-3.445880979976717384e+00
-3.445880979976717384e+00
-3.445880979976717384e+00
-3.445880979976717384e+00
-3.445880979976717384e+00
-3.445880979976717384e+00
-3.438091176642889657e+00
-3.144254495171547426e+00
-3.257947784207937403e+00
-3.257947784207937403e+00
-3.257947784207937403e+00
-3.257947784207937403e+00
-3.257947784207937403e+00
-3.257947784207937403e+00
-3.266201981021039646e+00
-3.228099850158052675e+00
-3.228099850158052675e+00
-3.228099850158052675e+00
-3.244671463625151908e+00
-3.210548374860375809e+00
-3.210548374860375809e+00
-3.210548374860375809e+00
-3.238003182908006039e+00
-3.248622130154583232e+00
-3.248622130154583232e+00
-3.248622130154583232e+00
-3.248622130154583232e+00
-3.248622130154583232e+00
-3.248622130154583232e+00
-3.248622130154583232e+00
-3.415208261720109384e+00
-3.415208261720109384e+00
-3.415208261720109384e+00
-3.415208261720109384e+00
-3.410868895844617388e+00
-3.410868895844617388e+00
-3.410868895844617388e+00
-3.410868895844617388e+00
-3.424237104078731164e+00
-3.424237104078731164e+00
-3.424237104078731164e+00
-3.424237104078731164e+00
-3.425975744336274609e+00
-3.414525211341778110e+00
-3.269626502100077658e+00
-3.269626502100077658e+00
-3.265081181153091539e+00
-3.265081181153091539e+00
-3.131412463976904537e+00
-3.403527044926151213e+00
-3.403527044926151213e+00
-3.403527044926151213e+00
-3.403527044926151213e+00
-3.403527044926151213e+00
-3.403527044926151213e+00
-3.403527044926151213e+00
-3.403527044926151213e+00
-3.403527044926151213e+00
-3.403527044926151213e+00
-3.403527044926151213e+00
-3.403527044926151213e+00
-3.499122839576372268e+00
-3.499122839576372268e+00
-3.493140890408362953e+00
-3.254916291332025757e+00
-3.254916291332025757e+00
-3.254916291332025757e+00
-3.254916291332025757e+00
-3.254916291332025757e+00
-3.254916291332025757e+00
-3.254916291332025757e+00
-3.331570353530868722e+00
-3.331570353530868722e+00
-3.277881905042927979e+00
-3.326010345497155463e+00
-3.326010345497155463e+00
-3.326010345497155463e+00
-3.326010345497155463e+00
-3.297598720726977906e+00
-3.331598567731858918e+00
-3.354168415180094343e+00
-3.354168415180094343e+00
-3.356904068625738091e+00
-3.414303492216911540e+00
-3.414303492216911540e+00
-3.354949536214614003e+00
-3.354949536214614003e+00
-3.354949536214614003e+00
-3.354949536214614003e+00
-3.354949536214614003e+00
-2.888516990265733941e+00
-2.888516990265733941e+00
-2.888516990265733941e+00
-2.888516990265733941e+00
-2.888516990265733941e+00
-2.888516990265733941e+00
-2.888516990265733941e+00
-2.888516990265733941e+00
-3.292021231228596800e+00
-3.292021231228596800e+00
-3.292021231228596800e+00
-3.292021231228596800e+00
-3.292021231228596800e+00
-3.292021231228596800e+00
-3.292021231228596800e+00
-3.292021231228596800e+00
-3.309886019930443624e+00
-3.309886019930443624e+00
-3.309886019930443624e+00
-3.287037759024885375e+00
-3.287037759024885375e+00
-3.295906593659624129e+00
-3.292298884186966923e+00
-3.415688590868477092e+00
-3.203957180527051474e+00
-3.203957180527051474e+00
-3.203957180527051474e+00
-3.203957180527051474e+00
-3.203957180527051474e+00
-3.211532813823883004e+00
-3.247022113045564318e+00
-3.247022113045564318e+00
-3.239003215787671142e+00
-3.239003215787671142e+00
-3.286214088049493665e+00
-3.286214088049493665e+00
-3.286214088049493665e+00
-3.220189953576173991e+00
-3.220189953576173991e+00
-3.220189953576173991e+00
-3.220189953576173991e+00
-3.220189953576173991e+00
-3.227341971987774727e+00
-3.227341971987774727e+00
-3.227341971987774727e+00
-3.191960004579563304e+00
-3.316509080722827907e+00
-3.325646865200976521e+00
-3.325646865200976521e+00
-3.325646865200976521e+00
-3.497535573338886206e+00
-3.497535573338886206e+00
-3.519966904857956713e+00
-3.519966904857956713e+00
-3.519966904857956713e+00
-3.519966904857956713e+00
-3.519966904857956713e+00
-3.088453370328580139e+00
-3.088453370328580139e+00
-3.088453370328580139e+00
-3.088453370328580139e+00
-3.088453370328580139e+00
-3.087728458384612296e+00
-3.087728458384612296e+00
-3.095442170908683899e+00
-3.095442170908683899e+00
-3.095442170908683899e+00
-3.095442170908683899e+00
-3.095442170908683899e+00
-3.082125797771840148e+00
-3.082125797771840148e+00
-3.082125797771840148e+00
-3.082125797771840148e+00
-3.082125797771840148e+00
-3.082125797771840148e+00
-3.082125797771840148e+00
-3.082125797771840148e+00
-3.082125797771840148e+00
-3.082125797771840148e+00
-3.082125797771840148e+00
-3.082125797771840148e+00
-3.082125797771840148e+00
-3.084199100985889341e+00
-3.084199100985889341e+00
-3.084199100985889341e+00
-3.084199100985889341e+00
-3.084199100985889341e+00
-3.071729455894799177e+00
-3.059931874989926470e+00
-3.059931874989926470e+00
-3.059931874989926470e+00
-3.059931874989926470e+00
-3.063031718675879311e+00
-3.063031718675879311e+00
-3.056319628101944463e+00
-3.056319628101944463e+00
-3.056319628101944463e+00
-3.056319628101944463e+00
-3.056319628101944463e+00
-3.000979370529366808e+00
-3.000979370529366808e+00
-3.000979370529366808e+00
-3.000979370529366808e+00
-3.000979370529366808e+00
-3.000979370529366808e+00
-3.050460082479474977e+00
-3.099396321389316533e+00
-3.066031395963731754e+00
-3.066031395963731754e+00
-3.066031395963731754e+00
-3.077022956007803955e+00
-3.048587562715088684e+00
-3.070470700590103075e+00
-2.986274835751637990e+00
-2.986274835751637990e+00
-2.986274835751637990e+00
-2.986274835751637990e+00
-2.987521899329058428e+00
-2.987521899329058428e+00
-2.987521899329058428e+00
-3.146061106115262795e+00
-3.110331167091515248e+00
-3.110331167091515248e+00
-3.110331167091515248e+00
-3.135870682699970935e+00
-3.135870682699970935e+00
-3.135870682699970935e+00
-3.364301485269079350e+00
-3.364301485269079350e+00
-3.364301485269079350e+00
-3.364301485269079350e+00
-3.358126962090697276e+00
-3.358126962090697276e+00
-3.353657012584490893e+00
-3.429933253512729596e+00
-2.952112914656475073e+00
-2.952112914656475073e+00
-2.952112914656475073e+00
-2.944423353990528902e+00
-2.944423353990528902e+00
-2.944423353990528902e+00
-2.944423353990528902e+00
-2.922566398342385074e+00
-2.922566398342385074e+00
-2.922566398342385074e+00
-2.922566398342385074e+00
-3.131484127102869497e+00
-3.131484127102869497e+00
-3.131484127102869497e+00
-3.127706013762193482e+00
-3.499588519137685427e+00
-3.499588519137685427e+00
-3.499588519137685427e+00
-3.499588519137685427e+00
-3.499588519137685427e+00
-3.499588519137685427e+00
-3.499588519137685427e+00
-3.081813936478965843e+00
-3.081813936478965843e+00
-3.081813936478965843e+00
-3.081813936478965843e+00
-3.081813936478965843e+00
-3.081813936478965843e+00
-3.081813936478965843e+00
-3.081813936478965843e+00
-3.286821393536478286e+00
-3.293688346118107901e+00
-3.293688346118107901e+00
-3.293688346118107901e+00
-3.293688346118107901e+00
-3.293688346118107901e+00
-3.291760235793550926e+00
-3.291760235793550926e+00
-3.193454382946761427e+00
-2.966026221942343000e+00
-2.966026221942343000e+00
-3.008345120641822135e+00
-3.008518681344567902e+00
-3.008518681344567902e+00
-3.008518681344567902e+00
-3.008518681344567902e+00
-3.008518681344567902e+00
-3.008518681344567902e+00
-3.019271061773072695e+00
-3.019271061773072695e+00
-3.037710006153692799e+00
-3.037710006153692799e+00
-3.037710006153692799e+00
-2.959917614496929694e+00
-2.959917614496929694e+00
-3.426571543212550974e+00
-3.426571543212550974e+00
-3.434856817023660192e+00
-3.438513834925970070e+00
-3.438513834925970070e+00
-3.438513834925970070e+00
-3.438513834925970070e+00
-3.438513834925970070e+00
-3.411222521967333776e+00
-3.252725625825041877e+00
-3.422076924080499793e+00
-3.030296019067874269e+00
-3.030296019067874269e+00
-3.006742050393565346e+00
-3.006742050393565346e+00
-2.947424401948897987e+00
-2.947424401948897987e+00
-2.981848166496707364e+00
-2.981848166496707364e+00
-2.981848166496707364e+00
-3.317033070054689503e+00
-3.317033070054689503e+00
-2.927488037240296936e+00
-2.959546619667032363e+00
-2.962139722376230022e+00
-2.962139722376230022e+00
-3.062768513329232167e+00
-3.062768513329232167e+00
-3.062768513329232167e+00
-3.062768513329232167e+00
-3.062768513329232167e+00
-3.062768513329232167e+00
-3.062768513329232167e+00
-3.214881546838586512e+00
-3.214881546838586512e+00
-3.207030520029732656e+00
-3.207030520029732656e+00
-3.207030520029732656e+00
-3.207030520029732656e+00
-3.207030520029732656e+00
-3.207030520029732656e+00
-3.207030520029732656e+00
-3.197040930159861905e+00
-3.242801203279157995e+00
-3.201968056617474190e+00
-3.201968056617474190e+00
-3.201968056617474190e+00
-3.201968056617474190e+00
-3.204250877878704440e+00
-3.204250877878704440e+00
-3.203876091800681447e+00
-3.203876091800681447e+00
-3.204135915784438016e+00
-3.338314456210696335e+00
-3.118822697794952692e+00
-3.118822697794952692e+00
-3.118822697794952692e+00
-3.118822697794952692e+00
-3.118822697794952692e+00
-3.118822697794952692e+00
-3.460230282548544256e+00
-3.079443721711472293e+00
-3.079443721711472293e+00
-3.079443721711472293e+00
-3.079443721711472293e+00
-3.071651060749216455e+00
-3.071651060749216455e+00
-3.071651060749216455e+00
-3.071651060749216455e+00
-3.071651060749216455e+00
-3.071651060749216455e+00
-3.094779573011659846e+00
-3.094779573011659846e+00
-3.094779573011659846e+00
-3.094779573011659846e+00
-3.094779573011659846e+00
-3.094779573011659846e+00
-3.060108977181938084e+00
-3.060108977181938084e+00
-3.060108977181938084e+00
-3.060108977181938084e+00
-3.152123651964110262e+00
-2.806107242886454856e+00
-2.806107242886454856e+00
-2.806107242886454856e+00
-3.438661136245272587e+00
-3.366098343740695498e+00
-3.362077177104111581e+00
-3.362077177104111581e+00
-3.510538532695711922e+00
-3.510538532695711922e+00
-3.510538532695711922e+00
-3.544193837694064708e+00
-3.544193837694064708e+00
-3.544193837694064708e+00
-3.544193837694064708e+00
-3.544193837694064708e+00
-3.591065069075278338e+00
-3.591065069075278338e+00
-3.591065069075278338e+00
-3.563241512440684211e+00
-3.563241512440684211e+00
-3.476148607217197650e+00
-3.554684049730357120e+00
-3.554684049730357120e+00
-3.554684049730357120e+00
-3.554684049730357120e+00
-3.554684049730357120e+00
-3.554684049730357120e+00
-3.554684049730357120e+00
-3.554684049730357120e+00
-3.554684049730357120e+00
-3.492918363899885748e+00
-3.492918363899885748e+00
-3.492918363899885748e+00
-3.492918363899885748e+00
-3.492918363899885748e+00
-3.366974680965991062e+00
-3.376246079611996631e+00
-3.402545038197828386e+00
-3.398919552817603051e+00
-3.380211237062088259e+00
-3.380211237062088259e+00
-3.380211237062088259e+00
-3.380211237062088259e+00
-3.380211237062088259e+00
-3.380211237062088259e+00
-3.380211237062088259e+00
-3.380211237062088259e+00
-3.380211237062088259e+00
-3.006676408912955623e+00
-3.006676408912955623e+00
-3.006676408912955623e+00
-3.080431046120426508e+00
-3.080431046120426508e+00
-3.080431046120426508e+00
-3.080431046120426508e+00
-3.080431046120426508e+00
-3.070512731776779081e+00
-3.380752288825068064e+00
-3.380752288825068064e+00
-3.283006745880787225e+00
-3.283006745880787225e+00
-3.508162843299571954e+00
-3.508162843299571954e+00
-3.508162843299571954e+00
-3.508162843299571954e+00
-3.508162843299571954e+00
-3.398522950561092770e+00
-3.388134096083344815e+00
-3.388134096083344815e+00
-3.388134096083344815e+00
-3.388134096083344815e+00
-3.388134096083344815e+00
-3.388134096083344815e+00
-3.388134096083344815e+00
-3.421693903458711272e+00
-3.421693903458711272e+00
-3.421693903458711272e+00
-3.421693903458711272e+00
-3.421693903458711272e+00
-3.421693903458711272e+00
-3.421693903458711272e+00
-3.212411288172894341e+00
-3.212411288172894341e+00
-3.212411288172894341e+00
-3.506854058437949284e+00
-3.508163251247041092e+00
-3.048294789852598718e+00
-3.172086455372260527e+00
-3.172086455372260527e+00
-3.169034423469462070e+00
-3.133382778027646420e+00
-3.231667209987898914e+00
-3.231667209987898914e+00
-3.308881044415203476e+00
-3.514883756907774437e+00
-3.514883756907774437e+00
-3.514883756907774437e+00
-3.514883756907774437e+00
-3.514883756907774437e+00
-3.514883756907774437e+00
-3.352736915638130810e+00
-3.352736915638130810e+00
-3.404424201225851654e+00
-3.404424201225851654e+00
-3.412914163918757904e+00
-3.412914163918757904e+00
-3.412914163918757904e+00
-3.412914163918757904e+00
-3.313253443283569855e+00
-3.313253443283569855e+00
-3.313253443283569855e+00
-3.285359513134941345e+00
-3.181494256728864212e+00
-3.183300753657659854e+00
-3.183300753657659854e+00
-3.183300753657659854e+00
-3.330063385265405351e+00
-3.330063385265405351e+00
-3.246638102183252439e+00
-3.246638102183252439e+00
-3.246638102183252439e+00
-3.345946652996260262e+00
-3.411306350733829706e+00
-3.158105163682516370e+00
-3.158105163682516370e+00
-3.158105163682516370e+00
-2.992009184023598500e+00
-3.002991476552234751e+00
-3.002991476552234751e+00
-3.002991476552234751e+00
-3.308545044461053575e+00
-3.455702535200952052e+00
-3.455702535200952052e+00
-3.455702535200952052e+00
-3.486099800064763166e+00
-3.486099800064763166e+00
-3.486099800064763166e+00
-3.486099800064763166e+00
-3.486099800064763166e+00
-3.400675888527361135e+00
-3.394860788907112958e+00
-3.394860788907112958e+00
-3.442958748094682608e+00
-3.442958748094682608e+00
-3.566970720260105310e+00
-3.566970720260105310e+00
-3.614869369284948508e+00
-3.614869369284948508e+00
-3.614869369284948508e+00
-3.690640104380707331e+00
-3.588948455241647739e+00
-3.482649428208675069e+00
-3.598409682267941445e+00
-3.356579776986100772e+00
-3.356579776986100772e+00
-3.331703323852805987e+00
-3.331703323852805987e+00
-3.304371405537998907e+00
-3.242169888603990024e+00
-3.687932717310414166e+00
-3.687932717310414166e+00
-3.707208572130750390e+00
-3.110625092816628801e+00
-3.110625092816628801e+00
-3.012935021185233708e+00
-3.012935021185233708e+00
-3.105829013060287025e+00
-3.105829013060287025e+00
-3.105829013060287025e+00
-3.472718083666526123e+00
-3.298596706652173971e+00
-3.398563010864867895e+00
-3.398563010864867895e+00
-3.398563010864867895e+00
-3.398563010864867895e+00
-3.398563010864867895e+00
-3.400451835989929172e+00
-3.287286034476381236e+00
-3.287286034476381236e+00
-3.287286034476381236e+00
-3.287286034476381236e+00
-3.287286034476381236e+00
-3.002778408299077828e+00
-3.002778408299077828e+00
-3.147122769062143277e+00
-3.089090424391216505e+00
-3.089090424391216505e+00
-3.089090424391216505e+00
-2.894509140225856481e+00
-2.862343129227087779e+00
-3.387687715801914301e+00
-3.387687715801914301e+00
-3.387687715801914301e+00
-3.387687715801914301e+00
-3.448908887781727550e+00
-3.418141807500681750e+00
-3.418141807500681750e+00
-3.418141807500681750e+00
-3.418141807500681750e+00
-3.418141807500681750e+00
-3.418141807500681750e+00
-3.508341287258668562e+00
-3.508341287258668562e+00
-3.508341287258668562e+00
-3.526173010117481521e+00
-3.526173010117481521e+00
-3.526173010117481521e+00
-3.526173010117481521e+00
-3.526173010117481521e+00
-3.293025081503584861e+00
-3.293025081503584861e+00
-3.293025081503584861e+00
-3.312701341130866783e+00
-3.054741336823497022e+00
-3.169197578023189354e+00
-3.169197578023189354e+00
-3.043764901963184499e+00
-3.043764901963184499e+00
-3.043764901963184499e+00
-3.051874717639983192e+00
-3.051874717639983192e+00
-3.051874717639983192e+00
-3.181358545498768287e+00
-3.181358545498768287e+00
-3.181358545498768287e+00
-3.181358545498768287e+00
-3.229091701708810547e+00
-3.229091701708810547e+00
-3.229091701708810547e+00
-3.229091701708810547e+00
-3.229091701708810547e+00
-3.242739141188373697e+00
-3.242739141188373697e+00
-3.211267043443310598e+00
-3.211267043443310598e+00
-3.211267043443310598e+00
-3.428807906393505522e+00
-3.320149910356021916e+00
-3.307104063865494936e+00
-3.307104063865494936e+00
-3.330444066238809064e+00
-3.330444066238809064e+00
-3.330444066238809064e+00
-3.330444066238809064e+00
-3.330444066238809064e+00
-3.330444066238809064e+00
-3.330444066238809064e+00
-3.206034391291940455e+00
-3.206034391291940455e+00
-3.206034391291940455e+00
-3.121074601179730568e+00
-3.046161413518137628e+00
-3.046161413518137628e+00
-3.046161413518137628e+00
-2.982093802568246854e+00
-2.982093802568246854e+00
-2.982093802568246854e+00
-3.357599111431019079e+00
-3.357599111431019079e+00
-3.357599111431019079e+00
-3.105609398987033920e+00
-3.105609398987033920e+00
-3.105609398987033920e+00
-3.105609398987033920e+00
-3.105609398987033920e+00
-3.368588235480521664e+00
-3.368588235480521664e+00
-3.368588235480521664e+00
-3.368588235480521664e+00
-3.368588235480521664e+00
-3.368588235480521664e+00
-3.588802800313006802e+00
-3.570954557973024635e+00
-3.570954557973024635e+00
-3.570954557973024635e+00
-3.169409505585143005e+00
-3.233280393734921709e+00
-3.233280393734921709e+00
-3.148891159486858715e+00
-3.208103252667748428e+00
-3.208103252667748428e+00
-3.152295409101868007e+00
-3.152295409101868007e+00
-3.152295409101868007e+00
-3.152295409101868007e+00
-3.152295409101868007e+00
-3.152295409101868007e+00
-3.043365840903481612e+00
-3.061847703882035976e+00
-3.061847703882035976e+00
-3.061847703882035976e+00
-3.096884143594100358e+00
-3.096884143594100358e+00
-3.043387861452795384e+00
-3.043387861452795384e+00
-3.030009319090535502e+00
-3.030009319090535502e+00
-2.971182105234321025e+00
-3.036907717814695040e+00
-3.036907717814695040e+00
-3.036907717814695040e+00
-3.036907717814695040e+00
-3.036907717814695040e+00
-3.036907717814695040e+00
-3.036907717814695040e+00
-3.068030064777250487e+00
-3.007644416952800270e+00
-3.305715707647816970e+00
-3.305715707647816970e+00
-3.305715707647816970e+00
-3.305715707647816970e+00
-3.305715707647816970e+00
-3.305715707647816970e+00
-3.305715707647816970e+00
-3.305715707647816970e+00
-3.305715707647816970e+00
-3.305715707647816970e+00
-3.305715707647816970e+00
-3.305715707647816970e+00
-3.305715707647816970e+00
-3.305715707647816970e+00
-3.451958115010008932e+00
-3.451958115010008932e+00
-3.196301821021533929e+00
-3.195856539944963437e+00
-3.195856539944963437e+00
-3.195856539944963437e+00
-3.195856539944963437e+00
-3.195856539944963437e+00
-3.142757972342183237e+00
-3.142757972342183237e+00
-3.142757972342183237e+00
-3.048135447160868150e+00
-3.187778985132493137e+00
-3.200271431436791936e+00
-3.200271431436791936e+00
-3.234864104762227743e+00
-3.030181940291245102e+00
-3.108958977664995960e+00
-2.993278765194431035e+00
-3.056886754878613832e+00
-3.056886754878613832e+00
-3.334640073594184795e+00
-3.323994071350750090e+00
-3.323994071350750090e+00
-3.283241256532885011e+00
-3.471104133982384710e+00
-3.496145582366481985e+00
-3.496145582366481985e+00
-3.496145582366481985e+00
-3.496145582366481985e+00
-3.530701913295402949e+00
-3.370904781370688497e+00
-3.370904781370688497e+00
-3.370904781370688497e+00
-3.181667079216720762e+00
-3.181667079216720762e+00
-3.181667079216720762e+00
-3.181667079216720762e+00
-3.181667079216720762e+00
-3.181667079216720762e+00
-3.181667079216720762e+00
-2.994473717096677756e+00
-2.928098384158119405e+00
-2.928098384158119405e+00
-2.928098384158119405e+00
-2.922487739907830395e+00
-2.922487739907830395e+00
-2.922487739907830395e+00
-2.968443429073075013e+00
-2.968443429073075013e+00
-2.900788322158335042e+00
-2.900788322158335042e+00
-2.900788322158335042e+00
-3.409071695438576466e+00
-3.124184995766326356e+00
-3.123054794344507279e+00
-3.123054794344507279e+00
-3.123054794344507279e+00
-3.123054794344507279e+00
-3.091785399784018562e+00
-2.982371289954051541e+00
-2.982371289954051541e+00
-3.002400089517342163e+00
-2.904794311307808297e+00
-2.904794311307808297e+00
-2.904794311307808297e+00
-2.904794311307808297e+00
-3.556758480238587428e+00
-3.556758480238587428e+00
-3.592809472543279981e+00
-3.592809472543279981e+00
-3.461359530532507556e+00
-3.461359530532507556e+00
-3.461359530532507556e+00
-3.492477787053505978e+00
-3.501423005935618615e+00
-3.607853625858658653e+00
-3.607853625858658653e+00
-3.585771925721654707e+00
-3.215005108784185328e+00
-3.179404834833323257e+00
-3.255287480038002723e+00
-3.255287480038002723e+00
-3.292195190681747263e+00
-3.292195190681747263e+00
-3.292195190681747263e+00
-3.330097347821023401e+00
-3.369345396574922713e+00
-3.369345396574922713e+00
-3.402303101907196314e+00
-3.402303101907196314e+00
-3.250142047070156970e+00
-3.252779930359855243e+00
-3.252779930359855243e+00
-3.269269978734688387e+00
-3.269269978734688387e+00
-3.269269978734688387e+00
-3.041412649867429874e+00
-3.508458744173073018e+00
-3.511679760109633008e+00
-3.511679760109633008e+00
-3.511679760109633008e+00
-3.417786405610733436e+00
-3.417786405610733436e+00
-3.417786405610733436e+00
-3.452683649789359599e+00
-3.420254408805949442e+00
-3.420254408805949442e+00
-3.322506995526712359e+00
-3.374250211908473851e+00
-3.002746749302202645e+00
-3.002746749302202645e+00
-2.966582461497110135e+00
-3.563293821879241374e+00
-3.622441051564969428e+00
-3.622441051564969428e+00
-3.654638266650949152e+00
-3.438793701207152331e+00
-3.438793701207152331e+00
-3.373019024550234946e+00
-3.373019024550234946e+00
-3.373019024550234946e+00
-3.671509676949040735e+00
-3.671509676949040735e+00
-3.671509676949040735e+00
-3.671509676949040735e+00
-3.610311240316104620e+00
-3.610311240316104620e+00
-3.610311240316104620e+00
-3.610413090329003705e+00
-3.580387039172641561e+00
-3.580387039172641561e+00
-3.580387039172641561e+00
-3.583328885982220324e+00
-3.552168969906427609e+00
-3.552168969906427609e+00
-3.552168969906427609e+00
-3.552168969906427609e+00
-3.552168969906427609e+00
-3.552168969906427609e+00
-3.171478578555299244e+00
-3.171478578555299244e+00
-3.214506238783969572e+00
-3.214506238783969572e+00
-3.397940377863235550e+00
-3.486500759838620844e+00
-3.430108261333541186e+00
-3.430108261333541186e+00
-3.430108261333541186e+00
-3.430108261333541186e+00
-3.430108261333541186e+00
-3.026821495505736870e+00
-3.026821495505736870e+00
-3.026821495505736870e+00
-3.026821495505736870e+00
-2.988024045227959391e+00
-2.994491321586389088e+00
-2.994491321586389088e+00
-2.994491321586389088e+00
-2.994491321586389088e+00
-2.994491321586389088e+00
-3.003218086946746190e+00
-3.003218086946746190e+00
-3.003218086946746190e+00
-3.328937377770235795e+00
-3.385363984934282922e+00
-3.419197619405556221e+00
-3.418012682804994817e+00
-3.418012682804994817e+00
-3.405261410976736070e+00
-3.405261410976736070e+00
-3.405261410976736070e+00
-3.405261410976736070e+00
-3.481198318675270631e+00
-3.481198318675270631e+00
-3.507507596180246434e+00
-3.507507596180246434e+00
-3.124730081406497995e+00
-3.124730081406497995e+00
-3.178378639713075771e+00
-3.218373410498818199e+00
-3.420293085327015703e+00
-3.420293085327015703e+00
-3.420293085327015703e+00
-3.343473653623156405e+00
-3.343473653623156405e+00
-3.306845853782709455e+00
-3.416733896292101669e+00
-3.416733896292101669e+00
-3.416733896292101669e+00
-3.416733896292101669e+00
-3.416733896292101669e+00
-3.416733896292101669e+00
-3.322324759036308972e+00
-3.322324759036308972e+00
-3.322324759036308972e+00
-3.368584940239994996e+00
-3.368584940239994996e+00
-3.496308314552243779e+00
-3.496308314552243779e+00
-3.496308314552243779e+00
-3.496308314552243779e+00
-3.552486450757037950e+00
-3.516375450525039525e+00
-3.684512988180705051e+00
-3.640706288467728147e+00
-3.633939636780498361e+00
-3.633939636780498361e+00
-3.633939636780498361e+00
-3.633939636780498361e+00
-3.675405075203488359e+00
-3.595718422844726980e+00
-3.595718422844726980e+00
-3.562142515318921454e+00
-3.562142515318921454e+00
-3.615683374408727335e+00
-3.615683374408727335e+00
-3.615683374408727335e+00
-3.615683374408727335e+00
-3.615683374408727335e+00
-3.615683374408727335e+00
-3.615683374408727335e+00
-3.615683374408727335e+00
-3.478269695169915021e+00
-3.418628945123409757e+00
-3.418628945123409757e+00
-3.270242620550618540e+00
-3.323827799056285226e+00
-3.308834501161594499e+00
-3.245554047814374510e+00
-3.245554047814374510e+00
-3.317228505726889320e+00
-3.294127340893899802e+00
-3.294127340893899802e+00
-3.294127340893899802e+00
-3.294127340893899802e+00
-3.439179814157103277e+00
-3.065002574812634162e+00
-3.065002574812634162e+00
-3.100097820224691159e+00
-3.209161556331885823e+00
-3.180101345376267208e+00
-3.180101345376267208e+00
-3.397995067673723391e+00
-3.397995067673723391e+00
-3.397995067673723391e+00
-3.397995067673723391e+00
-3.508443077695189150e+00
-3.584835170088135570e+00
-3.584835170088135570e+00
-3.509194425131651585e+00
-3.537251014313662623e+00
-3.537251014313662623e+00
-3.537251014313662623e+00
-3.537251014313662623e+00
-3.571375487361541090e+00
-3.571375487361541090e+00
-3.546086995815591614e+00
-3.484256592080036796e+00
-3.564779912125677352e+00
-3.564779912125677352e+00
-3.564779912125677352e+00
-3.465428971717300133e+00
-3.780907001120774158e+00
-3.547842418343475135e+00
-3.547842418343475135e+00
-3.845407065709641969e+00
-3.615409188320896750e+00
-3.615409188320896750e+00
-3.615409188320896750e+00
-3.615409188320896750e+00
-3.615409188320896750e+00
-3.615409188320896750e+00
-3.833939015638527348e+00
-3.833939015638527348e+00
-3.362823140897944540e+00
-3.362823140897944540e+00
-3.362823140897944540e+00
-3.671660321925473092e+00
-3.671660321925473092e+00
-3.671660321925473092e+00
-3.099462062695698350e+00
-3.460099092096852846e+00
-3.462907100788243930e+00
-3.462907100788243930e+00
-3.462907100788243930e+00
-3.462907100788243930e+00
-3.472567240071513517e+00
-3.410924063613690826e+00
-3.516175093243785632e+00
-3.516175093243785632e+00
-3.516175093243785632e+00
-3.516175093243785632e+00
-3.516175093243785632e+00
-3.516175093243785632e+00
-3.516175093243785632e+00
-3.343076014211163738e+00
-3.343076014211163738e+00
-3.343076014211163738e+00
-3.252369213171402151e+00
-3.264146294868275344e+00
-3.471768803347722088e+00
-3.471768803347722088e+00
-3.298460805389751282e+00
-3.203720447229789325e+00
-3.203720447229789325e+00
-3.194329102530693021e+00
-3.278521866164358922e+00
-3.278521866164358922e+00
-3.278521866164358922e+00
-3.278521866164358922e+00
-3.278521866164358922e+00
-3.278521866164358922e+00
-3.291747038176461970e+00
-3.377112715647525132e+00
-3.377112715647525132e+00
-3.386362400979214815e+00
-3.386362400979214815e+00
-3.343934278271269100e+00
-3.343934278271269100e+00
-3.343934278271269100e+00
-3.350355944821245657e+00
-3.350355944821245657e+00
-3.350355944821245657e+00
-3.350355944821245657e+00
-3.350355944821245657e+00
-3.350355944821245657e+00
-3.350355944821245657e+00
-3.279538961772056282e+00
-3.335213388149016467e+00
-3.335213388149016467e+00
-3.335213388149016467e+00
-3.259792654374477738e+00
-3.259792654374477738e+00
-3.259792654374477738e+00
-3.150218627260601867e+00
-3.150218627260601867e+00
-3.185231715101114247e+00
-3.308066070916283685e+00
-3.308066070916283685e+00
-3.308066070916283685e+00
-3.560363457768890072e+00
-3.162917611317597633e+00
-3.162917611317597633e+00
-3.162917611317597633e+00
-3.162917611317597633e+00
-3.232107272636159045e+00
-3.126662710484946039e+00
-3.126662710484946039e+00
-3.526789209934585223e+00
-3.554123366281798369e+00
-3.554123366281798369e+00
-3.554123366281798369e+00
-3.592560079031397180e+00
-3.592560079031397180e+00
-3.592560079031397180e+00
-3.592560079031397180e+00
-3.353817000740831666e+00
-3.353817000740831666e+00
-3.353817000740831666e+00
-3.353817000740831666e+00
-3.353817000740831666e+00
-3.353817000740831666e+00
-3.359536677706001395e+00
-3.349671099738751323e+00
-3.696659888525127613e+00
-3.696659888525127613e+00
-3.554203969416627640e+00
-3.554203969416627640e+00
-3.554203969416627640e+00
-3.554203969416627640e+00
-3.554203969416627640e+00
-3.554203969416627640e+00
-3.554203969416627640e+00
-3.605683699517253871e+00
-3.672486004242153879e+00
-3.672486004242153879e+00
-3.672486004242153879e+00
-3.597413519713105856e+00
-3.597413519713105856e+00
-3.597413519713105856e+00
-3.617385219117992268e+00
-3.956520348113015118e+00
-3.956520348113015118e+00
-3.956520348113015118e+00
-3.956520348113015118e+00
-3.956520348113015118e+00
-3.956520348113015118e+00
-3.956520348113015118e+00
-3.956520348113015118e+00
-3.956520348113015118e+00
-3.512643819632228936e+00
-3.558117126865278923e+00
-3.571851260606899281e+00
-3.571851260606899281e+00
-3.277559889206201671e+00
-3.277559889206201671e+00
-3.277559889206201671e+00
-3.277559889206201671e+00
-3.277559889206201671e+00
-3.277559889206201671e+00
-3.277559889206201671e+00
-3.261028020527132476e+00
-3.207973861553034212e+00
-3.462359573028532367e+00
-3.462359573028532367e+00
-3.462359573028532367e+00
-3.466738033166014255e+00
-3.326418386740247701e+00
-3.326418386740247701e+00
-3.292746116947580681e+00
-3.292746116947580681e+00
-3.470657253503044881e+00
-3.478516828173799702e+00
-3.478516828173799702e+00
-3.269757184819237050e+00
-3.234374939120487902e+00
-3.258683455430462672e+00
-3.258683455430462672e+00
-3.279370818021242417e+00
-3.279370818021242417e+00
-3.470147763735847768e+00
-3.456786669620616426e+00
-3.419003656115957579e+00
-3.214447907625487932e+00
-3.277620382863811521e+00
-3.277620382863811521e+00
-3.233782342415669753e+00
-3.233782342415669753e+00
-3.483450277001805429e+00
-3.483450277001805429e+00
-3.498633721867979052e+00
-3.498633721867979052e+00
-3.498633721867979052e+00
-3.484791085329118854e+00
-3.190952252869299510e+00
-3.249714079071539086e+00
-3.501527418644820422e+00
-3.501527418644820422e+00
-3.501527418644820422e+00
-3.501527418644820422e+00
-3.376986209643872971e+00
-3.376986209643872971e+00
-3.376986209643872971e+00
-3.376986209643872971e+00
-3.377745467675307811e+00
-3.409709352583820685e+00
-3.309416346344262294e+00
-3.309416346344262294e+00
-3.372328932994538064e+00
-3.345783002662712224e+00
-3.345783002662712224e+00
-3.345783002662712224e+00
-3.345783002662712224e+00
-3.345783002662712224e+00
-3.512549367372236109e+00
-3.578154525732873292e+00
-3.576684554356416523e+00
-3.576684554356416523e+00
-3.576684554356416523e+00
-3.527119673976494507e+00
-3.527119673976494507e+00
-3.308299186112776180e+00
-3.358176110166121386e+00
-3.358176110166121386e+00
-3.358176110166121386e+00
-3.358176110166121386e+00
-3.132671658877328014e+00
-3.132671658877328014e+00
-3.379910184570016796e+00
-3.379910184570016796e+00
-3.497577760197685404e+00
-3.531368429113773022e+00
-3.531368429113773022e+00
-3.531368429113773022e+00
-3.450389760363121727e+00
-3.394938144108992972e+00
-3.394938144108992972e+00
-3.430461062206693779e+00
-3.037361990005449819e+00
-3.148427688181748785e+00
-3.024826443414661892e+00
-3.242574902511568435e+00
-3.242574902511568435e+00
-3.345579876931799035e+00
-3.368248544837640246e+00
-3.368248544837640246e+00
-3.368248544837640246e+00
-3.368248544837640246e+00
-3.368248544837640246e+00
-3.392804111674303069e+00
-3.392804111674303069e+00
-3.318884178439882593e+00
-3.318884178439882593e+00
-3.318884178439882593e+00
-3.336520100507489595e+00
-3.336520100507489595e+00
-3.336520100507489595e+00
-3.336520100507489595e+00
-3.654263274967378905e+00
-3.654263274967378905e+00
-3.654263274967378905e+00
-3.654263274967378905e+00
-3.239075255885483617e+00
-3.330761453715542775e+00
-3.257943679461693609e+00
-3.257943679461693609e+00
-3.405865207272150030e+00
-3.630400406953830927e+00
-3.473320608597222137e+00
-3.346564118135419985e+00
-3.346564118135419985e+00
-3.346564118135419985e+00
-3.346564118135419985e+00
-3.280547697638456217e+00
-3.201727314899875054e+00
-3.201727314899875054e+00
-3.085798965101827829e+00
-3.085798965101827829e+00
-3.085798965101827829e+00
-3.083726480940264913e+00
-3.083726480940264913e+00
-3.202740000407942933e+00
-3.543505864437592745e+00
-3.543505864437592745e+00
-3.543505864437592745e+00
-3.233058906329370430e+00
-3.590761743025334685e+00
-3.628465976762951239e+00
-3.730776032507274298e+00
-3.617603006370621710e+00
-3.617603006370621710e+00
-3.617603006370621710e+00
-3.520577450455115720e+00
-3.520577450455115720e+00
-3.341626673449597629e+00
-3.236432428675332318e+00
-3.236432428675332318e+00
-3.236432428675332318e+00
-3.301467159915721705e+00
-3.301467159915721705e+00
-3.301467159915721705e+00
-3.301467159915721705e+00
-3.331406362215511230e+00
-3.260719153209587606e+00
-3.259642377159743365e+00
-3.383679490701400727e+00
-3.383679490701400727e+00
-3.436348905844015533e+00
-3.265146500981546573e+00
-3.338074051021560962e+00
-3.338074051021560962e+00
-3.362239203225973583e+00
-3.347783943960819020e+00
-3.347783943960819020e+00
-3.347783943960819020e+00
-3.347783943960819020e+00
-3.444507374464773619e+00
-3.646607967140842010e+00
-3.646607967140842010e+00
-3.619146210800836094e+00
-3.534700788178366970e+00
-3.532850261165052075e+00
-3.532850261165052075e+00
-3.532850261165052075e+00
-3.533028363521978577e+00
-3.533028363521978577e+00
-3.533028363521978577e+00
-3.533028363521978577e+00
-3.593094719338079557e+00
-3.764961776168685326e+00
-3.764961776168685326e+00
-3.812883920128428805e+00
-3.812883920128428805e+00
-3.812883920128428805e+00
-3.760112115323596349e+00
-3.877493290836239392e+00
-3.877493290836239392e+00
-3.926383364595795289e+00
-3.926383364595795289e+00
-3.926383364595795289e+00
-3.890365255212515638e+00
-3.890365255212515638e+00
-3.849386344166464635e+00
-3.869013724653752817e+00
-3.528105830332176840e+00
-3.528105830332176840e+00
-3.457321485805857186e+00
-3.457321485805857186e+00
-3.457321485805857186e+00
-3.457321485805857186e+00
-3.570133856317665000e+00
-3.570133856317665000e+00
-3.480870143823793672e+00
-3.525304444903270440e+00
-3.525304444903270440e+00
-3.547939754202025231e+00
-3.547939754202025231e+00
-3.676223562095182640e+00
-3.644620868000170599e+00
-3.880000312853863598e+00
-3.835329293935486383e+00
-3.835329293935486383e+00
-3.835329293935486383e+00
-3.898841792270592688e+00
-3.645661323057376890e+00
-3.596676003396258814e+00
-3.500591326970126094e+00
-3.474183310080526610e+00
-3.474183310080526610e+00
-3.474183310080526610e+00
-3.503509694787413142e+00
-3.492682693688299089e+00
-3.492682693688299089e+00
-3.455629609501154942e+00
-3.442878380672035110e+00
-3.621032379143016122e+00
-3.735071703829557332e+00
-3.654625189069768076e+00
-3.214234710334517686e+00
-3.770965484944996060e+00
-3.770965484944996060e+00
-3.511688068982612876e+00
-3.348843543511118348e+00
-3.473740303667524287e+00
-3.587437921686070563e+00
-3.738936724466885853e+00
-3.323289044433966666e+00
-3.323289044433966666e+00
-3.323289044433966666e+00
-3.343214694063167514e+00
-3.343214694063167514e+00
-3.343214694063167514e+00
-3.343214694063167514e+00
-3.429364354866100140e+00
-3.429364354866100140e+00
-3.429364354866100140e+00
-3.429364354866100140e+00
-3.386429531383533309e+00
-3.426237559194755811e+00
-3.426237559194755811e+00
-3.426237559194755811e+00
-3.426237559194755811e+00
-3.426237559194755811e+00
-3.426237559194755811e+00
-3.426237559194755811e+00
-3.626991909576512185e+00
-3.626991909576512185e+00
-3.626991909576512185e+00
-3.626991909576512185e+00
-3.626991909576512185e+00
-3.385165110871754646e+00
-3.385165110871754646e+00
-3.385165110871754646e+00
-3.773702004017532197e+00
-3.773702004017532197e+00
-3.718903773640788835e+00
-3.718903773640788835e+00
-3.512197334563825546e+00
-3.512197334563825546e+00
-3.512197334563825546e+00
-3.512197334563825546e+00
-3.512197334563825546e+00
-3.512197334563825546e+00
-3.512197334563825546e+00
-3.506296768750615911e+00
-3.481681870071360763e+00
-3.452117718733374030e+00
-3.452117718733374030e+00
-3.411815164349895291e+00
-3.411815164349895291e+00
-3.719897180299595263e+00
-3.719897180299595263e+00
-3.719897180299595263e+00
-3.784150522219722035e+00
-3.518456668784841312e+00
-3.518456668784841312e+00
-3.487992998901895181e+00
-3.487992998901895181e+00
-3.436344493760476126e+00
-3.436344493760476126e+00
-3.745224271504929536e+00
-3.766601282839721510e+00
-3.766601282839721510e+00
-3.766601282839721510e+00
-3.766601282839721510e+00
-3.766601282839721510e+00
-3.967602603274087425e+00
-3.987820835713443479e+00
-3.987820835713443479e+00
-3.987820835713443479e+00
-3.915532337776798766e+00
-3.915532337776798766e+00
-3.915532337776798766e+00
-3.911984275279282386e+00
-4.062516462126607664e+00
-4.062516462126607664e+00
-4.062516462126607664e+00
-4.062516462126607664e+00
-4.011046099146511779e+00
-4.084853876988142396e+00
-4.059894166851373498e+00
-3.981563632553532184e+00
-3.745318334262400128e+00
-3.733661589874049724e+00
-3.733661589874049724e+00
-3.733661589874049724e+00
-3.733661589874049724e+00
-3.733661589874049724e+00
-3.812322266024651629e+00
-3.746364993326445791e+00
-3.350850460036513656e+00
-3.350850460036513656e+00
-3.342237317558703236e+00
-3.342237317558703236e+00
-3.342237317558703236e+00
-3.542905033948114735e+00
-3.542905033948114735e+00
-3.480598846073845287e+00
-3.480598846073845287e+00
-3.276949359173523035e+00
-3.276949359173523035e+00
-3.276949359173523035e+00
-3.584708705629915393e+00
-3.656275687473298230e+00
-3.478359792491410918e+00
-3.478359792491410918e+00
-3.478359792491410918e+00
-3.478359792491410918e+00
-3.313627862106889754e+00
-3.369843348515772607e+00
-3.409284510054809925e+00
-3.424564092829845308e+00
-3.424564092829845308e+00
-3.407094163413288967e+00
-3.390631917518654781e+00
-3.390631917518654781e+00
-3.390631917518654781e+00
-3.390631917518654781e+00
-3.447213581676154881e+00
-3.426965245931697712e+00
-3.415228897201297631e+00
-3.521768786138104179e+00
-3.521768786138104179e+00
-3.615028547297156614e+00
-3.522227337943038439e+00
-3.654916713733758815e+00
-3.392853035938868000e+00
-3.392853035938868000e+00
-3.392853035938868000e+00
-3.392853035938868000e+00
-3.343192295655004642e+00
-3.400742800965909751e+00
-3.400742800965909751e+00
-3.400742800965909751e+00
-3.388884895306591094e+00
-3.388884895306591094e+00
-3.388884895306591094e+00
-3.195045388466855485e+00
-3.249153435018515612e+00
-3.372658989039289512e+00
-3.278546288907206119e+00
-3.278546288907206119e+00
-3.278546288907206119e+00
-3.281057269395007747e+00
-3.281057269395007747e+00
-3.224588122713706539e+00
-3.332754722980851625e+00
-3.229642850960999567e+00
-3.437904285519227887e+00
-3.291222236025491910e+00
-3.291222236025491910e+00
-3.186434315264023986e+00
-3.184366397193789222e+00
-3.184366397193789222e+00
-3.184366397193789222e+00
-3.253762021044737107e+00
-3.253762021044737107e+00
-3.253762021044737107e+00
-3.253762021044737107e+00
-3.212612918952534535e+00
-3.270103862378479498e+00
-3.393608824092296583e+00
-3.393608824092296583e+00
-3.392141285428124320e+00
-3.392141285428124320e+00
-3.392141285428124320e+00
-3.392141285428124320e+00
-3.179776924339935196e+00
-3.054431638974309138e+00
-3.054431638974309138e+00
-3.054431638974309138e+00
-3.054431638974309138e+00
-3.054431638974309138e+00
-3.520059915794620409e+00
-3.635316812140438891e+00
-3.635316812140438891e+00
-3.840809780394047745e+00
-3.840809780394047745e+00
-3.844002444055941048e+00
-3.592491170615120133e+00
-3.630878008052076833e+00
-3.496037467505090923e+00
-3.498939540349237376e+00
-3.498939540349237376e+00
-3.541097750721192039e+00
-3.541097750721192039e+00
-3.557731394746500353e+00
-3.645824470405804707e+00
-3.645824470405804707e+00
-3.645824470405804707e+00
-3.645824470405804707e+00
-3.645824470405804707e+00
-3.485574676847092768e+00
-3.485574676847092768e+00
-3.485574676847092768e+00
-3.485574676847092768e+00
-3.485574676847092768e+00
-3.485574676847092768e+00
-3.543299800686962708e+00
-3.543299800686962708e+00
-3.543299800686962708e+00
-3.543299800686962708e+00
-3.583990050449471720e+00
-3.630206467682679072e+00
-3.630206467682679072e+00
-3.630206467682679072e+00
-3.594224809155367684e+00
-3.594224809155367684e+00
-3.594224809155367684e+00
-3.594224809155367684e+00
-3.594224809155367684e+00
-3.539097219172951725e+00
-3.634953587423012333e+00
-3.634953587423012333e+00
-3.302028912213330614e+00
-3.302028912213330614e+00
-3.302028912213330614e+00
-3.302028912213330614e+00
-3.330462151669326687e+00
-3.483107275687060689e+00
-3.318959413280614612e+00
-3.318959413280614612e+00
-3.318959413280614612e+00
-3.318959413280614612e+00
-3.603107213936390441e+00
-3.603107213936390441e+00
-3.603107213936390441e+00
-3.702185628318648281e+00
-3.702185628318648281e+00
-3.607717018777843787e+00
-3.607717018777843787e+00
-3.657230584306691235e+00
-3.657230584306691235e+00
-3.605145728320428677e+00
-3.605145728320428677e+00
-3.457456401261830070e+00
-3.457456401261830070e+00
-3.457456401261830070e+00
-3.457456401261830070e+00
-3.464455389851746947e+00
-3.464455389851746947e+00
-3.464455389851746947e+00
-3.464455389851746947e+00
-3.795642573380777041e+00
-3.795642573380777041e+00
-3.795642573380777041e+00
-3.795642573380777041e+00
-3.795642573380777041e+00
-3.596279927930191800e+00
-3.909672230973430640e+00
-3.879942264028066301e+00
-3.879942264028066301e+00
-3.879942264028066301e+00
-3.879942264028066301e+00
-3.297380298458974845e+00
-3.297380298458974845e+00
-3.400193980014464046e+00
-3.400193980014464046e+00
-3.506697828298863673e+00
-3.506697828298863673e+00
-3.506697828298863673e+00
-3.472607498521652403e+00
-3.472607498521652403e+00
-3.472607498521652403e+00
-3.472607498521652403e+00
-3.602029844719506269e+00
-3.602029844719506269e+00
-3.602029844719506269e+00
-3.665203575500995736e+00
-3.342692945927358217e+00
-3.342692945927358217e+00
-3.342692945927358217e+00
-3.342692945927358217e+00
-3.342692945927358217e+00
-3.342692945927358217e+00
-3.312708034915644362e+00
-3.549626588523087545e+00
-3.768184511947357151e+00
-3.768184511947357151e+00
-3.768184511947357151e+00
-3.547338237024360019e+00
-3.547338237024360019e+00
-3.547338237024360019e+00
-3.630801708895675883e+00
-3.636506167018525471e+00
-3.667350592765813655e+00
-3.667350592765813655e+00
-3.667350592765813655e+00
-3.667350592765813655e+00
-3.667350592765813655e+00
-3.625617714360011234e+00
-3.625617714360011234e+00
-3.625617714360011234e+00
-3.613788121475251636e+00
-3.228693282544824683e+00
-3.228693282544824683e+00
-3.606530777536309351e+00
-3.653343422789403938e+00
-3.653343422789403938e+00
-3.355949943165457139e+00
-3.049967203444265529e+00
-3.049967203444265529e+00
-3.049967203444265529e+00
-3.049967203444265529e+00
-3.070647686530016518e+00
-3.070647686530016518e+00
-3.070647686530016518e+00
-2.824503199846473578e+00
-2.907949436473444838e+00
-2.849905635225665090e+00
-2.854098666933108763e+00
-3.000766199826481184e+00
-3.000766199826481184e+00
-3.000766199826481184e+00
-2.829162020731798233e+00
-3.279593119323725325e+00
-3.078201820882084050e+00
-3.028971616708608483e+00
-3.028971616708608483e+00
-3.028971616708608483e+00
-3.028971616708608483e+00
-3.028971616708608483e+00
-3.028971616708608483e+00
-3.028971616708608483e+00
-3.028971616708608483e+00
-3.028971616708608483e+00
-3.062538798180147293e+00
-3.062538798180147293e+00
-3.077326865528571265e+00
-3.077326865528571265e+00
-3.035812869889707777e+00
-3.035812869889707777e+00
-3.143263925347908661e+00
-3.183780624811140214e+00
-3.279274916707415777e+00
-3.279274916707415777e+00
-3.270855356784484691e+00
-3.270855356784484691e+00
-3.270855356784484691e+00
-3.337972334172149225e+00
-3.337972334172149225e+00
-3.230163552314365472e+00
-3.230163552314365472e+00
-3.255114763392282118e+00
-3.255114763392282118e+00
-3.255114763392282118e+00
-3.255114763392282118e+00
-3.255114763392282118e+00
-3.269705411314918209e+00
-3.269705411314918209e+00
-3.269705411314918209e+00
-3.269705411314918209e+00
-3.269705411314918209e+00
-3.269705411314918209e+00
-3.032369648049751731e+00
-3.032369648049751731e+00
-3.111958618285171507e+00
-3.111958618285171507e+00
-3.111958618285171507e+00
-3.111958618285171507e+00
-3.111958618285171507e+00
-3.111958618285171507e+00
-3.111958618285171507e+00
-3.111958618285171507e+00
-3.111958618285171507e+00
-3.111958618285171507e+00
-3.096911242955588062e+00
-3.047959082569218658e+00
-3.047959082569218658e+00
-3.047959082569218658e+00
-3.047959082569218658e+00
-3.047959082569218658e+00
-3.709071762611630074e+00
-3.709071762611630074e+00
-3.709071762611630074e+00
-3.698003513768967299e+00
-3.294604550735022119e+00
-3.294604550735022119e+00
-3.304947831092304167e+00
-3.249571467870550290e+00
-3.249571467870550290e+00
-3.015972510953453423e+00
-3.062514600762714867e+00
-3.438827799094876347e+00
-3.438827799094876347e+00
-3.380905125317556603e+00
-3.451966715447020828e+00
-3.270690198841448293e+00
-3.270690198841448293e+00
-3.270079605735842776e+00
-3.308960609043773982e+00
-3.556865634244762209e+00
-3.556865634244762209e+00
-3.493080341229835017e+00
-3.553446264540097488e+00
-3.353724511618155990e+00
-3.353724511618155990e+00
-3.353724511618155990e+00
-3.424610958512437797e+00
-3.424610958512437797e+00
-3.464002704145453304e+00
-3.422114926542201729e+00
-3.422114926542201729e+00
-3.422114926542201729e+00
-3.507357899070910889e+00
-3.507357899070910889e+00
-3.549547716041236534e+00
-3.549547716041236534e+00
-3.219445564225861034e+00
-3.327152871924191846e+00
-3.327152871924191846e+00
-3.294764827189686773e+00
-3.246318131354469561e+00
-3.208706517440275796e+00
-3.356407714675320619e+00
-3.013425468666469875e+00
-3.013425468666469875e+00
-3.313219270638227965e+00
-3.215128566414329647e+00
-3.220723496601516800e+00
-3.220723496601516800e+00
-3.220723496601516800e+00
-3.220723496601516800e+00
-3.229561954397222490e+00
-3.388743947167078829e+00
-3.388743947167078829e+00
-3.441913692472178710e+00
-3.441913692472178710e+00
-3.498058318688376911e+00
-3.498058318688376911e+00
-3.479598489965269437e+00
-3.490638590001505559e+00
-3.490638590001505559e+00
-3.490638590001505559e+00
-3.431178428350788234e+00
-3.431178428350788234e+00
-3.423127187692399431e+00
-3.428827220272101517e+00
-3.428827220272101517e+00
-3.493241629288069472e+00
-3.539118617255853305e+00
-3.539118617255853305e+00
-3.588636166015230167e+00
-3.462383378517982724e+00
-3.502480079352646936e+00
-3.502480079352646936e+00
-3.502480079352646936e+00
-3.107439897090017666e+00
-3.193694672149913760e+00
-3.186974568209942849e+00
-3.186974568209942849e+00
-3.334234220093738266e+00
-3.334234220093738266e+00
-3.334234220093738266e+00
-3.334234220093738266e+00
-3.283624463634369661e+00
-3.283624463634369661e+00
-3.218412647762498136e+00
-3.218412647762498136e+00
