# Variable: dg_gbvi_00000296
# Sample shape: (2565,)
# Date: 2013-03-08 06:18:12.460624
-1.258693084260216422e+00
-4.838701341426150937e-01
-7.859187767549552506e-01
-7.231854929790186848e-01
-8.018021405861043283e-01
-7.468184205489624139e-01
-7.244413633124630048e-01
-1.248979719519310638e+00
-1.256043482968820735e+00
-9.860841453407395152e-01
-9.547025427650622786e-01
-9.670780784721596524e-01
-1.009831936933582641e+00
-9.852975493532261098e-01
-9.058682316942576751e-01
-8.783166912984484709e-01
-7.408517641086731498e-01
-7.708122404533582772e-01
-7.288400315768120974e-01
-7.337786761332325547e-01
-7.120003749187835407e-01
-1.572635107984144742e+00
-8.048716520186699475e-01
-7.570983762610818957e-01
-7.571550046892739916e-01
-7.584216260014756683e-01
-7.141583902871572187e-01
-5.428839155530896798e-01
-5.428839155530896798e-01
-5.859344654152212062e-01
-7.046342082493566306e-01
-7.378611209448114883e-01
-7.765533039542064087e-01
-1.036749846531380026e+00
-9.822663251354818437e-01
-9.712103333453000475e-01
-9.651963778875883859e-01
-9.823047374075912774e-01
-1.007272622593690548e+00
-1.046075609460406675e+00
-1.122715689623730917e+00
-8.816670665990135047e-01
-9.105614370242364197e-01
-9.307617654730995227e-01
-9.028934949241868013e-01
-9.760879914628306508e-01
-1.001827241594818396e+00
-1.102431974770073264e+00
-1.127624778130362770e+00
-1.120168738808220432e+00
-1.161008009301062405e+00
-9.714253926780747062e-01
-9.928573705545941097e-01
-1.206857705872894648e+00
-1.174535977262506803e+00
-1.113353954705528670e+00
-1.041824605966203077e+00
-1.042709713447833142e+00
-1.042709713447833142e+00
-1.016469310548514526e+00
-1.001810610353987885e+00
-1.043701246229722601e+00
-1.084841489429981820e+00
-1.118690386757537736e+00
-1.092736944698908363e+00
-1.055847262447386692e+00
-1.048344949859966402e+00
-1.048344949859966402e+00
-1.023013522099622374e+00
-1.008173979223653705e+00
-9.708605697579635319e-01
-9.321437573349338201e-01
-9.947486861266540137e-01
-1.115652717077915801e+00
-1.102680595783692485e+00
-1.090821290602660198e+00
-1.112310021946788741e+00
-1.124276903949856132e+00
-1.164459078389710189e+00
-1.212730828246757486e+00
-9.903772560519129575e-01
-1.003555929693282556e+00
-1.003555929693282556e+00
-1.017224551050795567e+00
-1.058914859864410252e+00
-1.074650904737573187e+00
-1.074650904737573187e+00
-1.229433439798524486e+00
-1.227195717552898691e+00
-1.283221272661030365e+00
-1.224889746242119770e+00
-7.140089381766344667e-01
-6.957528025141149763e-01
-7.209007915365552854e-01
-6.620772222909367954e-01
-6.818007023944160361e-01
-6.801549710956182881e-01
-7.159556051076796379e-01
-7.511696939013305929e-01
-8.069597522958488200e-01
-9.143585442483059822e-01
-9.336064023159007519e-01
-9.607412366614878074e-01
-9.851069907176126517e-01
-9.890309851468939151e-01
-9.669500583891513790e-01
-9.647499614751530173e-01
-9.542170642328148267e-01
-9.736484194142801529e-01
-1.024677735988442029e+00
-1.016620262263437935e+00
-9.653548944245281538e-01
-9.388945195981681646e-01
-9.020175982625017186e-01
-9.006555102468013496e-01
-8.989403176548709240e-01
-8.660915238133611860e-01
-8.449708966612190508e-01
-8.007774102158620178e-01
-7.700632221361957130e-01
-7.348435408629142573e-01
-7.540540914819394702e-01
-7.692452881916773677e-01
-1.022907046459734959e+00
-1.024036498274327522e+00
-1.075328817047422003e+00
-1.065216405942917888e+00
-1.057706864685964865e+00
-7.650616643483743040e-01
-7.555899569982468256e-01
-7.450951384514539200e-01
-7.671971101846998264e-01
-8.134665825629223690e-01
-8.134665825629223690e-01
-8.370550539854444416e-01
-8.435943531537819506e-01
-8.462851004065859994e-01
-8.584830285993061416e-01
-1.064250597505984830e+00
-1.159351152879464664e+00
-1.154610797310495096e+00
-1.143127289922907686e+00
-1.129053440169979439e+00
-1.135405345296308877e+00
-1.070030760273356085e+00
-1.080762720432124180e+00
-1.154476062425678462e+00
-9.162678819776920447e-01
-7.354772436808391101e-01
-7.748761110841254629e-01
-1.009229747176765057e+00
-1.010093772885143792e+00
-1.142412728324490701e+00
-1.068460136293289287e+00
-1.098107096861685950e+00
-1.085048688191281974e+00
-1.116122203950505876e+00
-1.086443913111672099e+00
-1.082090648094026442e+00
-1.054078157983836972e+00
-1.085910009684076361e+00
-1.072685062606578033e+00
-1.059741610804806555e+00
-1.018884761147409002e+00
-1.040754881998478654e+00
-1.004441372804363741e+00
-1.031674870930262111e+00
-9.638233577603759761e-01
-9.558459917739067224e-01
-9.880505067726957913e-01
-9.911466533157610170e-01
-9.770029159249122852e-01
-1.045653973895937394e+00
-1.045653973895937394e+00
-1.045653973895937394e+00
-1.047997466669420508e+00
-1.052605021105226024e+00
-1.170364464354853418e+00
-1.205777764760963322e+00
-1.196790926463804361e+00
-1.200827110945929199e+00
-1.157747749269820270e+00
-1.150891104479523364e+00
-1.161255209717481307e+00
-1.225613117065816216e+00
-1.228814918347820306e+00
-1.074235559053851929e+00
-1.096697195022570126e+00
-1.098863159611290774e+00
-1.069630808679209455e+00
-1.066559218167340006e+00
-1.099151931222985157e+00
-1.084713925407037705e+00
-1.035263546305315030e+00
-1.010842571443862026e+00
-1.003266345566845130e+00
-1.062965360538268289e+00
-8.900561517278451351e-01
-8.773296352993800173e-01
-8.752717079680674139e-01
-8.545717837691814145e-01
-9.098128797962130587e-01
-9.072393829992974057e-01
-9.148779725914831795e-01
-9.440526142968327372e-01
-8.939315545782041683e-01
-9.174748929166898215e-01
-1.069275537195241821e+00
-1.062183083547621809e+00
-1.042972227132889174e+00
-1.228433035639483251e+00
-1.167111180282887517e+00
-1.142709284690762717e+00
-1.142709284690762717e+00
-1.181522718921228288e+00
-1.136943064460623543e+00
-1.159441140297203132e+00
-1.136986615616568885e+00
-1.086531959640328671e+00
-1.099176008303045071e+00
-1.065207838063526813e+00
-1.081100979668874196e+00
-1.054468470765426824e+00
-9.836568661059680307e-01
-1.095827427401619092e+00
-1.130572984378616752e+00
-1.039922023006520035e+00
-1.065226667194357102e+00
-1.046738125029097244e+00
-1.026274139308213762e+00
-1.021029769075625815e+00
-1.053487592493886460e+00
-1.134472795791287458e+00
-1.141048122435092349e+00
-1.112699822704761310e+00
-9.111527915702910541e-01
-1.089043346485906616e+00
-1.082091803237184013e+00
-1.145692668394776570e+00
-1.212795360953930368e+00
-1.014779720482457126e+00
-1.019191356679595373e+00
-1.012942796830788250e+00
-1.056732919728149422e+00
-1.071993980789582857e+00
-1.043937749414652005e+00
-8.955750624545100180e-01
-9.402533188653411367e-01
-9.543683080579666855e-01
-1.028059295663946715e+00
-9.693343057603134305e-01
-1.010582763510647020e+00
-1.035894354340732404e+00
-1.009549421030989658e+00
-9.823537534367456914e-01
-9.990702314997987887e-01
-9.858110427478709026e-01
-7.885686517231018655e-01
-8.374755416230921234e-01
-8.955703953383246096e-01
-8.687040885474861529e-01
-9.091433771982747603e-01
-9.667104975374818387e-01
-1.019566634733401367e+00
-8.693623715938759711e-01
-1.060104076385227856e+00
-1.085915915703062451e+00
-1.105045898455253361e+00
-1.118489953951950389e+00
-1.148723145191869799e+00
-1.079677862025445023e+00
-1.073683102930984123e+00
-1.094627517480078360e+00
-1.373707858881130894e+00
-1.380836868060704603e+00
-1.391492597947678656e+00
-1.199277658424615867e+00
-1.188675781976839207e+00
-1.208903453463081590e+00
-1.208903453463081590e+00
-1.417913623896980280e+00
-1.384658713250233486e+00
-1.426817776144690963e+00
-1.418348836552386416e+00
-1.415250664311421325e+00
-1.319876037300145244e+00
-1.428854261603884401e+00
-1.428854261603884401e+00
-1.424563916626830018e+00
-1.444581179819106387e+00
-1.442977199730349769e+00
-1.437347403056092432e+00
-1.429563425993798154e+00
-1.460166348027931882e+00
-1.468034411302836295e+00
-1.418881625665934232e+00
-1.415076328698350538e+00
-1.419462554677830335e+00
-1.388698552155577026e+00
-1.417691645873345507e+00
-1.265862377565450503e+00
-1.343509440935721333e+00
-1.369608917629955291e+00
-1.407039158131364820e+00
-1.434851384247578965e+00
-1.482541644107433276e+00
-1.363873160808870111e+00
-1.372144393746684399e+00
-1.419561998542339110e+00
-1.398290351568776568e+00
-1.517933969138191452e+00
-1.516654032243773820e+00
-1.533317953993719174e+00
-1.471451467073692454e+00
-1.544954529495088602e+00
-1.553485311391170187e+00
-1.516697345853550205e+00
-1.500746713425147760e+00
-1.488250533079189974e+00
-1.590782121311135722e+00
-1.591411881209548129e+00
-1.611937611457794350e+00
-1.614627916627837445e+00
-1.650214742750246266e+00
-1.580361073973656660e+00
-1.585230002174515596e+00
-1.194443756209515817e+00
-1.306951814134122314e+00
-1.349310955082704488e+00
-1.361564446692054231e+00
-1.351014530447327333e+00
-1.339390775085476992e+00
-1.344311092019778497e+00
-1.397279269325804929e+00
-1.415701548249068020e+00
-1.393239656156968209e+00
-1.337840765675307519e+00
-1.212029586745853704e+00
-1.240555368597879182e+00
-1.281727179616360957e+00
-1.281399749775910646e+00
-1.233009449033008575e+00
-1.259490440610216089e+00
-1.306091074921564399e+00
-1.267475523438712282e+00
-1.272199608093290912e+00
-1.237786487661667101e+00
-1.226860341894170148e+00
-1.383753373675118414e+00
-1.330196056329050469e+00
-1.338123838039482205e+00
-1.365017734577700814e+00
-1.383452702761183817e+00
-1.373887362475129104e+00
-1.157548994158966282e+00
-1.142343431905096240e+00
-1.374892597697905616e+00
-1.308866199210897641e+00
-1.297343334455257402e+00
-1.266516735574086061e+00
-1.332962588608183951e+00
-1.322185255796941572e+00
-1.207100281863067393e+00
-1.234362299291489329e+00
-1.201544408234116901e+00
-1.220995394684283530e+00
-1.216131348272873058e+00
-1.246876964826262313e+00
-1.241008633407214123e+00
-1.261091019833706417e+00
-1.255231490062586497e+00
-1.261016694011555694e+00
-1.335838100079124846e+00
-1.353497256127923043e+00
-1.340756040144217343e+00
-1.356270382813136388e+00
-1.313478302722415503e+00
-1.308013023188063784e+00
-1.308013023188063784e+00
-1.321414321482535570e+00
-1.290087986335069825e+00
-1.282717638463981791e+00
-1.272335256341223131e+00
-1.246159363782368024e+00
-1.232376077315469054e+00
-1.239002150984317430e+00
-1.218900412633685093e+00
-1.242640021742789314e+00
-1.271080115087478646e+00
-1.255104178513512192e+00
-1.299370931414128849e+00
-1.318238128402895448e+00
-1.316027332457075039e+00
-1.233559635516525255e+00
-1.183367237279676853e+00
-1.404420410949223763e+00
-1.165928533476960016e+00
-1.168951601798373652e+00
-1.165041569690853596e+00
-1.182211702994407032e+00
-1.183686021118767862e+00
-1.218766754376330086e+00
-1.230168661446562561e+00
-1.198809508100200594e+00
-1.203381937973552418e+00
-1.189066813179349147e+00
-1.168526570918351215e+00
-1.190619227746488207e+00
-1.193677357286040852e+00
-1.194535310608218159e+00
-1.150051190965545533e+00
-1.287564242301896256e+00
-1.288190669014047662e+00
-1.159525837408377225e+00
-1.127428398703502310e+00
-1.126375956248302668e+00
-1.123073416202361674e+00
-1.124610193190880514e+00
-1.111504599940658755e+00
-1.078919832124575651e+00
-1.086647661420072630e+00
-1.127487978266632718e+00
-9.989232456887020550e-01
-1.000020992663967379e+00
-1.023760090012267865e+00
-1.025818255606693485e+00
-9.968246826512985326e-01
-9.356412575910745266e-01
-9.814457650817018930e-01
-9.265068089010630725e-01
-9.138068796688729734e-01
-9.388644445851535014e-01
-1.071048569791255956e+00
-1.063593350974613827e+00
-1.078443678666904937e+00
-1.044940964866373223e+00
-1.023809715031302137e+00
-1.023809715031302137e+00
-1.038212502584450858e+00
-9.932376458378162631e-01
-1.008604214344235972e+00
-1.010518604380429286e+00
-9.732193434854128355e-01
-1.005039437129946700e+00
-9.589498305710626447e-01
-1.143583886721351028e+00
-1.163802389356303424e+00
-1.160725098238114983e+00
-1.263433250416073239e+00
-1.216098377819792908e+00
-1.219820001555928402e+00
-1.255444994009688564e+00
-1.251070378435299890e+00
-1.216099316234628525e+00
-1.208947250992792766e+00
-1.242929335186539586e+00
-1.254850698402510956e+00
-1.255115556833011459e+00
-1.248971917060728520e+00
-1.218940985379215469e+00
-1.000880642066221737e+00
-1.165327116295076904e+00
-1.182529495182056190e+00
-1.234079500891950065e+00
-1.271539083467084552e+00
-1.428934976230478160e+00
-1.488614510635466459e+00
-1.533900830237344914e+00
-1.607092030943379601e+00
-1.618639145922721623e+00
-1.601533539551626806e+00
-1.617555678626919180e+00
-1.617555678626919180e+00
-1.653241408719520633e+00
-1.679843820883773597e+00
-1.375381394928201662e+00
-1.341347209548917396e+00
-1.122279148390411763e+00
-1.100629298827916047e+00
-1.255633593750152155e+00
-1.238379730988523608e+00
-1.244534529021239733e+00
-1.260153287400064048e+00
-1.211487864506497703e+00
-1.185082773904336806e+00
-1.122218697222998829e+00
-1.342141826318977715e+00
-1.194451438777758723e+00
-1.208641650991314043e+00
-1.208991460688517039e+00
-1.182050573870541799e+00
-1.174605624862361974e+00
-1.148275277431678898e+00
-1.135285651509430060e+00
-1.104842121363546203e+00
-1.061550822049302178e+00
-1.051992393930197167e+00
-1.051992393930197167e+00
-1.030073363075455051e+00
-1.160670508145279944e+00
-1.357756196415561112e+00
-1.349652960269725588e+00
-1.377974998215025559e+00
-1.389837936358641723e+00
-1.403420979733939866e+00
-1.565374218751653057e+00
-1.551423112714924946e+00
-1.618109880285039992e+00
-1.605255869119294632e+00
-1.412893180597792453e+00
-1.394108005995043698e+00
-1.382881427473593439e+00
-1.373578406208429303e+00
-1.345738440776942824e+00
-1.394763920600399221e+00
-1.332237074539272426e+00
-1.301733383032636082e+00
-1.306263813692780440e+00
-1.306263813692780440e+00
-1.311501941815798711e+00
-1.332869870445919203e+00
-1.340443556041129192e+00
-1.361643391428863259e+00
-1.306460267739387726e+00
-1.297752349498127344e+00
-1.329151466921517422e+00
-1.446826864857479356e+00
-1.441588684112816043e+00
-1.453363719722516212e+00
-1.426196565143445394e+00
-1.440109102490533477e+00
-1.267507277600082860e+00
-1.304728642428342855e+00
-1.271604574796076026e+00
-1.310565853912697643e+00
-1.077425176346904045e+00
-1.116764027881254506e+00
-1.119198527899873952e+00
-1.108819971943175942e+00
-1.235427569232204759e+00
-1.235427569232204759e+00
-1.245451375561265284e+00
-1.182367062195434748e+00
-1.182367062195434748e+00
-1.191341815886025834e+00
-1.204594841706620789e+00
-1.192730464629770948e+00
-1.159319262053272626e+00
-1.179204493250604502e+00
-1.199263133598779119e+00
-1.237647901577696441e+00
-1.204612759546872081e+00
-1.209478653296265582e+00
-1.251114084981888697e+00
-1.273110466969312293e+00
-1.225260587976244375e+00
-1.368678319224763795e+00
-1.328179264332355558e+00
-1.354316513277398215e+00
-1.354316513277398215e+00
-1.326811881254626568e+00
-1.326811881254626568e+00
-1.326811881254626568e+00
-1.374923468816763750e+00
-1.418464918371919348e+00
-1.438131182369492667e+00
-1.428596996888460646e+00
-1.392736498602472395e+00
-1.490462613946570425e+00
-1.501699579582508326e+00
-1.490835815114106788e+00
-1.024367200696655988e+00
-1.012104812838681145e+00
-1.014804452134008272e+00
-1.026593141233629547e+00
-9.891623681230575782e-01
-1.324251152113952834e+00
-1.367412893650074013e+00
-1.408327544378938034e+00
-1.405346518825447477e+00
-1.374193256212068670e+00
-1.373911084535363036e+00
-1.360256674859552595e+00
-1.360256674859552595e+00
-1.356491395360435170e+00
-1.352011567421613547e+00
-1.286792012706503785e+00
-1.243310261916466430e+00
-1.237154991776688640e+00
-1.230255337101645141e+00
-1.229651613640974750e+00
-1.243382207127885053e+00
-1.256531123690223462e+00
-1.256210287354231570e+00
-1.339255105719445949e+00
-1.349078911658938562e+00
-1.328450505269294979e+00
-1.058750140911979720e+00
-1.044620676723275965e+00
-1.144273115104067706e+00
-1.083476846486099543e+00
-1.229568121513633150e+00
-1.231709084181936920e+00
-1.253035495046736614e+00
-1.220933362519794230e+00
-1.181343180474611732e+00
-1.236786996874336131e+00
-1.159928683151914885e+00
-1.205794187275867735e+00
-1.239265998210000941e+00
-1.272809893286767302e+00
-1.238877102370163463e+00
-1.391619478202233307e+00
-1.119442063679845445e+00
-1.014702394264447749e+00
-1.011792242551559751e+00
-9.938524208247141445e-01
-9.721546030976505604e-01
-9.808349433536245332e-01
-1.048712524406037128e+00
-1.018914222764583988e+00
-1.001775039094950692e+00
-9.728240091069352280e-01
-1.159622638408255746e+00
-1.165696348284024353e+00
-1.023133409134270533e+00
-1.012340172665618043e+00
-1.062948031088481571e+00
-1.011062517671272865e+00
-9.917453666099382836e-01
-9.772984196306068183e-01
-9.361838599240303038e-01
-9.162696040215377868e-01
-9.397933480449095489e-01
-9.730120457705190296e-01
-9.271740327172588447e-01
-9.189775481960060777e-01
-8.690110423998044231e-01
-8.793121443493636669e-01
-8.951733848337544153e-01
-9.645435838253946237e-01
-8.585031664134762375e-01
-9.013425587380994308e-01
-8.837854163890596082e-01
-1.022527052056695362e+00
-1.035129193686235904e+00
-1.051901809839919100e+00
-9.990739699890769376e-01
-9.799148123207888084e-01
-8.394718919065252694e-01
-8.662820604918394229e-01
-1.073691566604941361e+00
-1.060354675529899593e+00
-1.051710734609365039e+00
-1.077569182774861467e+00
-1.084003663591524669e+00
-1.045804121902219386e+00
-1.049059293221034972e+00
-1.055546326074189745e+00
-1.067528015602468905e+00
-1.062944100424964677e+00
-1.081840057917053510e+00
-1.095845756302632701e+00
-1.124746649117779551e+00
-1.118739955202846970e+00
-1.111603550462788803e+00
-1.046927749847810230e+00
-1.072345352975190957e+00
-1.081809860692977798e+00
-1.060026272018569138e+00
-9.790438369946100616e-01
-1.067646478324214110e+00
-1.067527521168508020e+00
-1.115164241167784454e+00
-1.130197598278835480e+00
-1.143719733952037299e+00
-1.141301534672092943e+00
-1.094112078950585820e+00
-1.070015160241674979e+00
-1.063312855172530380e+00
-1.036784952115225700e+00
-1.029145369308267499e+00
-1.057862094745329662e+00
-1.152017208888194588e+00
-8.761303974651384330e-01
-8.230786367869677989e-01
-8.230786367869677989e-01
-8.217321137933506492e-01
-8.832823934173897884e-01
-9.222560754873623257e-01
-8.844132439364288389e-01
-9.591464622691771025e-01
-9.103858626554531819e-01
-8.807267757303159916e-01
-9.035269829020989851e-01
-9.505412430773905186e-01
-9.078026669539756011e-01
-9.080255871174885973e-01
-1.128769050998726264e+00
-1.080213931009230910e+00
-1.121685810464494448e+00
-1.201081788646098936e+00
-1.225761733188411640e+00
-1.203211703145828704e+00
-9.797741693438815069e-01
-1.035603358600366564e+00
-8.723809713583062786e-01
-8.601030809827766577e-01
-8.760170248757459532e-01
-9.398763475872901063e-01
-9.850836822681195981e-01
-1.011571609129832572e+00
-1.006671979318795263e+00
-1.010440312259677897e+00
-1.038388003776864466e+00
-1.020232486875323641e+00
-9.846215375625145816e-01
-6.731044834221416862e-01
-6.731044834221416862e-01
-7.236931016877244938e-01
-7.263072694592440648e-01
-7.099923575757198790e-01
-6.621227747725995094e-01
-7.221057648146776975e-01
-6.446965668129812643e-01
-6.009287777187026780e-01
-6.752148571473933769e-01
-6.682019880603637940e-01
-6.314093665757640750e-01
-6.314093665757640750e-01
-6.109305981815091879e-01
-6.983395341036736648e-01
-7.249974250809965159e-01
-5.765492025700963419e-01
-7.588985577466877963e-01
-7.929053766629249322e-01
-8.091829103581259508e-01
-7.457474516471513937e-01
-7.547716141012169588e-01
-7.457063779332724351e-01
-8.027245719956928038e-01
-8.027245719956928038e-01
-7.428254722934608534e-01
-8.546828084162063632e-01
-8.472052140006615106e-01
-7.987475241138602966e-01
-8.873655844614054544e-01
-8.513318015350723744e-01
-8.516553051823254616e-01
-8.718014493574508528e-01
-7.244954837513118973e-01
-7.215065553928423636e-01
-7.413868098112355032e-01
-9.681337238535151490e-01
-9.814261827220031043e-01
-9.159368958423850238e-01
-8.995749303664388741e-01
-9.741974111953146664e-01
-9.504209814230220044e-01
-9.372374559368953362e-01
-8.226627524463606678e-01
-8.427119443075988814e-01
-7.778111196838184416e-01
-8.014231300156345883e-01
-8.165553314193686463e-01
-8.395886038642663696e-01
-8.371941940910141433e-01
-8.728054878636958280e-01
-8.868775731694301667e-01
-8.313507759078834214e-01
-8.375849850779891748e-01
-8.179879300222357985e-01
-1.018254154641778708e+00
-9.728338351080394464e-01
-1.002305694382839452e+00
-1.031839173009241994e+00
-1.022491768521978317e+00
-9.198744261522936450e-01
-9.444042963097473153e-01
-1.047406057591673711e+00
-1.039424584334579960e+00
-9.257671245024482465e-01
-9.560783115145574662e-01
-9.935427065682450598e-01
-9.827406425011792068e-01
-9.718973585486688771e-01
-9.864222160225172287e-01
-9.680944690814218268e-01
-9.641639512531582357e-01
-9.544446471765880569e-01
-9.967140607406763664e-01
-9.919018790649902773e-01
-9.896882993065873046e-01
-1.053136748582545579e+00
-1.097831718353398323e+00
-1.087154290909202903e+00
-1.029119592900334057e+00
-1.006839034566593627e+00
-1.045361379856760919e+00
-1.060451030929076222e+00
-1.089453573125151564e+00
-9.712404716902436341e-01
-9.804969615044861753e-01
-9.535032009945511033e-01
-9.335023705058161925e-01
-8.584791138535620147e-01
-8.608322213551509172e-01
-9.361144076899674538e-01
-8.309292252563452719e-01
-8.210762089647467565e-01
-8.600541034291558917e-01
-8.856496071546441362e-01
-8.965127213576397081e-01
-8.626240396775448627e-01
-9.387287581174750262e-01
-9.199120501782346304e-01
-9.124069378610829562e-01
-1.271173840402504363e+00
-1.294371850336687668e+00
-1.286705531974731587e+00
-1.098711203417929827e+00
-1.046304181367464503e+00
-1.089014431698834606e+00
-1.059567301993306732e+00
-1.014491148120151731e+00
-1.019766243055726829e+00
-1.057715177375638582e+00
-1.047000254171831291e+00
-1.028714874445991079e+00
-1.061800068637216432e+00
-1.048885003423568829e+00
-1.026613852877078292e+00
-9.919254391351468580e-01
-9.908153811352888862e-01
-1.021456126512626295e+00
-1.157602857215163761e+00
-1.134615340234764735e+00
-1.176410290362215560e+00
-1.190402009687527185e+00
-1.207075765550645441e+00
-1.173593043328233998e+00
-1.158353200290397345e+00
-1.150791945971137764e+00
-1.155121058458652428e+00
-1.122181083826369274e+00
-1.231365452882847267e+00
-1.289881211786092052e+00
-1.200999805039094426e+00
-1.213117988676952086e+00
-1.244611992767702624e+00
-1.274165915582314845e+00
-1.230058307628976610e+00
-1.051177486711841080e+00
-1.071102780175491986e+00
-1.078245710147884173e+00
-1.201680869475186375e+00
-1.199866725108687415e+00
-1.222285115723510840e+00
-1.185129635403190385e+00
-1.166655589097667090e+00
-1.257246133748693984e+00
-1.237365296180086505e+00
-1.244357950298652149e+00
-1.002804464449893018e+00
-9.658337052866724504e-01
-9.150576659982193606e-01
-9.748674555841807532e-01
-9.911394382891540733e-01
-1.157682313075839797e+00
-1.165724245433559014e+00
-1.037480528142970204e+00
-1.069270201599665793e+00
-1.027663969077897033e+00
-9.847977269754278895e-01
-1.035518580354385154e+00
-1.113088499356840178e+00
-1.111774472831706273e+00
-1.133180843596683918e+00
-1.137754515876584938e+00
-1.155814858491858610e+00
-1.251644345534628222e+00
-1.239027288639219515e+00
-1.398805888936739183e+00
-1.394595383539273925e+00
-1.367962563046344782e+00
-1.376161828686009780e+00
-1.376161828686009780e+00
-1.413372151549562750e+00
-1.402361349885581809e+00
-1.402361349885581809e+00
-1.433897177730912853e+00
-1.438010425569713924e+00
-1.420433502368165790e+00
-1.440214660030308957e+00
-1.292711844453166448e+00
-1.250413529348884278e+00
-1.102726286182748705e+00
-1.111844034658478142e+00
-1.116623138164437146e+00
-1.094300910337864918e+00
-1.117909113372853813e+00
-1.093938775703914512e+00
-1.138112948749298914e+00
-1.195702579895727702e+00
-1.247310602618185937e+00
-1.264125724018615449e+00
-1.277674795355789428e+00
-1.296767557547972238e+00
-1.198438669324509487e+00
-1.188049612526579146e+00
-1.277823491559250346e+00
-1.328987988067259485e+00
-1.328873188120841320e+00
-1.365470818751715942e+00
-1.251215770343143685e+00
-1.204243094485049959e+00
-1.126561441675805186e+00
-1.130504087608319885e+00
-1.280711264688533468e+00
-1.296512727922827679e+00
-1.282143154829016751e+00
-1.304841975424286149e+00
-1.290814886849095844e+00
-1.125426208462171784e+00
-1.185878998910018245e+00
-1.200046268851378217e+00
-1.163604846966532325e+00
-1.009726133058470365e+00
-1.037657948215765069e+00
-1.020024709363763327e+00
-1.009206670457061472e+00
-1.003181390149049834e+00
-9.500521655646027019e-01
-8.887781496277420423e-01
-8.584566191457507767e-01
-8.204827815895107124e-01
-8.282877184659291903e-01
-8.618667318298187663e-01
-8.618667318298187663e-01
-8.298995989067917689e-01
-8.897543629801217824e-01
-8.892813485245241178e-01
-9.214993949609437962e-01
-8.983687733936086550e-01
-8.718266521054464091e-01
-8.941930149940727768e-01
-8.900476810065113265e-01
-8.286343930822215320e-01
-1.070169772518807294e+00
-1.098083012617187659e+00
-1.134138954673801214e+00
-1.130539865977607805e+00
-1.099041429133702508e+00
-1.095141631691135764e+00
-1.106651961185318722e+00
-1.080205690711411481e+00
-9.743552319732827760e-01
-9.720382370070271838e-01
-9.687448990937247428e-01
-9.258527256110128389e-01
-9.426409357578522386e-01
-9.684014609405064977e-01
-9.518353799638350488e-01
-1.012047782243326033e+00
-1.019931985091007576e+00
-1.050208585958615437e+00
-9.758311656138285439e-01
-9.699368672335694219e-01
-9.572110591995268702e-01
-9.663873619826812700e-01
-1.001729044088714105e+00
-1.015783554810868905e+00
-1.025637425973327410e+00
-1.027410290215241329e+00
-1.090392211998355121e+00
-1.065145749451417823e+00
-1.098959039010105165e+00
-1.071613382529869263e+00
-1.015987725152339705e+00
-1.007112835796463601e+00
-1.020618204176267474e+00
-1.074503310969163516e+00
-1.071190690100888077e+00
-1.122527584999547079e+00
-1.159214877759250140e+00
-1.150355631989309568e+00
-1.167770053795666119e+00
-1.127347218872485346e+00
-1.107539160921044097e+00
-1.110885543286039834e+00
-1.095701707081322418e+00
-1.008713369587748376e+00
-1.067818596245072138e+00
-1.084988662473455934e+00
-1.062678663595398643e+00
-1.059286374188628033e+00
-1.053589147798842607e+00
-1.066498524516835689e+00
-1.083628906584537699e+00
-1.121137619709058564e+00
-1.128674731801968312e+00
-1.128674731801968312e+00
-1.289236861180600879e+00
-1.289236861180600879e+00
-1.024150238652525857e+00
-1.026977527414466351e+00
-8.785273724664657280e-01
-8.785273724664657280e-01
-8.785273724664657280e-01
-8.785273724664657280e-01
-7.792868839131049663e-01
-8.924198634795756924e-01
-1.062169821290597671e+00
-1.062169821290597671e+00
-1.062169821290597671e+00
-1.250438632920658266e+00
-1.078000684102130569e+00
-1.078000684102130569e+00
-1.078000684102130569e+00
-1.078000684102130569e+00
-1.065528641740692395e+00
-1.065528641740692395e+00
-1.115886504130549906e+00
-1.115886504130549906e+00
-1.115886504130549906e+00
-9.656985092510584900e-01
-9.656985092510584900e-01
-9.478487955931431674e-01
-8.022600966667463585e-01
-1.235147285616669866e+00
-1.228159809334126384e+00
-1.261584783810719035e+00
-1.232346401933568814e+00
-1.232346401933568814e+00
-8.977925426933517361e-01
-8.977925426933517361e-01
-8.977925426933517361e-01
-1.305766641825308660e+00
-1.101562768371189271e+00
-1.402236932688846416e+00
-1.402236932688846416e+00
-1.378089590958755606e+00
-1.378089590958755606e+00
-1.378089590958755606e+00
-1.330746699451878179e+00
-1.374857061178304196e+00
-1.230111929577025531e+00
-1.092012612792503834e+00
-1.007598581335919841e+00
-1.007598581335919841e+00
-1.007598581335919841e+00
-1.372026004732695537e+00
-1.372026004732695537e+00
-1.208302031258097209e+00
-8.858645122142977391e-01
-8.858645122142977391e-01
-8.858645122142977391e-01
-8.858645122142977391e-01
-1.226704383394992881e+00
-1.230759411277256188e+00
-1.122542286005240753e+00
-1.206967424394249866e+00
-1.004027391533668601e+00
-1.292220550210592345e+00
-1.551475353309048177e+00
-1.551475353309048177e+00
-1.235690852638613446e+00
-1.278342306911310899e+00
-9.762439730257498338e-01
-8.599596977224960304e-01
-1.053059083451171052e+00
-1.043536949520792012e+00
-1.179459087904318304e+00
-1.179459087904318304e+00
-1.032511175602400133e+00
-1.359644238220516943e+00
-1.417483099995996643e+00
-1.330461388053712390e+00
-1.263332948385552434e+00
-1.088801008359984612e+00
-1.055344373681879944e+00
-1.055344373681879944e+00
-1.051082536006947121e+00
-1.094904695417340479e+00
-1.094904695417340479e+00
-9.494461916980163618e-01
-9.494461916980163618e-01
-9.494461916980163618e-01
-1.014019753199965734e+00
-1.014019753199965734e+00
-1.014019753199965734e+00
-1.014019753199965734e+00
-1.080470858898728848e+00
-9.690599850350598565e-01
-1.117481990091026667e+00
-1.117481990091026667e+00
-9.091402943926135682e-01
-7.552392863112641352e-01
-1.169283264745990536e+00
-1.182024172067033474e+00
-1.115374883705242404e+00
-1.150519353458525407e+00
-1.296972026607497108e+00
-1.217917479982322027e+00
-9.883547337280392808e-01
-1.093771211120137199e+00
-9.919941149802121716e-01
-1.235733701692422581e+00
-1.124738837146926462e+00
-1.441084093178916170e+00
-1.441084093178916170e+00
-1.441084093178916170e+00
-1.405268796517600949e+00
-1.108999193959276930e+00
-1.001769133523689348e+00
-1.001769133523689348e+00
-1.001769133523689348e+00
-1.373807759308327769e+00
-1.373807759308327769e+00
-1.319651373971716835e+00
-1.443035918187618671e+00
-1.183660547269001828e+00
-9.364278867645330351e-01
-9.364278867645330351e-01
-7.866159136567119070e-01
-7.978671028641526330e-01
-7.961589509522191133e-01
-1.470036291754139635e+00
-1.461770484461361930e+00
-1.091845714615109930e+00
-1.092870024165035980e+00
-7.569141571510076272e-01
-7.427016944660148612e-01
-6.835991068541247273e-01
-6.835991068541247273e-01
-6.795769844350676436e-01
-1.161793469645005628e+00
-1.110491943381413327e+00
-1.110491943381413327e+00
-1.430868104653200357e+00
-1.430868104653200357e+00
-1.151214343893306680e+00
-8.725900974900778762e-01
-6.481054613180426971e-01
-6.425220892585304933e-01
-6.425220892585304933e-01
-7.967888011094399481e-01
-9.465528336291473277e-01
-9.465528336291473277e-01
-1.056473458084150385e+00
-1.056473458084150385e+00
-1.112568591531218232e+00
-1.139462316943866016e+00
-1.139462316943866016e+00
-9.923274799220991316e-01
-1.004250019528770022e+00
-1.004250019528770022e+00
-1.004250019528770022e+00
-1.004250019528770022e+00
-1.082235674434909534e+00
-1.082235674434909534e+00
-9.817430432354259384e-01
-9.753722060880509748e-01
-9.896902386280747033e-01
-1.185334561447961343e+00
-1.284769699479522576e+00
-1.284769699479522576e+00
-1.155435454256984684e+00
-9.923899168095262624e-01
-9.923899168095262624e-01
-1.288074541167438802e+00
-1.206185234796795624e+00
-8.478642729164986847e-01
-1.111097362746958472e+00
-1.334263183017275756e+00
-1.398699138863513491e+00
-1.097448535391930546e+00
-1.058091527967097933e+00
-1.116268433885401867e+00
-1.205043971459570207e+00
-1.205043971459570207e+00
-1.185188768885857113e+00
-9.464021946050633627e-01
-9.421580933050536233e-01
-9.980881054165660071e-01
-9.316846087515311403e-01
-9.063836215754220715e-01
-8.225787656006443571e-01
-8.225787656006443571e-01
-8.225787656006443571e-01
-7.652461406648538578e-01
-7.652461406648538578e-01
-8.346559568913142213e-01
-8.020628432230402227e-01
-1.300150299221662475e+00
-1.321599315803469565e+00
-1.252890821814503841e+00
-1.436564765662679211e+00
-1.343507604092532448e+00
-9.636791192101590298e-01
-9.636791192101590298e-01
-9.636791192101590298e-01
-9.636791192101590298e-01
-8.799732211169707385e-01
-1.057534414506303921e+00
-9.594954239000746954e-01
-9.911110928504692774e-01
-9.814539788221328109e-01
-9.814539788221328109e-01
-1.067276844590901774e+00
-1.085777643479606924e+00
-1.085777643479606924e+00
-1.085777643479606924e+00
-1.085777643479606924e+00
-1.085777643479606924e+00
-8.362850561621453238e-01
-1.189457516975561679e+00
-8.110414588099169597e-01
-7.160470988839008344e-01
-7.160470988839008344e-01
-8.656530580115175955e-01
-8.687637559198709836e-01
-8.687637559198709836e-01
-8.848852373348707889e-01
-8.848852373348707889e-01
-9.066841673102633559e-01
-9.370685874603279508e-01
-6.552921268573690394e-01
-7.287039843784427484e-01
-7.287039843784427484e-01
-9.933542773911522294e-01
-1.065114231019357760e+00
-1.065114231019357760e+00
-9.563786823758303468e-01
-5.618399279117683998e-01
-5.618399279117683998e-01
-5.618399279117683998e-01
-5.618399279117683998e-01
-5.618399279117683998e-01
-7.029917432581715975e-01
-6.415934417434756565e-01
-6.415934417434756565e-01
-7.344306258365428386e-01
-6.432404359164588525e-01
-8.208635739546681354e-01
-1.071594138409823538e+00
-1.071080450618841384e+00
-1.069205451757353487e+00
-1.035516560899021110e+00
-1.174361378161430380e+00
-1.034267325056321019e+00
-1.022639307999109404e+00
-1.022639307999109404e+00
-1.022639307999109404e+00
-1.176691627714625765e+00
-1.175258596512529508e+00
-1.175258596512529508e+00
-8.641741707739697409e-01
-8.461210391823977828e-01
-8.877717724584818226e-01
-1.073125534506674805e+00
-1.073125534506674805e+00
-1.197995744162895893e+00
-9.510417074417732985e-01
-9.977005544371294610e-01
-1.064497629194653516e+00
-1.051695248066516930e+00
-1.051695248066516930e+00
-1.071847295714231763e+00
-1.071847295714231763e+00
-1.053018097459602842e+00
-1.216341590280776819e+00
-1.068986572043604033e+00
-1.120264061605890982e+00
-1.216438197663270104e+00
-9.153949970441248585e-01
-1.205617910094746614e+00
-1.199189740747832689e+00
-1.153768765712249733e+00
-1.269859694957220730e+00
-1.025964995564321747e+00
-1.143423325922913625e+00
-9.545562538117763340e-01
-6.949504003212175762e-01
-1.083699302900710926e+00
-1.083699302900710926e+00
-9.925465690198560509e-01
-9.925465690198560509e-01
-1.159008914124892264e+00
-1.168753940923004331e+00
-1.168753940923004331e+00
-1.234216914463515113e+00
-1.066401602010387473e+00
-1.066401602010387473e+00
-1.066401602010387473e+00
-1.208024536530266424e+00
-1.385742487037982640e+00
-1.385742487037982640e+00
-1.385742487037982640e+00
-9.961767748731290562e-01
-9.961767748731290562e-01
-1.241676620953080290e+00
-1.015522440962894013e+00
-8.820395239969740508e-01
-8.820395239969740508e-01
-1.362528180669883016e+00
-1.368101009063134255e+00
-1.129999259118155130e+00
-1.109303796642765461e+00
-1.399983376927914858e+00
-1.414625155152712921e+00
-1.414625155152712921e+00
-1.337007848294239576e+00
-1.337007848294239576e+00
-1.252636283301665987e+00
-1.210937808759576573e+00
-1.135582011440869898e+00
-1.135582011440869898e+00
-1.254760447054879879e+00
-1.449189561388266601e+00
-1.474896664141561953e+00
-1.227434502004455030e+00
-1.315632312500743861e+00
-1.288107619283819671e+00
-1.192550076060975961e+00
-1.198439138560369432e+00
-1.123476356862763703e+00
-1.014888294423479387e+00
-1.233596017048350202e+00
-8.559486331811991811e-01
-1.080623985499967521e+00
-1.123678925558203368e+00
-1.082423861692889400e+00
-1.308327280940561499e+00
-9.366646662120743372e-01
-1.127347976887496106e+00
-9.363187786030892079e-01
-9.363187786030892079e-01
-7.535126636779142517e-01
-8.374609465251731111e-01
-7.932090515594208968e-01
-9.594032345310906651e-01
-1.124706153177588597e+00
-9.775380939807349900e-01
-9.775380939807349900e-01
-9.775380939807349900e-01
-1.085113515284698238e+00
-1.504071258504764863e+00
-1.504071258504764863e+00
-1.396830434191587145e+00
-1.560556280920916139e+00
-1.560556280920916139e+00
-1.560556280920916139e+00
-1.536526214643583410e+00
-1.536526214643583410e+00
-1.245396565653435594e+00
-1.161437092636486312e+00
-1.173398561288995001e+00
-1.435439155441801562e+00
-9.014995220093103834e-01
-9.342777185007306029e-01
-1.070540450077710704e+00
-1.051204530200815501e+00
-9.369089105384267313e-01
-1.207865331050179902e+00
-1.207865331050179902e+00
-1.299718993433879977e+00
-1.191608295317456045e+00
-1.196172095920169820e+00
-1.044774946873068266e+00
-1.077096344333053679e+00
-1.077096344333053679e+00
-1.089439134301856571e+00
-1.089439134301856571e+00
-1.024257146606773805e+00
-1.024257146606773805e+00
-1.024257146606773805e+00
-9.929676609469182402e-01
-1.265475964865123704e+00
-1.265475964865123704e+00
-9.600124643656451351e-01
-1.090894888482464076e+00
-1.147996498664541010e+00
-1.109716204896537883e+00
-1.109716204896537883e+00
-1.059473197192589700e+00
-1.089128697846350358e+00
-1.089128697846350358e+00
-1.089128697846350358e+00
-1.200684300957616024e+00
-1.255898946978466268e+00
-1.223931856701394150e+00
-1.401654856005871697e+00
-1.250218503515698965e+00
-1.116376336221834409e+00
-9.500853147541287180e-01
-9.409579056458988733e-01
-1.115987935435103884e+00
-9.262625208130739196e-01
-8.905088946626219526e-01
-9.644121398672256262e-01
-1.030717919938735072e+00
-1.128085577551852570e+00
-1.128085577551852570e+00
-1.128085577551852570e+00
-1.128085577551852570e+00
-9.976044233260845662e-01
-1.217462869264024805e+00
-1.217462869264024805e+00
-1.153493374242475999e+00
-1.153493374242475999e+00
-1.189232611824360131e+00
-1.189232611824360131e+00
-1.152172049287403022e+00
-1.150489811482960034e+00
-1.164419728692258849e+00
-1.028957331382274853e+00
-1.028957331382274853e+00
-1.223185091677895686e+00
-1.205719954135096028e+00
-1.218991044985764383e+00
-1.218991044985764383e+00
-8.821053640201280688e-01
-1.295335498738793945e+00
-1.268320306275957821e+00
-9.499813348141069591e-01
-1.036517146164061209e+00
-1.111798667749752445e+00
-1.019908153139122531e+00
-1.019908153139122531e+00
-1.181140414455920995e+00
-1.181140414455920995e+00
-1.181140414455920995e+00
-1.181140414455920995e+00
-1.181140414455920995e+00
-9.633099548175648730e-01
-1.118969846476376651e+00
-1.118969846476376651e+00
-1.446054958364349163e+00
-1.397314602429964081e+00
-1.091531135434224753e+00
-1.091531135434224753e+00
-1.091531135434224753e+00
-8.366617003174633416e-01
-1.269917289074156574e+00
-1.293398468857092531e+00
-1.187436791713768480e+00
-8.898182328024625276e-01
-7.977897083147846846e-01
-7.977897083147846846e-01
-1.025527740569003310e+00
-1.184475918032288799e+00
-1.213658030414310973e+00
-1.213658030414310973e+00
-1.020652266423861310e+00
-9.876606311193126819e-01
-8.937484308170118297e-01
-1.083422307165151643e+00
-1.083422307165151643e+00
-1.060536862465983443e+00
-1.062806483807347435e+00
-7.388843004493376165e-01
-9.585589747772499392e-01
-9.585589747772499392e-01
-9.585589747772499392e-01
-9.585589747772499392e-01
-9.202483589806380593e-01
-1.022368855347725702e+00
-1.022368855347725702e+00
-9.592529386060565377e-01
-9.592529386060565377e-01
-8.761667867635990481e-01
-8.761667867635990481e-01
-8.761667867635990481e-01
-8.761667867635990481e-01
-9.306599160206401322e-01
-9.289439156888403826e-01
-8.977525106215875628e-01
-1.016386531874684307e+00
-9.844520404790957357e-01
-9.844520404790957357e-01
-9.844520404790957357e-01
-9.303551095792972347e-01
-9.707479196590199644e-01
-9.707479196590199644e-01
-1.026038010006900869e+00
-1.322740995700315780e+00
-8.472622802201112968e-01
-1.067832246961751608e+00
-1.105855837930998398e+00
-1.083688425512637998e+00
-1.083688425512637998e+00
-1.083688425512637998e+00
-1.082022004745488042e+00
-1.161953811856599517e+00
-1.022934349465344228e+00
-1.006481600876256266e+00
-1.161671669747368130e+00
-1.364323633743572461e+00
-1.284620378708063004e+00
-1.284620378708063004e+00
-1.284620378708063004e+00
-1.355605446794986291e+00
-1.355605446794986291e+00
-1.275355936349750197e+00
-1.275355936349750197e+00
-1.275355936349750197e+00
-1.306135808758449812e+00
-1.306135808758449812e+00
-1.391046380008885253e+00
-1.278584737393013926e+00
-1.278584737393013926e+00
-1.278584737393013926e+00
-9.161802621588761575e-01
-1.128297659900127980e+00
-1.008906274280132687e+00
-1.008906274280132687e+00
-1.016296407499891030e+00
-1.098806158071208738e+00
-1.010284400403741678e+00
-1.076554503630940518e+00
-1.076554503630940518e+00
-1.123781372994998140e+00
-1.088435670994495341e+00
-1.251632099079015958e+00
-8.389954202435793151e-01
-1.272742249559406069e+00
-8.791457133007480884e-01
-8.342413017460129643e-01
-9.466133536798216896e-01
-7.751257601896950344e-01
-7.543109569368304790e-01
-1.221676301441864343e+00
-1.185677711240437970e+00
-1.185677711240437970e+00
-1.075424785669054861e+00
-1.090646663761952739e+00
-9.497737813978307519e-01
-9.572858490791398278e-01
-1.102743798524654650e+00
-1.391110170590619255e+00
-1.408028445912964832e+00
-1.325741146033838413e+00
-8.746135224629365545e-01
-8.166508464043168436e-01
-1.095913963660692492e+00
-1.199385544772162415e+00
-1.079676537140862314e+00
-1.089999826929633375e+00
-1.069208071882959521e+00
-1.076147403159219085e+00
-8.535493274385157481e-01
-8.607297114470942034e-01
-1.073139388021466578e+00
-1.119382421232302249e+00
-1.119382421232302249e+00
-1.119382421232302249e+00
-1.133199234059344640e+00
-1.057291011385257606e+00
-1.016300426313655914e+00
-1.016300426313655914e+00
-1.073118772694316103e+00
-1.073118772694316103e+00
-1.031508238068068239e+00
-1.031508238068068239e+00
-1.038239842832550330e+00
-1.130977735269772078e+00
-1.088237415076717340e+00
-1.088237415076717340e+00
-1.068400176994960260e+00
-1.008935652699392671e+00
-9.290782982959011616e-01
-1.079605338144625781e+00
-8.710778224796561497e-01
-8.243707968868172475e-01
-7.107991933167494558e-01
-6.516294242758271515e-01
-7.139239543408233413e-01
-7.139239543408233413e-01
-8.835956468980733503e-01
-8.835956468980733503e-01
-1.069478807903880169e+00
-1.037652097561143849e+00
-1.022164184399454001e+00
-1.045709040118657285e+00
-1.065903651710332634e+00
-1.031977341759702238e+00
-1.031977341759702238e+00
-1.024636953733925493e+00
-9.807742043720660829e-01
-1.032652946683739303e+00
-1.030936987034694274e+00
-9.055453842167939804e-01
-9.055453842167939804e-01
-9.055453842167939804e-01
-1.164738692465088654e+00
-1.315686388260347561e+00
-1.315686388260347561e+00
-1.188458686466100866e+00
-8.290614142014868237e-01
-8.290614142014868237e-01
-8.906751446870452282e-01
-8.906751446870452282e-01
-8.906751446870452282e-01
-8.370421864326402783e-01
-9.313027236350709392e-01
-9.313027236350709392e-01
-9.313027236350709392e-01
-1.026932947182537692e+00
-8.254047784536380217e-01
-9.579724065053824011e-01
-9.579724065053824011e-01
-9.070605575211071470e-01
-1.058525958247779064e+00
-9.678661122861230703e-01
-9.909499925514885232e-01
-8.679507833323140131e-01
-9.733612478444200189e-01
-9.968730472125391096e-01
-1.234136667165262713e+00
-1.307269898753874005e+00
-1.328948706420266967e+00
-1.388019376505756020e+00
-1.364612819034540125e+00
-1.248965670960682894e+00
-1.248965670960682894e+00
-1.280204192695166832e+00
-1.169382323554398528e+00
-9.166899714255029030e-01
-9.166899714255029030e-01
-1.047584427746727442e+00
-1.047584427746727442e+00
-1.094878268664975396e+00
-1.099652763152035417e+00
-1.099652763152035417e+00
-7.598518939128723337e-01
-7.598518939128723337e-01
-7.598518939128723337e-01
-7.598518939128723337e-01
-7.598518939128723337e-01
-1.005908556637491680e+00
-1.000834257397348992e+00
-1.063260875941945294e+00
-1.063260875941945294e+00
-1.063260875941945294e+00
-1.063260875941945294e+00
-1.123648486898382703e+00
-1.122648832921353979e+00
-7.627681346606252077e-01
-7.627681346606252077e-01
-7.627681346606252077e-01
-7.627681346606252077e-01
-7.112437556382956716e-01
-5.323614790268490493e-01
-9.324058324665199793e-01
-7.007628003879445844e-01
-1.221850544641019054e+00
-1.221850544641019054e+00
-1.240458225956221572e+00
-1.099041581176006588e+00
-1.005317039803937718e+00
-1.144303666370689143e+00
-1.132342805015424059e+00
-9.913789537578667765e-01
-1.178642576341457193e+00
-1.308517845638560662e+00
-1.160664856318719185e+00
-1.160664856318719185e+00
-1.160664856318719185e+00
-9.894741626393536160e-01
-9.894741626393536160e-01
-9.957965552896833605e-01
-1.208132196049396700e+00
-1.172902563495200168e+00
-1.172902563495200168e+00
-1.172902563495200168e+00
-1.172902563495200168e+00
-1.172902563495200168e+00
-1.141695312848364896e+00
-1.141695312848364896e+00
-1.062054638323375100e+00
-1.124611895016166541e+00
-1.124611895016166541e+00
-1.124611895016166541e+00
-1.326345406881221489e+00
-1.244837568925471372e+00
-1.244837568925471372e+00
-1.376001312913545327e+00
-1.329108449145157467e+00
-1.247684813211304311e+00
-1.235728595687137110e+00
-1.581656021641611565e+00
-1.572204722048083259e+00
-1.572204722048083259e+00
-1.216480774435727108e+00
-1.173425550765978320e+00
-1.328565739137427482e+00
-1.273455591135129072e+00
-1.273455591135129072e+00
-1.223176253892672039e+00
-1.050330500989021365e+00
-1.050330500989021365e+00
-1.150852888764322790e+00
-1.150852888764322790e+00
-1.250040633989975447e+00
-1.250040633989975447e+00
-1.250040633989975447e+00
-1.239435504475410843e+00
-1.424892174766667852e+00
-1.144508170425372784e+00
-1.374414121958898338e+00
-1.306610417538865976e+00
-1.123593497275029662e+00
-1.056155359946393091e+00
-9.754957710224448908e-01
-8.414393559912922704e-01
-8.414393559912922704e-01
-8.414393559912922704e-01
-7.876725905711773335e-01
-1.158422410126763502e+00
-1.158422410126763502e+00
-1.393448569435127737e+00
-1.156266866241447921e+00
-1.178174979936889466e+00
-1.178174979936889466e+00
-1.436551177176039307e+00
-1.365504795985176711e+00
-1.241810567652969599e+00
-1.241810567652969599e+00
-1.241810567652969599e+00
-1.241810567652969599e+00
-9.225343209956701207e-01
-9.225343209956701207e-01
-1.033344584150758694e+00
-1.061976676079883442e+00
-1.214332685321308336e+00
-1.160944463272674421e+00
-1.104445971497126644e+00
-1.107475503204513823e+00
-1.134451258035130028e+00
-1.383588220844509609e+00
-1.383588220844509609e+00
-1.353514915564152821e+00
-1.335283116995619412e+00
-1.231707230578419132e+00
-1.153106466737257030e+00
-1.086021679731964173e+00
-9.352774496416499383e-01
-9.501132790925032046e-01
-9.555149302831527081e-01
-1.123620760045589417e+00
-1.068854402125225311e+00
-1.067876040932591142e+00
-1.144370529776249645e+00
-7.435870093667087399e-01
-7.435870093667087399e-01
-8.674906484964333142e-01
-9.735198936756233046e-01
-8.651789369714667499e-01
-9.658411568240928835e-01
-9.658411568240928835e-01
-1.325122950510407405e+00
-1.430382342959434672e+00
-1.382125259116708360e+00
-8.211171386666185068e-01
-8.211171386666185068e-01
-1.067040138923843084e+00
-1.067040138923843084e+00
-1.071853949827486385e+00
-1.118138897708990331e+00
-8.658725148424352147e-01
-1.050502455706845195e+00
-1.050502455706845195e+00
-9.542705552295791538e-01
-1.080125776588643838e+00
-9.717784995591753905e-01
-9.717784995591753905e-01
-1.054261259595452360e+00
-1.120276845643492170e+00
-1.244193625650624968e+00
-1.041659950239730348e+00
-1.279752751517966969e+00
-1.171378402515590222e+00
-1.248994816715282896e+00
-1.248994816715282896e+00
-8.765493028779600682e-01
-8.249985188027268990e-01
-7.180711125020625696e-01
-1.056235223659496736e+00
-1.056235223659496736e+00
-1.021030659782394379e+00
-1.178197368059919592e+00
-1.176352642664059811e+00
-1.176352642664059811e+00
-9.919601111478898448e-01
-1.031131643900680572e+00
-1.206198177992342302e+00
-1.206198177992342302e+00
-1.210700632460934845e+00
-1.010255422437562167e+00
-1.251534343689240991e+00
-8.975435580575408245e-01
-1.105651300031918138e+00
-1.008456945841611496e+00
-1.016169916215005076e+00
-1.016169916215005076e+00
-1.175133675994755933e+00
-1.225220964512603761e+00
-1.225220964512603761e+00
-1.187982061409961876e+00
-7.860273146238226927e-01
-7.860273146238226927e-01
-1.049232013101210059e+00
-1.332590404105727266e+00
-1.332590404105727266e+00
-1.332590404105727266e+00
-1.431612944691919020e+00
-1.526335183107836224e+00
-1.526335183107836224e+00
-1.576423220087552313e+00
-1.444988583346218824e+00
-1.558512969561371753e+00
-1.558512969561371753e+00
-1.558512969561371753e+00
-1.526843869854686675e+00
-1.500539119928624876e+00
-1.518953028040098907e+00
-1.354610024832831217e+00
-1.219964309806268243e+00
-1.219964309806268243e+00
-1.172933675649329377e+00
-1.203741365870493851e+00
-1.238305917637596565e+00
-1.238305917637596565e+00
-9.227891827928292878e-01
-9.325133872065918261e-01
-1.013313643380350682e+00
-9.693887948543120636e-01
-9.830627655092828432e-01
-9.830627655092828432e-01
-9.830627655092828432e-01
-1.099957972281069507e+00
-1.099957972281069507e+00
-1.163154279483546549e+00
-1.163154279483546549e+00
-1.163154279483546549e+00
-1.163154279483546549e+00
-1.163154279483546549e+00
-1.004496154135658736e+00
-1.097613078123752084e+00
-1.097613078123752084e+00
-1.097613078123752084e+00
-1.167763966502684880e+00
-8.117354117204927944e-01
-8.472012999670571753e-01
-7.755200128921232450e-01
-7.755200128921232450e-01
-1.352444002390601030e+00
-1.352444002390601030e+00
-9.671807970891453943e-01
-9.671807970891453943e-01
-1.236909224567962262e+00
-1.185805298403514119e+00
-9.590352220930683513e-01
-1.010062629578886595e+00
-8.402635695333824373e-01
-8.890721738156737164e-01
-1.079846314873689206e+00
-1.326482974278350380e+00
-1.231626024144847342e+00
-1.231626024144847342e+00
-8.692665960339642783e-01
-8.692665960339642783e-01
-9.047532579459598434e-01
-1.174188877499257488e+00
-1.174188877499257488e+00
-8.883010687935731786e-01
-9.616051209075749950e-01
-1.070264909484773153e+00
-1.070264909484773153e+00
-1.070264909484773153e+00
-1.070264909484773153e+00
-1.001384769546184161e+00
-1.001384769546184161e+00
-8.460652360574862918e-01
-8.460652360574862918e-01
-1.228016262266471426e+00
-1.005642616283322299e+00
-1.007705485014447122e+00
-1.007705485014447122e+00
-1.178456303146299344e+00
-1.178456303146299344e+00
-1.178456303146299344e+00
-9.690788471724312014e-01
-1.103410739917929595e+00
-1.213185119871774464e+00
-1.213185119871774464e+00
-1.216666245764585819e+00
-1.060405374627988007e+00
-1.060405374627988007e+00
-1.002816811045601941e+00
-9.388356344356650895e-01
-9.458941950658327213e-01
-1.111848195186509125e+00
-1.111848195186509125e+00
-9.419346606423207868e-01
-9.739159756651778466e-01
-9.739159756651778466e-01
-9.947693722658853543e-01
-1.047477708189408885e+00
-1.014296091038666470e+00
-1.143771067160586297e+00
-8.673615460019890033e-01
-8.673615460019890033e-01
-8.458989314677972660e-01
-8.458989314677972660e-01
-1.007015826871638930e+00
-1.002922623656789414e+00
-1.002922623656789414e+00
-1.002922623656789414e+00
-1.002922623656789414e+00
-1.153273700136923763e+00
-1.153273700136923763e+00
-9.861867762610290189e-01
-1.224014413734132667e+00
-1.224014413734132667e+00
-1.273181832785025502e+00
-1.273181832785025502e+00
-1.287081743653532895e+00
-1.159036786340458924e+00
-9.739251008560061429e-01
-8.977930839426895293e-01
-1.059407140241815926e+00
-1.059407140241815926e+00
-1.059407140241815926e+00
-1.050656426674958288e+00
-1.132075106072968573e+00
-8.387139466756663442e-01
-7.757644716210216895e-01
-1.464294619991816093e+00
-1.106536473086742856e+00
-1.010315545045987751e+00
-1.095547003329362390e+00
-7.722899327874833686e-01
-6.934762315580842440e-01
-8.650197333913385300e-01
-8.650197333913385300e-01
-8.650197333913385300e-01
-8.650197333913385300e-01
-9.824881770587589047e-01
-9.824881770587589047e-01
-1.094592456775381528e+00
-1.094592456775381528e+00
-1.243361550737242416e+00
-1.056718453508278532e+00
-7.265558494605754980e-01
-7.285179994728916419e-01
-9.192202448578498108e-01
-9.192202448578498108e-01
-8.315065674481931790e-01
-7.247476653602151764e-01
-1.316569558449359523e+00
-1.317561459443242544e+00
-1.200418989418711391e+00
-1.310530040762236448e+00
-1.404972959940339550e+00
-1.293154216180288252e+00
-1.008020919815761030e+00
-1.008020919815761030e+00
-9.100170249209246220e-01
-1.037372208902917592e+00
-1.037372208902917592e+00
-1.146635612251678538e+00
-1.090186935130275314e+00
-1.115390299710915079e+00
-1.227629609049452064e+00
-1.227629609049452064e+00
-8.537144678605746995e-01
-7.235557685293769747e-01
-9.907367533737335696e-01
-9.907367533737335696e-01
-9.907367533737335696e-01
-9.907367533737335696e-01
-1.071591940943342980e+00
-1.321417259355294860e+00
-1.058767046918580146e+00
-1.039251939977874795e+00
-1.039251939977874795e+00
-1.074091057128938820e+00
-1.074091057128938820e+00
-1.129528102662064271e+00
-1.136904370644026496e+00
-9.251373722025620916e-01
-1.344717819788288971e+00
-1.069890160649627164e+00
-1.252216895668320396e+00
-1.406821522962428128e+00
-1.392803108399626399e+00
-1.274492418674751049e+00
-1.337039038482725317e+00
-1.237903507100391653e+00
-1.236425471390965702e+00
-1.049999425411995091e+00
-1.012631756483188372e+00
-1.012631756483188372e+00
-1.012631756483188372e+00
-8.163164876483933741e-01
-8.163164876483933741e-01
-8.036406095096333413e-01
-7.462341020604632558e-01
-7.462341020604632558e-01
-8.589904145390309109e-01
-7.745707012345798281e-01
-7.745707012345798281e-01
-7.745707012345798281e-01
-7.745707012345798281e-01
-1.126686971150109740e+00
-1.096166088239721059e+00
-1.120473765261022159e+00
-1.120473765261022159e+00
-1.037083540104631885e+00
-9.457005621266102446e-01
-1.164710823691505137e+00
-8.489005887475530310e-01
-1.120891808356433428e+00
-1.033377668499301461e+00
-1.028439329832869120e+00
-1.126278589090053073e+00
-1.071533669621579810e+00
-9.394929124704318735e-01
-9.468124001433156911e-01
-1.003440587469307754e+00
-1.056390651854391738e+00
-1.056390651854391738e+00
-1.068703867411764818e+00
-8.632489999198179609e-01
-1.076631216330552920e+00
-1.076631216330552920e+00
-1.117745011538361144e+00
-1.106504304982137477e+00
-8.211841274171403082e-01
-8.204168889467647885e-01
-8.753196859413344688e-01
-1.119014723401058786e+00
-1.155589008346000757e+00
-1.301406850327630593e+00
-1.301406850327630593e+00
-1.301406850327630593e+00
-1.003152649571106503e+00
-9.661089838897700677e-01
-1.158787831539473512e+00
-1.233194689939455690e+00
-1.233194689939455690e+00
-1.233194689939455690e+00
-1.312966828491956894e+00
-1.364305307156012281e+00
-1.246079335972885449e+00
-1.183590629898165991e+00
-9.792503819064186654e-01
-9.792503819064186654e-01
-7.475620512744287627e-01
-6.367293295325278102e-01
-9.256529997379727703e-01
-9.432544126155352204e-01
-9.612164478740935492e-01
-1.117611513248451427e+00
-1.163951967537479426e+00
-1.163951967537479426e+00
-1.163951967537479426e+00
-8.831734722601543019e-01
-9.731501564681378502e-01
-9.509033493286817018e-01
-9.509033493286817018e-01
-1.030137520480397528e+00
-1.030137520480397528e+00
-1.028564953561183160e+00
-1.188620974854611712e+00
-1.188620974854611712e+00
-1.188620974854611712e+00
-9.405027533013720076e-01
-8.924628968521884920e-01
-1.180662279386422986e+00
-1.180662279386422986e+00
-1.037590271130254926e+00
-1.037590271130254926e+00
-1.037590271130254926e+00
-1.007753041083218948e+00
-9.944160236588018842e-01
-9.944160236588018842e-01
-8.035363583895478445e-01
-1.103788750263820173e+00
-6.545143963915380780e-01
-7.819052944365351143e-01
-7.819052944365351143e-01
-8.372001333436255299e-01
-1.100653470693726099e+00
-8.176940568960292532e-01
-8.176940568960292532e-01
-8.176940568960292532e-01
-8.458415574764961420e-01
-9.337133801080336193e-01
-1.096171435130228078e+00
-1.096171435130228078e+00
-1.015614193856277048e+00
-1.015614193856277048e+00
-1.024092837212047913e+00
-1.020210274733928335e+00
-1.058353565151598064e+00
-1.324755825706198431e+00
-1.107980484985541469e+00
-9.167676759240328543e-01
-9.167676759240328543e-01
-6.068775287149680286e-01
-6.068775287149680286e-01
-6.068775287149680286e-01
-6.313099380096571789e-01
-8.107626865876731426e-01
-1.096539871431811974e+00
-9.396416144621054789e-01
-1.230551414750578720e+00
-9.730103016981580533e-01
-8.837355355817380076e-01
-6.688365008658732069e-01
-6.688365008658732069e-01
-6.688365008658732069e-01
-6.590256295078457116e-01
-1.039978218502709773e+00
-1.068536673087019162e+00
-9.856777946293873160e-01
-1.021039225545417040e+00
-7.956868464165698374e-01
-8.661899327945110638e-01
-8.542625482970379602e-01
-8.542625482970379602e-01
-8.542625482970379602e-01
-9.856169478579239751e-01
-1.137104009279974681e+00
-1.137104009279974681e+00
-9.010253070953606613e-01
-8.564255974633639967e-01
-1.150506248081368588e+00
-1.150506248081368588e+00
-1.150506248081368588e+00
-9.035612344979166988e-01
-9.547111734598976440e-01
-1.128001212738590997e+00
-1.128001212738590997e+00
-1.238101998247650215e+00
-1.238101998247650215e+00
-9.584576439943117698e-01
-9.144702753813994667e-01
-9.144702753813994667e-01
-9.279207346927565991e-01
-9.247482257867630784e-01
-9.247482257867630784e-01
-9.247482257867630784e-01
-9.619413701842834952e-01
-8.026972425578930981e-01
-8.026972425578930981e-01
-8.026972425578930981e-01
-9.103904511527949328e-01
-9.103904511527949328e-01
-9.675390945565748302e-01
-9.675390945565748302e-01
-1.117658318893035130e+00
-1.117658318893035130e+00
-1.117658318893035130e+00
-1.330344194458555451e+00
-9.599948396076281032e-01
-9.450417374022090922e-01
-9.327106009524925856e-01
-8.934709037726338288e-01
-7.018270267020443320e-01
-3.695046920233384657e-01
-3.695046920233384657e-01
-8.151290000630159183e-01
-8.151290000630159183e-01
-8.151290000630159183e-01
-7.912984278753703027e-01
-1.350228578186143835e+00
-7.769942818040174171e-01
-9.531033694703167081e-01
-9.317566334193252420e-01
-8.485984754707291966e-01
-8.143672438167237626e-01
-6.012297309231191544e-01
-6.537054720928701101e-01
-6.537054720928701101e-01
-6.537054720928701101e-01
-6.537054720928701101e-01
-5.714650282581330565e-01
-8.552589214415737828e-01
-7.482745033539746071e-01
-8.740337329431899782e-01
-8.202404200753286023e-01
-7.647905867834083882e-01
-8.038531975669934715e-01
-8.470646548502028805e-01
-7.428420652435716587e-01
-7.433707703838459135e-01
-8.153691066274284527e-01
-8.153691066274284527e-01
-7.255146595274559740e-01
-7.255146595274559740e-01
-8.299605388696212893e-01
-8.299605388696212893e-01
-1.009080812709432617e+00
-1.009080812709432617e+00
-1.009080812709432617e+00
-9.380296982809457340e-01
-9.380296982809457340e-01
-9.380296982809457340e-01
-9.380296982809457340e-01
-9.380296982809457340e-01
-9.380296982809457340e-01
-1.281846529381867494e+00
-1.281846529381867494e+00
-1.281846529381867494e+00
-1.281846529381867494e+00
-1.284286955259527074e+00
-1.284286955259527074e+00
-8.021812551926617019e-01
-9.598256208102996512e-01
-1.224420683062587001e+00
-1.137072689461909869e+00
-1.058054547055703010e+00
-7.339184427342617667e-01
-8.428142779691510933e-01
-8.428142779691510933e-01
-8.630370586523770093e-01
-9.645817710291890723e-01
-9.521196765962344211e-01
-1.066217043819865040e+00
-9.854469739108026038e-01
-9.854469739108026038e-01
-7.795995857990827282e-01
-7.325581873917634823e-01
-8.694036700044555088e-01
-8.694036700044555088e-01
-8.694036700044555088e-01
-8.609609191461842226e-01
-8.609609191461842226e-01
-1.077564473084564600e+00
-1.077564473084564600e+00
-1.077564473084564600e+00
-8.546838229847636415e-01
-8.546838229847636415e-01
-8.546838229847636415e-01
-1.162543083085348705e+00
-7.502285417478881113e-01
-1.072768730159288975e+00
-8.829370452963144489e-01
-8.930205868737184360e-01
-1.015982875253783391e+00
-8.620461061214600429e-01
-7.826265819236645216e-01
-7.203259999357128907e-01
-7.203259999357128907e-01
-8.218527859470995400e-01
-8.218527859470995400e-01
-8.218527859470995400e-01
-7.588727521041920276e-01
-9.062530432728597152e-01
-9.062530432728597152e-01
-1.275464532023703912e+00
-1.275464532023703912e+00
-1.275464532023703912e+00
-1.203326460778663121e+00
-1.203326460778663121e+00
-1.203326460778663121e+00
-1.237535846250556126e+00
-1.237535846250556126e+00
-1.072625370600799766e+00
-7.991724590653130900e-01
-1.003741866516583148e+00
-9.909430611110652265e-01
-7.570890538242593948e-01
-7.570890538242593948e-01
-7.570890538242593948e-01
-8.134218523418003111e-01
-8.146416195415738803e-01
-8.146416195415738803e-01
-8.146416195415738803e-01
-8.163690700629641084e-01
-8.170900327732449897e-01
-8.307277254670789590e-01
-8.307277254670789590e-01
-7.917859994301995608e-01
-7.917859994301995608e-01
-7.917859994301995608e-01
-8.071770512183534807e-01
-7.665799049398770437e-01
-1.157692258320313305e+00
-7.662477184746254721e-01
-7.662477184746254721e-01
-7.662477184746254721e-01
-8.754026323904667839e-01
-9.043865421557255591e-01
-9.478100462245424573e-01
-9.478100462245424573e-01
-8.206126211919413382e-01
-8.206126211919413382e-01
-6.776011090473059717e-01
-6.776011090473059717e-01
-7.212021366508412079e-01
-8.484264920511322972e-01
-8.484264920511322972e-01
-8.484264920511322972e-01
-8.461311142551974918e-01
-8.461311142551974918e-01
-8.461311142551974918e-01
-1.024524443777577343e+00
-9.968167174350622828e-01
-1.060973841473124235e+00
-1.283240612737872377e+00
-1.283240612737872377e+00
-1.168089842439208326e+00
-1.147571985562479080e+00
-1.147571985562479080e+00
-1.114510445491673440e+00
-8.809124086104391793e-01
-1.049068666389031845e+00
-1.049068666389031845e+00
-8.572207977051509165e-01
-7.949689631350784769e-01
-1.065180573636857364e+00
-1.065180573636857364e+00
-1.083038010626175662e+00
-1.095364748022814583e+00
-9.483973594616477154e-01
-1.092498443962855115e+00
-6.921449966131629772e-01
-6.921449966131629772e-01
-5.412078852223338732e-01
-5.412078852223338732e-01
-5.412078852223338732e-01
-5.412078852223338732e-01
-1.137057885249287192e+00
-1.284863050337124335e+00
-5.837862812588479056e-01
-1.121334568072854143e+00
-1.121334568072854143e+00
-9.957071810270027301e-01
-9.732511268050088038e-01
-1.026874705590606673e+00
-1.026874705590606673e+00
-5.914653561726872510e-01
-5.914653561726872510e-01
-5.914653561726872510e-01
-5.914653561726872510e-01
-9.477622099870532946e-01
-9.151702172814101255e-01
-9.151702172814101255e-01
-9.151702172814101255e-01
-9.151702172814101255e-01
-8.235093617029857205e-01
-1.066059060950289572e+00
-8.126198881319567358e-01
-8.126198881319567358e-01
-1.059874621194150546e+00
-9.679969928633228582e-01
-1.068801236922205300e+00
-1.142316780213457950e+00
-1.129920352614241397e+00
-1.074609221781239965e+00
-6.511758249786113728e-01
-1.040992010290519243e+00
-1.033119977993533611e+00
-8.899979740877784762e-01
-7.568674825459128508e-01
-6.129605495399644832e-01
-6.129605495399644832e-01
-1.084097423445352426e+00
-1.036913577906931838e+00
-9.001676428966596255e-01
-9.808352700789091383e-01
-1.128536666930389343e+00
-1.169285597921665198e+00
-9.937972718581248310e-01
-9.366449137609372810e-01
-9.366449137609372810e-01
-8.343534926664427642e-01
-8.731994836919879655e-01
-9.136166061960498963e-01
-1.072017000593026070e+00
-1.072017000593026070e+00
-1.003274843391585680e+00
-1.003274843391585680e+00
-1.214400135146228132e+00
-1.214400135146228132e+00
-1.214400135146228132e+00
-1.214400135146228132e+00
-9.433908497402245796e-01
-1.147673725493655761e+00
-9.588015321265817015e-01
-9.588015321265817015e-01
-9.465599323917610608e-01
-9.767701032331146394e-01
-9.767701032331146394e-01
-1.039016100740876913e+00
-1.039016100740876913e+00
-1.039016100740876913e+00
-9.329388075246694001e-01
-9.329388075246694001e-01
-8.565519149839438962e-01
-8.565519149839438962e-01
-8.565519149839438962e-01
-1.059168541092372795e+00
-1.059168541092372795e+00
-8.467330652985608497e-01
-8.467330652985608497e-01
-8.467330652985608497e-01
-8.832869146041251174e-01
-1.068528540935136828e+00
-9.186831633067780167e-01
-6.968461483090686581e-01
-6.828746409727514122e-01
-1.165925834325131305e+00
-1.165925834325131305e+00
-7.692591472838685718e-01
-7.955477378539317357e-01
-8.350743592614052746e-01
-8.756188953884475046e-01
-8.799814207813853040e-01
-1.049866161711416668e+00
-6.552796173025661197e-01
-8.525306465493798225e-01
-8.421598239134151509e-01
-9.272928413696350791e-01
-9.272928413696350791e-01
-9.272928413696350791e-01
-7.966664942230563540e-01
-1.281187923045858712e+00
-9.560882557950241001e-01
-9.875180212264587087e-01
-1.061713760291130626e+00
-1.061713760291130626e+00
-1.190859085464326617e+00
-8.810042759885343688e-01
-8.238369009900192719e-01
-8.238369009900192719e-01
-8.207909536966871977e-01
-1.014286309111043227e+00
-8.248311156726721993e-01
-8.904594654779965923e-01
-8.904594654779965923e-01
-1.330875619775281793e+00
-1.080461479024261262e+00
-1.080461479024261262e+00
-1.140746420111959258e+00
-6.535344631149153649e-01
-7.004628817411395758e-01
-8.876833842800371244e-01
-8.876833842800371244e-01
-8.789009186976105559e-01
-8.789009186976105559e-01
-8.789009186976105559e-01
-8.789009186976105559e-01
-9.705353567840809825e-01
-8.868421928308622970e-01
-6.440760523567072848e-01
-6.440760523567072848e-01
-7.638425923878586765e-01
-7.274216446191968943e-01
-8.087049263854428904e-01
-1.261379590660470118e+00
-1.075075005246714177e+00
-1.096088302337538511e+00
-1.085745016568263832e+00
-1.085745016568263832e+00
-9.822437630630909133e-01
-9.822437630630909133e-01
-1.168202313219138144e+00
-1.166224861589575834e+00
-1.166224861589575834e+00
-9.331237499645990141e-01
-8.384169235835121636e-01
-9.232442841418241342e-01
-9.586638425881683911e-01
-1.103033707144749798e+00
-1.112906711913358215e+00
-1.054429382185910535e+00
-1.054429382185910535e+00
-1.054429382185910535e+00
-1.054429382185910535e+00
-1.261489687622728395e+00
-9.072246940298710483e-01
-1.001432716388684918e+00
-8.491839954635772569e-01
-8.491839954635772569e-01
-7.329013361906716595e-01
-8.427265960880883089e-01
-1.050227446485212379e+00
-1.050227446485212379e+00
-9.991152065199266907e-01
-9.991152065199266907e-01
-9.991152065199266907e-01
-9.991152065199266907e-01
-9.991152065199266907e-01
-9.778558686705355329e-01
-1.079799674432686984e+00
-1.063819053015947480e+00
-7.502410335193604451e-01
-7.502410335193604451e-01
-9.630474405632803991e-01
-9.021969333855495154e-01
-9.119940563786631538e-01
-9.119940563786631538e-01
-9.119940563786631538e-01
-9.119940563786631538e-01
-1.011679416047291058e+00
-1.011679416047291058e+00
-7.952163894045568560e-01
-9.374371240596118815e-01
-8.150922784509915253e-01
-1.029522101755952157e+00
-7.493342564636922276e-01
-7.493342564636922276e-01
-9.753505934917144904e-01
-1.167983608229556935e+00
-1.148858233827204200e+00
-8.260726109906669778e-01
-8.652412653787470154e-01
-1.042055012574021333e+00
-1.024437948181076363e+00
-1.025967521015354933e+00
-1.025967521015354933e+00
-1.088700576559582300e+00
-1.039583341332049438e+00
-1.039583341332049438e+00
-1.091551886615881317e+00
-1.218993940360550532e+00
-1.143673714775305328e+00
-1.143673714775305328e+00
-1.056998322819807212e+00
-1.119314678720295220e+00
-1.114316373669115956e+00
-1.290625012813648720e+00
-1.290625012813648720e+00
-1.290625012813648720e+00
-1.290625012813648720e+00
-1.290625012813648720e+00
-1.339984288822182457e+00
-1.339984288822182457e+00
-1.160446478651961932e+00
-9.394371743535028241e-01
-1.048754858269613122e+00
-1.048754858269613122e+00
-1.013984781421185755e+00
-1.013984781421185755e+00
-1.013984781421185755e+00
-1.225381301191813099e+00
-1.337320515799939491e+00
-1.088295998915649099e+00
-1.151379651472567378e+00
-1.151379651472567378e+00
-1.048515782592616352e+00
-9.359918751494680222e-01
-9.252638671871366016e-01
-9.252638671871366016e-01
-9.252638671871366016e-01
-9.252638671871366016e-01
-9.252638671871366016e-01
-1.138885135697971007e+00
-1.185829686678480321e+00
