# Variable: dg_gbvi_00000300
# Sample shape: (2565,)
# Date: 2013-03-08 06:18:11.842202
-1.938949844941975975e+00
-1.482156583362605140e+00
-1.807193788894496889e+00
-1.740933539826148957e+00
-1.751598549021403439e+00
-1.675180681271203564e+00
-1.668421035250799545e+00
-2.181888883187912409e+00
-2.184144745270156118e+00
-1.589399915696358523e+00
-1.579491932062914605e+00
-1.583399208784851853e+00
-1.596897707750314810e+00
-1.589151566997415443e+00
-1.516509567039501682e+00
-1.511983166900611852e+00
-1.387436402089420318e+00
-1.396895699413623682e+00
-1.383643987439850065e+00
-1.417225924672215198e+00
-1.450736296061428732e+00
-1.721078658109649107e+00
-1.443689872301732624e+00
-1.441218747500351283e+00
-1.491235145363384085e+00
-1.491635053966237301e+00
-1.477659883501504456e+00
-1.244400687213714551e+00
-1.244400687213714551e+00
-1.257992978044119470e+00
-1.350454173834084726e+00
-1.360944861228309266e+00
-1.373161090893462610e+00
-1.464187529991553660e+00
-1.446989177524855785e+00
-1.443499226089910881e+00
-1.441600851626755553e+00
-1.418373580425682290e+00
-1.426255120547469613e+00
-1.438503947212431910e+00
-1.515587402289179986e+00
-1.273324712993924024e+00
-1.322611626103246563e+00
-1.328988205375232212e+00
-1.331503076676289643e+00
-1.309623445125908336e+00
-1.308598688483627148e+00
-1.417280139053542776e+00
-1.495150691382331587e+00
-1.492797336939096997e+00
-1.505687461913004510e+00
-1.437348656908885136e+00
-1.444109539855963131e+00
-1.520704384844867141e+00
-1.510496767494440506e+00
-1.432340709542663237e+00
-1.401522810034318445e+00
-1.401802225704223526e+00
-1.401802225704223526e+00
-1.393518508859815430e+00
-1.385374402145013395e+00
-1.398598671885010303e+00
-1.411586053477001057e+00
-1.426622067239355474e+00
-1.418429718608528844e+00
-1.406785284810415426e+00
-1.404417138029932621e+00
-1.404417138029932621e+00
-1.396421131679000727e+00
-1.391736947265719504e+00
-1.379958761610915907e+00
-1.367737583991113004e+00
-1.384368767501812147e+00
-1.410158249524165797e+00
-1.405932833094878820e+00
-1.402184015177485144e+00
-1.408976769040819921e+00
-1.412759592822113941e+00
-1.473307043986083809e+00
-1.526535549837784833e+00
-1.293250814921098835e+00
-1.297416695393865727e+00
-1.297416695393865727e+00
-1.301737452121930261e+00
-1.340552572347112337e+00
-1.345526857608256632e+00
-1.345526857608256632e+00
-1.516203145450141898e+00
-1.515495784173870097e+00
-1.533205894641151312e+00
-1.427172100964293922e+00
-1.275115415477588776e+00
-1.269341614684854846e+00
-1.277295076558581544e+00
-1.258691162947275899e+00
-1.276903832464694633e+00
-1.276383511060751763e+00
-1.287702391709623528e+00
-1.298835827728656911e+00
-1.332594355439546296e+00
-1.458728128949323022e+00
-1.470550389196001895e+00
-1.479113263469598039e+00
-1.486802305750333453e+00
-1.488040591214703445e+00
-1.481072566377589217e+00
-1.480378287097149581e+00
-1.477054446100953822e+00
-1.483186352021784948e+00
-1.499289550461363918e+00
-1.496746872898224945e+00
-1.480569184329964205e+00
-1.472219147621256496e+00
-1.460581986436745083e+00
-1.460152155604558244e+00
-1.459610896412309344e+00
-1.449244881712467237e+00
-1.442579896307361498e+00
-1.428633864305695056e+00
-1.418941462001254594e+00
-1.377508743973990146e+00
-1.383570971131239169e+00
-1.388364820462850036e+00
-1.515394230652838070e+00
-1.515750974238914806e+00
-1.531951936069147591e+00
-1.511759501269339001e+00
-1.509387571238164805e+00
-1.400970405739729197e+00
-1.397976578151439275e+00
-1.394659364460386630e+00
-1.421697833362081997e+00
-1.436322738649055131e+00
-1.441036895293015929e+00
-1.448492765063885246e+00
-1.450559713876232948e+00
-1.451410208202206009e+00
-1.455265742647414040e+00
-1.501115079989246759e+00
-1.526194662645313782e+00
-1.470368963505928717e+00
-1.466766695550637767e+00
-1.457731717978808073e+00
-1.459724250705904947e+00
-1.420107087314015581e+00
-1.423473601992203630e+00
-1.572611314708772134e+00
-1.442433038658013089e+00
-1.252999098171137859e+00
-1.265356692954078710e+00
-1.343004371044808520e+00
-1.323963645234843334e+00
-1.463926061575650861e+00
-1.421172997158962836e+00
-1.430482846269745201e+00
-1.426382196084444720e+00
-1.436140017375854505e+00
-1.426820329816719246e+00
-1.425453301302615161e+00
-1.383873501630741520e+00
-1.393830246486195801e+00
-1.389693590377793830e+00
-1.385644983706943334e+00
-1.333151745055143556e+00
-1.339992541353224098e+00
-1.328633970408094500e+00
-1.337152387587043467e+00
-1.381249383832719779e+00
-1.378752720696314160e+00
-1.388831714885583546e+00
-1.389800710786246896e+00
-1.385374168514696525e+00
-1.406859777423980606e+00
-1.391201928556125456e+00
-1.391201928556125456e+00
-1.391935367642148647e+00
-1.366612385715912703e+00
-1.464034731951298074e+00
-1.475115789223674145e+00
-1.472303747738514579e+00
-1.473566696712358182e+00
-1.460086877872654343e+00
-1.457941388106201552e+00
-1.461184385578951472e+00
-1.510722074076877641e+00
-1.514092502579934107e+00
-1.460663134648367834e+00
-1.467687123627459123e+00
-1.468364443454984958e+00
-1.459223180945618648e+00
-1.458262662400411136e+00
-1.474963589576843814e+00
-1.470448673839071629e+00
-1.454985022023766339e+00
-1.447348327237847343e+00
-1.444979162002626438e+00
-1.463647669666354956e+00
-1.250481978110180803e+00
-1.271132384663168358e+00
-1.254717361991447788e+00
-1.248244278746598601e+00
-1.265518748434700802e+00
-1.264713989014486062e+00
-1.267102656037050190e+00
-1.276225872266389283e+00
-1.240819044213549605e+00
-1.248181292860569558e+00
-1.452305166144724380e+00
-1.450087281555864305e+00
-1.425091633497504118e+00
-1.492582728309432172e+00
-1.473378845790930702e+00
-1.465737016732516329e+00
-1.465737016732516329e+00
-1.477892040855107281e+00
-1.463931236146924553e+00
-1.470976854756237406e+00
-1.463944874861498269e+00
-1.445010015800554770e+00
-1.458079122253863602e+00
-1.447447965739844467e+00
-1.452422106964247117e+00
-1.444086822239838641e+00
-1.387680146429568273e+00
-1.535457372484800409e+00
-1.546331830890554926e+00
-1.403349004621535778e+00
-1.411268702120563212e+00
-1.405482267817833364e+00
-1.384587852629935778e+00
-1.382946500729996142e+00
-1.393104957851200698e+00
-1.469873088301107300e+00
-1.471930995046987212e+00
-1.463058712283023199e+00
-1.282299881625531102e+00
-1.480195502225269744e+00
-1.478019965803805791e+00
-1.497924322812932418e+00
-1.496275197034280025e+00
-1.426375338836014750e+00
-1.427755080317652636e+00
-1.446602946403708678e+00
-1.482069200521740404e+00
-1.486842105190064212e+00
-1.478067504448613345e+00
-1.303374656066872639e+00
-1.329420855724699813e+00
-1.333828782139193647e+00
-1.442012370830947132e+00
-1.423673324965977205e+00
-1.436554678539370355e+00
-1.444459157125233428e+00
-1.436231979205411013e+00
-1.429260999947388644e+00
-1.434481337292736303e+00
-1.430340666156769691e+00
-1.235939165141488383e+00
-1.363167218248015455e+00
-1.444463641378992413e+00
-1.436073645343777017e+00
-1.417408485745752733e+00
-1.431773548988769296e+00
-1.471850987908783326e+00
-1.439162062972964895e+00
-1.446072228700449935e+00
-1.454096343657044654e+00
-1.355362090813525100e+00
-1.359541438339286312e+00
-1.368940016992540532e+00
-1.347475940662449911e+00
-1.376575197438073550e+00
-1.383086178231464292e+00
-1.489218896089300026e+00
-1.507716152559815725e+00
-1.511040417591531071e+00
-1.350597933226975078e+00
-1.347290468837417654e+00
-1.353600889776009453e+00
-1.353600889776009453e+00
-1.596422677777805887e+00
-1.586062565638974853e+00
-1.604460498150238390e+00
-1.516487500743077144e+00
-1.515521401251674227e+00
-1.477328793555614528e+00
-1.511819078063667554e+00
-1.511819078063667554e+00
-1.510485270572024419e+00
-1.486503273079757825e+00
-1.486004618386424170e+00
-1.484254394332015226e+00
-1.481834466103401082e+00
-1.499455821750185658e+00
-1.501554756037276617e+00
-1.452358762042295526e+00
-1.436183882787084531e+00
-1.437547498324473372e+00
-1.424299764168050819e+00
-1.433313306392159259e+00
-1.301077251769144238e+00
-1.386192956900589968e+00
-1.394306914572738698e+00
-1.405943446241355366e+00
-1.414589873452098967e+00
-1.429416099832420128e+00
-1.346613026073179009e+00
-1.349184435252763770e+00
-1.398952802524450423e+00
-1.392339748738643745e+00
-1.524992068924765798e+00
-1.485861547887806111e+00
-1.491040301931684464e+00
-1.436945233955517987e+00
-1.515340309219263215e+00
-1.517991475127547840e+00
-1.489789808153429096e+00
-1.484832727615573500e+00
-1.469343423658954872e+00
-1.471500730136885426e+00
-1.471696300556222248e+00
-1.478070516637561838e+00
-1.478905984427072662e+00
-1.489957387549388557e+00
-1.423877063894454453e+00
-1.425389097817800987e+00
-1.365104019974334060e+00
-1.396876787013958676e+00
-1.409998494518149403e+00
-1.382088859361859212e+00
-1.378820782813162227e+00
-1.375220060169999758e+00
-1.386051614392799447e+00
-1.485169908563948482e+00
-1.490876628534617998e+00
-1.494450151129866233e+00
-1.477284433115442885e+00
-1.332605294898700610e+00
-1.341444199850685637e+00
-1.382944805130361887e+00
-1.382843348796817917e+00
-1.338927676965927738e+00
-1.347132989928055302e+00
-1.397714763926513726e+00
-1.385749476138926850e+00
-1.387213265473906443e+00
-1.376550129151326018e+00
-1.373164589556604032e+00
-1.521819210393974275e+00
-1.420204086181715120e+00
-1.447050672631194024e+00
-1.420190894936312009e+00
-1.425921343833855381e+00
-1.394499609810904595e+00
-1.339902152951839120e+00
-1.335176722924089843e+00
-1.403086207874082669e+00
-1.463588162093225842e+00
-1.458489387607212917e+00
-1.448909670617706702e+00
-1.469558476853082940e+00
-1.466209297832997249e+00
-1.356513423378142846e+00
-1.364985406049146643e+00
-1.298269558607407115e+00
-1.304314174365297951e+00
-1.302802616498510480e+00
-1.312357167306554606e+00
-1.310533516425969047e+00
-1.316774346923724748e+00
-1.314953431255561300e+00
-1.315471355791383523e+00
-1.419439653312122074e+00
-1.424657048008495464e+00
-1.420697528368109586e+00
-1.425518837777181913e+00
-1.412220571600007801e+00
-1.410522155869190719e+00
-1.410522155869190719e+00
-1.425762088219105994e+00
-1.457999421885876723e+00
-1.455708978243027252e+00
-1.452482500803069287e+00
-1.444347958478069405e+00
-1.440064600159322472e+00
-1.442123749683512424e+00
-1.419879783470358037e+00
-1.427257214999875901e+00
-1.436347610310093170e+00
-1.431382906683381639e+00
-1.445139302601136544e+00
-1.451002498219266856e+00
-1.450315468285258591e+00
-1.359341354545430036e+00
-1.343743497079853411e+00
-1.598934060138781144e+00
-1.301425612427967060e+00
-1.302365065222464091e+00
-1.301149978363869808e+00
-1.305917385858853308e+00
-1.310710854867586983e+00
-1.394552058081510060e+00
-1.393767080028698757e+00
-1.386210938743609900e+00
-1.387631916337562332e+00
-1.383183193852883797e+00
-1.376799886763290459e+00
-1.383665638937342512e+00
-1.384616016236824620e+00
-1.384882643059157648e+00
-1.366508303693279691e+00
-1.519839484074938518e+00
-1.522926608674442406e+00
-1.407861794187384108e+00
-1.397886848155143413e+00
-1.371650638444524173e+00
-1.414150198616955789e+00
-1.414624480136751350e+00
-1.404088459689660340e+00
-1.394032118842898571e+00
-1.396417088588263633e+00
-1.399402168805782720e+00
-1.269131963914297057e+00
-1.269470751589847568e+00
-1.276797133526229810e+00
-1.277432326474463808e+00
-1.287688237227350152e+00
-1.242424785864397974e+00
-1.271057296442175133e+00
-1.254101985536288932e+00
-1.250182521760775378e+00
-1.259635233659466280e+00
-1.359078196778249037e+00
-1.356777360328208504e+00
-1.361360482043320941e+00
-1.351020843867247745e+00
-1.354291404876326599e+00
-1.354291404876326599e+00
-1.358737504966048837e+00
-1.332241640807156458e+00
-1.336985257371866354e+00
-1.337576224202438047e+00
-1.326062047061385751e+00
-1.328588963788817967e+00
-1.282377402849898873e+00
-1.342253382134490192e+00
-1.348495885441590270e+00
-1.347545765626634529e+00
-1.462676470327076039e+00
-1.448061733318183553e+00
-1.449210792123381442e+00
-1.460210080113361286e+00
-1.458859408766255639e+00
-1.452421639771426909e+00
-1.475898743541012470e+00
-1.496725345123152362e+00
-1.476427496100279013e+00
-1.476509271672791002e+00
-1.474612410550652175e+00
-1.465340300062457413e+00
-1.260506467480161819e+00
-1.324766699486189747e+00
-1.330083192629397004e+00
-1.305629706319629824e+00
-1.317300627655258349e+00
-1.461176826620115277e+00
-1.479603361196833777e+00
-1.493585875342027469e+00
-1.515764501130732356e+00
-1.519329765430287749e+00
-1.514048272362433556e+00
-1.518995236218759981e+00
-1.518995236218759981e+00
-1.530013491404607961e+00
-1.560880408177033996e+00
-1.531915972393065095e+00
-1.469626829981646843e+00
-1.226677571512256870e+00
-1.220000729388770244e+00
-1.431363922482581819e+00
-1.426029407622354972e+00
-1.427932335796806118e+00
-1.432761312346650495e+00
-1.417715034003559360e+00
-1.409551160779985768e+00
-1.305249925191383609e+00
-1.510955371041528883e+00
-1.469808352535437068e+00
-1.474196308744527784e+00
-1.474304478348318126e+00
-1.403362708488545163e+00
-1.401060550512669423e+00
-1.392918571396556393e+00
-1.388901865454354123e+00
-1.379487990938603970e+00
-1.366101276013785615e+00
-1.363145579271328733e+00
-1.363145579271328733e+00
-1.403722076586818801e+00
-1.416853492813736848e+00
-1.478454564330023091e+00
-1.475944813651001830e+00
-1.484716772493768433e+00
-1.488390985675428047e+00
-1.492597953326476157e+00
-1.547247181372737312e+00
-1.536050904098608116e+00
-1.573371845935615410e+00
-1.569386032871337155e+00
-1.394320002250472035e+00
-1.388495034979094989e+00
-1.382969744642148058e+00
-1.426686285722037040e+00
-1.418053579830075961e+00
-1.433255558064198354e+00
-1.413867032826046533e+00
-1.404408350197867472e+00
-1.405813160686917751e+00
-1.405813160686917751e+00
-1.437019779652136009e+00
-1.443645615587105357e+00
-1.445994088340152972e+00
-1.452567801382674384e+00
-1.435456441162657804e+00
-1.376526598583134975e+00
-1.390963882640874560e+00
-1.558966849949540823e+00
-1.557342578041269299e+00
-1.560993818899885976e+00
-1.552569740357844008e+00
-1.556883784620000544e+00
-1.367372462034943892e+00
-1.378914182381204112e+00
-1.374435441058082796e+00
-1.364973549722906077e+00
-1.287545564253089525e+00
-1.338493869846278939e+00
-1.339247589921482628e+00
-1.336034393817000954e+00
-1.473848457448481364e+00
-1.473848457448481364e+00
-1.476951823232989014e+00
-1.457420949110739716e+00
-1.457420949110739716e+00
-1.460199528685548032e+00
-1.464302659325013467e+00
-1.460629453691735247e+00
-1.450285360889925546e+00
-1.456441819234089774e+00
-1.462651964970824725e+00
-1.474535871311542623e+00
-1.430734195866925296e+00
-1.432240674312058593e+00
-1.445130984626791681e+00
-1.451941054275167842e+00
-1.398031209986047463e+00
-1.444014645767635718e+00
-1.431467662830968157e+00
-1.439565225043126118e+00
-1.439565225043126118e+00
-1.431044034867556825e+00
-1.431044034867556825e+00
-1.431044034867556825e+00
-1.443414891705869563e+00
-1.459524630201599393e+00
-1.456910272785143290e+00
-1.453954196681973787e+00
-1.442835642061669921e+00
-1.545460726331127965e+00
-1.548944749759727735e+00
-1.545576437427290672e+00
-1.382885353807854267e+00
-1.379088371095090970e+00
-1.379924299941395427e+00
-1.401137036063989649e+00
-1.389546797680380585e+00
-1.488474082976276813e+00
-1.501841247684194691e+00
-1.505246233523183541e+00
-1.498992877462761664e+00
-1.489344731263805288e+00
-1.489257342869727552e+00
-1.485028580622652861e+00
-1.485028580622652861e+00
-1.483862475886264187e+00
-1.487818075516086136e+00
-1.467619619683983911e+00
-1.454153348307684945e+00
-1.452247064945340060e+00
-1.450110246151967930e+00
-1.449923273368905585e+00
-1.454175629695246386e+00
-1.458247841037143999e+00
-1.458148478221954925e+00
-1.532103724846194837e+00
-1.535146151480947685e+00
-1.528757546756982499e+00
-1.249481635260786927e+00
-1.245105748924342892e+00
-1.436786887077785346e+00
-1.417958320219260715e+00
-1.480311845335584353e+00
-1.480974900152238538e+00
-1.487579676431248110e+00
-1.507565127019569795e+00
-1.437691778177960344e+00
-1.533486894457192662e+00
-1.443541352568974423e+00
-1.416859855142965863e+00
-1.427234737892685734e+00
-1.457459017169081772e+00
-1.446941249611679581e+00
-1.632040922194239130e+00
-1.352849446889205387e+00
-1.323645711223860211e+00
-1.322744462073049743e+00
-1.313936753728131679e+00
-1.307217124743032866e+00
-1.290853699156388590e+00
-1.311864244842309679e+00
-1.271080318022929312e+00
-1.265775126000365125e+00
-1.256813743924183324e+00
-1.464738436495168106e+00
-1.430551687892139823e+00
-1.289444329277480206e+00
-1.286103435503607173e+00
-1.301768382677242375e+00
-1.262380810635690631e+00
-1.256401459595136716e+00
-1.213760007375443317e+00
-1.201033576620574195e+00
-1.194869400217213773e+00
-1.202150842644063466e+00
-1.184154006718725061e+00
-1.169965497751917383e+00
-1.172712853626475704e+00
-1.157246428092155277e+00
-1.160434988582538685e+00
-1.165344611357330251e+00
-1.190355194089898649e+00
-1.157531881885138780e+00
-1.203438943191725174e+00
-1.198004377968284517e+00
-1.360675259600323761e+00
-1.364576074395763783e+00
-1.397781951483415774e+00
-1.372155415024068681e+00
-1.396085090915079041e+00
-1.247549062474651249e+00
-1.255847771167202254e+00
-1.443632601410940630e+00
-1.439504302446457107e+00
-1.436828658463874309e+00
-1.444832878051791614e+00
-1.446824606134667457e+00
-1.317603638121666476e+00
-1.318611243290597645e+00
-1.320619238321790734e+00
-1.324328048433085936e+00
-1.322909144119172709e+00
-1.328758195544170295e+00
-1.333093517008274720e+00
-1.342039494388617582e+00
-1.340180183389565460e+00
-1.337971181896432826e+00
-1.317951445722264525e+00
-1.358919982234771062e+00
-1.361849624322334362e+00
-1.355106736038903081e+00
-1.265537501834447021e+00
-1.365042625041939850e+00
-1.365005803063778389e+00
-1.406624265286585018e+00
-1.411277688142511533e+00
-1.415463327766302903e+00
-1.414714798764007631e+00
-1.400107782500702447e+00
-1.385739710359232824e+00
-1.383665536844920219e+00
-1.375455902496131255e+00
-1.373091668078998850e+00
-1.381978680935747938e+00
-1.411993520615876463e+00
-1.388802866948259496e+00
-1.372339735502992930e+00
-1.372339735502992930e+00
-1.371921879719233628e+00
-1.391022289036287996e+00
-1.403116682184072816e+00
-1.391373216894324916e+00
-1.414564582854891395e+00
-1.397260734408865002e+00
-1.388056865576740906e+00
-1.395132272742309665e+00
-1.386866908671504417e+00
-1.331941296425507959e+00
-1.332010414203825821e+00
-1.446151528908769635e+00
-1.400188664381162518e+00
-1.413073596290763456e+00
-1.478433214545667340e+00
-1.486101613747404793e+00
-1.479095008360539865e+00
-1.397102653149214335e+00
-1.414548100744768000e+00
-1.263713814638594002e+00
-1.259877232091313415e+00
-1.264850004899242597e+00
-1.455016578500863744e+00
-1.469134838073967053e+00
-1.477407022878209242e+00
-1.463525397901197511e+00
-1.464702249024867342e+00
-1.473430318620086998e+00
-1.467760347096450202e+00
-1.456639040574124522e+00
-1.242060822690795874e+00
-1.242060822690795874e+00
-1.258554547134953960e+00
-1.259370971895017677e+00
-1.254275699064757887e+00
-1.239325659101690125e+00
-1.258058809585193227e+00
-1.201785618009273415e+00
-1.188116599861659184e+00
-1.211316715490954987e+00
-1.209126542379606484e+00
-1.197635922881144399e+00
-1.197635922881144399e+00
-1.191240245543664811e+00
-1.267102942556001421e+00
-1.275428407540335707e+00
-1.098886563238686387e+00
-1.284493512216084099e+00
-1.295114104083481710e+00
-1.300197703417202755e+00
-1.277754704511161687e+00
-1.280573977765470994e+00
-1.277741872514443600e+00
-1.334594836556967312e+00
-1.334594836556967312e+00
-1.295909045487410260e+00
-1.336597451362390832e+00
-1.311056951317338903e+00
-1.238913809243575415e+00
-1.306717891324380210e+00
-1.295477156320564927e+00
-1.295578073251184348e+00
-1.301862660925040549e+00
-1.219240455943572332e+00
-1.218307288935508659e+00
-1.224514061166295686e+00
-1.465197720145764659e+00
-1.469347730646006323e+00
-1.372391317911690223e+00
-1.367282983238506500e+00
-1.466058384981850482e+00
-1.458635196075304563e+00
-1.454519195436225543e+00
-1.369731547494632107e+00
-1.375991063327533848e+00
-1.282574731611956675e+00
-1.289946587472361905e+00
-1.294670980102693436e+00
-1.301862149430127680e+00
-1.301114595813509967e+00
-1.335440047801500718e+00
-1.364701274172983370e+00
-1.316665210225663962e+00
-1.318611579499596731e+00
-1.295191435445536277e+00
-1.375378727486613384e+00
-1.329432499975614190e+00
-1.338642487633778577e+00
-1.347871731405460460e+00
-1.344950657469783151e+00
-1.247710878480659424e+00
-1.255376489234973247e+00
-1.406019090203881827e+00
-1.403524871243809091e+00
-1.291634877053100983e+00
-1.301107155530100368e+00
-1.312814819198272698e+00
-1.309439162582490379e+00
-1.306050624708262164e+00
-1.310589658259671664e+00
-1.304862217667764890e+00
-1.331705296510448555e+00
-1.328668003553919563e+00
-1.341877240664249626e+00
-1.340373428725251559e+00
-1.344127854777711351e+00
-1.428950290778778776e+00
-1.442917516807289635e+00
-1.416879103539631979e+00
-1.346418384714652250e+00
-1.339455686319636962e+00
-1.400805849518194757e+00
-1.405521381675369108e+00
-1.452631911126728070e+00
-1.331739133791066898e+00
-1.392422471244823434e+00
-1.383986892110645073e+00
-1.377736611114230403e+00
-1.303866296961937454e+00
-1.304601645581985325e+00
-1.421605812140394498e+00
-1.295782095588739580e+00
-1.292703017421489076e+00
-1.304883651280086543e+00
-1.312882273668251054e+00
-1.316277008517041658e+00
-1.305686759116251094e+00
-1.399227929231352308e+00
-1.393347687802679813e+00
-1.393263022552512220e+00
-1.454250848810443975e+00
-1.461486406967347884e+00
-1.459095249600200761e+00
-1.263845949759687892e+00
-1.247499976249369036e+00
-1.260821485337662473e+00
-1.251636800093421931e+00
-1.251830397841180220e+00
-1.258988501953082872e+00
-1.270824936287031193e+00
-1.267482906078066573e+00
-1.261779618218342280e+00
-1.284749744022289475e+00
-1.280721859216079395e+00
-1.273776046135071338e+00
-1.238027721919290558e+00
-1.237681522680055046e+00
-1.247237602398948875e+00
-1.371299831453332230e+00
-1.333892869610584730e+00
-1.381741711811723894e+00
-1.386105378022532530e+00
-1.391305504138236282e+00
-1.387813370469273222e+00
-1.383060445787463566e+00
-1.380702280274195060e+00
-1.382052421843314338e+00
-1.372683209547653549e+00
-1.434163016667333146e+00
-1.452405922194065502e+00
-1.346708998174477978e+00
-1.350486969842359386e+00
-1.405657273737223711e+00
-1.414871021144016749e+00
-1.401120008767446690e+00
-1.218318074570389209e+00
-1.224529995137818794e+00
-1.226756878957028674e+00
-1.359844868200799528e+00
-1.359279289544550462e+00
-1.366268459465833862e+00
-1.354684846265076015e+00
-1.348925367318466018e+00
-1.444236262416475292e+00
-1.438038201443599506e+00
-1.441513163110327511e+00
-1.195677232702005988e+00
-1.184151208271879252e+00
-1.165432218109204277e+00
-1.184078551360979503e+00
-1.189151513735274168e+00
-1.357906289038924408e+00
-1.360413446341572463e+00
-1.244375917864523062e+00
-1.254286684134427787e+00
-1.241315501953010658e+00
-1.265978469121904482e+00
-1.281791230568910755e+00
-1.279294179198134040e+00
-1.302801782860195878e+00
-1.309475444910471964e+00
-1.310901335523126043e+00
-1.316531837977270358e+00
-1.431963818087982787e+00
-1.401897851127928973e+00
-1.536812837006360954e+00
-1.518335202382346205e+00
-1.525428554175286111e+00
-1.527984761789380919e+00
-1.527984761789380919e+00
-1.539585472731905602e+00
-1.536152739083834318e+00
-1.536152739083834318e+00
-1.545984366304818058e+00
-1.554368738752438528e+00
-1.548888947403467498e+00
-1.555055932113288630e+00
-1.495668477780283334e+00
-1.482495048963512030e+00
-1.323030968645051875e+00
-1.341663709989951547e+00
-1.343152118681609775e+00
-1.329288764156472347e+00
-1.336641326106199346e+00
-1.329175980590255213e+00
-1.342933628447349204e+00
-1.360869399756944320e+00
-1.379877773338179958e+00
-1.385115382575274889e+00
-1.389335675697145112e+00
-1.395282729259117893e+00
-1.377528065207382912e+00
-1.342059506123443935e+00
-1.456740786539215016e+00
-1.440980898393683596e+00
-1.440945113323785831e+00
-1.562862105891201336e+00
-1.434396504971078956e+00
-1.419750560107924331e+00
-1.315524909334865544e+00
-1.316754214966016301e+00
-1.470843953165379192e+00
-1.475770803830344757e+00
-1.479577686605237696e+00
-1.539052844783898477e+00
-1.534679239020338093e+00
-1.380556990682751062e+00
-1.389999785263017040e+00
-1.394415438842278254e+00
-1.383057379339972970e+00
-1.333116579285539727e+00
-1.341826352664092559e+00
-1.303759165051930013e+00
-1.300005143621649983e+00
-1.298126324585740399e+00
-1.281787237557204140e+00
-1.262674313026381112e+00
-1.293678726207138308e+00
-1.281833720126485110e+00
-1.284142131387643104e+00
-1.294613758546113935e+00
-1.294613758546113935e+00
-1.290865785890318307e+00
-1.309536208525989842e+00
-1.309388661711036628e+00
-1.319438397146075914e+00
-1.312223290927315267e+00
-1.293380309711801068e+00
-1.300354388295839492e+00
-1.299061827447645534e+00
-1.204775331122221571e+00
-1.447002616276087394e+00
-1.455706272339909457e+00
-1.466948912664422400e+00
-1.465826677121560229e+00
-1.456005117178281294e+00
-1.454789117332364379e+00
-1.453624411922862292e+00
-1.445378173164322044e+00
-1.316694601176627177e+00
-1.315972136596491815e+00
-1.314945237519268728e+00
-1.301570984852521429e+00
-1.306805733901011068e+00
-1.309578653964603046e+00
-1.304413167240804805e+00
-1.381148212101996453e+00
-1.383606593489530523e+00
-1.393047171502133530e+00
-1.339899962283704227e+00
-1.338062055051920884e+00
-1.334094007778578339e+00
-1.336955280174064509e+00
-1.347975206369794510e+00
-1.352357557792982945e+00
-1.355430103480727233e+00
-1.313478072542218822e+00
-1.393813140143127516e+00
-1.385942348307483751e+00
-1.387211919078979561e+00
-1.378686686311624499e+00
-1.361344931238992473e+00
-1.358578111667553490e+00
-1.356879664576726485e+00
-1.373678788724111088e+00
-1.372646051989761640e+00
-1.388650750172108372e+00
-1.420048735769388726e+00
-1.417286793214214136e+00
-1.379495588512218651e+00
-1.366893438072511513e+00
-1.360718113489342684e+00
-1.361761375647293493e+00
-1.357027690133465692e+00
-1.302191015525048678e+00
-1.320617554869062626e+00
-1.366712230926791394e+00
-1.359756905732374177e+00
-1.358699331677501565e+00
-1.356923174607133076e+00
-1.360947778714988621e+00
-1.366288315872194348e+00
-1.397542899128403349e+00
-1.399892655662211327e+00
-1.399892655662211327e+00
-1.520725742686915183e+00
-1.520725742686915183e+00
-1.275682035210691012e+00
-1.236170674379369894e+00
-1.189916330164892511e+00
-1.189916330164892511e+00
-1.189916330164892511e+00
-1.189916330164892511e+00
-1.158994814999294132e+00
-1.194244975436714817e+00
-1.247135947370925813e+00
-1.228458409061228052e+00
-1.228458409061228052e+00
-1.429928557198421490e+00
-1.344363851550277822e+00
-1.344363851550277822e+00
-1.344363851550277822e+00
-1.344363851550277822e+00
-1.331016730691664041e+00
-1.331016730691664041e+00
-1.384907862233759168e+00
-1.384907862233759168e+00
-1.384907862233759168e+00
-1.300855652163408260e+00
-1.341964557260523661e+00
-1.335830298797263893e+00
-1.347593567652335178e+00
-1.460295118862569019e+00
-1.450291131297200442e+00
-1.465764829315349349e+00
-1.456650648117363778e+00
-1.456650648117363778e+00
-1.325720817479040248e+00
-1.325720817479040248e+00
-1.325720817479040248e+00
-1.454979660748631387e+00
-1.430219277021071544e+00
-1.457462426749069229e+00
-1.457462426749069229e+00
-1.395330774654833794e+00
-1.395330774654833794e+00
-1.395330774654833794e+00
-1.380577698272088538e+00
-1.427466614633780440e+00
-1.382360878279802474e+00
-1.339326122605214664e+00
-1.239369087335226771e+00
-1.239369087335226771e+00
-1.239369087335226771e+00
-1.352974469065820973e+00
-1.352974469065820973e+00
-1.301935707131649744e+00
-1.201420117240506347e+00
-1.201420117240506347e+00
-1.201420117240506347e+00
-1.201420117240506347e+00
-1.311384710892501637e+00
-1.322356250272492151e+00
-1.288621006882398445e+00
-1.314939416141899242e+00
-1.251675571487584904e+00
-1.335500611952582739e+00
-1.526620990568764880e+00
-1.526620990568764880e+00
-1.428179390293775386e+00
-1.441475411484637092e+00
-1.323332213164956750e+00
-1.288245195324110304e+00
-1.428671704968205614e+00
-1.414423386457827947e+00
-1.456877362492670303e+00
-1.456877362492670303e+00
-1.408927378525087315e+00
-1.522846462929345446e+00
-1.540906732188323636e+00
-1.513734075244352217e+00
-1.492773121689487947e+00
-1.390545959658011421e+00
-1.380099076503025213e+00
-1.380099076503025213e+00
-1.369067638360815131e+00
-1.382751171787420352e+00
-1.385435663630843361e+00
-1.343209675510751877e+00
-1.343209675510751877e+00
-1.343209675510751877e+00
-1.363372864618162650e+00
-1.363372864618162650e+00
-1.363372864618162650e+00
-1.353862873703223002e+00
-1.374612328734602373e+00
-1.339824120277690156e+00
-1.464128525050891527e+00
-1.464128525050891527e+00
-1.399073525580265542e+00
-1.295570012454251074e+00
-1.466046906576778053e+00
-1.505504672113358700e+00
-1.520966694662018392e+00
-1.531925177929772230e+00
-1.480340756857549733e+00
-1.595165550839280577e+00
-1.457401823485494186e+00
-1.510654137208188752e+00
-1.482010941947263349e+00
-1.558075715977867759e+00
-1.452153980934683508e+00
-1.678040505435400620e+00
-1.678040505435400620e+00
-1.678040505435400620e+00
-1.656620242984819580e+00
-1.564162219753065131e+00
-1.448939528235396956e+00
-1.448939528235396956e+00
-1.448939528235396956e+00
-1.558055168268687174e+00
-1.558055168268687174e+00
-1.541154371526927136e+00
-1.666616662579844199e+00
-1.578423441384486203e+00
-1.493838147271459915e+00
-1.493838147271459915e+00
-1.452443608619029325e+00
-1.489778025454999710e+00
-1.487856772040205389e+00
-1.756928397464427638e+00
-1.754323431907488517e+00
-1.637741802312754125e+00
-1.640282038203041859e+00
-1.359476232126923145e+00
-1.346672237791494364e+00
-1.286492448377572151e+00
-1.286492448377572151e+00
-1.316525986572235185e+00
-1.450127275396293047e+00
-1.433959453718026467e+00
-1.433959453718026467e+00
-1.760174780281803297e+00
-1.760174780281803297e+00
-1.475424059351335693e+00
-1.387614836913334759e+00
-1.316867866375039497e+00
-1.315108250815888669e+00
-1.315108250815888669e+00
-1.363725843112904901e+00
-1.381651787305815837e+00
-1.381651787305815837e+00
-1.416309702951773497e+00
-1.416309702951773497e+00
-1.433996469314286815e+00
-1.442476046931120859e+00
-1.450302983872653106e+00
-1.403911446384894512e+00
-1.407670616913831330e+00
-1.407670616913831330e+00
-1.407670616913831330e+00
-1.407670616913831330e+00
-1.400282285562655993e+00
-1.400282285562655993e+00
-1.368597011280232589e+00
-1.366588289645483956e+00
-1.371102757848776665e+00
-1.432789310945805639e+00
-1.464141158183106972e+00
-1.464141158183106972e+00
-1.426919459297135928e+00
-1.309900983655111650e+00
-1.309333341996422595e+00
-1.402546685977960728e+00
-1.355788873370088021e+00
-1.243364000462705787e+00
-1.325954610048904803e+00
-1.643074488623224916e+00
-1.609756969762849987e+00
-1.515238187967775652e+00
-1.502889743337205042e+00
-1.521143018891301546e+00
-1.534796183606649711e+00
-1.534796183606649711e+00
-1.528570568761074888e+00
-1.385691458506399298e+00
-1.381317018693809295e+00
-1.526197536484011907e+00
-1.505344302490127184e+00
-1.477781492114558226e+00
-1.389273890527739086e+00
-1.389273890527739086e+00
-1.389273890527739086e+00
-1.371337341617249184e+00
-1.371337341617249184e+00
-1.399713021149424863e+00
-1.377144887250604022e+00
-1.532839620844007378e+00
-1.539544264541266250e+00
-1.518067010821298135e+00
-1.575480754956164242e+00
-1.546392469746142195e+00
-1.427663732347241199e+00
-1.430583283856160515e+00
-1.438864792089587175e+00
-1.437723131406389188e+00
-1.374589621438339071e+00
-1.418540251935313856e+00
-1.387884470870126785e+00
-1.421606176715280334e+00
-1.418586496774232319e+00
-1.418586496774232319e+00
-1.445422421615212727e+00
-1.387986273653073255e+00
-1.387986273653073255e+00
-1.387986273653073255e+00
-1.387986273653073255e+00
-1.387986273653073255e+00
-1.309972515179051999e+00
-1.497921579459449815e+00
-1.379594781529931868e+00
-1.278272495185147184e+00
-1.278272495185147184e+00
-1.321925854476464934e+00
-1.322456831651034781e+00
-1.322456831651034781e+00
-1.368852639451102471e+00
-1.368852639451102471e+00
-1.375668693550564425e+00
-1.385169244805025235e+00
-1.189056594539292355e+00
-1.267361178947468803e+00
-1.267361178947468803e+00
-1.350111603699938323e+00
-1.372549389713144663e+00
-1.372549389713144663e+00
-1.338550134569631345e+00
-1.215186396175268024e+00
-1.215186396175268024e+00
-1.215186396175268024e+00
-1.215186396175268024e+00
-1.219571057023146610e+00
-1.263753674286187012e+00
-1.244535092861873249e+00
-1.244535092861873249e+00
-1.259555629735712001e+00
-1.230940216523918940e+00
-1.416346869734673497e+00
-1.495025932833436544e+00
-1.494802947914711577e+00
-1.494214581316240409e+00
-1.430075558912324407e+00
-1.473676162129399447e+00
-1.429683268891162262e+00
-1.434438362883173612e+00
-1.434438362883173612e+00
-1.429644689274828684e+00
-1.466837157829445237e+00
-1.466384876414379645e+00
-1.466384876414379645e+00
-1.345670577228066822e+00
-1.326777556702566141e+00
-1.339923015473500900e+00
-1.552953629255710899e+00
-1.552953629255710899e+00
-1.595495003876382656e+00
-1.517553420314937229e+00
-1.532279498374863769e+00
-1.553361436750922753e+00
-1.537688724456870215e+00
-1.537688724456870215e+00
-1.546694837867893302e+00
-1.546694837867893302e+00
-1.540752122581098948e+00
-1.592298927939230779e+00
-1.505159980222264826e+00
-1.521343755918360907e+00
-1.551697438577255950e+00
-1.420540784608065987e+00
-1.512156019286266639e+00
-1.507394249029964994e+00
-1.493056120990874591e+00
-1.529702771715289567e+00
-1.498362518942089938e+00
-1.621207909269471115e+00
-1.561587871166454589e+00
-1.385081479877328325e+00
-1.507798606400350572e+00
-1.507798606400350572e+00
-1.492586966813650884e+00
-1.492586966813650884e+00
-1.545327509339957439e+00
-1.566807945121491352e+00
-1.566807945121491352e+00
-1.584654018385421193e+00
-1.531491055591596373e+00
-1.531491055591596373e+00
-1.531491055591596373e+00
-1.531394200069642553e+00
-1.587623944766793249e+00
-1.587623944766793249e+00
-1.587623944766793249e+00
-1.443698168136687832e+00
-1.443698168136687832e+00
-1.521008563879677977e+00
-1.449790314935119673e+00
-1.345779477336829011e+00
-1.344002788068215937e+00
-1.505744909629395112e+00
-1.511541276544700496e+00
-1.415339536449481406e+00
-1.355677098743609532e+00
-1.447430390565628500e+00
-1.486907198591673529e+00
-1.486907198591673529e+00
-1.462407220300668387e+00
-1.485671440591387560e+00
-1.459039474160687355e+00
-1.413239854849956290e+00
-1.468799524821547742e+00
-1.468799524821547742e+00
-1.592760704340422384e+00
-1.636048541773285736e+00
-1.644162696624663633e+00
-1.546187814137615968e+00
-1.562865428752957087e+00
-1.554177572126633766e+00
-1.454785213863147186e+00
-1.470654725720752065e+00
-1.446993575546743127e+00
-1.401185220489350236e+00
-1.614944278359037533e+00
-1.495621451307525218e+00
-1.566610684525412189e+00
-1.580214478397023559e+00
-1.567179379887426505e+00
-1.638556637553582052e+00
-1.521124779706101826e+00
-1.565068066413053627e+00
-1.504770876554017311e+00
-1.504770876554017311e+00
-1.314629995446085164e+00
-1.451864748821726447e+00
-1.374933445162845658e+00
-1.379749433546496373e+00
-1.431621402201217030e+00
-1.385440142873543223e+00
-1.385440142873543223e+00
-1.385440142873543223e+00
-1.419197253320157781e+00
-1.550665972093589584e+00
-1.550665972093589584e+00
-1.541100907232295203e+00
-1.592516972273269271e+00
-1.592516972273269271e+00
-1.592516972273269271e+00
-1.575174943891805679e+00
-1.575174943891805679e+00
-1.477781407245478684e+00
-1.451473496519407824e+00
-1.459274428859364425e+00
-1.561991020282795795e+00
-1.394305088822699323e+00
-1.404599215847717630e+00
-1.447393085485926489e+00
-1.441320560555812147e+00
-1.403190656556519089e+00
-1.436651277087478196e+00
-1.436651277087478196e+00
-1.495812092344711575e+00
-1.461923336815010854e+00
-1.476158310172929200e+00
-1.388046260812952681e+00
-1.398177838501223569e+00
-1.398177838501223569e+00
-1.411588246555612880e+00
-1.402411500911579179e+00
-1.382016636528384135e+00
-1.382016636528384135e+00
-1.382016636528384135e+00
-1.348087644590602485e+00
-1.490465158674688873e+00
-1.490465158674688873e+00
-1.394888345401581464e+00
-1.437866346084675229e+00
-1.455760833523414455e+00
-1.444717664466135920e+00
-1.444717664466135920e+00
-1.481412278778875713e+00
-1.490707570700475326e+00
-1.490707570700475326e+00
-1.490707570700475326e+00
-1.525673829018485250e+00
-1.542980441343255071e+00
-1.532960599173710081e+00
-1.588666526347388253e+00
-1.541199949391793833e+00
-1.499248136440078927e+00
-1.448576789892307648e+00
-1.445715003254540720e+00
-1.534518186816353547e+00
-1.337708395351892232e+00
-1.326433657970002233e+00
-1.372685991964190055e+00
-1.360691446411570915e+00
-1.387600716019285363e+00
-1.387600716019285363e+00
-1.394693275440917590e+00
-1.394693275440917590e+00
-1.353319903291835935e+00
-1.423033306410343979e+00
-1.423033306410343979e+00
-1.506486657132436013e+00
-1.506486657132436013e+00
-1.553199076626254449e+00
-1.553199076626254449e+00
-1.541438202286711467e+00
-1.510796038840729327e+00
-1.525261472140520880e+00
-1.464598391281132450e+00
-1.464598391281132450e+00
-1.548392209280607723e+00
-1.524941682166752299e+00
-1.529141215076669003e+00
-1.529141215076669003e+00
-1.422536376031079852e+00
-1.553299820396541131e+00
-1.526725968386309473e+00
-1.425990090514163811e+00
-1.453373671241604548e+00
-1.477195919990040629e+00
-1.448117885293511486e+00
-1.448117885293511486e+00
-1.499138573431298305e+00
-1.499138573431298305e+00
-1.499138573431298305e+00
-1.499138573431298305e+00
-1.499138573431298305e+00
-1.430207828074560261e+00
-1.458157059038336589e+00
-1.458157059038336589e+00
-1.561660584647020844e+00
-1.546237080197332414e+00
-1.469166521020978777e+00
-1.469166521020978777e+00
-1.469166521020978777e+00
-1.389497298873652475e+00
-1.526544492529163577e+00
-1.550900885162073584e+00
-1.517383139830278393e+00
-1.423240584403261400e+00
-1.369658627598905332e+00
-1.369658627598905332e+00
-1.441696609379207628e+00
-1.491975018298323574e+00
-1.494977400659977196e+00
-1.494977400659977196e+00
-1.416994896738926757e+00
-1.393096141433476598e+00
-1.293128244273899163e+00
-1.352773189527384012e+00
-1.352773189527384012e+00
-1.351084655960280045e+00
-1.391626302470758247e+00
-1.308416909109725745e+00
-1.377562310960228853e+00
-1.377562310960228853e+00
-1.377562310960228853e+00
-1.377562310960228853e+00
-1.365503556656841200e+00
-1.474183056228156596e+00
-1.474183056228156596e+00
-1.378086566813568892e+00
-1.378086566813568892e+00
-1.351934142211437040e+00
-1.351934142211437040e+00
-1.351934142211437040e+00
-1.351934142211437040e+00
-1.430792449024379076e+00
-1.430252481290962052e+00
-1.420437592573201124e+00
-1.457767738946188052e+00
-1.423674153628129879e+00
-1.423674153628129879e+00
-1.423674153628129879e+00
-1.365919724217296460e+00
-1.409043495929514389e+00
-1.409043495929514389e+00
-1.381757703014300231e+00
-1.474953901037062698e+00
-1.325603167609356259e+00
-1.394747525065473948e+00
-1.381003287762444742e+00
-1.357292643425585865e+00
-1.357292643425585865e+00
-1.357292643425585865e+00
-1.549191042281528707e+00
-1.574266515771216568e+00
-1.420729806778473936e+00
-1.402558963438969908e+00
-1.460522253769498402e+00
-1.527833341600778105e+00
-1.502857405607831653e+00
-1.513401406101069879e+00
-1.487447010711945516e+00
-1.565472440291792999e+00
-1.565472440291792999e+00
-1.590422466233933241e+00
-1.590422466233933241e+00
-1.590422466233933241e+00
-1.591658139190285981e+00
-1.591658139190285981e+00
-1.672528642574056645e+00
-1.548912955319751594e+00
-1.548912955319751594e+00
-1.548912955319751594e+00
-1.241918245334315829e+00
-1.309827902973333069e+00
-1.299899853446828901e+00
-1.299899853446828901e+00
-1.307792231563503105e+00
-1.333558674420308288e+00
-1.329889813999646453e+00
-1.429565137101302508e+00
-1.429565137101302508e+00
-1.444313314405789583e+00
-1.433275430949307427e+00
-1.484239000825087196e+00
-1.355979945085437954e+00
-1.499913450604286380e+00
-1.323405286079160970e+00
-1.309381253714837934e+00
-1.344476008074199536e+00
-1.284996024179352103e+00
-1.278495382831021265e+00
-1.424457583211093725e+00
-1.427409711250831936e+00
-1.427409711250831936e+00
-1.338264123634218761e+00
-1.343014929425722315e+00
-1.299047969414817150e+00
-1.307151845667151591e+00
-1.464069124934710864e+00
-1.554069361576019270e+00
-1.559349619366360962e+00
-1.552543678785763381e+00
-1.411745039242854327e+00
-1.349216002769722866e+00
-1.456133234262368292e+00
-1.488449026958395427e+00
-1.365480321889866788e+00
-1.414828560623515363e+00
-1.408322274425096055e+00
-1.415800452807528087e+00
-1.346143668923475145e+00
-1.348390599654887501e+00
-1.414859165872805136e+00
-1.472780071947087377e+00
-1.472780071947087377e+00
-1.432157226822414975e+00
-1.451068953762661096e+00
-1.427329552370414811e+00
-1.414510230325479512e+00
-1.414510230325479512e+00
-1.432279498049813249e+00
-1.432279498049813249e+00
-1.419266294093245229e+00
-1.419266294093245229e+00
-1.415283548112641787e+00
-1.428564803775094871e+00
-1.381442487841144429e+00
-1.381442487841144429e+00
-1.375231778128170879e+00
-1.356614423378597056e+00
-1.343338149977688634e+00
-1.397708861437241268e+00
-1.332368158433492988e+00
-1.328028305527718889e+00
-1.292441402787967375e+00
-1.284918193165786482e+00
-1.348117411396150489e+00
-1.348117411396150489e+00
-1.406401461700121258e+00
-1.406401461700121258e+00
-1.464583683597166841e+00
-1.454621787568530555e+00
-1.452868355768174302e+00
-1.462886479308763699e+00
-1.469208545997060966e+00
-1.458587673541948293e+00
-1.458587673541948293e+00
-1.455502682559128180e+00
-1.441772243196850933e+00
-1.447420356928697194e+00
-1.444927136981169813e+00
-1.405697373961691587e+00
-1.375093220907064318e+00
-1.381284492577423473e+00
-1.462471702858590961e+00
-1.509753102223452714e+00
-1.509753102223452714e+00
-1.372601251260757271e+00
-1.308002216775795201e+00
-1.308002216775795201e+00
-1.335232294828607946e+00
-1.335232294828607946e+00
-1.335232294828607946e+00
-1.297900894227463464e+00
-1.327410621674740332e+00
-1.327410621674740332e+00
-1.345837723401349217e+00
-1.375776252465186200e+00
-1.312684724359772126e+00
-1.354187082485925675e+00
-1.335075427403482839e+00
-1.225620593321510077e+00
-1.273039193149110071e+00
-1.244656718105549897e+00
-1.227595574096776776e+00
-1.189088758328334494e+00
-1.230280436285611456e+00
-1.226290587118909370e+00
-1.521974518536064913e+00
-1.544900148983631816e+00
-1.551695969738542846e+00
-1.570213302054553450e+00
-1.545410871556683885e+00
-1.422866992308060130e+00
-1.422866992308060130e+00
-1.432659569354861606e+00
-1.411420842596173175e+00
-1.332207448684893158e+00
-1.332207448684893158e+00
-1.383864640725269934e+00
-1.383864640725269934e+00
-1.398721015144066326e+00
-1.400220823076411270e+00
-1.400220823076411270e+00
-1.293479462188093176e+00
-1.293479462188093176e+00
-1.293479462188093176e+00
-1.293479462188093176e+00
-1.293479462188093176e+00
-1.389259735888842551e+00
-1.388496861284386652e+00
-1.408110158262762424e+00
-1.408110158262762424e+00
-1.408110158262762424e+00
-1.408110158262762424e+00
-1.473386773746518275e+00
-1.321155764541190214e+00
-1.187423435267019656e+00
-1.187423435267019656e+00
-1.187423435267019656e+00
-1.187423435267019656e+00
-1.171271365432585476e+00
-1.077478610115351509e+00
-1.205403000758094256e+00
-1.132777767262253210e+00
-1.390699443375569722e+00
-1.390699443375569722e+00
-1.455826825852714501e+00
-1.416952016213038235e+00
-1.312880936065980553e+00
-1.467210721424718312e+00
-1.463460648910534845e+00
-1.419264445276610109e+00
-1.458475318252000275e+00
-1.481269924369725599e+00
-1.434975248583068019e+00
-1.434975248583068019e+00
-1.434975248583068019e+00
-1.380216392361281130e+00
-1.380216392361281130e+00
-1.377551570668544167e+00
-1.393735528569012949e+00
-1.474647194884957990e+00
-1.474647194884957990e+00
-1.474647194884957990e+00
-1.474647194884957990e+00
-1.474647194884957990e+00
-1.416567651147867757e+00
-1.416567651147867757e+00
-1.391669767171705097e+00
-1.425357699440204851e+00
-1.425357699440204851e+00
-1.431335518542253826e+00
-1.494403010153515510e+00
-1.403857237568601812e+00
-1.403857237568601812e+00
-1.462023034427770041e+00
-1.497533116273297660e+00
-1.407094212635758401e+00
-1.369315745338679058e+00
-1.651274225592104239e+00
-1.648317611978336261e+00
-1.648317611978336261e+00
-1.486537045329707096e+00
-1.452520118945113792e+00
-1.551172266833202640e+00
-1.533877394787132697e+00
-1.533877394787132697e+00
-1.518098545778540087e+00
-1.463855447392185871e+00
-1.463855447392185871e+00
-1.495401757778917595e+00
-1.495401757778917595e+00
-1.501370078587700219e+00
-1.501370078587700219e+00
-1.501370078587700219e+00
-1.498041296313123771e+00
-1.462432831335309880e+00
-1.394290261823334598e+00
-1.637129164964860717e+00
-1.575085001117481509e+00
-1.398540591704172442e+00
-1.364994765239822216e+00
-1.358866327754019387e+00
-1.323148575320990838e+00
-1.323148575320990838e+00
-1.315882334105483942e+00
-1.259175355445746547e+00
-1.650199474924851639e+00
-1.650199474924851639e+00
-1.685363936000470853e+00
-1.496135580511455565e+00
-1.503012574589801309e+00
-1.503012574589801309e+00
-1.577717411491819544e+00
-1.568841578054019470e+00
-1.542273774488185367e+00
-1.542273774488185367e+00
-1.542273774488185367e+00
-1.542273774488185367e+00
-1.387999400442456066e+00
-1.422013912325664986e+00
-1.399372242308794423e+00
-1.430401191317496323e+00
-1.553866127302943934e+00
-1.517961237666380914e+00
-1.553972619207971251e+00
-1.557255759856634114e+00
-1.586489716047554621e+00
-1.674989852772261534e+00
-1.674989852772261534e+00
-1.670884014931370176e+00
-1.616712883351209662e+00
-1.584281946643644412e+00
-1.559671040712978796e+00
-1.536689301608472613e+00
-1.371716611548395637e+00
-1.387952766605961896e+00
-1.404564661484167365e+00
-1.457177298050933212e+00
-1.397241648205480136e+00
-1.375159794947019787e+00
-1.458362496558270882e+00
-1.251873966598880505e+00
-1.251873966598880505e+00
-1.371575707997752636e+00
-1.411152086614450463e+00
-1.291454186104429747e+00
-1.395605128524729288e+00
-1.395605128524729288e+00
-1.507570864388383391e+00
-1.540373654675069037e+00
-1.518795267704342589e+00
-1.342570322514272663e+00
-1.342570322514272663e+00
-1.419596153179603748e+00
-1.419596153179603748e+00
-1.420436921816270459e+00
-1.434975558435330978e+00
-1.355735774454344567e+00
-1.413730170950119991e+00
-1.416722562228455606e+00
-1.398895215952430604e+00
-1.438455315128895018e+00
-1.322261332301139625e+00
-1.322261332301139625e+00
-1.354377683983923886e+00
-1.375158254250080647e+00
-1.411599549338186321e+00
-1.334355523265228660e+00
-1.595075720016059018e+00
-1.476401902735781535e+00
-1.500762180351058017e+00
-1.491483713380991061e+00
-1.444448789353132812e+00
-1.388145819258298941e+00
-1.354664553650446690e+00
-1.484149915487063653e+00
-1.484149915487063653e+00
-1.464991922543962932e+00
-1.514450031503933536e+00
-1.502816041910070455e+00
-1.502816041910070455e+00
-1.444794955528401204e+00
-1.457120698154006133e+00
-1.512207259488953737e+00
-1.512207259488953737e+00
-1.524180086437812109e+00
-1.315471697335047097e+00
-1.391392695961783721e+00
-1.280896752223772639e+00
-1.414998889070897770e+00
-1.375417249332127279e+00
-1.377846394677925357e+00
-1.377846394677925357e+00
-1.399588686199634280e+00
-1.451651979231043388e+00
-1.451651979231043388e+00
-1.439966973207656320e+00
-1.313839637384171422e+00
-1.313839637384171422e+00
-1.396429301172466442e+00
-1.502556613966485433e+00
-1.502556613966485433e+00
-1.502556613966485433e+00
-1.533628393390586098e+00
-1.667183633049816649e+00
-1.667183633049816649e+00
-1.682900503447271934e+00
-1.641658297204756867e+00
-1.677280537018563056e+00
-1.677280537018563056e+00
-1.677280537018563056e+00
-1.644362052771156879e+00
-1.617019548434343035e+00
-1.622797555015353499e+00
-1.571229199817419708e+00
-1.528979405649958156e+00
-1.528979405649958156e+00
-1.477552809723533311e+00
-1.482973163584285770e+00
-1.408634457707603316e+00
-1.408634457707603316e+00
-1.309651828989444988e+00
-1.334784045524589180e+00
-1.360132373755464474e+00
-1.314471817461794867e+00
-1.349812209001647112e+00
-1.349812209001647112e+00
-1.349812209001647112e+00
-1.386484098549809474e+00
-1.386484098549809474e+00
-1.406309787400383593e+00
-1.406309787400383593e+00
-1.406309787400383593e+00
-1.406309787400383593e+00
-1.406309787400383593e+00
-1.354972268301193550e+00
-1.376217697174777710e+00
-1.376217697174777710e+00
-1.376217697174777710e+00
-1.398223247996662089e+00
-1.286541063531919216e+00
-1.297666316886336046e+00
-1.275180697072300307e+00
-1.275180697072300307e+00
-1.505640376625092092e+00
-1.505640376625092092e+00
-1.400161154337767444e+00
-1.400161154337767444e+00
-1.502519114195019156e+00
-1.486463626134980398e+00
-1.415218527649585667e+00
-1.431249975585443757e+00
-1.266085958104679943e+00
-1.289200137377826350e+00
-1.342972438363606136e+00
-1.508484748444806067e+00
-1.478708634850495196e+00
-1.478708634850495196e+00
-1.347425987932166835e+00
-1.347425987932166835e+00
-1.352350243691440079e+00
-1.436603694988138225e+00
-1.436603694988138225e+00
-1.347205587169140406e+00
-1.362339692947797332e+00
-1.482675392110962997e+00
-1.482675392110962997e+00
-1.482675392110962997e+00
-1.482675392110962997e+00
-1.461150891865042212e+00
-1.461150891865042212e+00
-1.412614763167359122e+00
-1.412614763167359122e+00
-1.531971445149928224e+00
-1.411141307779880227e+00
-1.395399419723490686e+00
-1.395399419723490686e+00
-1.448787705649364321e+00
-1.448787705649364321e+00
-1.450140084151146702e+00
-1.405183927901384910e+00
-1.447264339853376880e+00
-1.472682579849871276e+00
-1.472682579849871276e+00
-1.483224767836620384e+00
-1.434325527756741936e+00
-1.434325527756741936e+00
-1.416304144821990629e+00
-1.366899216370568437e+00
-1.388275252564131979e+00
-1.440207796105523519e+00
-1.440207796105523519e+00
-1.387036182136765827e+00
-1.397044202634781573e+00
-1.397044202634781573e+00
-1.351006971887909414e+00
-1.367501168763864294e+00
-1.376473593722401301e+00
-1.416990633565266222e+00
-1.317060887194344554e+00
-1.317060887194344554e+00
-1.293743590730070947e+00
-1.293743590730070947e+00
-1.449128691589013584e+00
-1.447848046029266866e+00
-1.447848046029266866e+00
-1.443609612065024805e+00
-1.443609612065024805e+00
-1.496130795214994258e+00
-1.496130795214994258e+00
-1.443776102913651549e+00
-1.511014788776435358e+00
-1.511014788776435358e+00
-1.520700386823771177e+00
-1.520700386823771177e+00
-1.525054070259080019e+00
-1.484948258437525537e+00
-1.426968197529245197e+00
-1.318319663685922016e+00
-1.401127827179153185e+00
-1.401127827179153185e+00
-1.401127827179153185e+00
-1.377098427635078615e+00
-1.402562834136203307e+00
-1.310811557036555719e+00
-1.291123556277075313e+00
-1.550913322310711662e+00
-1.463267566996695246e+00
-1.393033865095011148e+00
-1.419674703058894316e+00
-1.250229387274481851e+00
-1.225594550723810405e+00
-1.279213985708747892e+00
-1.279213985708747892e+00
-1.279213985708747892e+00
-1.279213985708747892e+00
-1.315931153719748448e+00
-1.315931153719748448e+00
-1.350971642421218144e+00
-1.350971642421218144e+00
-1.511386620665353009e+00
-1.323251911750684240e+00
-1.220052827594168887e+00
-1.222168577869680473e+00
-1.391937563570917913e+00
-1.391937563570917913e+00
-1.364520857179273738e+00
-1.331151175737572245e+00
-1.517336099250921722e+00
-1.518400965548223125e+00
-1.474236414866803901e+00
-1.513022241694874204e+00
-1.542566352498996984e+00
-1.507586648521457295e+00
-1.418389811161399949e+00
-1.418389811161399949e+00
-1.345887608310512240e+00
-1.394189128671934119e+00
-1.394189128671934119e+00
-1.503986350607286804e+00
-1.486279206098042538e+00
-1.494185141923407345e+00
-1.546922837774634685e+00
-1.546922837774634685e+00
-1.382577933219715005e+00
-1.341749006560618351e+00
-1.425559868923013784e+00
-1.430751115091036363e+00
-1.430751115091036363e+00
-1.430751115091036363e+00
-1.456114233655142698e+00
-1.534480871117246625e+00
-1.463405805144344818e+00
-1.457284750253369232e+00
-1.457284750253369232e+00
-1.468212292135805841e+00
-1.468212292135805841e+00
-1.485600523711108067e+00
-1.487914143684871071e+00
-1.429689393567976197e+00
-1.552278062779240075e+00
-1.466279936386459593e+00
-1.534471876553083147e+00
-1.542620400691441906e+00
-1.527907439122596411e+00
-1.490859218192504221e+00
-1.510445284290715007e+00
-1.406398050075961192e+00
-1.476519698537764436e+00
-1.436804113623797674e+00
-1.425098207146769935e+00
-1.425098207146769935e+00
-1.424467234550119921e+00
-1.362968932866624794e+00
-1.362968932866624794e+00
-1.349460563317077533e+00
-1.315653810023323267e+00
-1.315653810023323267e+00
-1.360445153841782995e+00
-1.285720252218514492e+00
-1.271674240779643528e+00
-1.271674240779643528e+00
-1.271674240779643528e+00
-1.382563272642127972e+00
-1.349956656500815644e+00
-1.357611669921140241e+00
-1.357611669921140241e+00
-1.482464013193929286e+00
-1.487962118975870274e+00
-1.572085175495705478e+00
-1.344379485796064477e+00
-1.494244256536139348e+00
-1.466681778967663830e+00
-1.459315732249565345e+00
-1.354694466264880992e+00
-1.330050468712422607e+00
-1.295067922440849673e+00
-1.297373721929685919e+00
-1.357803084857960751e+00
-1.374483518905998514e+00
-1.374483518905998514e+00
-1.369770629376203530e+00
-1.305204298432350640e+00
-1.372261881299538633e+00
-1.372261881299538633e+00
-1.442959336012117788e+00
-1.439426826958369876e+00
-1.342872258664250529e+00
-1.342631145987798202e+00
-1.319307596249650771e+00
-1.406827970160691388e+00
-1.418347869719528420e+00
-1.549043258168002923e+00
-1.549043258168002923e+00
-1.549043258168002923e+00
-1.455101341302407425e+00
-1.443433599647785170e+00
-1.504174208887939956e+00
-1.527610334475814957e+00
-1.527610334475814957e+00
-1.527610334475814957e+00
-1.570287738773953334e+00
-1.586457955597158964e+00
-1.549220007806086263e+00
-1.482439660194526887e+00
-1.418078070180221140e+00
-1.418078070180221140e+00
-1.329682684365507406e+00
-1.294773407964854295e+00
-1.385776462869350523e+00
-1.405606084169483738e+00
-1.419648689131088659e+00
-1.467225676836533266e+00
-1.481803546737508803e+00
-1.481803546737508803e+00
-1.481803546737508803e+00
-1.394435965612331518e+00
-1.491190953886950998e+00
-1.467070805283392732e+00
-1.467070805283392732e+00
-1.552977064580693067e+00
-1.552977064580693067e+00
-1.552482230456629475e+00
-1.602846498030944034e+00
-1.602846498030944034e+00
-1.572761251211129085e+00
-1.512963079936327393e+00
-1.461277763716754663e+00
-1.551065847436241096e+00
-1.551065847436241096e+00
-1.389268793019380777e+00
-1.389268793019380777e+00
-1.390985564960915966e+00
-1.382961239612386706e+00
-1.378770059185216779e+00
-1.378770059185216779e+00
-1.301498841981748811e+00
-1.551287238851424499e+00
-1.357519650088927277e+00
-1.401287006836821059e+00
-1.393751995383238462e+00
-1.411134937537356970e+00
-1.493956304123867929e+00
-1.428023414919475931e+00
-1.428023414919475931e+00
-1.428023414919475931e+00
-1.436872095628997537e+00
-1.335120451516756512e+00
-1.370033501099203743e+00
-1.370033501099203743e+00
-1.353476379622688963e+00
-1.344275659310810722e+00
-1.364553215772098760e+00
-1.360252197234006699e+00
-1.375590325579237216e+00
-1.459294676271126523e+00
-1.385735632763856140e+00
-1.309062665642376722e+00
-1.309062665642376722e+00
-1.246425784478000010e+00
-1.246425784478000010e+00
-1.246425784478000010e+00
-1.268295539640160730e+00
-1.327162149932930024e+00
-1.641098506020210346e+00
-1.536330858869386251e+00
-1.624527139901385642e+00
-1.532850820428868222e+00
-1.429518837636292838e+00
-1.361955919355420264e+00
-1.359544000898271543e+00
-1.370798582805852206e+00
-1.367715694000528615e+00
-1.456555886347888018e+00
-1.487910088152523347e+00
-1.461862656172169483e+00
-1.515793710450542120e+00
-1.455847670004400740e+00
-1.344562678201181694e+00
-1.340812381980403867e+00
-1.340812381980403867e+00
-1.340812381980403867e+00
-1.382113801278163745e+00
-1.426329643153502635e+00
-1.426329643153502635e+00
-1.351514824346341515e+00
-1.336122988942958001e+00
-1.436382745508315795e+00
-1.436382745508315795e+00
-1.436382745508315795e+00
-1.358776181036840836e+00
-1.374850897339721545e+00
-1.429310165054401116e+00
-1.429310165054401116e+00
-1.463720269130000418e+00
-1.463720269130000418e+00
-1.375897305260225467e+00
-1.360853747857070584e+00
-1.360853747857070584e+00
-1.365077181101598036e+00
-1.361520127532946267e+00
-1.361520127532946267e+00
-1.361520127532946267e+00
-1.373032923017556639e+00
-1.323030396929455010e+00
-1.323030396929455010e+00
-1.323030396929455010e+00
-1.356845976521261266e+00
-1.356845976521261266e+00
-1.377253983486060873e+00
-1.377253983486060873e+00
-1.424400321466259944e+00
-1.424400321466259944e+00
-1.424400321466259944e+00
-1.492461817754643150e+00
-1.376116650013953446e+00
-1.359348858013974093e+00
-1.355475034231418796e+00
-1.343147892059611381e+00
-1.287497568012836213e+00
-1.179310110353960939e+00
-1.179310110353960939e+00
-1.323282595895557412e+00
-1.302380101335182783e+00
-1.302380101335182783e+00
-1.294887989413672669e+00
-1.577616174222454593e+00
-1.300512299138710581e+00
-1.355876907722597169e+00
-1.331035332104334890e+00
-1.304892996328059773e+00
-1.295413015169753379e+00
-1.228395615977719846e+00
-1.287464221469398762e+00
-1.287464221469398762e+00
-1.287464221469398762e+00
-1.321554557007962094e+00
-1.295695473924104002e+00
-1.384929548064915084e+00
-1.302238081811284198e+00
-1.364384317734849805e+00
-1.305063161013356288e+00
-1.290069874116398507e+00
-1.352779918299884088e+00
-1.366377289349072655e+00
-1.333581514531746226e+00
-1.333747882444792809e+00
-1.362589563094395828e+00
-1.362589563094395828e+00
-1.334303238729091401e+00
-1.334303238729091401e+00
-1.367182969416264493e+00
-1.367182969416264493e+00
-1.423570319511445303e+00
-1.423570319511445303e+00
-1.423570319511445303e+00
-1.400224869474910649e+00
-1.388192288971771937e+00
-1.388192288971771937e+00
-1.388192288971771937e+00
-1.388192288971771937e+00
-1.388192288971771937e+00
-1.499955686812254996e+00
-1.502692824472662725e+00
-1.502692824472662725e+00
-1.502692824472662725e+00
-1.503459778507769018e+00
-1.502316312079303717e+00
-1.350849690053583574e+00
-1.400377956444500471e+00
-1.481964615707238808e+00
-1.451476415549158183e+00
-1.363829767899872092e+00
-1.249317168356422814e+00
-1.286823866981335662e+00
-1.286823866981335662e+00
-1.360153767568880179e+00
-1.367209623814758856e+00
-1.363290657625507718e+00
-1.399170960638587369e+00
-1.304020579153884363e+00
-1.304020579153884363e+00
-1.284137324402359281e+00
-1.270046959588332580e+00
-1.313121636630239175e+00
-1.313121636630239175e+00
-1.313121636630239175e+00
-1.303135513164292325e+00
-1.303135513164292325e+00
-1.371315536018475223e+00
-1.371315536018475223e+00
-1.387156697981569264e+00
-1.317000841619754725e+00
-1.325033121352282128e+00
-1.325033121352282128e+00
-1.421937585789190051e+00
-1.292153866453277899e+00
-1.393679427864599862e+00
-1.327511115152036014e+00
-1.330681047021758490e+00
-1.370353191218785405e+00
-1.322056423500927336e+00
-1.236165633329325386e+00
-1.216619187383243483e+00
-1.216619187383243483e+00
-1.246865508913172826e+00
-1.246865508913172826e+00
-1.246865508913172826e+00
-1.217375011814174846e+00
-1.267195398294128861e+00
-1.267195398294128861e+00
-1.383319769299972801e+00
-1.383319769299972801e+00
-1.400954069831914950e+00
-1.369711421370097826e+00
-1.369711421370097826e+00
-1.369711421370097826e+00
-1.407550964923419912e+00
-1.407550964923419912e+00
-1.347107424344221371e+00
-1.261101034187700476e+00
-1.325442189571811147e+00
-1.321416710212080625e+00
-1.247864964584516345e+00
-1.247864964584516345e+00
-1.247864964584516345e+00
-1.310175566005181702e+00
-1.310559207097517165e+00
-1.310559207097517165e+00
-1.310559207097517165e+00
-1.265573176172531289e+00
-1.268179357255898365e+00
-1.272477018007948990e+00
-1.283175134332643630e+00
-1.262710731026485345e+00
-1.262710731026485345e+00
-1.262710731026485345e+00
-1.280932116054017023e+00
-1.268114554905363622e+00
-1.392514213362534337e+00
-1.295418480633598879e+00
-1.295418480633598879e+00
-1.295418480633598879e+00
-1.329880530316666309e+00
-1.364204501320951390e+00
-1.415628450216522838e+00
-1.415628450216522838e+00
-1.375470075079958665e+00
-1.375470075079958665e+00
-1.330318925580826983e+00
-1.330318925580826983e+00
-1.347104848902403340e+00
-1.387266206632868260e+00
-1.387266206632868260e+00
-1.387266206632868260e+00
-1.321915662648170287e+00
-1.335590235975510964e+00
-1.335590235975510964e+00
-1.391904282929295578e+00
-1.381392663163438783e+00
-1.457398774116064333e+00
-1.527568973282842579e+00
-1.527568973282842579e+00
-1.491215574886459283e+00
-1.468409983535211571e+00
-1.468409983535211571e+00
-1.404221864057108471e+00
-1.330497538892015053e+00
-1.383568218733889132e+00
-1.383568218733889132e+00
-1.323020386903129397e+00
-1.231667893221508381e+00
-1.316941060630484772e+00
-1.313238348140496781e+00
-1.475214578389788533e+00
-1.479104640477343580e+00
-1.432724787645838438e+00
-1.358367027174823161e+00
-1.232023801303755883e+00
-1.232023801303755883e+00
-1.184391186465494350e+00
-1.184391186465494350e+00
-1.184391186465494350e+00
-1.184391186465494350e+00
-1.423505555992163440e+00
-1.470270721069124154e+00
-1.211041254151058233e+00
-1.407850831233205646e+00
-1.407850831233205646e+00
-1.252619391957845663e+00
-1.428171514926728225e+00
-1.445147056837244426e+00
-1.445147056837244426e+00
-1.264293821654971950e+00
-1.264293821654971950e+00
-1.264293821654971950e+00
-1.264293821654971950e+00
-1.379119723464513836e+00
-1.368839294807690843e+00
-1.368839294807690843e+00
-1.368839294807690843e+00
-1.358452233080015503e+00
-1.225705077586691116e+00
-1.332498915422832608e+00
-1.252679463158910433e+00
-1.252679463158910433e+00
-1.449370076402308305e+00
-1.420380129648048273e+00
-1.452186671903884063e+00
-1.475382870198750362e+00
-1.459399965996139414e+00
-1.441948900958339719e+00
-1.308352577117311455e+00
-1.431342425638113314e+00
-1.403434883130967759e+00
-1.358278847431019010e+00
-1.316275206727560487e+00
-1.269218382379087018e+00
-1.270594549315227750e+00
-1.475531026134221158e+00
-1.460656480318821782e+00
-1.415510469596953591e+00
-1.446848764211851934e+00
-1.514666762130232769e+00
-1.557723386799816367e+00
-1.502205735223774319e+00
-1.484124961563423106e+00
-1.484124961563423106e+00
-1.451763951558198373e+00
-1.463388608756387210e+00
-1.476174512710131559e+00
-1.526284270741308680e+00
-1.526284270741308680e+00
-1.490027910061941130e+00
-1.490027910061941130e+00
-1.556533951141948924e+00
-1.556533951141948924e+00
-1.556533951141948924e+00
-1.572875340443094849e+00
-1.487505394860159313e+00
-1.551856023881853064e+00
-1.478705449435904873e+00
-1.478705449435904873e+00
-1.443883787476013314e+00
-1.476544862813473857e+00
-1.476544862813473857e+00
-1.496105777866078013e+00
-1.496105777866078013e+00
-1.496105777866078013e+00
-1.381422597703922506e+00
-1.395441183184770173e+00
-1.371436466802239407e+00
-1.371436466802239407e+00
-1.371436466802239407e+00
-1.435109100710275198e+00
-1.435109100710275198e+00
-1.357986633404717924e+00
-1.357986633404717924e+00
-1.357986633404717924e+00
-1.369466155607087066e+00
-1.427640203010245079e+00
-1.266845336741246442e+00
-1.180166002880381315e+00
-1.178847794935157456e+00
-1.330533601941422894e+00
-1.330533601941422894e+00
-1.205973912690301741e+00
-1.235670082696227023e+00
-1.248082074528426233e+00
-1.306524805328499239e+00
-1.271171114874046548e+00
-1.452801413990300494e+00
-1.328887654215199277e+00
-1.390831268359718820e+00
-1.379109288009482626e+00
-1.391013076418345262e+00
-1.391013076418345262e+00
-1.391013076418345262e+00
-1.328665807996171511e+00
-1.487675896559491173e+00
-1.342979206993987651e+00
-1.376652395503338067e+00
-1.399941164082342038e+00
-1.399941164082342038e+00
-1.440477664276742509e+00
-1.352503204829066830e+00
-1.309929160567864903e+00
-1.309929160567864903e+00
-1.308973090010276508e+00
-1.374074127537119994e+00
-1.314607395192412209e+00
-1.313477095869626021e+00
-1.327958221679485629e+00
-1.466212919197449116e+00
-1.387603333817927220e+00
-1.387603333817927220e+00
-1.484335514263785072e+00
-1.185817113609318296e+00
-1.288295944262536130e+00
-1.353433995188033867e+00
-1.353433995188033867e+00
-1.355135097424531532e+00
-1.355135097424531532e+00
-1.355135097424531532e+00
-1.355135097424531532e+00
-1.383901087867589474e+00
-1.357628031528708146e+00
-1.268878444208917378e+00
-1.268878444208917378e+00
-1.301364695243117930e+00
-1.289952583032352829e+00
-1.315421825026483749e+00
-1.457262561750038099e+00
-1.398886023950236757e+00
-1.422260702688640466e+00
-1.419019745353407691e+00
-1.419019745353407691e+00
-1.386588740908975659e+00
-1.386588740908975659e+00
-1.453144719125415651e+00
-1.457179742886190787e+00
-1.457179742886190787e+00
-1.383901533932604178e+00
-1.284410726032044092e+00
-1.311077252882305366e+00
-1.336244001638613677e+00
-1.381628448876250248e+00
-1.471363797919061023e+00
-1.457768438112627241e+00
-1.457768438112627241e+00
-1.457768438112627241e+00
-1.457768438112627241e+00
-1.522860398515645919e+00
-1.295262023596083667e+00
-1.324877477162087258e+00
-1.277016214265943805e+00
-1.277016214265943805e+00
-1.240461326369966422e+00
-1.325896016202557925e+00
-1.445762546042453911e+00
-1.445762546042453911e+00
-1.392068443493906571e+00
-1.381616182556250738e+00
-1.381616182556250738e+00
-1.399866941749590810e+00
-1.399866941749590810e+00
-1.344518663155443550e+00
-1.376565955629025950e+00
-1.359778095701096978e+00
-1.239463341149120268e+00
-1.239463341149120268e+00
-1.306267983726944415e+00
-1.287165662329973426e+00
-1.319618371050435668e+00
-1.319618371050435668e+00
-1.319618371050435668e+00
-1.319618371050435668e+00
-1.350911812424736791e+00
-1.350911812424736791e+00
-1.314423168057590408e+00
-1.359069405347925974e+00
-1.320662649669577471e+00
-1.409036173248066293e+00
-1.321079005419293351e+00
-1.311587071991608955e+00
-1.382538604051402276e+00
-1.432883217672504372e+00
-1.404769369995780615e+00
-1.303572575774505804e+00
-1.315852373812605336e+00
-1.359572202021692267e+00
-1.329866892767597397e+00
-1.334468346479501299e+00
-1.334468346479501299e+00
-1.404845309373628170e+00
-1.389462546289247369e+00
-1.392083383293972965e+00
-1.395608635356858196e+00
-1.435518699123972786e+00
-1.411931233936985386e+00
-1.411931233936985386e+00
-1.384787757209011483e+00
-1.404302898911808484e+00
-1.389214551337693893e+00
-1.447694888197187169e+00
-1.447694888197187169e+00
-1.447694888197187169e+00
-1.447694888197187169e+00
-1.447694888197187169e+00
-1.460769757429201565e+00
-1.460769757429201565e+00
-1.404545259769602872e+00
-1.282330429246623549e+00
-1.404859295689784959e+00
-1.404859295689784959e+00
-1.408614281230341714e+00
-1.408614281230341714e+00
-1.408614281230341714e+00
-1.474815729938121489e+00
-1.509870886864592032e+00
-1.364535572731360835e+00
-1.458467647821811930e+00
-1.458467647821811930e+00
-1.344045069366138101e+00
-1.345531013776700480e+00
-1.342190561474706501e+00
-1.342190561474706501e+00
-1.342190561474706501e+00
-1.327049135306772598e+00
-1.327049135306772598e+00
-1.342368769826224106e+00
-1.356986211753890004e+00
