# Variable: dg_gbvi_00000103
# Sample shape: (2565,)
# Date: 2013-03-08 06:18:15.714034
-3.031401367372518196e-01
-1.824227618464097533e+00
-2.551593549708607966e+00
-3.199099304228504859e-01
-3.433014598839234099e-01
-1.512651121122905895e+00
-1.260620011078770863e+00
-1.771951231707161456e-01
-3.441859116518817818e-01
-4.824762305698355735e-01
-8.549994318116571623e-01
-6.934490428177119137e-01
-6.934490428177119137e-01
-6.934490428177119137e-01
-8.223644698587273538e-01
-8.383954669407933658e-01
-7.862795417239815121e-01
-7.862795417239815121e-01
-7.862795417239815121e-01
-8.459638651178538193e-01
-4.920416267208180816e-01
-1.169354875753410461e+00
-1.169354875753410461e+00
-1.218221486193147740e+00
-1.218221486193147740e+00
-1.384779354258296458e+00
-1.384779354258296458e+00
-1.384779354258296458e+00
-1.384779354258296458e+00
-1.384779354258296458e+00
-5.751619309839209881e-01
-9.937053707319976059e-01
-9.407076555768193460e-01
-9.407076555768193460e-01
-9.407076555768193460e-01
-5.662270489130556417e-01
-4.826737306943565398e-01
-4.894748444976279034e-01
-6.634553992969833836e-01
-6.634553992969833836e-01
-6.337109207705895475e-01
-6.337109207705895475e-01
-7.789486667665019848e-01
-7.789486667665019848e-01
-8.198521259108675352e-01
-6.571898040883229486e-01
-6.571898040883229486e-01
-8.157289150616265916e-01
-8.157289150616265916e-01
-8.157289150616265916e-01
-6.589060449552455179e-01
-6.589060449552455179e-01
-6.589060449552455179e-01
-6.589060449552455179e-01
-6.589060449552455179e-01
-6.589060449552455179e-01
-6.324000233419984074e-01
-6.324000233419984074e-01
-6.324000233419984074e-01
-6.324000233419984074e-01
-6.324000233419984074e-01
-6.324000233419984074e-01
-6.324000233419984074e-01
-6.755429211277106383e-01
-6.755429211277106383e-01
-6.755429211277106383e-01
-6.755429211277106383e-01
-6.755429211277106383e-01
-6.755429211277106383e-01
-6.755429211277106383e-01
-6.576603967841825327e-01
-6.576603967841825327e-01
-6.470410966706539035e-01
-6.022779108726289410e-01
-6.022779108726289410e-01
-9.231605961138705796e-01
-9.231605961138705796e-01
-9.231605961138705796e-01
-9.231605961138705796e-01
-7.382573144991070313e-01
-7.382573144991070313e-01
-7.382573144991070313e-01
-7.382573144991070313e-01
-7.727885500300619714e-01
-8.691776891057539922e-01
-8.691776891057539922e-01
-8.691776891057539922e-01
-8.691776891057539922e-01
-8.691776891057539922e-01
-8.691776891057539922e-01
-6.991925191664627448e-01
-6.991925191664627448e-01
-6.991925191664627448e-01
-6.991925191664627448e-01
-6.991925191664627448e-01
-7.753514565126878866e-01
-7.753514565126878866e-01
-7.753514565126878866e-01
-6.852255025836635483e-01
-6.852255025836635483e-01
-8.477355075411556751e-01
-5.870953793400349729e-01
-5.870953793400349729e-01
-5.870953793400349729e-01
-5.870953793400349729e-01
-5.870953793400349729e-01
-5.870953793400349729e-01
-5.870953793400349729e-01
-5.870953793400349729e-01
-5.870953793400349729e-01
-5.870953793400349729e-01
-5.870953793400349729e-01
-5.870953793400349729e-01
-8.196216374393320292e-01
-6.247055999075484811e-01
-6.247055999075484811e-01
-6.247055999075484811e-01
-9.326374519124368545e-01
-9.326374519124368545e-01
-9.326374519124368545e-01
-9.326374519124368545e-01
-9.326374519124368545e-01
-9.326374519124368545e-01
-9.528857304733506783e-01
-9.528857304733506783e-01
-7.855328127109595382e-01
-7.855328127109595382e-01
-7.855328127109595382e-01
-7.855328127109595382e-01
-7.855328127109595382e-01
-7.855328127109595382e-01
-7.495456963318631871e-01
-7.495456963318631871e-01
-7.676543132853580476e-01
-7.676543132853580476e-01
-7.676543132853580476e-01
-7.676543132853580476e-01
-7.676543132853580476e-01
-7.662489539805342753e-01
-7.629256295399703403e-01
-6.080141858988138415e-01
-5.473470233487689462e-01
-5.304916835271308306e-01
-5.304916835271308306e-01
-5.304916835271308306e-01
-5.170021515605072171e-01
-7.448900215031128980e-01
-7.448900215031128980e-01
-7.448900215031128980e-01
-9.783608900693533394e-01
-9.742959305204882403e-01
-6.098780537977390726e-01
-6.098780537977390726e-01
-6.098780537977390726e-01
-6.098780537977390726e-01
-6.098780537977390726e-01
-6.098780537977390726e-01
-6.098780537977390726e-01
-1.110198333691689410e+00
-1.004593395154250279e+00
-1.004593395154250279e+00
-1.004593395154250279e+00
-1.004593395154250279e+00
-1.004593395154250279e+00
-1.004593395154250279e+00
-1.004593395154250279e+00
-9.761402799278943165e-01
-8.536699329053824004e-01
-8.536699329053824004e-01
-8.536699329053824004e-01
-8.536699329053824004e-01
-8.536699329053824004e-01
-8.536699329053824004e-01
-7.963726724629343057e-01
-7.963726724629343057e-01
-7.963726724629343057e-01
-9.722816857648081124e-01
-9.722816857648081124e-01
-7.327101199717318547e-01
-7.327101199717318547e-01
-7.327101199717318547e-01
-9.228547963874257354e-01
-9.228547963874257354e-01
-6.747632193880452878e-01
-6.610377085928037522e-01
-6.697211610473894350e-01
-6.697211610473894350e-01
-6.697211610473894350e-01
-6.697211610473894350e-01
-9.377602104679390038e-01
-9.377602104679390038e-01
-9.377602104679390038e-01
-7.331913866389968559e-01
-7.331913866389968559e-01
-7.331913866389968559e-01
-9.262859842691726353e-01
-9.262859842691726353e-01
-9.262859842691726353e-01
-1.019077543338345881e+00
-1.019077543338345881e+00
-1.002291316865302928e+00
-1.002291316865302928e+00
-1.002291316865302928e+00
-1.002291316865302928e+00
-1.009012687984436774e+00
-9.271579916311412095e-01
-9.271579916311412095e-01
-9.271579916311412095e-01
-9.271579916311412095e-01
-9.271579916311412095e-01
-9.271579916311412095e-01
-9.271579916311412095e-01
-9.271579916311412095e-01
-9.271579916311412095e-01
-9.287138558349976591e-01
-9.287138558349976591e-01
-9.167273829619526637e-01
-7.049153511100526570e-01
-7.049153511100526570e-01
-7.382621704734536605e-01
-7.382621704734536605e-01
-7.382621704734536605e-01
-7.382621704734536605e-01
-7.382621704734536605e-01
-7.179439102601592460e-01
-7.179439102601592460e-01
-6.588894958857226536e-01
-6.588894958857226536e-01
-8.954360193141572832e-01
-6.537175360300269134e-01
-6.537175360300269134e-01
-8.223553089812078998e-01
-8.223553089812078998e-01
-8.223553089812078998e-01
-8.223553089812078998e-01
-8.223553089812078998e-01
-7.436537639665928845e-01
-7.436537639665928845e-01
-7.436537639665928845e-01
-6.968359545548552525e-01
-6.968359545548552525e-01
-7.299880712216731959e-01
-1.000423235221771012e+00
-7.625009080784783677e-01
-7.625009080784783677e-01
-7.625009080784783677e-01
-8.763810246359480249e-01
-8.810280426291959843e-01
-8.810280426291959843e-01
-1.180151602926228671e+00
-1.180151602926228671e+00
-1.180151602926228671e+00
-1.180151602926228671e+00
-1.180151602926228671e+00
-1.186063781682584750e+00
-1.186063781682584750e+00
-1.186063781682584750e+00
-7.901056972054065763e-01
-9.629436974990818188e-01
-9.629436974990818188e-01
-9.629436974990818188e-01
-8.661886252658138607e-01
-9.433613442672226235e-01
-9.789249317780924775e-01
-9.789249317780924775e-01
-1.070035076670395435e+00
-1.070035076670395435e+00
-9.130099352288882919e-01
-9.130099352288882919e-01
-9.130099352288882919e-01
-9.130099352288882919e-01
-9.130099352288882919e-01
-5.386135526862257938e-01
-5.386135526862257938e-01
-5.627374162743943309e-01
-5.627374162743943309e-01
-5.627374162743943309e-01
-6.773684178287227020e-01
-6.773684178287227020e-01
-6.982485439855038445e-01
-7.111758037470660154e-01
-7.111758037470660154e-01
-7.111758037470660154e-01
-6.983456172093817083e-01
-6.983456172093817083e-01
-6.983456172093817083e-01
-9.349619012747361069e-01
-6.367378919759858480e-01
-7.021740034845525003e-01
-9.836825805561694169e-01
-9.836825805561694169e-01
-9.836825805561694169e-01
-9.836825805561694169e-01
-9.836825805561694169e-01
-9.836825805561694169e-01
-9.836825805561694169e-01
-9.377795480614548040e-01
-1.052581898648988545e+00
-1.041303095178358396e+00
-1.041303095178358396e+00
-1.041303095178358396e+00
-1.048491636523749326e+00
-1.081901537166796379e+00
-1.081901537166796379e+00
-1.081901537166796379e+00
-1.057941613811339332e+00
-6.700430999395007303e-01
-6.700430999395007303e-01
-6.700430999395007303e-01
-4.745425606501115223e-01
-1.021275350765528334e+00
-1.017497939657423522e+00
-4.530111812010641503e-01
-7.180421261959961665e-01
-7.827556656235025168e-01
-7.827556656235025168e-01
-7.827556656235025168e-01
-7.827556656235025168e-01
-7.827556656235025168e-01
-7.738700967670407715e-01
-7.738700967670407715e-01
-7.738700967670407715e-01
-7.738700967670407715e-01
-9.584928165319798188e-01
-9.584928165319798188e-01
-9.584928165319798188e-01
-9.584928165319798188e-01
-9.584928165319798188e-01
-9.584928165319798188e-01
-9.090946454207485816e-01
-9.090946454207485816e-01
-9.090946454207485816e-01
-9.038966599654582046e-01
-1.013305746459180590e+00
-1.013305746459180590e+00
-1.017445910312324564e+00
-1.017445910312324564e+00
-1.017445910312324564e+00
-6.492334020634346059e-01
-6.871144913852549330e-01
-6.871144913852549330e-01
-7.947317811838127133e-01
-6.484207607778953442e-01
-6.484207607778953442e-01
-8.233180402424795652e-01
-8.233180402424795652e-01
-8.233180402424795652e-01
-8.233180402424795652e-01
-7.373670971502204186e-01
-7.373670971502204186e-01
-8.047178579669378440e-01
-6.808423255291204956e-01
-6.808423255291204956e-01
-6.808423255291204956e-01
-7.109916776061256938e-01
-7.109916776061256938e-01
-7.109916776061256938e-01
-7.109916776061256938e-01
-7.345616544331828868e-01
-7.646809082104893962e-01
-7.646809082104893962e-01
-7.646809082104893962e-01
-6.670604042886082441e-01
-6.670604042886082441e-01
-6.670604042886082441e-01
-6.635217221297310397e-01
-7.487646071889466626e-01
-7.487646071889466626e-01
-7.487646071889466626e-01
-7.487646071889466626e-01
-7.394443969664226124e-01
-7.374207814010323991e-01
-7.371063844578875646e-01
-9.067893348361839578e-01
-9.067893348361839578e-01
-9.067893348361839578e-01
-9.067893348361839578e-01
-9.067893348361839578e-01
-9.067893348361839578e-01
-7.942618613988096099e-01
-8.633146324058115217e-01
-8.633146324058115217e-01
-9.544692483138916828e-01
-9.544692483138916828e-01
-9.544692483138916828e-01
-7.171555664141827657e-01
-7.171555664141827657e-01
-7.186577054657010688e-01
-7.186577054657010688e-01
-7.186577054657010688e-01
-7.186577054657010688e-01
-7.186577054657010688e-01
-6.470754351149035077e-01
-6.470754351149035077e-01
-6.470754351149035077e-01
-6.470754351149035077e-01
-6.470754351149035077e-01
-6.470754351149035077e-01
-6.470754351149035077e-01
-1.085264717613239283e+00
-4.958544323046538693e-01
-8.479348286112087241e-01
-8.329347771239002940e-01
-8.329347771239002940e-01
-8.329347771239002940e-01
-8.329347771239002940e-01
-8.329347771239002940e-01
-7.274150603865061626e-01
-7.274150603865061626e-01
-6.296000422750065439e-01
-7.201319300449807725e-01
-7.201319300449807725e-01
-7.296588363532048316e-01
-6.708667773779356525e-01
-6.708667773779356525e-01
-9.857001577623903943e-01
-1.023308940879948503e+00
-1.023308940879948503e+00
-1.012646692713504715e+00
-8.123017167009999318e-01
-8.123017167009999318e-01
-7.769956098889135854e-01
-7.769956098889135854e-01
-8.022200627765874170e-01
-1.050334755218800709e+00
-1.050334755218800709e+00
-1.081877775315134960e+00
-1.150719672419653339e+00
-1.150719672419653339e+00
-1.150719672419653339e+00
-1.150719672419653339e+00
-9.724893525520603710e-01
-7.350659337874113630e-01
-7.350659337874113630e-01
-7.350659337874113630e-01
-7.651013586339306949e-01
-7.227936468701340322e-01
-7.227936468701340322e-01
-6.885285753271411791e-01
-7.422224233629383106e-01
-7.422224233629383106e-01
-7.422224233629383106e-01
-7.422224233629383106e-01
-7.302017552392658928e-01
-7.302017552392658928e-01
-8.689596130133419027e-01
-8.689596130133419027e-01
-8.689596130133419027e-01
-1.124069423492013886e+00
-1.124069423492013886e+00
-7.722945794324981295e-01
-7.722945794324981295e-01
-7.722945794324981295e-01
-7.866665095194413926e-01
-8.713408335866374976e-01
-8.713408335866374976e-01
-7.190620431857215333e-01
-7.190620431857215333e-01
-7.190620431857215333e-01
-7.312275180546142783e-01
-7.312275180546142783e-01
-8.477698729041446279e-01
-8.477698729041446279e-01
-8.306719889247664579e-01
-8.908049327379649052e-01
-8.908049327379649052e-01
-8.908049327379649052e-01
-8.908049327379649052e-01
-8.893856309263461490e-01
-8.893856309263461490e-01
-8.893856309263461490e-01
-8.893856309263461490e-01
-7.250214395740453011e-01
-7.250214395740453011e-01
-6.669026076904142064e-01
-7.614371114773521576e-01
-9.123878858469466335e-01
-9.123878858469466335e-01
-9.123878858469466335e-01
-8.915873944549365104e-01
-8.915873944549365104e-01
-8.915873944549365104e-01
-8.915873944549365104e-01
-8.915441052140679057e-01
-8.915441052140679057e-01
-8.915441052140679057e-01
-8.915441052140679057e-01
-1.033577815249386411e+00
-7.101888053491666186e-01
-1.121061635957525171e+00
-1.020485748797004710e+00
-1.020485748797004710e+00
-1.020485748797004710e+00
-1.020485748797004710e+00
-9.006601206907002277e-01
-9.006601206907002277e-01
-9.006601206907002277e-01
-9.006601206907002277e-01
-8.461911827832166999e-01
-7.558995851990190085e-01
-7.558995851990190085e-01
-7.558995851990190085e-01
-8.601641635457092372e-01
-8.601641635457092372e-01
-8.601641635457092372e-01
-8.601641635457092372e-01
-7.056132275468429693e-01
-6.949511625759884348e-01
-6.949511625759884348e-01
-7.617222653259317910e-01
-5.866503213635630987e-01
-5.866503213635630987e-01
-7.483200968030662148e-01
-7.483200968030662148e-01
-7.483200968030662148e-01
-8.919343435721270863e-01
-8.908708955210536962e-01
-8.908708955210536962e-01
-7.088144059319820833e-01
-7.088144059319820833e-01
-7.088144059319820833e-01
-7.088144059319820833e-01
-7.088144059319820833e-01
-7.088144059319820833e-01
-7.192613320823546541e-01
-8.369240767918029178e-01
-9.134127390346578057e-01
-9.134127390346578057e-01
-9.134127390346578057e-01
-1.051786528090393968e+00
-1.060912790950241158e+00
-9.290250544113430875e-01
-8.055426120593863759e-01
-8.066176903064573578e-01
-7.713363650019325890e-01
-9.478398648688790562e-01
-1.093070860052847815e+00
-1.018084543918198248e+00
-1.018084543918198248e+00
-1.018084543918198248e+00
-1.018084543918198248e+00
-1.018084543918198248e+00
-1.018084543918198248e+00
-1.010813056111830033e+00
-1.010813056111830033e+00
-1.010813056111830033e+00
-1.010813056111830033e+00
-9.864928399212147259e-01
-9.864928399212147259e-01
-9.864928399212147259e-01
-1.106461027705304856e+00
-7.828542653576351373e-01
-9.326097234629047161e-01
-9.655867239024659154e-01
-9.655867239024659154e-01
-9.655867239024659154e-01
-9.655867239024659154e-01
-9.655867239024659154e-01
-1.111239066190293112e+00
-1.111239066190293112e+00
-1.111239066190293112e+00
-1.111239066190293112e+00
-1.111239066190293112e+00
-1.111239066190293112e+00
-1.111239066190293112e+00
-8.030445195334184882e-01
-8.030445195334184882e-01
-8.030445195334184882e-01
-8.030445195334184882e-01
-8.030445195334184882e-01
-1.005123068753372761e+00
-9.417446822634155668e-01
-9.417446822634155668e-01
-7.818959245158921822e-01
-1.022996531514223761e+00
-1.022996531514223761e+00
-1.012207255206460488e+00
-1.012207255206460488e+00
-9.961217282050376376e-01
-9.961217282050376376e-01
-7.996266044895563585e-01
-7.996266044895563585e-01
-1.072000195056691307e+00
-1.072000195056691307e+00
-9.546408347171966291e-01
-9.741697224545365907e-01
-9.741697224545365907e-01
-6.418005312706296372e-01
-6.418005312706296372e-01
-9.129774330780258129e-01
-9.129774330780258129e-01
-9.129774330780258129e-01
-9.129774330780258129e-01
-8.932741987963493946e-01
-8.932741987963493946e-01
-1.111456422370949548e+00
-5.976829341604812385e-01
-7.430736596852892673e-01
-8.096059255372849428e-01
-1.343523560141339113e+00
-1.172340315604167182e+00
-8.804370231513595213e-01
-8.804370231513595213e-01
-1.083053499257294661e+00
-1.083053499257294661e+00
-1.253865171042256144e+00
-1.253865171042256144e+00
-1.253865171042256144e+00
-1.289884078911650134e+00
-1.240637341759126322e+00
-1.299798764684640506e+00
-1.285088370361765708e+00
-1.285088370361765708e+00
-1.285088370361765708e+00
-1.285088370361765708e+00
-1.285088370361765708e+00
-1.272387271961466171e+00
-8.101252659667628198e-01
-8.074763001653004757e-01
-8.635778995537068958e-01
-7.023914514917245500e-01
-7.023914514917245500e-01
-7.023914514917245500e-01
-7.023914514917245500e-01
-1.062437408284826246e+00
-1.062437408284826246e+00
-1.062437408284826246e+00
-1.062437408284826246e+00
-1.062437408284826246e+00
-1.085993143748164913e+00
-1.064120752529138514e+00
-1.064120752529138514e+00
-1.064120752529138514e+00
-8.640424569590835491e-01
-8.142801483788919548e-01
-9.650098306781325075e-01
-9.852216679594685278e-01
-9.852216679594685278e-01
-9.852216679594685278e-01
-9.852216679594685278e-01
-9.115369409113522892e-01
-9.115369409113522892e-01
-9.115369409113522892e-01
-9.115369409113522892e-01
-9.115369409113522892e-01
-9.115369409113522892e-01
-1.018684552358124940e+00
-9.832120322026413062e-01
-1.036988990576331648e+00
-1.036988990576331648e+00
-1.073984631067009143e+00
-1.073984631067009143e+00
-1.073984631067009143e+00
-1.073984631067009143e+00
-8.623274821263295919e-01
-8.623274821263295919e-01
-9.402764381256767390e-01
-9.324229121072178383e-01
-9.923162922369178629e-01
-7.555215498340910329e-01
-7.555215498340910329e-01
-7.555215498340910329e-01
-7.555215498340910329e-01
-7.555215498340910329e-01
-9.722184274617114985e-01
-9.722184274617114985e-01
-7.552289225226884728e-01
-7.552289225226884728e-01
-7.552289225226884728e-01
-7.552289225226884728e-01
-7.733008733160887660e-01
-7.733008733160887660e-01
-7.733008733160887660e-01
-8.273583671134820960e-01
-8.273583671134820960e-01
-8.273583671134820960e-01
-8.273583671134820960e-01
-8.273583671134820960e-01
-8.266680371125517679e-01
-6.206571762248209723e-01
-6.206571762248209723e-01
-6.206571762248209723e-01
-6.206571762248209723e-01
-9.590816870126552818e-01
-9.301942839674901542e-01
-5.235261495813219312e-01
-5.235261495813219312e-01
-7.391692630320960689e-01
-7.391692630320960689e-01
-8.514555867279550716e-01
-8.514555867279550716e-01
-8.514555867279550716e-01
-1.227422398264928161e+00
-1.227422398264928161e+00
-1.227422398264928161e+00
-1.224084307183470166e+00
-1.094132415674413883e+00
-1.094132415674413883e+00
-8.703981678773431430e-01
-8.247206828837020387e-01
-8.247206828837020387e-01
-8.323966078780999922e-01
-8.323966078780999922e-01
-5.408262610250899050e-01
-5.890283471986257346e-01
-6.961405401084251876e-01
-4.036155452521320575e-01
-4.036155452521320575e-01
-4.036155452521320575e-01
-5.121721038906456025e-01
-5.121721038906456025e-01
-5.331339698444171882e-01
-5.331339698444171882e-01
-5.331339698444171882e-01
-6.458085925476035882e-01
-6.458085925476035882e-01
-7.349806856407862243e-01
-7.349806856407862243e-01
-7.349806856407862243e-01
-9.198758720531038380e-01
-9.198758720531038380e-01
-9.198758720531038380e-01
-7.292653874109934486e-01
-7.292653874109934486e-01
-7.292653874109934486e-01
-7.292653874109934486e-01
-7.292653874109934486e-01
-9.313040824735593359e-01
-9.313040824735593359e-01
-9.313040824735593359e-01
-9.313040824735593359e-01
-6.124395336419229396e-01
-6.124395336419229396e-01
-6.124395336419229396e-01
-6.124395336419229396e-01
-6.998850629552849645e-01
-6.998850629552849645e-01
-6.998850629552849645e-01
-4.908962942581492350e-01
-4.908962942581492350e-01
-4.782412298498435188e-01
-7.221716109975342412e-01
-7.221716109975342412e-01
-6.684242529812013389e-01
-6.545885186079950513e-01
-6.545885186079950513e-01
-6.545885186079950513e-01
-5.764629275503999617e-01
-5.764629275503999617e-01
-5.764629275503999617e-01
-5.861091332181337377e-01
-5.861091332181337377e-01
-5.861091332181337377e-01
-5.861091332181337377e-01
-5.861091332181337377e-01
-5.861091332181337377e-01
-6.414406904119235309e-01
-6.073049703087073370e-01
-6.073049703087073370e-01
-6.073049703087073370e-01
-5.885747998711751139e-01
-5.885747998711751139e-01
-5.885747998711751139e-01
-5.885747998711751139e-01
-5.885747998711751139e-01
-5.885747998711751139e-01
-5.885747998711751139e-01
-5.885747998711751139e-01
-6.629408247234148677e-01
-6.749229310579356600e-01
-6.749229310579356600e-01
-6.189958837480408205e-01
-6.189958837480408205e-01
-6.189958837480408205e-01
-6.189958837480408205e-01
-6.189958837480408205e-01
-6.189958837480408205e-01
-6.484935322306982775e-01
-6.484935322306982775e-01
-6.484935322306982775e-01
-6.484935322306982775e-01
-6.484935322306982775e-01
-6.484935322306982775e-01
-7.027791324452413724e-01
-7.027791324452413724e-01
-7.027791324452413724e-01
-7.027791324452413724e-01
-7.027791324452413724e-01
-7.640188542801644722e-01
-7.640188542801644722e-01
-7.640188542801644722e-01
-9.174539273517363647e-01
-9.555493227149115532e-01
-9.555493227149115532e-01
-9.555493227149115532e-01
-7.399647407660872034e-01
-7.399647407660872034e-01
-7.399647407660872034e-01
-7.399647407660872034e-01
-7.399647407660872034e-01
-7.399647407660872034e-01
-7.399647407660872034e-01
-8.208339214508015846e-01
-8.208339214508015846e-01
-6.916938152797903472e-01
-6.234765584010487638e-01
-6.234765584010487638e-01
-5.177946359361755846e-01
-5.858457181856232543e-01
-5.632663541821826270e-01
-6.213889953225278928e-01
-6.213889953225278928e-01
-6.504752518161694974e-01
-6.504752518161694974e-01
-6.504752518161694974e-01
-6.504752518161694974e-01
-6.565457520987889595e-01
-6.600320691132746109e-01
-6.600320691132746109e-01
-8.640697047205833092e-01
-6.176714354394337025e-01
-6.176714354394337025e-01
-7.196426562606179633e-01
-7.196426562606179633e-01
-7.691188393528376466e-01
-7.882551952620371338e-01
-9.072229031911149821e-01
-9.072229031911149821e-01
-9.072229031911149821e-01
-9.072229031911149821e-01
-9.072229031911149821e-01
-9.072229031911149821e-01
-8.208120331728843144e-01
-8.208120331728843144e-01
-8.208120331728843144e-01
-8.208120331728843144e-01
-7.731323497813875623e-01
-7.731323497813875623e-01
-7.013319890994916816e-01
-7.070930451404923156e-01
-7.308589616825128532e-01
-7.308589616825128532e-01
-7.308589616825128532e-01
-7.308589616825128532e-01
-7.339499054001551448e-01
-7.359780847680398308e-01
-7.359780847680398308e-01
-7.734990022018005673e-01
-7.734990022018005673e-01
-7.181666083000337597e-01
-6.118576216175886096e-01
-6.322720802100308957e-01
-6.322720802100308957e-01
-6.322720802100308957e-01
-7.619535016234686431e-01
-7.619535016234686431e-01
-7.619535016234686431e-01
-7.619535016234686431e-01
-7.619535016234686431e-01
-7.619535016234686431e-01
-7.619535016234686431e-01
-7.619535016234686431e-01
-7.619535016234686431e-01
-4.155695106529821992e-01
-4.155695106529821992e-01
-6.767376767357715650e-01
-5.037159934550770046e-01
-7.532535312170508535e-01
-7.532535312170508535e-01
-7.532535312170508535e-01
-7.532535312170508535e-01
-7.532535312170508535e-01
-7.532535312170508535e-01
-9.117090549633746210e-01
-9.585915900876893492e-01
-8.821087906159094105e-01
-7.563650575285691957e-01
-7.563650575285691957e-01
-8.264614456260825914e-01
-8.264614456260825914e-01
-7.833732710722758341e-01
-8.319459162925598728e-01
-8.638263284922685914e-01
-8.638263284922685914e-01
-8.826747085290271855e-01
-8.826747085290271855e-01
-8.826747085290271855e-01
-8.826747085290271855e-01
-8.826747085290271855e-01
-8.826747085290271855e-01
-9.642047365933977821e-01
-9.642047365933977821e-01
-9.642047365933977821e-01
-9.642047365933977821e-01
-9.642047365933977821e-01
-9.642047365933977821e-01
-9.642047365933977821e-01
-9.642047365933977821e-01
-9.642047365933977821e-01
-9.642047365933977821e-01
-9.642047365933977821e-01
-9.642047365933977821e-01
-9.642047365933977821e-01
-9.642047365933977821e-01
-9.642047365933977821e-01
-1.035776563415208074e+00
-1.035776563415208074e+00
-1.035776563415208074e+00
-9.585632114072781818e-01
-9.585632114072781818e-01
-9.585632114072781818e-01
-9.212013572105867132e-01
-9.212013572105867132e-01
-8.932805161031146524e-01
-5.732363443445981366e-01
-5.732363443445981366e-01
-5.732363443445981366e-01
-5.732363443445981366e-01
-5.732363443445981366e-01
-9.313969077756298898e-01
-9.313969077756298898e-01
-9.961773792728035870e-01
-9.961773792728035870e-01
-9.961773792728035870e-01
-1.071567588842837093e+00
-1.071567588842837093e+00
-1.066155275464950369e+00
-1.066155275464950369e+00
-1.166533808399959238e+00
-1.058607594612617442e+00
-1.058607594612617442e+00
-1.058607594612617442e+00
-1.058607594612617442e+00
-1.058607594612617442e+00
-1.116312199412341721e+00
-1.116312199412341721e+00
-1.116312199412341721e+00
-1.116312199412341721e+00
-1.116312199412341721e+00
-1.118673243455396316e+00
-3.200823806778685388e-01
-8.357962808744587857e-01
-9.744283109638456342e-01
-9.744283109638456342e-01
-1.016603288206888722e+00
-1.016603288206888722e+00
-1.016603288206888722e+00
-1.016603288206888722e+00
-1.016603288206888722e+00
-1.016603288206888722e+00
-1.016603288206888722e+00
-1.051960082938996788e+00
-1.051960082938996788e+00
-1.051960082938996788e+00
-1.043627991318857084e+00
-1.043627991318857084e+00
-1.103150645419338494e+00
-1.103150645419338494e+00
-1.103150645419338494e+00
-9.996985178694735019e-01
-1.048889768555739010e+00
-6.735698711201413280e-01
-1.222131699276059136e+00
-1.092154974577573601e+00
-1.092154974577573601e+00
-1.092154974577573601e+00
-1.092154974577573601e+00
-1.097623745028347697e+00
-1.097623745028347697e+00
-1.097623745028347697e+00
-1.097623745028347697e+00
-1.097623745028347697e+00
-5.141712160909388540e-01
-5.141712160909388540e-01
-5.175423360925403005e-01
-5.175423360925403005e-01
-3.981863707784102369e-01
-3.981863707784102369e-01
-3.981863707784102369e-01
-1.454176678773169140e+00
-9.481493162537240060e-01
-9.481493162537240060e-01
-7.420800215745140260e-01
-7.420800215745140260e-01
-7.777964754153736671e-01
-7.777964754153736671e-01
-1.036401911385946395e+00
-1.036401911385946395e+00
-1.036401911385946395e+00
-1.036401911385946395e+00
-1.036401911385946395e+00
-9.285870713298685075e-01
-9.285870713298685075e-01
-9.181245401539479545e-01
-9.181245401539479545e-01
-9.181245401539479545e-01
-9.181245401539479545e-01
-9.181245401539479545e-01
-9.181245401539479545e-01
-9.942125948717203121e-01
-9.942125948717203121e-01
-9.942125948717203121e-01
-1.117348183397966377e+00
-1.117348183397966377e+00
-1.165550823847266049e+00
-1.016121062715013457e+00
-1.127793859518998909e+00
-1.127793859518998909e+00
-1.127793859518998909e+00
-1.127793859518998909e+00
-1.127793859518998909e+00
-1.127793859518998909e+00
-1.127793859518998909e+00
-1.056165057426057929e+00
-1.036842090527857030e+00
-1.036842090527857030e+00
-9.132438290960728233e-01
-9.132438290960728233e-01
-1.018730837889963992e+00
-1.018730837889963992e+00
-1.018730837889963992e+00
-1.095749341196070814e+00
-1.095749341196070814e+00
-1.095749341196070814e+00
-1.095749341196070814e+00
-1.031735716919153889e+00
-1.188645714451707969e+00
-6.657597659855716277e-01
-7.004946151090727380e-01
-7.004946151090727380e-01
-7.003814360267439643e-01
-7.003814360267439643e-01
-7.003814360267439643e-01
-7.003814360267439643e-01
-7.011379014456208258e-01
-7.011379014456208258e-01
-1.015371111052851827e+00
-1.015371111052851827e+00
-1.153797948689466057e+00
-9.307145198649164897e-01
-1.137249058753719400e+00
-5.935493430742834198e-01
-9.127524107153229815e-01
-8.692760800144152533e-01
-7.070456954049481046e-01
-1.057500426121150028e+00
-1.057500426121150028e+00
-1.057500426121150028e+00
-1.057500426121150028e+00
-1.057500426121150028e+00
-1.057500426121150028e+00
-1.057500426121150028e+00
-1.057500426121150028e+00
-1.057500426121150028e+00
-8.866397094196307727e-01
-8.866397094196307727e-01
-8.866397094196307727e-01
-8.162308255058212669e-01
-8.303611247486004654e-01
-8.303611247486004654e-01
-8.303611247486004654e-01
-8.303611247486004654e-01
-1.046729489048970674e+00
-9.969316555672947944e-01
-9.969316555672947944e-01
-1.144759012621490823e+00
-1.144759012621490823e+00
-1.159821560716917110e+00
-1.155969910158346936e+00
-1.158159200212423912e+00
-1.158159200212423912e+00
-1.089917615812245666e+00
-1.120226241006994972e+00
-1.120226241006994972e+00
-1.165637855329659578e+00
-1.165561015549597457e+00
-1.165561015549597457e+00
-5.485999387564037821e-01
-5.485999387564037821e-01
-1.045868002692919019e+00
-1.045868002692919019e+00
-1.045868002692919019e+00
-1.030992359362761679e+00
-7.995626010447050014e-01
-8.096278289225051772e-01
-8.153160859344307232e-01
-7.155860832929505921e-01
-7.155860832929505921e-01
-8.704529395276320303e-01
-8.704529395276320303e-01
-8.704529395276320303e-01
-8.341925252924751177e-01
-9.247585853050136473e-01
-8.541493957367798373e-01
-8.541493957367798373e-01
-8.541493957367798373e-01
-8.541493957367798373e-01
-7.441289747189955284e-01
-7.441289747189955284e-01
-8.079770396351211303e-01
-8.079770396351211303e-01
-8.079770396351211303e-01
-1.138593578054843514e+00
-1.138593578054843514e+00
-1.138593578054843514e+00
-1.217030119951999723e+00
-1.217030119951999723e+00
-7.508687850014273968e-01
-6.230391643248358591e-01
-6.230391643248358591e-01
-7.426670752134103548e-01
-7.426670752134103548e-01
-7.426670752134103548e-01
-7.426670752134103548e-01
-7.426670752134103548e-01
-7.426670752134103548e-01
-9.258166918797208211e-01
-9.270978489408154832e-01
-7.956981749613460941e-01
-7.956981749613460941e-01
-7.956981749613460941e-01
-7.956981749613460941e-01
-7.956981749613460941e-01
-6.602933662024337291e-01
-9.209489631875698024e-01
-9.786685459478968729e-01
-9.786685459478968729e-01
-9.786685459478968729e-01
-5.089683508564137870e-01
-5.089683508564137870e-01
-6.695862899920619338e-01
-6.695862899920619338e-01
-6.694875140159325388e-01
-6.694875140159325388e-01
-7.638266295934714734e-01
-8.735069725802339091e-01
-6.085191810463457252e-01
-6.085191810463457252e-01
-6.085191810463457252e-01
-6.085191810463457252e-01
-6.085191810463457252e-01
-6.085191810463457252e-01
-6.085191810463457252e-01
-6.085191810463457252e-01
-6.085191810463457252e-01
-6.085191810463457252e-01
-6.085191810463457252e-01
-6.422366061158036876e-01
-6.422366061158036876e-01
-6.422366061158036876e-01
-7.322453907551621510e-01
-7.322453907551621510e-01
-7.322453907551621510e-01
-7.588942406498085935e-01
-7.588942406498085935e-01
-7.055401407576179507e-01
-7.055401407576179507e-01
-7.803411870526459904e-01
-7.803411870526459904e-01
-7.304560658164936937e-01
-7.304560658164936937e-01
-7.304560658164936937e-01
-7.304560658164936937e-01
-7.304560658164936937e-01
-7.304560658164936937e-01
-7.304560658164936937e-01
-7.304560658164936937e-01
-7.425678946794577184e-01
-7.494147463922196106e-01
-7.526643366361314147e-01
-7.526643366361314147e-01
-7.526643366361314147e-01
-7.526643366361314147e-01
-8.744116876171278419e-01
-7.258669121841809790e-01
-7.258669121841809790e-01
-6.534569751585205255e-01
-5.456971065344607963e-01
-5.456971065344607963e-01
-5.454324031318013022e-01
-5.454324031318013022e-01
-5.454324031318013022e-01
-5.454324031318013022e-01
-5.454324031318013022e-01
-5.464942075651593179e-01
-7.125466345953080927e-01
-7.125466345953080927e-01
-7.125466345953080927e-01
-7.928431460841904865e-01
-8.029657450514275929e-01
-3.662108392810616286e-01
-3.971242435427806972e-01
-3.971242435427806972e-01
-3.971242435427806972e-01
-3.971242435427806972e-01
-3.971242435427806972e-01
-3.971242435427806972e-01
-3.971242435427806972e-01
-3.971242435427806972e-01
-3.971242435427806972e-01
-9.092789865437432839e-01
-9.337305837595090141e-01
-9.671185142068684515e-01
-5.023310608635431773e-01
-5.023310608635431773e-01
-5.023310608635431773e-01
-7.366227854851582491e-01
-7.366227854851582491e-01
-7.366227854851582491e-01
-5.936804511905277026e-01
-5.936804511905277026e-01
-5.936804511905277026e-01
-5.936804511905277026e-01
-5.936804511905277026e-01
-5.936804511905277026e-01
-5.936804511905277026e-01
-5.936804511905277026e-01
-7.336608381890670216e-01
-7.336608381890670216e-01
-7.596616869046920462e-01
-7.489949092917080886e-01
-7.491780214787570058e-01
-7.491780214787570058e-01
-7.833554705293733766e-01
-7.833554705293733766e-01
-7.833554705293733766e-01
-7.076546283601513609e-01
-7.076546283601513609e-01
-7.076546283601513609e-01
-7.076546283601513609e-01
-7.076546283601513609e-01
-7.076546283601513609e-01
-4.512693254788964770e-01
-4.512693254788964770e-01
-4.512693254788964770e-01
-5.727682925360023658e-01
-5.727682925360023658e-01
-5.727682925360023658e-01
-8.883922686121743517e-01
-8.883922686121743517e-01
-6.760756189121104320e-01
-6.760756189121104320e-01
-6.760756189121104320e-01
-7.456626551863011487e-01
-5.874007165150940679e-01
-5.874007165150940679e-01
-6.481901381023461584e-01
-7.272539216118492078e-01
-7.390699552010898676e-01
-6.903390281536379014e-01
-6.903390281536379014e-01
-1.179388625864248974e+00
-1.179388625864248974e+00
-1.159519556197453172e+00
-1.116441918886824869e+00
-1.116441918886824869e+00
-7.705831619385106190e-01
-7.705831619385106190e-01
-7.705831619385106190e-01
-7.705831619385106190e-01
-7.705831619385106190e-01
-7.705831619385106190e-01
-7.705831619385106190e-01
-7.705831619385106190e-01
-7.705831619385106190e-01
-7.705831619385106190e-01
-7.705831619385106190e-01
-7.705831619385106190e-01
-6.103303640859814028e-01
-6.103303640859814028e-01
-6.103303640859814028e-01
-6.103303640859814028e-01
-5.010447181245677450e-01
-5.010447181245677450e-01
-6.432065348647924008e-01
-4.290751744259658218e-01
-4.290751744259658218e-01
-4.352005971566375031e-01
-4.352005971566375031e-01
-4.352005971566375031e-01
-5.777795425202113533e-01
-6.008037235344484417e-01
-6.008037235344484417e-01
-6.008037235344484417e-01
-6.008037235344484417e-01
-6.008037235344484417e-01
-6.008037235344484417e-01
-6.008037235344484417e-01
-6.440616172404129980e-01
-6.440616172404129980e-01
-7.865192059869930974e-01
-7.866372868448030520e-01
-7.866372868448030520e-01
-7.866372868448030520e-01
-7.866372868448030520e-01
-7.906070943210324886e-01
-1.028346503035544313e+00
-1.028346503035544313e+00
-1.028346503035544313e+00
-4.370324948624759731e-01
-4.370324948624759731e-01
-9.619589533794866698e-01
-9.619589533794866698e-01
-8.644206195878086918e-01
-8.585773040740052320e-01
-8.461675153143035644e-01
-8.461675153143035644e-01
-8.461675153143035644e-01
-8.461675153143035644e-01
-8.461675153143035644e-01
-8.688252423418169057e-01
-8.688252423418169057e-01
-5.311898370478077558e-01
-8.208326629234063976e-01
-8.208326629234063976e-01
-7.205932578825671175e-01
-8.334745858172168953e-01
-6.615119939153555340e-01
-6.615119939153555340e-01
-6.362887016589776623e-01
-9.587568053730490814e-01
-9.208437197110728167e-01
-9.208437197110728167e-01
-6.112526451734865418e-01
-6.112526451734865418e-01
-6.354193687746645391e-01
-6.354193687746645391e-01
-6.354193687746645391e-01
-5.829091111525067648e-01
-5.829091111525067648e-01
-7.369522596856429297e-01
-5.395593014167342494e-01
-5.395593014167342494e-01
-5.395593014167342494e-01
-8.973671886684212451e-01
-9.115088432629475657e-01
-9.115088432629475657e-01
-9.115088432629475657e-01
-9.115088432629475657e-01
-9.115088432629475657e-01
-9.140014061374897025e-01
-9.140014061374897025e-01
-9.140014061374897025e-01
-7.720900732693128932e-01
-7.720900732693128932e-01
-7.720900732693128932e-01
-7.720900732693128932e-01
-7.720900732693128932e-01
-7.720900732693128932e-01
-7.740923662422108942e-01
-5.651906482974582424e-01
-5.651906482974582424e-01
-5.651906482974582424e-01
-5.641901082889176910e-01
-5.641901082889176910e-01
-5.641901082889176910e-01
-5.641901082889176910e-01
-5.641901082889176910e-01
-5.610138732439364784e-01
-6.627846548585030195e-01
-6.627846548585030195e-01
-6.627846548585030195e-01
-6.627846548585030195e-01
-6.627846548585030195e-01
-6.627846548585030195e-01
-6.627846548585030195e-01
-6.627846548585030195e-01
-9.077724514677888434e-01
-9.317370021355425580e-01
-9.317370021355425580e-01
-9.317370021355425580e-01
-9.008457327142835869e-01
-9.008457327142835869e-01
-8.770746301690097724e-01
-8.770746301690097724e-01
-5.835036140456489884e-01
-9.565476691146821420e-01
-9.565476691146821420e-01
-9.565476691146821420e-01
-9.565476691146821420e-01
-7.245385915541570077e-01
-7.245385915541570077e-01
-7.245385915541570077e-01
-7.267956669008868165e-01
-5.136902860529964920e-01
-7.667533787169458215e-01
-7.937974964836621572e-01
-7.639811219479153426e-01
-7.639811219479153426e-01
-6.079204408020518757e-01
-6.079204408020518757e-01
-6.079204408020518757e-01
-7.514935557215057793e-01
-7.514935557215057793e-01
-7.514935557215057793e-01
-7.548383990728683157e-01
-7.548383990728683157e-01
-7.545805562924413623e-01
-7.545805562924413623e-01
-8.119981821030869407e-01
-8.701239500419907236e-01
-6.983492558214997592e-01
-6.979121510296406594e-01
-6.979121510296406594e-01
-6.180916172498390759e-01
-6.180916172498390759e-01
-6.180916172498390759e-01
-6.985225202472747918e-01
-6.985225202472747918e-01
-6.282929441810962690e-01
-6.282929441810962690e-01
-6.290918997119779865e-01
-7.764848176646900191e-01
-7.764848176646900191e-01
-6.287966968372181720e-01
-6.287966968372181720e-01
-6.287966968372181720e-01
-6.287966968372181720e-01
-6.289137598147480634e-01
-6.289137598147480634e-01
-6.289137598147480634e-01
-6.289137598147480634e-01
-6.289137598147480634e-01
-6.289137598147480634e-01
-5.683253878982674756e-01
-5.118975543413472051e-01
-5.118975543413472051e-01
-5.118975543413472051e-01
-5.118975543413472051e-01
-5.118975543413472051e-01
-5.118975543413472051e-01
-4.943847047030234809e-01
-4.943847047030234809e-01
-7.004171992877913366e-01
-7.004171992877913366e-01
-6.406773175450921620e-01
-6.164149022220928309e-01
-6.164149022220928309e-01
-6.164149022220928309e-01
-6.164149022220928309e-01
-6.826070249146050095e-01
-6.826070249146050095e-01
-5.103309258145468652e-01
-5.086766231825644580e-01
-5.086766231825644580e-01
-5.086766231825644580e-01
-5.086766231825644580e-01
-7.897778643950389421e-01
-7.897778643950389421e-01
-7.897778643950389421e-01
-8.463427406230004113e-01
-8.463427406230004113e-01
-8.505851056612250272e-01
-8.505851056612250272e-01
-8.505851056612250272e-01
-8.578517114992156856e-01
-8.770808621265102634e-01
-8.770808621265102634e-01
-9.961607726385287576e-01
-8.872777264989435420e-01
-6.734034749530519726e-01
-6.632757299912355187e-01
-6.632757299912355187e-01
-6.632757299912355187e-01
-6.632757299912355187e-01
-6.632757299912355187e-01
-6.632757299912355187e-01
-6.632757299912355187e-01
-6.632757299912355187e-01
-7.040540444744283199e-01
-7.040540444744283199e-01
-7.040540444744283199e-01
-7.040540444744283199e-01
-7.040540444744283199e-01
-7.040540444744283199e-01
-7.040540444744283199e-01
-7.040540444744283199e-01
-5.972678783131160074e-01
-5.972678783131160074e-01
-5.972678783131160074e-01
-7.604461039931224020e-01
-5.853546485856283565e-01
-5.853546485856283565e-01
-5.853546485856283565e-01
-5.853546485856283565e-01
-6.011096152402620740e-01
-4.827767012031899396e-01
-4.827767012031899396e-01
-4.822809202717820432e-01
-8.837005519364270478e-01
-8.837005519364270478e-01
-8.647886266326784144e-01
-7.684775325289062708e-01
-6.781269895128497760e-01
-6.781269895128497760e-01
-6.781269895128497760e-01
-6.781269895128497760e-01
-7.462100987213119430e-01
-7.593854817994422080e-01
-7.593854817994422080e-01
-7.958692666128598381e-01
-7.283206013521210664e-01
-7.283206013521210664e-01
-7.283206013521210664e-01
-8.067273869729481017e-01
-8.067273869729481017e-01
-8.067273869729481017e-01
-7.936045258392406820e-01
-7.936045258392406820e-01
-7.255395280351296661e-01
-7.255395280351296661e-01
-5.347337141790043935e-01
-5.347337141790043935e-01
-5.347337141790043935e-01
-5.347337141790043935e-01
-5.773297912510648722e-01
-5.773297912510648722e-01
-5.773297912510648722e-01
-5.773297912510648722e-01
-5.773297912510648722e-01
-5.773297912510648722e-01
-8.511502095374184895e-01
-8.511502095374184895e-01
-8.511502095374184895e-01
-8.511502095374184895e-01
-8.511502095374184895e-01
-5.134681792990954952e-01
-8.270986332727088275e-01
-8.270986332727088275e-01
-8.270986332727088275e-01
-8.070533272916313727e-01
-8.070533272916313727e-01
-8.070533272916313727e-01
-8.550934987764527984e-01
-8.550934987764527984e-01
-7.721966032246615486e-01
-7.721966032246615486e-01
-7.721966032246615486e-01
-7.721966032246615486e-01
-7.721966032246615486e-01
-7.721966032246615486e-01
-7.721966032246615486e-01
-7.721966032246615486e-01
-7.721966032246615486e-01
-7.721966032246615486e-01
-7.724510773022340571e-01
-7.724510773022340571e-01
-7.933141228345270690e-01
-7.986948504752339195e-01
-7.986948504752339195e-01
-7.986948504752339195e-01
-7.986948504752339195e-01
-7.986948504752339195e-01
-7.986948504752339195e-01
-6.878825301822966143e-01
-6.878825301822966143e-01
-5.625111650921054141e-01
-5.625111650921054141e-01
-5.625111650921054141e-01
-5.625111650921054141e-01
-5.625111650921054141e-01
-8.871161480576300606e-01
-8.871161480576300606e-01
-8.871161480576300606e-01
-8.871161480576300606e-01
-8.871161480576300606e-01
-5.145569723890627278e-01
-5.145569723890627278e-01
-5.145569723890627278e-01
-5.145569723890627278e-01
-5.145569723890627278e-01
-6.066124159910822877e-01
-6.066124159910822877e-01
-6.066124159910822877e-01
-6.382746960298659733e-01
-6.382746960298659733e-01
-6.214467228478665062e-01
-7.318132001831982869e-01
-7.318132001831982869e-01
-7.475223051017825249e-01
-7.475223051017825249e-01
-7.475223051017825249e-01
-7.475223051017825249e-01
-7.491615074320260304e-01
-7.525125629089363111e-01
-8.685388191876404207e-01
-8.685388191876404207e-01
-8.618809969152007033e-01
-8.453026203010438611e-01
-8.453026203010438611e-01
-8.411636833622636589e-01
-8.411636833622636589e-01
-8.411636833622636589e-01
-7.430293148616156085e-01
-7.592787117437915789e-01
-9.202127310907055602e-01
-7.754609200077434705e-01
-7.754609200077434705e-01
-7.010600591638092016e-01
-7.574498185856967103e-01
-6.735124311366187388e-01
-6.663833063163820958e-01
-7.070927743141562916e-01
-7.070927743141562916e-01
-9.274387771171275219e-01
-9.274387771171275219e-01
-9.274387771171275219e-01
-9.814929619856039844e-01
-9.814929619856039844e-01
-7.230232751325026408e-01
-7.230232751325026408e-01
-6.669610168188598864e-01
-7.843222513992123002e-01
-7.843222513992123002e-01
-5.602127023629299707e-01
-5.246509516764874537e-01
-4.706679271528209640e-01
-4.706679271528209640e-01
-5.900913450902381951e-01
-5.900913450902381951e-01
-6.088414582749681614e-01
-7.871349372492675300e-01
-7.871349372492675300e-01
-7.871349372492675300e-01
-7.871349372492675300e-01
-7.871349372492675300e-01
-7.871349372492675300e-01
-8.355971152659317225e-01
-7.218809789640645569e-01
-7.218809789640645569e-01
-7.510593638563231034e-01
-6.251017936824695420e-01
-6.251017936824695420e-01
-6.251017936824695420e-01
-7.806510666369006479e-01
-7.806510666369006479e-01
-6.564841066349544896e-01
-6.535610525505827217e-01
-6.535610525505827217e-01
-6.535610525505827217e-01
-6.099469693577893592e-01
-6.120257230886235744e-01
-6.120257230886235744e-01
-5.216566770561547051e-01
-6.356973010859326978e-01
-6.356973010859326978e-01
-6.385194556705552360e-01
-6.148631833687759896e-01
-6.148631833687759896e-01
-5.683156219031429979e-01
-5.683156219031429979e-01
-5.683156219031429979e-01
-6.553167334265307398e-01
-6.553167334265307398e-01
-5.813288432986173371e-01
-5.813288432986173371e-01
-5.813288432986173371e-01
-5.813288432986173371e-01
-6.611363858741019506e-01
-6.611363858741019506e-01
-6.611363858741019506e-01
-6.611363858741019506e-01
-6.611363858741019506e-01
-7.228142235940939742e-01
-6.698352986518458785e-01
-6.619723081494899297e-01
-6.619723081494899297e-01
-6.619723081494899297e-01
-6.619723081494899297e-01
-6.818021452898875845e-01
-6.818021452898875845e-01
-6.695871732488357653e-01
-6.475317334203253283e-01
-6.475317334203253283e-01
-6.475317334203253283e-01
-6.496366920875503714e-01
-6.496366920875503714e-01
-6.496366920875503714e-01
-6.499883210203769579e-01
-6.499883210203769579e-01
-7.031967757732662250e-01
-7.458669166328201205e-01
-7.415607471123040195e-01
-6.876766291428135780e-01
-8.219990557767995476e-01
-8.219990557767995476e-01
-8.219990557767995476e-01
-8.800102910793845545e-01
-8.213343093180941468e-01
-8.213343093180941468e-01
-8.607311915706366001e-01
-7.326038006655630763e-01
-7.595702066313533285e-01
-7.595702066313533285e-01
-7.595702066313533285e-01
-8.026118817367273728e-01
-5.963062243836456666e-01
-8.562149655905574308e-01
-6.548905295916978009e-01
-5.261539693816517094e-01
-4.826795872048135205e-01
-4.826795872048135205e-01
-6.063481148647800190e-01
-6.063481148647800190e-01
-7.992814661281055777e-01
-7.992814661281055777e-01
-7.992814661281055777e-01
-6.531333651403226082e-01
-4.674975690459654554e-01
-4.594992165130490358e-01
-4.594992165130490358e-01
-8.126235788678743965e-01
-8.722483674924007557e-01
-8.683159847558746813e-01
-8.650139899890494366e-01
-8.650139899890494366e-01
-8.650139899890494366e-01
-5.904725501145502431e-01
-5.472058390157318319e-01
-5.472058390157318319e-01
-5.525804721817690890e-01
-5.637181132449553544e-01
-5.637181132449553544e-01
-5.637181132449553544e-01
-4.695123865386157669e-01
-5.406253307926273122e-01
-5.362905373431060552e-01
-5.362905373431060552e-01
-5.362905373431060552e-01
-5.362905373431060552e-01
-5.362905373431060552e-01
-5.362905373431060552e-01
-6.574960528678908123e-01
-6.549138221988477504e-01
-6.549138221988477504e-01
-5.551572137664708695e-01
-5.952604035350885781e-01
-5.952604035350885781e-01
-5.952604035350885781e-01
-5.952604035350885781e-01
-6.326784434963095283e-01
-6.326784434963095283e-01
-6.303173707149850591e-01
-5.488885493250821312e-01
-5.488885493250821312e-01
-5.488885493250821312e-01
-5.488885493250821312e-01
-5.488885493250821312e-01
-5.488885493250821312e-01
-5.740176208618500420e-01
-5.740176208618500420e-01
-5.740176208618500420e-01
-5.282943263334083372e-01
-9.459051187645354242e-01
-8.626166088270604826e-01
-4.142034395869957364e-01
-4.142034395869957364e-01
-4.142034395869957364e-01
-8.861535977164933797e-01
-8.861535977164933797e-01
-8.861535977164933797e-01
-8.127289498059869777e-01
-8.127289498059869777e-01
-8.774433975595117285e-01
-8.774433975595117285e-01
-8.774433975595117285e-01
-8.766482030284347138e-01
-8.766482030284347138e-01
-8.772284902424752895e-01
-6.860139686190117603e-01
-6.860139686190117603e-01
-6.860139686190117603e-01
-6.956090844219308122e-01
-6.902741765751239100e-01
-6.902741765751239100e-01
-6.902741765751239100e-01
-6.902741765751239100e-01
-6.902741765751239100e-01
-6.902741765751239100e-01
-6.902741765751239100e-01
-6.902741765751239100e-01
-6.902741765751239100e-01
-6.902741765751239100e-01
-8.014546627397630685e-01
-7.823418736751076574e-01
-7.956711922995042263e-01
-6.809973846743699877e-01
-6.809973846743699877e-01
-6.809973846743699877e-01
-6.809973846743699877e-01
-6.809973846743699877e-01
-6.809973846743699877e-01
-4.734381938427822956e-01
-4.530849458012822795e-01
-4.530849458012822795e-01
-4.530849458012822795e-01
-4.530849458012822795e-01
-4.530849458012822795e-01
-4.275645619677183595e-01
-4.275645619677183595e-01
-4.275645619677183595e-01
-4.292306217980072502e-01
-7.776141242655619790e-01
-7.742614428572203167e-01
-8.038120756839011172e-01
-8.038120756839011172e-01
-7.967144014292496523e-01
-7.967144014292496523e-01
-7.967144014292496523e-01
-7.967144014292496523e-01
-7.967144014292496523e-01
-5.091005983633923870e-01
-5.091005983633923870e-01
-5.091005983633923870e-01
-5.091005983633923870e-01
-5.091005983633923870e-01
-5.091005983633923870e-01
-6.208003631202630990e-01
-6.208003631202630990e-01
-6.208003631202630990e-01
-6.208003631202630990e-01
-6.208003631202630990e-01
-7.085891080102399986e-01
-7.490250964171579762e-01
-7.490250964171579762e-01
-7.490250964171579762e-01
-7.490250964171579762e-01
-7.490250964171579762e-01
-7.490250964171579762e-01
-7.490250964171579762e-01
-7.490250964171579762e-01
-8.403612022929031200e-01
-7.045945641456184960e-01
-7.045945641456184960e-01
-7.045945641456184960e-01
-7.397890439570241616e-01
-7.397890439570241616e-01
-5.471457274280024929e-01
-7.037695684824899489e-01
-7.037695684824899489e-01
-7.037695684824899489e-01
-5.822080427535547553e-01
-8.921278391828798560e-01
-8.921278391828798560e-01
-8.921278391828798560e-01
-8.781644543784388190e-01
-8.781644543784388190e-01
-8.781644543784388190e-01
-8.798758021831075693e-01
-6.383807411231890994e-01
-6.383807411231890994e-01
-6.383807411231890994e-01
-6.383807411231890994e-01
-6.383807411231890994e-01
-6.383807411231890994e-01
-6.383807411231890994e-01
-6.383807411231890994e-01
-6.383807411231890994e-01
-8.658492031411497702e-01
-5.787611240223710096e-01
-5.787611240223710096e-01
-5.787611240223710096e-01
-5.787611240223710096e-01
-1.113412653223534665e+00
-5.158919197132023626e-01
-5.158919197132023626e-01
-5.188876258844612455e-01
-5.188876258844612455e-01
-5.188876258844612455e-01
-5.188876258844612455e-01
-7.149258181140868418e-01
-7.149258181140868418e-01
-7.149258181140868418e-01
-7.149258181140868418e-01
-7.149258181140868418e-01
-7.947045927608834548e-01
-7.947045927608834548e-01
-8.082569647910959887e-01
-8.083483800216425541e-01
-8.083483800216425541e-01
-8.083483800216425541e-01
-8.083483800216425541e-01
-7.848500778536715572e-01
-7.848500778536715572e-01
-4.826442347607657335e-01
-4.826442347607657335e-01
-4.826442347607657335e-01
-4.638646529766692894e-01
-4.035971214118949657e-01
-2.050606527408857793e-01
-1.022954106686809972e+00
-1.022954106686809972e+00
-1.028337593381595250e+00
-9.970010770048576276e-01
-9.970010770048576276e-01
-1.013511489925529530e+00
-8.812230600534278757e-01
-9.241350296205607107e-01
-9.241350296205607107e-01
-9.241350296205607107e-01
-9.241350296205607107e-01
-1.068680780435381061e+00
-1.102316821029438731e+00
-1.102316821029438731e+00
-1.102316821029438731e+00
-1.102316821029438731e+00
-1.059743683415637738e+00
-1.059743683415637738e+00
-1.009414695244174043e+00
-1.039854392892341606e+00
-1.115867032908022694e+00
-1.115867032908022694e+00
-1.063118661485084271e+00
-1.063118661485084271e+00
-9.861851428772927530e-01
-1.116338564371332831e+00
-1.119361494292224313e+00
-1.072297196324295543e+00
-1.072297196324295543e+00
-1.055621150490879678e+00
-1.055621150490879678e+00
-1.028144345452916442e+00
-6.605480354622615957e-01
-6.605480354622615957e-01
-7.847801046478513065e-01
-9.116372111899953001e-01
-9.186684466627105250e-01
-9.186684466627105250e-01
-9.186684466627105250e-01
-8.126873110181139781e-01
-8.126873110181139781e-01
-8.504699695735014053e-01
-3.623775982443566690e-01
-5.779074331084529392e-01
-5.779074331084529392e-01
-5.418687964566040183e-01
-5.418687964566040183e-01
-5.418687964566040183e-01
-5.418687964566040183e-01
-5.418687964566040183e-01
-5.896451211553928040e-01
-9.069361724102622535e-01
-1.055652340574318337e+00
-1.055652340574318337e+00
-1.055652340574318337e+00
-8.316453321547072619e-01
-8.316453321547072619e-01
-9.939061963798522248e-01
-9.939061963798522248e-01
-9.718969268107793269e-01
-9.718969268107793269e-01
-7.797136517332865502e-01
-7.797136517332865502e-01
-7.797136517332865502e-01
-9.569898330437991429e-01
-9.569898330437991429e-01
-9.569898330437991429e-01
-1.001415752887396815e+00
-1.001415752887396815e+00
-1.001415752887396815e+00
-1.001415752887396815e+00
-1.160876427660320287e+00
-1.160876427660320287e+00
-5.452498731715619273e-01
-5.452498731715619273e-01
-5.452498731715619273e-01
-5.452498731715619273e-01
-5.452498731715619273e-01
-5.452498731715619273e-01
-6.086277790405384414e-01
-6.866674662757810133e-01
-6.866674662757810133e-01
-6.866674662757810133e-01
-6.866674662757810133e-01
-6.866674662757810133e-01
-7.162063165769489981e-01
-7.162063165769489981e-01
-6.397732904867469150e-01
-6.397732904867469150e-01
-6.397732904867469150e-01
-6.580087897971084177e-01
-6.580087897971084177e-01
-6.580087897971084177e-01
-6.580087897971084177e-01
-6.580087897971084177e-01
-6.580087897971084177e-01
-6.580087897971084177e-01
-6.580087897971084177e-01
-6.580087897971084177e-01
-6.580087897971084177e-01
-4.275093131945864600e-01
-5.899056962333038001e-01
-6.031637146515905767e-01
-6.921042028801588364e-01
-5.637715244796603908e-01
-9.173458729554242463e-01
-8.866333521697682407e-01
-8.866333521697682407e-01
-8.866333521697682407e-01
-8.866333521697682407e-01
-8.866333521697682407e-01
-8.866333521697682407e-01
-8.687353640156433299e-01
-8.687353640156433299e-01
-8.687353640156433299e-01
-8.670448878027958717e-01
-7.268249578705908709e-01
-9.995121949141827500e-01
-1.003978434335460079e+00
-1.003978434335460079e+00
-1.003978434335460079e+00
-1.003978434335460079e+00
-1.003978434335460079e+00
-9.531230325529296277e-01
-5.250201484016010500e-01
-5.250201484016010500e-01
-5.250201484016010500e-01
-5.250201484016010500e-01
-5.250201484016010500e-01
-5.583433755431426171e-01
-6.113266204455111152e-01
-6.115162502550762769e-01
-6.115162502550762769e-01
-6.115162502550762769e-01
-6.115162502550762769e-01
-6.115162502550762769e-01
-6.115162502550762769e-01
-6.115162502550762769e-01
-5.564578877097271503e-01
-5.399955684024159153e-01
-7.850675145989267634e-01
-7.850675145989267634e-01
-7.850675145989267634e-01
-7.850675145989267634e-01
-7.657230525407486832e-01
-7.657230525407486832e-01
-6.865568893035731701e-01
-6.865568893035731701e-01
-6.865568893035731701e-01
-6.276784724283106520e-01
-6.276784724283106520e-01
-6.276784724283106520e-01
-6.320308583115230583e-01
-6.543856969774194399e-01
-5.935634885012304185e-01
-5.411108597447583657e-01
-5.411108597447583657e-01
-5.411108597447583657e-01
-5.625783665501239428e-01
-5.625783665501239428e-01
-5.627441626656008999e-01
-9.507956534652539649e-01
-7.605145006089085724e-01
-7.605145006089085724e-01
-8.243949256299488715e-01
-8.243949256299488715e-01
-8.243949256299488715e-01
-8.243949256299488715e-01
-8.243949256299488715e-01
-6.597641356357734077e-01
-7.449976342397508500e-01
-7.449976342397508500e-01
-6.027431176309242522e-01
-9.541379283343598416e-01
-5.574265119520549483e-01
-5.574265119520549483e-01
-5.574265119520549483e-01
-5.574265119520549483e-01
-5.574265119520549483e-01
-8.228503985361963480e-01
-8.208789476666860097e-01
-9.151762702467968191e-01
-4.814943885887520425e-01
-4.814943885887520425e-01
-7.077263730611743631e-01
-7.077263730611743631e-01
-8.882044525015371228e-01
-5.962207197180230400e-01
-4.876290112507965513e-01
-5.854194639957703838e-01
-5.949227141144661779e-01
-5.979358082207463232e-01
-4.551073245316504812e-01
-4.551073245316504812e-01
-4.581625367180446329e-01
-4.684579668552493747e-01
-6.600695391969993997e-01
-6.600695391969993997e-01
-6.600695391969993997e-01
-9.134627159383046369e-01
-9.134627159383046369e-01
-7.971359057304336915e-01
-7.971359057304336915e-01
-7.688797699715358425e-01
-4.067820536240660534e-01
-4.982129347192318924e-01
-5.325804703922412120e-01
-5.325804703922412120e-01
-5.325804703922412120e-01
-7.109480028973472754e-01
-7.109480028973472754e-01
-7.293932145610162454e-01
-7.293932145610162454e-01
-7.205993487713994172e-01
-5.854989067618624476e-01
-6.474500916346548340e-01
-6.474500916346548340e-01
-5.527792237822695132e-01
-5.527792237822695132e-01
-4.569104986809250368e-01
-4.656793024460542663e-01
-4.656793024460542663e-01
-4.424254831405788346e-01
-5.364207267288989556e-01
-5.364207267288989556e-01
-5.577529528527560565e-01
-3.188942593371859591e-01
-3.188942593371859591e-01
-3.188942593371859591e-01
-3.208061906691870302e-01
-3.208061906691870302e-01
-3.408335966743019640e-01
-8.048648041149680799e-01
-7.985866219252937270e-01
-8.415722922919329774e-01
-7.629859142353708767e-01
-7.629859142353708767e-01
-7.629859142353708767e-01
-7.923198193828598912e-01
-7.923198193828598912e-01
-7.923198193828598912e-01
-8.189477777723728202e-01
-8.189477777723728202e-01
-8.189477777723728202e-01
-7.188926648636549954e-01
-7.188926648636549954e-01
-7.188926648636549954e-01
-7.188926648636549954e-01
-7.188926648636549954e-01
-7.188926648636549954e-01
-7.188926648636549954e-01
-7.188926648636549954e-01
-7.188926648636549954e-01
-7.188926648636549954e-01
-7.188926648636549954e-01
-7.188926648636549954e-01
-7.188926648636549954e-01
-7.188926648636549954e-01
-7.188926648636549954e-01
-7.188926648636549954e-01
-6.880436800446785295e-01
-6.880436800446785295e-01
-6.880436800446785295e-01
-6.880436800446785295e-01
-6.880436800446785295e-01
-6.880436800446785295e-01
-8.699291973058285166e-01
-8.699291973058285166e-01
-8.699291973058285166e-01
-8.699291973058285166e-01
-8.699291973058285166e-01
-8.699291973058285166e-01
-8.658301130131382806e-01
-8.658301130131382806e-01
-5.827955091080179173e-01
-8.744347038964023211e-01
-7.759127984721715388e-01
-8.563288177994881067e-01
-8.563288177994881067e-01
-8.563288177994881067e-01
-8.563288177994881067e-01
-8.563288177994881067e-01
-8.442461347295233676e-01
-8.469598813352486877e-01
-8.469598813352486877e-01
-8.469598813352486877e-01
-7.676715817128824115e-01
-7.676715817128824115e-01
-7.676715817128824115e-01
-8.218574302072908511e-01
-8.218574302072908511e-01
-8.218574302072908511e-01
-8.218574302072908511e-01
-8.218574302072908511e-01
-8.168500618781721068e-01
-8.168500618781721068e-01
-8.168500618781721068e-01
-8.168500618781721068e-01
-6.750148556830030122e-01
-8.034120376227680271e-01
-8.034120376227680271e-01
-8.034120376227680271e-01
-8.034120376227680271e-01
-8.034120376227680271e-01
-8.566618143977650091e-01
-8.485156326864989884e-01
-8.485156326864989884e-01
-8.485156326864989884e-01
-1.095306476590274247e+00
-6.236171447913708699e-01
-7.015856519634772193e-01
-7.818774059073487770e-01
-7.818774059073487770e-01
-7.818774059073487770e-01
-7.818774059073487770e-01
-7.818774059073487770e-01
-7.818774059073487770e-01
-9.798975357711935397e-01
-9.798975357711935397e-01
-9.844343561672134202e-01
-9.528827222851808942e-01
-8.381377656389458197e-01
-8.812232497073528847e-01
-7.789554581634478003e-01
-7.789554581634478003e-01
-7.877555929999457973e-01
-7.940154234943510581e-01
-8.661833559795825144e-01
-8.661833559795825144e-01
-6.855341027956056710e-01
-6.832196289522631805e-01
-6.832196289522631805e-01
-6.832196289522631805e-01
-6.832196289522631805e-01
-6.912474752519407462e-01
-6.912474752519407462e-01
-6.912474752519407462e-01
-6.999075806456462878e-01
-6.999075806456462878e-01
-7.873497215904773361e-01
-9.358046458556491531e-01
-9.358046458556491531e-01
-9.358046458556491531e-01
-9.358046458556491531e-01
-5.481254084141609084e-01
-6.992121315262654901e-01
-6.988785552703119519e-01
-6.988785552703119519e-01
-6.988785552703119519e-01
-6.988785552703119519e-01
-6.988785552703119519e-01
-6.988785552703119519e-01
-6.988785552703119519e-01
-6.988785552703119519e-01
-7.466245659492404263e-01
-7.466245659492404263e-01
-8.587367044102981462e-01
-8.587367044102981462e-01
-9.498606993785907449e-01
-9.498606993785907449e-01
-8.797554883344609333e-01
-8.656375467895263132e-01
-8.656375467895263132e-01
-8.656375467895263132e-01
-8.656375467895263132e-01
-7.894441319163909565e-01
-7.894441319163909565e-01
-7.894441319163909565e-01
-6.116271981689211934e-01
-7.560481122708934132e-01
-7.560481122708934132e-01
-7.167794458118318390e-01
-6.499342788890769551e-01
-6.801141793838234584e-01
-6.801141793838234584e-01
-6.755954618918506016e-01
-4.618146143858261055e-01
-4.335126311987748671e-01
-4.335126311987748671e-01
-4.335126311987748671e-01
-4.335126311987748671e-01
-4.335126311987748671e-01
-4.335126311987748671e-01
-4.335126311987748671e-01
-4.335126311987748671e-01
-4.335126311987748671e-01
-4.335126311987748671e-01
-4.335126311987748671e-01
-4.335126311987748671e-01
-4.335126311987748671e-01
-4.335126311987748671e-01
-4.335126311987748671e-01
-5.070715124860815104e-01
-5.070715124860815104e-01
-5.107244532815794491e-01
-6.638939259915094260e-01
-7.022293730515191124e-01
-6.810996178033972281e-01
-6.810996178033972281e-01
-6.810996178033972281e-01
-6.892873961596713839e-01
-6.563199932167679274e-01
-5.095446494180645436e-01
-5.095446494180645436e-01
-8.135020099785092995e-01
-8.135020099785092995e-01
-8.135020099785092995e-01
-7.157035576138737198e-01
-7.157035576138737198e-01
-7.157035576138737198e-01
-7.157035576138737198e-01
-7.157035576138737198e-01
-5.764499765361070782e-01
-5.764499765361070782e-01
-5.807890824353898473e-01
-5.807890824353898473e-01
-5.298706309833642880e-01
-7.122266598068186516e-01
-6.388798105742732325e-01
-6.884456031340234761e-01
-9.746552158105836750e-01
-9.746552158105836750e-01
-9.690250705453639091e-01
-9.690250705453639091e-01
-9.690250705453639091e-01
-9.690250705453639091e-01
-9.690250705453639091e-01
-9.100665122714873823e-01
-9.100665122714873823e-01
-9.100665122714873823e-01
-9.100665122714873823e-01
-6.901384734590786385e-01
-6.901384734590786385e-01
-1.075567408449053852e+00
-1.079566548421180938e+00
-1.079566548421180938e+00
-1.065363104517546011e+00
-1.065363104517546011e+00
-1.065363104517546011e+00
-1.065363104517546011e+00
-1.065363104517546011e+00
-1.065363104517546011e+00
-4.511939643822260315e-01
-4.511939643822260315e-01
-4.511939643822260315e-01
-4.511939643822260315e-01
-8.549724227943097388e-01
-9.043606545557887344e-01
-9.043606545557887344e-01
-9.043606545557887344e-01
-9.043606545557887344e-01
-9.043606545557887344e-01
-8.463976380339368610e-01
-8.463976380339368610e-01
-8.463976380339368610e-01
-8.463976380339368610e-01
-8.463976380339368610e-01
-8.463976380339368610e-01
-4.627770334364054161e-01
-4.627770334364054161e-01
-6.756560318825689526e-01
-6.756560318825689526e-01
-6.756560318825689526e-01
-6.130513893809208525e-01
-5.780673912172488160e-01
-5.780673912172488160e-01
-5.763095063320172740e-01
-7.669540280505861007e-01
-5.923594757703167790e-01
-6.440482110149570172e-01
-5.741965950086156401e-01
-6.308511285109947853e-01
-8.395529917735229386e-01
-7.722186741048516767e-01
-7.722186741048516767e-01
-7.722186741048516767e-01
-7.020522483036116812e-01
-6.659645061780221642e-01
-6.659645061780221642e-01
-6.659645061780221642e-01
-6.424350713872291063e-01
-6.455768978901540445e-01
-6.455768978901540445e-01
-6.625395999642345046e-01
-6.657105954718789409e-01
-5.232075010969412521e-01
-5.232075010969412521e-01
-5.232075010969412521e-01
-5.232075010969412521e-01
-5.232075010969412521e-01
-4.608867266007143360e-01
-4.608867266007143360e-01
-4.612349574349126069e-01
-4.612349574349126069e-01
-5.052304790315534921e-01
-6.587355625278290550e-01
-6.280345895048189409e-01
-7.244093009145430306e-01
-7.244093009145430306e-01
-6.851246266276802555e-01
-6.851246266276802555e-01
-4.015354683884236886e-01
-4.015354683884236886e-01
-9.150671627988257173e-01
-9.150671627988257173e-01
-1.076532201794242916e+00
-1.022774282372195920e+00
-8.898257919869659860e-01
-5.601114098373044525e-01
-5.601114098373044525e-01
-5.601114098373044525e-01
-5.601114098373044525e-01
-5.601114098373044525e-01
-6.101783897406538593e-01
-6.101783897406538593e-01
-6.101783897406538593e-01
-6.101783897406538593e-01
-6.101783897406538593e-01
-6.101783897406538593e-01
-6.101783897406538593e-01
-6.101783897406538593e-01
-6.101783897406538593e-01
-7.214476981105871767e-01
-7.214476981105871767e-01
-7.111213973808291344e-01
-6.613054125318793552e-01
-6.666514659211300042e-01
-6.666514659211300042e-01
-6.666514659211300042e-01
-9.274912665568997294e-01
-1.095466051373635397e+00
-1.095466051373635397e+00
-1.159636508781894282e+00
-1.096868726843143182e+00
-1.096868726843143182e+00
-6.216829763326254810e-01
-6.216829763326254810e-01
-6.216829763326254810e-01
-6.216829763326254810e-01
-6.216829763326254810e-01
-6.216829763326254810e-01
-6.216829763326254810e-01
-6.128927823787502227e-01
-6.128927823787502227e-01
-6.128927823787502227e-01
-6.128927823787502227e-01
-7.406728882493034405e-01
-6.745042714616098500e-01
-1.039870995207945681e+00
-9.465200216112379383e-01
-9.465200216112379383e-01
-9.465200216112379383e-01
-1.129622409037263742e+00
-1.129622409037263742e+00
-1.129622409037263742e+00
-1.184726172786964238e+00
-9.533102351614043402e-01
-9.240727133962107764e-01
-9.314219943153719816e-01
-1.130825968667340531e+00
-8.901631687828053252e-01
-8.901631687828053252e-01
-8.901631687828053252e-01
-8.901631687828053252e-01
-6.493706158042417131e-01
-6.493706158042417131e-01
-6.493706158042417131e-01
-9.727578308935206364e-01
-4.310847317509712284e-01
-4.040235986765574050e-01
-4.044619779992924546e-01
-4.044619779992924546e-01
-5.568321570489538352e-01
-7.767444871684908714e-01
-7.767444871684908714e-01
-7.767444871684908714e-01
-7.767444871684908714e-01
-7.767444871684908714e-01
-6.436970039728829862e-01
-6.436970039728829862e-01
-6.436970039728829862e-01
-6.436970039728829862e-01
-6.831713718801210034e-01
-6.743721719048566543e-01
-6.743721719048566543e-01
-6.743721719048566543e-01
-6.743721719048566543e-01
-6.743721719048566543e-01
-6.208594758991963225e-01
-6.208594758991963225e-01
-9.025577397964106297e-01
-9.610365740040609506e-01
-9.610365740040609506e-01
-6.713240909243015642e-01
-7.588597482036634201e-01
-7.588597482036634201e-01
-7.588597482036634201e-01
-7.588597482036634201e-01
-7.588597482036634201e-01
-7.459754337336679253e-01
-7.459754337336679253e-01
-6.707202439755129975e-01
-7.630459793217118092e-01
-6.541262002797152419e-01
-6.541262002797152419e-01
-6.169872960988433963e-01
-6.169872960988433963e-01
-8.942746241921667449e-01
-8.942746241921667449e-01
-6.919972928241577836e-01
-6.919972928241577836e-01
-6.919972928241577836e-01
-6.919972928241577836e-01
-6.919972928241577836e-01
-6.919972928241577836e-01
-6.919972928241577836e-01
-7.427835180616226829e-01
-7.427835180616226829e-01
-8.294178614634626356e-01
-8.294178614634626356e-01
-8.413510399115359251e-01
-8.413510399115359251e-01
-8.963005317583986331e-01
-8.963005317583986331e-01
-1.044961988026837929e+00
-1.181521642659803639e+00
-6.215889463388430958e-01
-9.338162531283579204e-01
-9.338162531283579204e-01
-8.930969415145699752e-01
-8.930969415145699752e-01
-8.930969415145699752e-01
-5.442658245084284196e-01
-5.547298132728983866e-01
-7.116811370715827589e-01
-7.178264029688330439e-01
-7.178264029688330439e-01
-7.178264029688330439e-01
-7.178264029688330439e-01
-7.265171803167060904e-01
-7.265171803167060904e-01
-7.265171803167060904e-01
-7.265171803167060904e-01
-7.265171803167060904e-01
-7.265171803167060904e-01
-6.229258679728191250e-01
-6.026502698642000055e-01
-6.135059025470634975e-01
-5.423753849955675888e-01
-7.674479526861005541e-01
-7.674479526861005541e-01
-7.674479526861005541e-01
-7.356216274815173817e-01
-4.917616874352945255e-01
-4.917616874352945255e-01
-5.577932319562035612e-01
-5.577932319562035612e-01
-5.577932319562035612e-01
-9.868899287554745436e-01
-1.075036999786296521e+00
-9.224027749554802869e-01
-9.224027749554802869e-01
-9.224027749554802869e-01
-8.009830472955625780e-01
-9.210766789098741025e-01
-9.210766789098741025e-01
-9.210766789098741025e-01
-9.840581805632092616e-01
-9.840581805632092616e-01
-9.537067712061845226e-01
-9.537067712061845226e-01
-8.976134292215871557e-01
-8.976134292215871557e-01
-8.093281365058369037e-01
-8.093281365058369037e-01
