# Variable: dg_gbvi_00000053
# Sample shape: (2565,)
# Date: 2013-03-08 06:18:12.721772
-3.510017375469666190e-01
-7.135642963523161075e-01
-8.069332665067514565e-01
-7.402534905459366987e-01
-1.136065700692582281e+00
-1.071633083862852276e+00
-1.071633083862852276e+00
-5.585426165798936804e-01
-5.585426165798936804e-01
5.254436250545834602e-02
5.254436250545834602e-02
5.254436250545834602e-02
5.254436250545834602e-02
5.254436250545834602e-02
1.056541331603741002e-01
9.954667602170379215e-02
1.901532402521234622e-01
1.901532402521234622e-01
1.901532402521234622e-01
1.434397822049342242e-01
8.412149247018159415e-02
2.194802540018543080e-01
2.194802540018543080e-01
2.009266736459447700e-01
1.450638340759274336e-01
1.450638340759274336e-01
1.450638340759274336e-01
3.452631244812313094e-01
3.452631244812313094e-01
3.452631244812313094e-01
2.838297336092942547e-01
2.838297336092942547e-01
2.838297336092942547e-01
2.838297336092942547e-01
2.838297336092942547e-01
2.838297336092942547e-01
2.838297336092942547e-01
3.232418442076356313e-01
3.232418442076356313e-01
3.232418442076356313e-01
2.642412716363594094e-01
4.496087775960077582e-01
3.919159500815051489e-01
3.919159500815051489e-01
3.756678583958299456e-01
4.402822546856255959e-01
4.504890188173965027e-01
3.614379414831845327e-01
2.834260344553361510e-01
2.834260344553361510e-01
2.834260344553361510e-01
2.834260344553361510e-01
2.834260344553361510e-01
2.834260344553361510e-01
2.834260344553361510e-01
3.490639244208151859e-01
3.603219184512562179e-01
3.603219184512562179e-01
3.603219184512562179e-01
3.603219184512562179e-01
3.642453682401353143e-01
3.642453682401353143e-01
3.642453682401353143e-01
3.626888615314464714e-01
3.626888615314464714e-01
3.626888615314464714e-01
3.626888615314464714e-01
3.626888615314464714e-01
3.626888615314464714e-01
3.626888615314464714e-01
3.626888615314464714e-01
3.626888615314464714e-01
3.671862827675850816e-01
3.861441142868946019e-01
3.861441142868946019e-01
3.861441142868946019e-01
3.861441142868946019e-01
3.861441142868946019e-01
3.327579895567871482e-01
2.903916534646217573e-01
4.722639497366249439e-01
4.722639497366249439e-01
4.722639497366249439e-01
4.722639497366249439e-01
4.358124064158939159e-01
4.358124064158939159e-01
4.358124064158939159e-01
2.999654789477725347e-01
2.999654789477725347e-01
2.999654789477725347e-01
4.113722401485959690e-01
4.113722401485959690e-01
4.113722401485959690e-01
4.113722401485959690e-01
4.113722401485959690e-01
3.309349598676468718e-01
3.309349598676468718e-01
3.309349598676468718e-01
3.309349598676468718e-01
3.273143626129959016e-01
2.242224647757075640e-01
2.157983486083649149e-01
2.157983486083649149e-01
2.157983486083649149e-01
2.157983486083649149e-01
2.157983486083649149e-01
2.157983486083649149e-01
2.157983486083649149e-01
2.157983486083649149e-01
2.157983486083649149e-01
2.157983486083649149e-01
2.157983486083649149e-01
2.157983486083649149e-01
2.157983486083649149e-01
2.157983486083649149e-01
2.157983486083649149e-01
2.157983486083649149e-01
2.157983486083649149e-01
2.157983486083649149e-01
2.157983486083649149e-01
2.496829995647331935e-01
2.496829995647331935e-01
2.496829995647331935e-01
2.021421397322614444e-01
2.021421397322614444e-01
2.021421397322614444e-01
2.211197350814270712e-01
2.211197350814270712e-01
2.211197350814270712e-01
2.211197350814270712e-01
2.211197350814270712e-01
2.020618914865479343e-01
2.020618914865479343e-01
1.950860984025403755e-01
1.950860984025403755e-01
1.950860984025403755e-01
1.950860984025403755e-01
1.950860984025403755e-01
2.322327805635066578e-01
2.678617064403090997e-01
3.643846082275324361e-01
3.643846082275324361e-01
3.714576501906073913e-01
3.714576501906073913e-01
3.927615795121648934e-01
3.927615795121648934e-01
2.275759016686279834e-01
2.883754694043560995e-01
4.364511525114704860e-01
4.364511525114704860e-01
4.364511525114704860e-01
4.656617295408762014e-01
3.560045820872736466e-01
3.777666090898027518e-01
3.777666090898027518e-01
3.777666090898027518e-01
3.777666090898027518e-01
3.777666090898027518e-01
3.777666090898027518e-01
4.294334029713530176e-01
4.294334029713530176e-01
4.294334029713530176e-01
4.294334029713530176e-01
4.736334192312548486e-01
4.736334192312548486e-01
4.736334192312548486e-01
4.736334192312548486e-01
3.586337026489766489e-01
3.586337026489766489e-01
3.586337026489766489e-01
3.586337026489766489e-01
3.586337026489766489e-01
3.586337026489766489e-01
3.829257757343583757e-01
3.829257757343583757e-01
3.829257757343583757e-01
4.146588957651791141e-01
3.472440171685735044e-01
3.472440171685735044e-01
3.472440171685735044e-01
3.472440171685735044e-01
3.472440171685735044e-01
3.472440171685735044e-01
3.472440171685735044e-01
3.162906996186254927e-01
3.126092136272994870e-01
3.126092136272994870e-01
3.126092136272994870e-01
3.126092136272994870e-01
3.126092136272994870e-01
3.126092136272994870e-01
3.053606609838190322e-01
3.053606609838190322e-01
3.053606609838190322e-01
3.053606609838190322e-01
3.053606609838190322e-01
3.053606609838190322e-01
4.825364660501089697e-01
4.438394093427681097e-01
4.614032734789871304e-01
4.614032734789871304e-01
4.614032734789871304e-01
4.614032734789871304e-01
4.614032734789871304e-01
4.614032734789871304e-01
4.934816606408276574e-01
4.934816606408276574e-01
3.190242101876057390e-01
3.190242101876057390e-01
3.401703690427533289e-01
3.401703690427533289e-01
3.401703690427533289e-01
3.401703690427533289e-01
3.401703690427533289e-01
3.401703690427533289e-01
3.401703690427533289e-01
3.401703690427533289e-01
3.401703690427533289e-01
3.401703690427533289e-01
3.260362189176369552e-01
3.260362189176369552e-01
3.260362189176369552e-01
3.260362189176369552e-01
3.641446777499213749e-01
2.411943650556511720e-01
2.411943650556511720e-01
3.762979421465357799e-01
3.762979421465357799e-01
3.762979421465357799e-01
3.924226091885641421e-01
3.924226091885641421e-01
3.924226091885641421e-01
3.351985567239220143e-01
3.351985567239220143e-01
3.351985567239220143e-01
4.661568083149514319e-01
3.080599318274391818e-01
3.080599318274391818e-01
3.080599318274391818e-01
3.434099078216938383e-01
3.434099078216938383e-01
3.434099078216938383e-01
3.108741648241551414e-01
2.866376649480583683e-01
2.866376649480583683e-01
2.866376649480583683e-01
4.346170090746748760e-01
4.042220061428576927e-01
4.042220061428576927e-01
3.094570278014098230e-01
3.094570278014098230e-01
3.094570278014098230e-01
3.094570278014098230e-01
3.094570278014098230e-01
3.070502419347541090e-01
3.070502419347541090e-01
3.070502419347541090e-01
4.548154537017162768e-01
3.028661079263815226e-01
2.325979102574267654e-01
2.325979102574267654e-01
2.768117829818114717e-01
3.010169662366691257e-01
2.698009032644714811e-01
2.498985042430534320e-01
3.144846197388666553e-01
3.144846197388666553e-01
4.523139852931171712e-01
4.523139852931171712e-01
4.523139852931171712e-01
4.523139852931171712e-01
4.179103805876634992e-01
4.179103805876634992e-01
4.179103805876634992e-01
3.967355751867517322e-01
3.967355751867517322e-01
5.083073970629563565e-01
5.083073970629563565e-01
5.083073970629563565e-01
5.083073970629563565e-01
3.039258943465411589e-01
3.039258943465411589e-01
3.039258943465411589e-01
4.147780064269007139e-01
4.147780064269007139e-01
4.147780064269007139e-01
3.993335986905297008e-01
3.993335986905297008e-01
3.993335986905297008e-01
4.328515513025008032e-01
4.328515513025008032e-01
4.328515513025008032e-01
4.328515513025008032e-01
4.238550034419021340e-01
4.242402121290976269e-01
4.618750836705548535e-01
4.858562763056052392e-01
4.858562763056052392e-01
4.917486791387558620e-01
4.917486791387558620e-01
5.861096854684212376e-01
5.176287524502349857e-01
5.176287524502349857e-01
5.176287524502349857e-01
5.176287524502349857e-01
5.176287524502349857e-01
5.685749303252979336e-01
5.685749303252979336e-01
5.297062991352419203e-01
5.297062991352419203e-01
4.237798507856680441e-01
4.652336562433529443e-01
4.652336562433529443e-01
5.077675370473245797e-01
4.397620296369343929e-01
4.397620296369343929e-01
4.583696248246328930e-01
4.583696248246328930e-01
4.717719214463530486e-01
5.045699655272407602e-01
5.045699655272407602e-01
5.045699655272407602e-01
5.045699655272407602e-01
5.045699655272407602e-01
5.538236123384376874e-01
5.538236123384376874e-01
4.796474463001190736e-01
4.796474463001190736e-01
4.796474463001190736e-01
5.177364701407966008e-01
5.177364701407966008e-01
5.177364701407966008e-01
5.074006983847515473e-01
4.080375814500231124e-01
4.080375814500231124e-01
3.971652431516676240e-01
3.971652431516676240e-01
5.145398651409913704e-01
5.145398651409913704e-01
4.796673374826436187e-01
4.796673374826436187e-01
5.147562700912232669e-01
5.147562700912232669e-01
4.746204511201362330e-01
4.746204511201362330e-01
4.746204511201362330e-01
4.746204511201362330e-01
4.746204511201362330e-01
3.762690687762580977e-01
4.706834477481375845e-01
4.473044602805269498e-01
5.037892275943642861e-01
5.037892275943642861e-01
5.354139927573655644e-01
5.216664907025309050e-01
5.216664907025309050e-01
5.216664907025309050e-01
4.340132757292310406e-01
4.364652737582452868e-01
4.364652737582452868e-01
4.364652737582452868e-01
4.364652737582452868e-01
5.186997521385396936e-01
5.186997521385396936e-01
5.815639741346163571e-01
5.815639741346163571e-01
5.815639741346163571e-01
5.815639741346163571e-01
5.815639741346163571e-01
5.815639741346163571e-01
5.815639741346163571e-01
5.831296103562452204e-01
4.933704764118449493e-01
4.933704764118449493e-01
4.933704764118449493e-01
4.933704764118449493e-01
4.933704764118449493e-01
4.933704764118449493e-01
4.933704764118449493e-01
4.810522675213101396e-01
4.297379374258527007e-01
4.297379374258527007e-01
4.297379374258527007e-01
4.297379374258527007e-01
4.297379374258527007e-01
4.297379374258527007e-01
4.475302675574089339e-01
4.475302675574089339e-01
4.475302675574089339e-01
4.475302675574089339e-01
4.475302675574089339e-01
4.475302675574089339e-01
4.475302675574089339e-01
5.202151094742629711e-01
5.202151094742629711e-01
3.127755477779000648e-01
5.612574932349597701e-01
5.612574932349597701e-01
5.612574932349597701e-01
5.612574932349597701e-01
5.564360821302017923e-01
4.753182707647308214e-01
4.822982415156076286e-01
4.798633802489941091e-01
4.798633802489941091e-01
4.798633802489941091e-01
4.798633802489941091e-01
4.798633802489941091e-01
4.798633802489941091e-01
4.798633802489941091e-01
4.711671161052562451e-01
3.481698138422256728e-01
3.435054088487037305e-01
4.270036325798684529e-01
4.270036325798684529e-01
4.586565516713343449e-01
3.868340087832290441e-01
3.868340087832290441e-01
3.947384868263710267e-01
3.947384868263710267e-01
3.947384868263710267e-01
4.107916590735933848e-01
5.113202806214426355e-01
5.113202806214426355e-01
5.113202806214426355e-01
5.113202806214426355e-01
4.879358024256958415e-01
5.172102345655295030e-01
5.011240003007426669e-01
5.011240003007426669e-01
5.011240003007426669e-01
4.990302721577101197e-01
4.377145772767939147e-01
4.377145772767939147e-01
4.377145772767939147e-01
4.377145772767939147e-01
4.289976832035948262e-01
4.289976832035948262e-01
4.289976832035948262e-01
4.500434701542765370e-01
4.500434701542765370e-01
4.500434701542765370e-01
4.500434701542765370e-01
4.590349162291600948e-01
4.945272783073118017e-01
4.887073109226904299e-01
4.887073109226904299e-01
4.887073109226904299e-01
3.962301606406034016e-01
3.962301606406034016e-01
3.962301606406034016e-01
3.962301606406034016e-01
3.962301606406034016e-01
3.890255615209887718e-01
3.465786141076643845e-01
3.351219073517806013e-01
3.747483625005395558e-01
3.747483625005395558e-01
3.747483625005395558e-01
3.747483625005395558e-01
5.271863627966882904e-01
5.108836513026330239e-01
5.108836513026330239e-01
5.347822836086474352e-01
5.346103401735217142e-01
4.290583554544833422e-01
4.290583554544833422e-01
4.290583554544833422e-01
4.297458739049062060e-01
4.297458739049062060e-01
4.297458739049062060e-01
4.297458739049062060e-01
4.297458739049062060e-01
4.297458739049062060e-01
4.066194627722515831e-01
3.293170456113449496e-01
3.867771078382170047e-01
5.813562210913062467e-01
5.813562210913062467e-01
4.026477114308529837e-01
4.026477114308529837e-01
4.026477114308529837e-01
4.026477114308529837e-01
4.026477114308529837e-01
4.026477114308529837e-01
4.968805825098033258e-01
3.439694113741610937e-01
3.439694113741610937e-01
3.439694113741610937e-01
3.439694113741610937e-01
4.176689084903487115e-01
4.176689084903487115e-01
4.176689084903487115e-01
4.176689084903487115e-01
4.176689084903487115e-01
4.176689084903487115e-01
4.176689084903487115e-01
4.176689084903487115e-01
3.832767702840693680e-01
4.253809381742446050e-01
4.253809381742446050e-01
4.253809381742446050e-01
4.253809381742446050e-01
4.253809381742446050e-01
4.253809381742446050e-01
4.253809381742446050e-01
4.330005321296483967e-01
4.145428895852416029e-01
4.145428895852416029e-01
5.425487357586620263e-01
5.425487357586620263e-01
5.448157983577966990e-01
4.695654930759619594e-01
4.695654930759619594e-01
4.695654930759619594e-01
4.695654930759619594e-01
4.695654930759619594e-01
4.695654930759619594e-01
4.695654930759619594e-01
4.367566686729851266e-01
4.367566686729851266e-01
4.367566686729851266e-01
4.367566686729851266e-01
4.367566686729851266e-01
5.157156612803778239e-01
5.105019982160841074e-01
3.572735844736462663e-01
3.572735844736462663e-01
3.572735844736462663e-01
3.572735844736462663e-01
3.572735844736462663e-01
5.168778066654715619e-01
5.168778066654715619e-01
5.112239475636261021e-01
5.376448486518935477e-01
5.376448486518935477e-01
4.740687799541616898e-01
4.740687799541616898e-01
4.740687799541616898e-01
3.645987963890828798e-01
3.645987963890828798e-01
3.645987963890828798e-01
3.645987963890828798e-01
3.645987963890828798e-01
3.645987963890828798e-01
3.645987963890828798e-01
3.645987963890828798e-01
3.645987963890828798e-01
3.645987963890828798e-01
3.645987963890828798e-01
3.645987963890828798e-01
4.062013606704036883e-01
4.062013606704036883e-01
4.062013606704036883e-01
4.062013606704036883e-01
4.495997012001699544e-01
4.495997012001699544e-01
4.495997012001699544e-01
4.495997012001699544e-01
4.495997012001699544e-01
4.495997012001699544e-01
4.495997012001699544e-01
4.495997012001699544e-01
4.524113885713233474e-01
4.524113885713233474e-01
4.664966309192877247e-01
4.664966309192877247e-01
4.664966309192877247e-01
3.862801374838417678e-01
3.862801374838417678e-01
3.862801374838417678e-01
4.137621866780619162e-01
4.137621866780619162e-01
4.137621866780619162e-01
3.917788047934634976e-01
3.917788047934634976e-01
3.964572360171262355e-01
3.964572360171262355e-01
4.078955131913233889e-01
4.138097180347773407e-01
4.138097180347773407e-01
4.138097180347773407e-01
4.138097180347773407e-01
4.138097180347773407e-01
4.138097180347773407e-01
4.050951979384467827e-01
4.050951979384467827e-01
4.050951979384467827e-01
4.050951979384467827e-01
4.050951979384467827e-01
4.050951979384467827e-01
4.050951979384467827e-01
4.050951979384467827e-01
4.050951979384467827e-01
3.515731949101900677e-01
3.515731949101900677e-01
3.515731949101900677e-01
5.675504961414274963e-01
5.675504961414274963e-01
3.690355387702980439e-01
3.690355387702980439e-01
3.710086754249310448e-01
3.710086754249310448e-01
3.710086754249310448e-01
3.378017942212779845e-01
4.017271832093055051e-01
3.144874247359504826e-01
3.878778281100626613e-01
4.333692125639235226e-01
4.333692125639235226e-01
4.036045509708672263e-01
4.036045509708672263e-01
2.538252178174753571e-01
4.697714176774855921e-01
4.635595818936945056e-01
4.635595818936945056e-01
4.688730028045076659e-01
4.688730028045076659e-01
4.914324575262653538e-01
4.914324575262653538e-01
5.264831796784523732e-01
5.264831796784523732e-01
5.264831796784523732e-01
3.597784935798624684e-01
3.998341116078564794e-01
5.075386104459547187e-01
5.075386104459547187e-01
5.075386104459547187e-01
5.334456421311836172e-01
5.334456421311836172e-01
5.788328744229476186e-01
5.788328744229476186e-01
5.788328744229476186e-01
5.788328744229476186e-01
6.133145707539869873e-01
6.133145707539869873e-01
6.046769167369860920e-01
6.046769167369860920e-01
6.046769167369860920e-01
6.046769167369860920e-01
6.007476081165050719e-01
6.007476081165050719e-01
5.644902799048644448e-01
5.644902799048644448e-01
4.315237738627513142e-01
4.315237738627513142e-01
3.857335775761492891e-01
4.008929790669321647e-01
3.644074591083399928e-01
4.810910055701514976e-01
4.810910055701514976e-01
3.800906185533173831e-01
3.800906185533173831e-01
3.800906185533173831e-01
3.800906185533173831e-01
3.800906185533173831e-01
5.265473738693092765e-01
5.265473738693092765e-01
5.265473738693092765e-01
5.265473738693092765e-01
5.265473738693092765e-01
5.265473738693092765e-01
5.265473738693092765e-01
5.265473738693092765e-01
5.265473738693092765e-01
5.265473738693092765e-01
5.265473738693092765e-01
4.895719220107466740e-01
4.895719220107466740e-01
4.895719220107466740e-01
5.920701054202709424e-01
5.112124932883469475e-01
5.112124932883469475e-01
4.732519730457478979e-01
4.732519730457478979e-01
4.732519730457478979e-01
4.732519730457478979e-01
4.732519730457478979e-01
4.812963888717834426e-01
4.812963888717834426e-01
4.812963888717834426e-01
4.812963888717834426e-01
4.812963888717834426e-01
4.812963888717834426e-01
3.830389794750053700e-01
3.830389794750053700e-01
3.830389794750053700e-01
3.830389794750053700e-01
3.830389794750053700e-01
3.830389794750053700e-01
3.830389794750053700e-01
3.830389794750053700e-01
3.866146241142214834e-01
3.866146241142214834e-01
3.866146241142214834e-01
4.311651321709522588e-01
4.866021965488642742e-01
4.866021965488642742e-01
4.456347729079558340e-01
4.866584203379593632e-01
4.866584203379593632e-01
4.659831592972355496e-01
4.659831592972355496e-01
4.659831592972355496e-01
4.725870527447830205e-01
4.725870527447830205e-01
5.853353904809647235e-01
5.853353904809647235e-01
5.853353904809647235e-01
4.462719737850744384e-01
4.462719737850744384e-01
4.462719737850744384e-01
4.604997463700236104e-01
4.604997463700236104e-01
4.604997463700236104e-01
4.604997463700236104e-01
4.604997463700236104e-01
5.844698037765466703e-01
5.844698037765466703e-01
5.833115574364017286e-01
5.833115574364017286e-01
5.833115574364017286e-01
5.833115574364017286e-01
5.833115574364017286e-01
6.203268417095311182e-01
6.203268417095311182e-01
6.203268417095311182e-01
6.203268417095311182e-01
6.203268417095311182e-01
6.203268417095311182e-01
6.203268417095311182e-01
5.643222679368327110e-01
5.643222679368327110e-01
7.144470817820006703e-01
5.660780026892273664e-01
5.660780026892273664e-01
5.660780026892273664e-01
5.660780026892273664e-01
5.660780026892273664e-01
5.660780026892273664e-01
5.239968248478118484e-01
5.239968248478118484e-01
5.470425398126996797e-01
5.470425398126996797e-01
5.748466454192315833e-01
6.405516005255222911e-01
5.942805175876608725e-01
5.942805175876608725e-01
5.942805175876608725e-01
5.942805175876608725e-01
5.859296587411805257e-01
5.859296587411805257e-01
5.859296587411805257e-01
3.902034714154691830e-01
3.902034714154691830e-01
4.783481965399556390e-01
4.783481965399556390e-01
3.913929405037813170e-01
3.913929405037813170e-01
3.913929405037813170e-01
4.478632043900753201e-01
4.478632043900753201e-01
5.321411833455664819e-01
5.321411833455664819e-01
5.321411833455664819e-01
5.321411833455664819e-01
5.321411833455664819e-01
5.054048150962991981e-01
4.640829831269813188e-01
5.150961937988108863e-01
5.150961937988108863e-01
5.438458747556061956e-01
5.438458747556061956e-01
5.803918364646981631e-01
5.803918364646981631e-01
5.803918364646981631e-01
5.803918364646981631e-01
6.554025313823135246e-01
6.554025313823135246e-01
5.190650853322238412e-01
5.190650853322238412e-01
6.069668303068462833e-01
6.069668303068462833e-01
6.069668303068462833e-01
6.069668303068462833e-01
6.069668303068462833e-01
6.069668303068462833e-01
6.069668303068462833e-01
5.609901935479418844e-01
5.609901935479418844e-01
5.609901935479418844e-01
5.609901935479418844e-01
5.501994134697404393e-01
4.753924653032111647e-01
4.753924653032111647e-01
5.125744084189319816e-01
5.727986720600719561e-01
5.727986720600719561e-01
5.160421925361678985e-01
5.160421925361678985e-01
4.722510217992961778e-01
5.688761259442195461e-01
4.840889255970733385e-01
4.840889255970733385e-01
4.840889255970733385e-01
5.421270982387844661e-01
5.421270982387844661e-01
4.345363092412436457e-01
5.434521159205063512e-01
5.434521159205063512e-01
5.434521159205063512e-01
5.434521159205063512e-01
5.434521159205063512e-01
5.434521159205063512e-01
4.631623675928563943e-01
4.631623675928563943e-01
4.599205630194609373e-01
6.475389710449521719e-01
6.475389710449521719e-01
6.475389710449521719e-01
8.006065783904413591e-01
8.006065783904413591e-01
8.006065783904413591e-01
8.006065783904413591e-01
7.771311341000554096e-01
7.680513217743940579e-01
7.680513217743940579e-01
7.680513217743940579e-01
7.680513217743940579e-01
7.581393949910866237e-01
7.581393949910866237e-01
7.581393949910866237e-01
7.992755742738586466e-01
7.992755742738586466e-01
7.992755742738586466e-01
7.051822838635205537e-01
7.472844761964461124e-01
7.071409868344425975e-01
7.071409868344425975e-01
7.071409868344425975e-01
6.956724885885932075e-01
6.956724885885932075e-01
6.956724885885932075e-01
6.956724885885932075e-01
6.941809205044789932e-01
6.832331072031547770e-01
6.832331072031547770e-01
7.731739112378297474e-01
7.731739112378297474e-01
7.208708487720644209e-01
7.208708487720644209e-01
7.208708487720644209e-01
8.673761027622183262e-01
8.673761027622183262e-01
8.673761027622183262e-01
7.582694966604346387e-01
7.582694966604346387e-01
7.582694966604346387e-01
7.582694966604346387e-01
7.582694966604346387e-01
6.809211683033901119e-01
6.809211683033901119e-01
6.794277585067582947e-01
8.709440480921061267e-01
8.709440480921061267e-01
8.757150591371818393e-01
8.757150591371818393e-01
8.757150591371818393e-01
7.409740014698709132e-01
7.409740014698709132e-01
8.286878157133215073e-01
8.286878157133215073e-01
8.286878157133215073e-01
7.658890637541786450e-01
7.658890637541786450e-01
8.099496091835297618e-01
7.704520003533238404e-01
7.704520003533238404e-01
7.704520003533238404e-01
7.704520003533238404e-01
6.788155547099601339e-01
7.147032958519865531e-01
6.109695418438619852e-01
6.307654906771368308e-01
6.096215795073438581e-01
6.096215795073438581e-01
6.096215795073438581e-01
6.096215795073438581e-01
6.096215795073438581e-01
6.096215795073438581e-01
6.096215795073438581e-01
6.014309829625608117e-01
6.014309829625608117e-01
6.014309829625608117e-01
6.014309829625608117e-01
6.014309829625608117e-01
7.323368339952959216e-01
7.141166724625725992e-01
7.141166724625725992e-01
7.220900886258019291e-01
7.220900886258019291e-01
7.220900886258019291e-01
7.220900886258019291e-01
7.220900886258019291e-01
7.220900886258019291e-01
7.220900886258019291e-01
7.220900886258019291e-01
7.220900886258019291e-01
6.815399959247204764e-01
7.063174239887669570e-01
6.066648367972695688e-01
6.490838032854912010e-01
6.490838032854912010e-01
5.171178619671444876e-01
6.299695279799435443e-01
6.299695279799435443e-01
7.219959428548861080e-01
7.219959428548861080e-01
5.986239217443463101e-01
5.986239217443463101e-01
5.890913843077986156e-01
5.160953098474371226e-01
5.160953098474371226e-01
6.340599049109453267e-01
6.607093989052176264e-01
6.607093989052176264e-01
6.607093989052176264e-01
6.607093989052176264e-01
6.607093989052176264e-01
7.153236294029594600e-01
7.157621204234763113e-01
7.157621204234763113e-01
7.157621204234763113e-01
7.157621204234763113e-01
6.595692811535243116e-01
6.595692811535243116e-01
6.595692811535243116e-01
6.595692811535243116e-01
6.595692811535243116e-01
6.395863629198286215e-01
6.395863629198286215e-01
6.395863629198286215e-01
6.395863629198286215e-01
6.395863629198286215e-01
5.894029605174437858e-01
5.894029605174437858e-01
5.894029605174437858e-01
6.748140135069150558e-01
4.850771122298911942e-01
4.850771122298911942e-01
4.850771122298911942e-01
4.850771122298911942e-01
4.850771122298911942e-01
4.850771122298911942e-01
4.914204392436482549e-01
4.914204392436482549e-01
6.001812569511939532e-01
6.001812569511939532e-01
6.001812569511939532e-01
6.001812569511939532e-01
6.001812569511939532e-01
6.093171548595379683e-01
6.093171548595379683e-01
5.434318054488251892e-01
5.434318054488251892e-01
5.434318054488251892e-01
5.774832886034257928e-01
5.774832886034257928e-01
5.774832886034257928e-01
5.774832886034257928e-01
5.774832886034257928e-01
5.774832886034257928e-01
5.774832886034257928e-01
5.970371672308509847e-01
5.278710766252359132e-01
5.278710766252359132e-01
5.383570212729560378e-01
5.383570212729560378e-01
5.383570212729560378e-01
5.383570212729560378e-01
5.479925014475559575e-01
5.479925014475559575e-01
5.479925014475559575e-01
5.479925014475559575e-01
5.219038907957763707e-01
5.219038907957763707e-01
5.783935513668521100e-01
5.783935513668521100e-01
5.783935513668521100e-01
5.783935513668521100e-01
5.783935513668521100e-01
6.235917965831724308e-01
6.235917965831724308e-01
5.775158767051596920e-01
5.775158767051596920e-01
5.775158767051596920e-01
5.775158767051596920e-01
5.775158767051596920e-01
5.775158767051596920e-01
5.456181662102230767e-01
5.456181662102230767e-01
5.456181662102230767e-01
4.531120402578338036e-01
4.531120402578338036e-01
6.332189713975967527e-01
6.950144145708790910e-01
6.950144145708790910e-01
6.950144145708790910e-01
6.950144145708790910e-01
6.950144145708790910e-01
6.950144145708790910e-01
6.950144145708790910e-01
6.950144145708790910e-01
7.252302616767847265e-01
7.252302616767847265e-01
5.639436822147706474e-01
5.836840117351349555e-01
5.836840117351349555e-01
5.836840117351349555e-01
5.836840117351349555e-01
5.943653545088163348e-01
5.943653545088163348e-01
5.512377276175689511e-01
5.512377276175689511e-01
5.512377276175689511e-01
6.007162694200157693e-01
5.342900717052995185e-01
5.342900717052995185e-01
4.697420635801000111e-01
4.805117757006502899e-01
4.940286946436236448e-01
4.883359154276094571e-01
4.883359154276094571e-01
4.883359154276094571e-01
5.261018911751993432e-01
5.261018911751993432e-01
5.261018911751993432e-01
5.261018911751993432e-01
4.636438172382798539e-01
5.384827593707841586e-01
5.384827593707841586e-01
6.074325718779639560e-01
6.074325718779639560e-01
6.074325718779639560e-01
6.074325718779639560e-01
5.701072143712446749e-01
5.701072143712446749e-01
5.701072143712446749e-01
5.797413033503333590e-01
5.797413033503333590e-01
5.797413033503333590e-01
5.797413033503333590e-01
5.797413033503333590e-01
5.797413033503333590e-01
5.797413033503333590e-01
5.797413033503333590e-01
5.797413033503333590e-01
5.797413033503333590e-01
5.738734886019203341e-01
5.630409353873940814e-01
5.630409353873940814e-01
5.630409353873940814e-01
5.630409353873940814e-01
5.722334454776683010e-01
4.491481294730631513e-01
4.491481294730631513e-01
4.491481294730631513e-01
4.491481294730631513e-01
4.525150965136721104e-01
4.509523104680037142e-01
3.619081112605866402e-01
3.503235066997104630e-01
3.503235066997104630e-01
3.503235066997104630e-01
3.503235066997104630e-01
3.373650474870282245e-01
3.373650474870282245e-01
3.373650474870282245e-01
3.373650474870282245e-01
3.902240250827463397e-01
3.902240250827463397e-01
3.902240250827463397e-01
4.022303604579098302e-01
4.022303604579098302e-01
3.980455168152286505e-01
3.939790562069773183e-01
3.939790562069773183e-01
3.939790562069773183e-01
3.939790562069773183e-01
3.939790562069773183e-01
3.939790562069773183e-01
4.088041431670446091e-01
4.088041431670446091e-01
4.088041431670446091e-01
3.224661006533565688e-01
3.224661006533565688e-01
3.224661006533565688e-01
3.888863151217815117e-01
3.430566154530860223e-01
2.976498231491604973e-01
2.575013393588389543e-01
2.575013393588389543e-01
3.652277704942313297e-01
2.107278896906275290e-01
2.840406573180519478e-01
2.519718412551388842e-01
2.519718412551388842e-01
2.519718412551388842e-01
3.428803604714458220e-01
2.020454590511864823e-01
2.020454590511864823e-01
2.020454590511864823e-01
2.133899636157287893e-01
2.133899636157287893e-01
3.039389520670421896e-01
3.039389520670421896e-01
3.039389520670421896e-01
3.128507599242749126e-01
3.128507599242749126e-01
3.128507599242749126e-01
2.966882035683816587e-01
2.966882035683816587e-01
3.050817524043237250e-01
3.050817524043237250e-01
2.864416876792063582e-01
2.397149219190813918e-01
2.412766830865141487e-01
2.412766830865141487e-01
2.412766830865141487e-01
2.412766830865141487e-01
2.382823302515369168e-01
4.351708093832665769e-01
4.439817853078987242e-01
4.907512845376331145e-01
4.907512845376331145e-01
4.419555176128504570e-01
4.705937182859514789e-01
4.705937182859514789e-01
4.705937182859514789e-01
2.170712714140707322e-01
2.170712714140707322e-01
4.383689654226644583e-01
4.383689654226644583e-01
4.383689654226644583e-01
4.383689654226644583e-01
4.383689654226644583e-01
4.383689654226644583e-01
4.585560641262900194e-01
4.585560641262900194e-01
4.585560641262900194e-01
4.585560641262900194e-01
4.585560641262900194e-01
4.585560641262900194e-01
4.464215955018208670e-01
4.464215955018208670e-01
4.464215955018208670e-01
4.464215955018208670e-01
4.464215955018208670e-01
4.464215955018208670e-01
4.891337807137396410e-01
4.891337807137396410e-01
4.891337807137396410e-01
4.891337807137396410e-01
4.891337807137396410e-01
4.891337807137396410e-01
4.891337807137396410e-01
4.891337807137396410e-01
4.836186981528182716e-01
5.712549584994136564e-01
5.718626916316118525e-01
5.718626916316118525e-01
5.718626916316118525e-01
5.718626916316118525e-01
5.718626916316118525e-01
2.950706505378935529e-01
3.550379417757071887e-01
3.550379417757071887e-01
3.550379417757071887e-01
3.550379417757071887e-01
3.818337880931590433e-01
3.818337880931590433e-01
3.818337880931590433e-01
4.580200826249786195e-01
4.614298314130138023e-01
2.855706481646200778e-01
2.855706481646200778e-01
2.855706481646200778e-01
3.552953892876530295e-01
3.552953892876530295e-01
3.552953892876530295e-01
3.552953892876530295e-01
3.552953892876530295e-01
3.552953892876530295e-01
3.552953892876530295e-01
3.552953892876530295e-01
3.552953892876530295e-01
3.552953892876530295e-01
3.552953892876530295e-01
3.552953892876530295e-01
3.552953892876530295e-01
3.506739500502714102e-01
3.375649204689362692e-01
3.393720868987760153e-01
3.695398560567781376e-01
3.824925724880371969e-01
3.824925724880371969e-01
3.558103004542702563e-01
3.558103004542702563e-01
3.558103004542702563e-01
3.558103004542702563e-01
4.265812935807512529e-01
4.265812935807512529e-01
4.265812935807512529e-01
4.265812935807512529e-01
4.265812935807512529e-01
4.265812935807512529e-01
3.398087345035351037e-01
3.398087345035351037e-01
4.199799102960339869e-01
4.199799102960339869e-01
4.249222017351088065e-01
4.267047926043167627e-01
4.267047926043167627e-01
3.688130248126320065e-01
3.688130248126320065e-01
3.688130248126320065e-01
3.688130248126320065e-01
4.897184118848064149e-01
4.277582387928124952e-01
4.277582387928124952e-01
4.277582387928124952e-01
4.277582387928124952e-01
4.277582387928124952e-01
4.277582387928124952e-01
4.277582387928124952e-01
4.277582387928124952e-01
4.277582387928124952e-01
4.277582387928124952e-01
4.219586277649243766e-01
4.219586277649243766e-01
4.219586277649243766e-01
4.219586277649243766e-01
4.549223774248799534e-01
4.549223774248799534e-01
3.096935045875680581e-01
3.096935045875680581e-01
3.096935045875680581e-01
3.096935045875680581e-01
3.336631705085177368e-01
3.336631705085177368e-01
3.336631705085177368e-01
3.204312804330559095e-01
3.204312804330559095e-01
3.275698236772188188e-01
3.444564959801127979e-01
3.444564959801127979e-01
3.444564959801127979e-01
3.694972104722827888e-01
3.841613407596515817e-01
3.841613407596515817e-01
2.124282319961289245e-01
2.124282319961289245e-01
2.089488287462109850e-01
2.089488287462109850e-01
2.089488287462109850e-01
2.089488287462109850e-01
2.218758442671245057e-01
2.218758442671245057e-01
2.179662066654475538e-01
2.179662066654475538e-01
2.179662066654475538e-01
2.179662066654475538e-01
2.744985024499765891e-01
2.744985024499765891e-01
2.744985024499765891e-01
3.081707755207657162e-01
3.081707755207657162e-01
3.104922409864451227e-01
3.104922409864451227e-01
3.104922409864451227e-01
2.434346267810315600e-01
1.483746521374944005e-01
1.483746521374944005e-01
2.531759329133217995e-01
2.531759329133217995e-01
2.531759329133217995e-01
2.531759329133217995e-01
2.531759329133217995e-01
2.531759329133217995e-01
2.327669141862003521e-01
2.327669141862003521e-01
2.390721329080830737e-01
2.390721329080830737e-01
2.390721329080830737e-01
2.390721329080830737e-01
2.882038358419530266e-01
2.882038358419530266e-01
2.882038358419530266e-01
2.882038358419530266e-01
2.882038358419530266e-01
2.882038358419530266e-01
2.882038358419530266e-01
2.882038358419530266e-01
3.634782626379808868e-01
3.661118839901691957e-01
3.661118839901691957e-01
3.616331126703901666e-01
3.849790126994961925e-01
4.439185897103405942e-01
4.439185897103405942e-01
4.017109304641289791e-01
4.017109304641289791e-01
4.017109304641289791e-01
3.673948501128420641e-01
3.673948501128420641e-01
4.155369982432127740e-01
3.178165004032115770e-01
3.178165004032115770e-01
2.220290119168757959e-01
2.438479999631162076e-01
2.438479999631162076e-01
2.678206618131064309e-01
2.802023906130830522e-01
2.802023906130830522e-01
3.570050187402526998e-01
3.400982819296464732e-01
3.400982819296464732e-01
3.528935238611540792e-01
2.033358423110459279e-01
2.033358423110459279e-01
2.033358423110459279e-01
2.033358423110459279e-01
2.033358423110459279e-01
2.033358423110459279e-01
2.033358423110459279e-01
2.111436488476455264e-01
2.111436488476455264e-01
2.111436488476455264e-01
3.580667639430475946e-01
2.352193194692525358e-01
2.831310386094311737e-01
3.355747223992746608e-01
3.355747223992746608e-01
3.355747223992746608e-01
3.355747223992746608e-01
3.355747223992746608e-01
3.355747223992746608e-01
3.355747223992746608e-01
3.355747223992746608e-01
3.218568584013521972e-01
3.218568584013521972e-01
3.218568584013521972e-01
3.218568584013521972e-01
3.365226757726874629e-01
3.365226757726874629e-01
3.365226757726874629e-01
3.365226757726874629e-01
3.365226757726874629e-01
3.031774019589681957e-01
3.031774019589681957e-01
3.031774019589681957e-01
3.031774019589681957e-01
3.031774019589681957e-01
3.031774019589681957e-01
3.602054179276021895e-01
3.602054179276021895e-01
3.265608861152687337e-01
3.265608861152687337e-01
3.109401421000545507e-01
3.559810387243196317e-01
3.559810387243196317e-01
3.559810387243196317e-01
3.454101994833687628e-01
3.561875768924518959e-01
3.561875768924518959e-01
3.561875768924518959e-01
3.561875768924518959e-01
3.829160389703007983e-01
3.196768171929668112e-01
3.196768171929668112e-01
3.196768171929668112e-01
3.196768171929668112e-01
3.196768171929668112e-01
3.186035520577463753e-01
3.186035520577463753e-01
2.605290729704780595e-01
2.605290729704780595e-01
2.605290729704780595e-01
2.605290729704780595e-01
2.605290729704780595e-01
2.605290729704780595e-01
2.605290729704780595e-01
2.605290729704780595e-01
2.605290729704780595e-01
2.605290729704780595e-01
2.588526723363130388e-01
2.588526723363130388e-01
2.534593669217388157e-01
4.053360254180295441e-01
4.053360254180295441e-01
3.745166088164741391e-01
4.218715352580535427e-01
4.275571278831365452e-01
4.275571278831365452e-01
4.173851742686665034e-01
4.173851742686665034e-01
4.173851742686665034e-01
4.173851742686665034e-01
4.173851742686665034e-01
3.021521567796602858e-01
3.021521567796602858e-01
2.552473372782548822e-01
2.552473372782548822e-01
2.552473372782548822e-01
3.037146997206938148e-01
2.925541335081114358e-01
3.123458585898115647e-01
3.123458585898115647e-01
2.735325523958816452e-01
2.788354396821434156e-01
2.788354396821434156e-01
2.788354396821434156e-01
2.788354396821434156e-01
2.788354396821434156e-01
3.049741605345259177e-01
3.049741605345259177e-01
3.049741605345259177e-01
3.049741605345259177e-01
3.049741605345259177e-01
3.049741605345259177e-01
3.049741605345259177e-01
3.049741605345259177e-01
3.049741605345259177e-01
3.049741605345259177e-01
3.049741605345259177e-01
3.049741605345259177e-01
3.323447372860556803e-01
3.323447372860556803e-01
3.323447372860556803e-01
3.323447372860556803e-01
3.037884753671643012e-01
3.037884753671643012e-01
3.037884753671643012e-01
3.078419777418547332e-01
3.078419777418547332e-01
2.891257431190727423e-01
2.891257431190727423e-01
2.891257431190727423e-01
3.161810607039434728e-01
3.161810607039434728e-01
3.161810607039434728e-01
3.161810607039434728e-01
3.245076304068784667e-01
3.245076304068784667e-01
3.245076304068784667e-01
3.376800652775158174e-01
4.154580163762406353e-01
4.154580163762406353e-01
4.154580163762406353e-01
4.110809762234148290e-01
4.108864377880208640e-01
3.717932018379594417e-01
3.717932018379594417e-01
3.717932018379594417e-01
3.717932018379594417e-01
3.717932018379594417e-01
3.717932018379594417e-01
2.867125271162075384e-01
2.867125271162075384e-01
3.658374345789998094e-01
3.658374345789998094e-01
3.658374345789998094e-01
3.658374345789998094e-01
3.658374345789998094e-01
3.658374345789998094e-01
3.335558524031292937e-01
3.335558524031292937e-01
3.335558524031292937e-01
3.335558524031292937e-01
3.605629351431291485e-01
3.605629351431291485e-01
3.605629351431291485e-01
4.063128508281096951e-01
3.721525458960301957e-01
3.721525458960301957e-01
4.800919451940592886e-01
4.800919451940592886e-01
4.800919451940592886e-01
4.803039798351790290e-01
5.091684626184524998e-01
5.279873875580602949e-01
5.279873875580602949e-01
5.279873875580602949e-01
2.869441711278268303e-01
2.869441711278268303e-01
4.104808288360419222e-01
4.251012102980935570e-01
4.320824685705413337e-01
4.261366555652653099e-01
4.261366555652653099e-01
4.096721807990335584e-01
4.387600002247960540e-01
3.760283676405691833e-01
3.760283676405691833e-01
3.122804770793217721e-01
3.122804770793217721e-01
3.122804770793217721e-01
3.229498943852113224e-01
3.229498943852113224e-01
2.678870583662646965e-01
3.672727832029100137e-01
3.672727832029100137e-01
3.672727832029100137e-01
5.849917070056950275e-01
5.849917070056950275e-01
5.503593720868803496e-01
5.503593720868803496e-01
5.440945406928681116e-01
5.440945406928681116e-01
5.171990418480371110e-01
4.285979826138607840e-01
4.285979826138607840e-01
4.285979826138607840e-01
4.285979826138607840e-01
4.285979826138607840e-01
4.285979826138607840e-01
4.186489916551434098e-01
4.787601421704427151e-01
4.787601421704427151e-01
4.787601421704427151e-01
4.881301807266826276e-01
4.881301807266826276e-01
4.881301807266826276e-01
4.656741374272646561e-01
4.656741374272646561e-01
5.330726691188770738e-01
5.330726691188770738e-01
5.330726691188770738e-01
5.266107393907591971e-01
4.014868603751686749e-01
4.014868603751686749e-01
4.014868603751686749e-01
3.803078538721877400e-01
3.803078538721877400e-01
4.301677267373364977e-01
4.041022149552474518e-01
4.041022149552474518e-01
4.972419372895348633e-01
3.871528974148561453e-01
3.871528974148561453e-01
3.812007962720214693e-01
3.812007962720214693e-01
3.812007962720214693e-01
3.812007962720214693e-01
3.567407616676187554e-01
3.567407616676187554e-01
4.209813586454879686e-01
4.129471169818311194e-01
4.129471169818311194e-01
4.129471169818311194e-01
4.129471169818311194e-01
4.129471169818311194e-01
4.129471169818311194e-01
4.129471169818311194e-01
4.129471169818311194e-01
4.129471169818311194e-01
4.280962149820262130e-01
4.660666131629472297e-01
4.660666131629472297e-01
4.660666131629472297e-01
4.660666131629472297e-01
4.474854215765787790e-01
4.474854215765787790e-01
4.474854215765787790e-01
4.313282030104758635e-01
4.313282030104758635e-01
3.699295284449794496e-01
3.232001346590350765e-01
3.232001346590350765e-01
3.150186655270222902e-01
3.150186655270222902e-01
3.150186655270222902e-01
3.150186655270222902e-01
3.018887928058454628e-01
2.981107901950642014e-01
2.981107901950642014e-01
2.981107901950642014e-01
2.981107901950642014e-01
2.981107901950642014e-01
2.981107901950642014e-01
3.403680032631816732e-01
3.417422076048929891e-01
3.417422076048929891e-01
3.902244613186715561e-01
3.811383100568344062e-01
3.811383100568344062e-01
3.811383100568344062e-01
3.811383100568344062e-01
4.905102082677290087e-01
4.231327526937620487e-01
4.231327526937620487e-01
4.409633535040710095e-01
4.409633535040710095e-01
4.409633535040710095e-01
4.733588510782735792e-01
4.733588510782735792e-01
4.733588510782735792e-01
4.442968847432884338e-01
4.442968847432884338e-01
4.442968847432884338e-01
4.442968847432884338e-01
4.744384818784345148e-01
5.795641257391249690e-01
5.795641257391249690e-01
5.795641257391249690e-01
6.131338962252623759e-01
6.131338962252623759e-01
6.131338962252623759e-01
6.259029281031807113e-01
3.771520649980579787e-01
3.771520649980579787e-01
3.771520649980579787e-01
3.771520649980579787e-01
3.967828565606364433e-01
4.937746957679335913e-01
4.937746957679335913e-01
4.937746957679335913e-01
4.726523986493572083e-01
4.726523986493572083e-01
4.726523986493572083e-01
4.571435633439880353e-01
4.571435633439880353e-01
4.571435633439880353e-01
4.571435633439880353e-01
4.571435633439880353e-01
4.571435633439880353e-01
4.571435633439880353e-01
4.571435633439880353e-01
4.571435633439880353e-01
4.571435633439880353e-01
4.441082492499690004e-01
4.428476704385176932e-01
4.428476704385176932e-01
4.428476704385176932e-01
4.428476704385176932e-01
4.428476704385176932e-01
3.903169346593582389e-01
5.612216914214851471e-01
5.612216914214851471e-01
5.612216914214851471e-01
5.612216914214851471e-01
5.612216914214851471e-01
5.612216914214851471e-01
6.037117549306960651e-01
5.909144396227352658e-01
5.909144396227352658e-01
4.844032704083283125e-01
4.844032704083283125e-01
4.010839985725068724e-01
4.010839985725068724e-01
4.851495543336918348e-01
3.604864956015825794e-01
3.604864956015825794e-01
3.604864956015825794e-01
4.254840047778600809e-01
4.697130744073748088e-01
4.697130744073748088e-01
4.697130744073748088e-01
4.697130744073748088e-01
4.162519846930798906e-01
4.162519846930798906e-01
4.232021715607570123e-01
5.447907945450994882e-01
4.412856665095868935e-01
4.412856665095868935e-01
4.412856665095868935e-01
4.412856665095868935e-01
4.412856665095868935e-01
4.970483186178805690e-01
4.970483186178805690e-01
4.970483186178805690e-01
4.745486281964602093e-01
4.745486281964602093e-01
4.650304768716804760e-01
4.650304768716804760e-01
5.382924294602069448e-01
5.382924294602069448e-01
5.109689162319550615e-01
4.443941250242470775e-01
5.175346326372504135e-01
5.623236453126481127e-01
3.676845110586342003e-01
3.676845110586342003e-01
3.676845110586342003e-01
4.245384375943791477e-01
4.563718912288556306e-01
3.879507271800003987e-01
3.879507271800003987e-01
3.879507271800003987e-01
3.879507271800003987e-01
3.879507271800003987e-01
3.879507271800003987e-01
3.879507271800003987e-01
3.879507271800003987e-01
3.979405850351091511e-01
3.979405850351091511e-01
3.979405850351091511e-01
3.979405850351091511e-01
5.242086182774324810e-01
4.835140560579773705e-01
2.923115066391345218e-01
3.379715689774640541e-01
4.644011629885366754e-01
4.669436765078590068e-01
4.109419763887023347e-01
4.037148324387582754e-01
4.037148324387582754e-01
4.148128404403840785e-01
4.594081477355829168e-01
1.519003033723921314e-01
1.519003033723921314e-01
2.585632471872771343e-01
3.872088888513596228e-01
3.872088888513596228e-01
3.872088888513596228e-01
3.885744811531786080e-01
3.727429121939824785e-01
3.528901793791864860e-01
3.528901793791864860e-01
3.528901793791864860e-01
3.528901793791864860e-01
4.137622172139021615e-01
3.606239975954806387e-01
4.248733067898184390e-01
4.001402355209039419e-01
3.262542339481543374e-01
3.434191364113793887e-01
2.832312949397010615e-01
2.806143145312932630e-01
2.573120260219539102e-01
2.408674663459356990e-01
2.408674663459356990e-01
2.319344447021635947e-01
2.959894363471329837e-01
2.959894363471329837e-01
2.959894363471329837e-01
2.959894363471329837e-01
4.280380000901198856e-01
4.150421463201455219e-01
3.952746679278681952e-01
3.952746679278681952e-01
4.432487688303418660e-01
4.640361072161515721e-01
3.975756740501102948e-01
4.890119634520608272e-01
4.890119634520608272e-01
3.988032658795533925e-01
3.988032658795533925e-01
5.026691154716033116e-01
4.076691754786447852e-01
4.076691754786447852e-01
4.076691754786447852e-01
4.076691754786447852e-01
4.198489951936922315e-01
4.198489951936922315e-01
4.198489951936922315e-01
4.201908472390968874e-01
4.201908472390968874e-01
4.210859464263450036e-01
4.210859464263450036e-01
4.210859464263450036e-01
4.210859464263450036e-01
4.165181058653995572e-01
3.933057098034676291e-01
3.933057098034676291e-01
4.852197788793579103e-01
4.852197788793579103e-01
4.852197788793579103e-01
4.852197788793579103e-01
4.880911987785255257e-01
4.880911987785255257e-01
2.799343285690897298e-01
3.746825325391772155e-01
3.746825325391772155e-01
3.861865134186223680e-01
3.062051585076038251e-01
3.511195235549084970e-01
3.511195235549084970e-01
3.511195235549084970e-01
3.511195235549084970e-01
3.601582875975213316e-01
3.601582875975213316e-01
3.808393176744048203e-01
3.808393176744048203e-01
3.808393176744048203e-01
3.808393176744048203e-01
3.808393176744048203e-01
3.808393176744048203e-01
3.666532993383996852e-01
5.297241088433015666e-01
5.297241088433015666e-01
5.286575246297342545e-01
4.518371978300786962e-01
4.499306415990082519e-01
4.499306415990082519e-01
4.499306415990082519e-01
5.007129472651362656e-01
4.600421895812020767e-01
4.600421895812020767e-01
4.600421895812020767e-01
4.600421895812020767e-01
4.600421895812020767e-01
4.600421895812020767e-01
4.407805776742750314e-01
4.407805776742750314e-01
4.407805776742750314e-01
4.407805776742750314e-01
3.094662917048970341e-01
3.094662917048970341e-01
3.094662917048970341e-01
3.094662917048970341e-01
3.094662917048970341e-01
3.094662917048970341e-01
3.094662917048970341e-01
3.351815244186820419e-01
3.565409180260666333e-01
3.565409180260666333e-01
3.565409180260666333e-01
3.565409180260666333e-01
3.565409180260666333e-01
3.975724701678823858e-01
4.031755227068736236e-01
5.136040921985325358e-01
5.136040921985325358e-01
5.136040921985325358e-01
4.849779428542407844e-01
4.849779428542407844e-01
5.206526872166201692e-01
4.803992012301814829e-01
4.803992012301814829e-01
4.803992012301814829e-01
4.803992012301814829e-01
4.803992012301814829e-01
4.803992012301814829e-01
4.803992012301814829e-01
4.803992012301814829e-01
4.803992012301814829e-01
4.803992012301814829e-01
4.820446538951265181e-01
4.923266297047478868e-01
4.923266297047478868e-01
4.923266297047478868e-01
4.923266297047478868e-01
4.923266297047478868e-01
4.923266297047478868e-01
4.923266297047478868e-01
4.923266297047478868e-01
4.369514504991929282e-01
4.369514504991929282e-01
4.212035847179231296e-01
4.212035847179231296e-01
4.014790698832345628e-01
4.014790698832345628e-01
4.014790698832345628e-01
4.014790698832345628e-01
5.266770530858042587e-01
5.166189393801456919e-01
5.166189393801456919e-01
4.180249124455905352e-01
4.180249124455905352e-01
4.180249124455905352e-01
4.180249124455905352e-01
4.180249124455905352e-01
4.249363737222496828e-01
4.249363737222496828e-01
4.249363737222496828e-01
4.249363737222496828e-01
4.381371506892624557e-01
3.413898372885106336e-01
3.413898372885106336e-01
3.413898372885106336e-01
3.413898372885106336e-01
3.413898372885106336e-01
3.413898372885106336e-01
3.413898372885106336e-01
3.413898372885106336e-01
3.413898372885106336e-01
4.026283928636953946e-01
4.283857756256374549e-01
4.283857756256374549e-01
4.283857756256374549e-01
4.283857756256374549e-01
4.262600671826086152e-01
3.741269862718469286e-01
3.741269862718469286e-01
4.094000332090859673e-01
4.094000332090859673e-01
3.967457569736684286e-01
3.967457569736684286e-01
3.967457569736684286e-01
3.967457569736684286e-01
4.296307533148657765e-01
4.039721075810157047e-01
4.039721075810157047e-01
4.039721075810157047e-01
4.039721075810157047e-01
4.039721075810157047e-01
4.039721075810157047e-01
4.689867780607655523e-01
4.689867780607655523e-01
4.386405267562314969e-01
4.386405267562314969e-01
4.596990682668956607e-01
4.596990682668956607e-01
4.782785159993602209e-01
4.782785159993602209e-01
3.631446474902346178e-01
3.631446474902346178e-01
3.631446474902346178e-01
3.697943005535477279e-01
3.697943005535477279e-01
3.640354630271838698e-01
3.640354630271838698e-01
3.640354630271838698e-01
3.721892704039386213e-01
3.721892704039386213e-01
3.811981169073485054e-01
3.811981169073485054e-01
3.811981169073485054e-01
3.811981169073485054e-01
3.811981169073485054e-01
4.769578345312470713e-01
4.816313883582106770e-01
4.816313883582106770e-01
4.816313883582106770e-01
5.100342931990801132e-01
5.100342931990801132e-01
5.100342931990801132e-01
5.100342931990801132e-01
4.610123285277120675e-01
4.233586731695659355e-01
4.685826958586400970e-01
4.685826958586400970e-01
5.456170310417234326e-01
5.456170310417234326e-01
5.456170310417234326e-01
5.456170310417234326e-01
5.456170310417234326e-01
5.456170310417234326e-01
5.456170310417234326e-01
5.456170310417234326e-01
5.456170310417234326e-01
5.456170310417234326e-01
4.173319688307116082e-01
5.635019987152926069e-01
5.635019987152926069e-01
5.618100173386914031e-01
4.323853524139574245e-01
4.323853524139574245e-01
4.323853524139574245e-01
4.323853524139574245e-01
4.323853524139574245e-01
4.315354429129575897e-01
4.438339542920003988e-01
4.438339542920003988e-01
4.438339542920003988e-01
4.438339542920003988e-01
4.438339542920003988e-01
4.438339542920003988e-01
4.376322182436656050e-01
4.313839548181864214e-01
4.313839548181864214e-01
3.469168097178287891e-01
3.469168097178287891e-01
3.469168097178287891e-01
3.242815576543826017e-01
3.242815576543826017e-01
3.860958156184901013e-01
3.860958156184901013e-01
3.860958156184901013e-01
3.780975260580302089e-01
3.780975260580302089e-01
3.780975260580302089e-01
3.780975260580302089e-01
3.780975260580302089e-01
3.778504181820362406e-01
3.778504181820362406e-01
3.778504181820362406e-01
3.778504181820362406e-01
3.778504181820362406e-01
3.778504181820362406e-01
3.778504181820362406e-01
3.671851900251750234e-01
3.757340401845548072e-01
3.757340401845548072e-01
3.612509559510801438e-01
4.101313457481582936e-01
4.216889379285649331e-01
4.216889379285649331e-01
4.216889379285649331e-01
5.034220067554240341e-01
5.151313437385315330e-01
4.473547145286680404e-01
4.473547145286680404e-01
4.473547145286680404e-01
4.483628627166322822e-01
4.483628627166322822e-01
4.483628627166322822e-01
4.627272418117053254e-01
4.627272418117053254e-01
4.627272418117053254e-01
4.627272418117053254e-01
4.947348491816363492e-01
5.163148868409701553e-01
5.163148868409701553e-01
5.163148868409701553e-01
5.163148868409701553e-01
5.423483810382968562e-01
5.423483810382968562e-01
5.423483810382968562e-01
3.712663886249465972e-01
3.324255435892005117e-01
2.661874199248134287e-01
4.095279859824695334e-01
3.816681527456666778e-01
3.816681527456666778e-01
3.848444928194347803e-01
5.377660008427147531e-01
5.590641272109277971e-01
5.307876066017149785e-01
5.307876066017149785e-01
4.827010665909545750e-01
4.827010665909545750e-01
4.827010665909545750e-01
4.954259513820743477e-01
4.954259513820743477e-01
4.954259513820743477e-01
4.954259513820743477e-01
4.302525725889335129e-01
4.302525725889335129e-01
4.380242983709763394e-01
4.380242983709763394e-01
5.092782103258139959e-01
4.942570741572496207e-01
4.942570741572496207e-01
4.070847867197093795e-01
4.070847867197093795e-01
4.070847867197093795e-01
4.070847867197093795e-01
4.070847867197093795e-01
4.070052984461954848e-01
4.070052984461954848e-01
4.070052984461954848e-01
4.070052984461954848e-01
3.801972819635111578e-01
3.801972819635111578e-01
3.801972819635111578e-01
4.333914930876668903e-01
4.333914930876668903e-01
4.333914930876668903e-01
4.569439026488567035e-01
4.569439026488567035e-01
4.569439026488567035e-01
4.351239356244131495e-01
4.137182593717717571e-01
4.087795561645926612e-01
4.087795561645926612e-01
4.087795561645926612e-01
4.087795561645926612e-01
4.073911968342551204e-01
3.305440689149246603e-01
3.498318605051570773e-01
3.498318605051570773e-01
2.811365115312972618e-01
2.811365115312972618e-01
2.811365115312972618e-01
2.811365115312972618e-01
2.811365115312972618e-01
3.270979499598822837e-01
2.857081427988866773e-01
3.276917797986627634e-01
3.339280246681729514e-01
3.339280246681729514e-01
4.657098822709395680e-01
4.657098822709395680e-01
4.630349055331719477e-01
4.509395255239757039e-01
4.509395255239757039e-01
4.509395255239757039e-01
4.704340839979218591e-01
2.951511370990561045e-01
3.544484344894650585e-01
3.544484344894650585e-01
3.660662939246252523e-01
3.660662939246252523e-01
3.660662939246252523e-01
3.347377910334110029e-01
3.347377910334110029e-01
3.347377910334110029e-01
3.347377910334110029e-01
4.805564130850933369e-01
5.275812890066522431e-01
5.275812890066522431e-01
5.091320274886590447e-01
5.233601837475136964e-01
4.961222907660525205e-01
4.995958252182444714e-01
5.070945896905061367e-01
5.070945896905061367e-01
5.198750762638099099e-01
5.366576594436383019e-01
5.366576594436383019e-01
4.276875502600785417e-01
4.276875502600785417e-01
4.276875502600785417e-01
4.075712761378271209e-01
4.075712761378271209e-01
1.551878034180244614e-01
2.176028346963640170e-01
2.485628864589981557e-01
2.485628864589981557e-01
3.334956182313919548e-01
3.334956182313919548e-01
3.374532594170433497e-01
3.197345945588248584e-01
3.197345945588248584e-01
3.670430563031703008e-01
3.418345510016559397e-01
3.418345510016559397e-01
3.165962553854569927e-01
3.165962553854569927e-01
5.214356886875037844e-01
5.214356886875037844e-01
5.214356886875037844e-01
5.214356886875037844e-01
5.214356886875037844e-01
5.214356886875037844e-01
5.214356886875037844e-01
5.221698913160779387e-01
5.221698913160779387e-01
5.191967211890848866e-01
5.191967211890848866e-01
5.191967211890848866e-01
5.191967211890848866e-01
5.191967211890848866e-01
5.191967211890848866e-01
5.191967211890848866e-01
5.191967211890848866e-01
5.191967211890848866e-01
5.191967211890848866e-01
5.191967211890848866e-01
5.191967211890848866e-01
5.191967211890848866e-01
5.221088428423090733e-01
5.221088428423090733e-01
5.221088428423090733e-01
5.223352511181031943e-01
5.223352511181031943e-01
5.223352511181031943e-01
5.223352511181031943e-01
5.223352511181031943e-01
5.223352511181031943e-01
5.109951042838425384e-01
5.109951042838425384e-01
5.109951042838425384e-01
5.109951042838425384e-01
5.109951042838425384e-01
5.092714891534215749e-01
5.092714891534215749e-01
5.229976581118882528e-01
5.229976581118882528e-01
5.229976581118882528e-01
4.871693982589998528e-01
4.855096447721087283e-01
4.855096447721087283e-01
4.855096447721087283e-01
5.184923511143980646e-01
5.184923511143980646e-01
5.184923511143980646e-01
3.968872358195615901e-01
5.070734351012118335e-01
5.070734351012118335e-01
5.260714839949464094e-01
5.260714839949464094e-01
5.080116311352330660e-01
5.080116311352330660e-01
4.596297915179404781e-01
4.596297915179404781e-01
4.596297915179404781e-01
4.059592374121133718e-01
4.059592374121133718e-01
4.059592374121133718e-01
4.617100474282967437e-01
4.421618382978435013e-01
4.903275694257393513e-01
4.610045354903274939e-01
4.212895273289504194e-01
4.212895273289504194e-01
4.212895273289504194e-01
4.212895273289504194e-01
4.212895273289504194e-01
4.212895273289504194e-01
4.212895273289504194e-01
4.212895273289504194e-01
4.212895273289504194e-01
4.212895273289504194e-01
4.212895273289504194e-01
4.212895273289504194e-01
4.212895273289504194e-01
4.392735604364774171e-01
4.577486734236401733e-01
4.577486734236401733e-01
4.577486734236401733e-01
4.577486734236401733e-01
4.577486734236401733e-01
4.521821188768977429e-01
4.481375553638655695e-01
4.481375553638655695e-01
4.481375553638655695e-01
4.481375553638655695e-01
4.498406945467539053e-01
4.498406945467539053e-01
4.498406945467539053e-01
4.516054755310283109e-01
4.456672197747362230e-01
5.175591754563462210e-01
5.175591754563462210e-01
6.202458784986094598e-01
6.202458784986094598e-01
5.263566695226976622e-01
5.671540685580693797e-01
5.671540685580693797e-01
5.671540685580693797e-01
6.472308964244899432e-01
6.472308964244899432e-01
6.184688448936933591e-01
5.912904547349676632e-01
5.912904547349676632e-01
5.912904547349676632e-01
5.912904547349676632e-01
5.997538138567716226e-01
5.997538138567716226e-01
5.997538138567716226e-01
5.997538138567716226e-01
5.735465493548963511e-01
5.735465493548963511e-01
5.602581251853928634e-01
5.602581251853928634e-01
5.602581251853928634e-01
5.602581251853928634e-01
5.602581251853928634e-01
5.692136220728225560e-01
5.692136220728225560e-01
5.692136220728225560e-01
5.692136220728225560e-01
6.564179843225527167e-01
6.564179843225527167e-01
6.564179843225527167e-01
6.587164911459685301e-01
6.587164911459685301e-01
6.587164911459685301e-01
6.765036252747307355e-01
6.765036252747307355e-01
6.765036252747307355e-01
6.765036252747307355e-01
6.765036252747307355e-01
6.482863594799080920e-01
6.619735762677974034e-01
6.619735762677974034e-01
6.619735762677974034e-01
6.307738365817701087e-01
6.307738365817701087e-01
6.406544143885072318e-01
6.406544143885072318e-01
6.406544143885072318e-01
6.406544143885072318e-01
6.406544143885072318e-01
6.406544143885072318e-01
6.406544143885072318e-01
5.892776174864771122e-01
5.892776174864771122e-01
5.892776174864771122e-01
5.892776174864771122e-01
6.369820783287802879e-01
6.335487935402278614e-01
6.335487935402278614e-01
6.159680089483309251e-01
5.250320627369456927e-01
5.250320627369456927e-01
5.250320627369456927e-01
5.095929973873214447e-01
5.095929973873214447e-01
5.188778233796630390e-01
4.882686859638373233e-01
4.882686859638373233e-01
4.882686859638373233e-01
4.882686859638373233e-01
4.591809484446335299e-01
4.156018903138423704e-01
4.156018903138423704e-01
4.156018903138423704e-01
4.156018903138423704e-01
4.156018903138423704e-01
4.156018903138423704e-01
4.475623050043440743e-01
4.475623050043440743e-01
4.475623050043440743e-01
4.475623050043440743e-01
5.222512459970044540e-01
5.000485729467083473e-01
5.000485729467083473e-01
5.000485729467083473e-01
4.803345020857238690e-01
4.159091069967999488e-01
4.159091069967999488e-01
4.159091069967999488e-01
4.159091069967999488e-01
4.423754301640961950e-01
4.423754301640961950e-01
4.986931035346909291e-01
4.986931035346909291e-01
4.986931035346909291e-01
4.986931035346909291e-01
4.986931035346909291e-01
5.984574277250308549e-01
5.984574277250308549e-01
6.044361503752666565e-01
4.242917833177644038e-01
4.242917833177644038e-01
4.242917833177644038e-01
5.623699615504328397e-01
5.623699615504328397e-01
5.623699615504328397e-01
5.623699615504328397e-01
5.623699615504328397e-01
5.623699615504328397e-01
5.623699615504328397e-01
5.387866837195331993e-01
5.387866837195331993e-01
5.387866837195331993e-01
5.080239308619683980e-01
5.080239308619683980e-01
6.413610080844175387e-01
4.304211587292726127e-01
4.304211587292726127e-01
4.304211587292726127e-01
4.800970718633702505e-01
4.800970718633702505e-01
4.800970718633702505e-01
4.800970718633702505e-01
4.800970718633702505e-01
4.800970718633702505e-01
4.800970718633702505e-01
4.800970718633702505e-01
4.968022123169520965e-01
5.657790580075925391e-01
5.197486330773106733e-01
5.197486330773106733e-01
5.197486330773106733e-01
4.333212760402496699e-01
4.333212760402496699e-01
4.333212760402496699e-01
4.333212760402496699e-01
4.459210987007392601e-01
4.459210987007392601e-01
4.459210987007392601e-01
4.459210987007392601e-01
4.833666135921352858e-01
4.833666135921352858e-01
4.833666135921352858e-01
4.833666135921352858e-01
4.808661170137464858e-01
4.089850624821091962e-01
4.089850624821091962e-01
4.377796530619145754e-01
4.285642089644081665e-01
4.285642089644081665e-01
3.940977702514423253e-01
3.940977702514423253e-01
3.940977702514423253e-01
3.940977702514423253e-01
3.940977702514423253e-01
3.973568016917158330e-01
3.973568016917158330e-01
3.973568016917158330e-01
3.973568016917158330e-01
4.193047009439093697e-01
4.193047009439093697e-01
4.193047009439093697e-01
4.193047009439093697e-01
4.193047009439093697e-01
3.938851583558874991e-01
3.938851583558874991e-01
3.938851583558874991e-01
3.938851583558874991e-01
3.938851583558874991e-01
4.372837840523960962e-01
4.108647760280998984e-01
4.108647760280998984e-01
4.108647760280998984e-01
4.108647760280998984e-01
4.108647760280998984e-01
5.036301190442482589e-01
4.815500510428816217e-01
4.815500510428816217e-01
4.815500510428816217e-01
4.815500510428816217e-01
4.815500510428816217e-01
4.815500510428816217e-01
4.815500510428816217e-01
4.815500510428816217e-01
4.815500510428816217e-01
4.815500510428816217e-01
4.815500510428816217e-01
6.073835223306336406e-01
6.347057171675363207e-01
6.303820169140356144e-01
6.303820169140356144e-01
6.303820169140356144e-01
6.303820169140356144e-01
6.059011027424521245e-01
6.059011027424521245e-01
5.768401516028044407e-01
6.295278663340188041e-01
4.628481147744445967e-01
4.628481147744445967e-01
4.628481147744445967e-01
4.725238147849006309e-01
4.894755336704451620e-01
4.894755336704451620e-01
4.894755336704451620e-01
5.007503328286928568e-01
5.064960434243387377e-01
5.549982997451359257e-01
5.279257628386037071e-01
5.279257628386037071e-01
5.279257628386037071e-01
5.279257628386037071e-01
5.132801759306160339e-01
5.521359847454113678e-01
5.521359847454113678e-01
5.521359847454113678e-01
5.471711153810057127e-01
5.471711153810057127e-01
5.563120049257369581e-01
5.336007948660853595e-01
5.336007948660853595e-01
5.336007948660853595e-01
5.336007948660853595e-01
4.776539411995258666e-01
6.441211768935605209e-01
5.390232383855654286e-01
5.390232383855654286e-01
5.390232383855654286e-01
5.319405120934311837e-01
5.319405120934311837e-01
5.319405120934311837e-01
5.319405120934311837e-01
5.319405120934311837e-01
5.319405120934311837e-01
5.339680092639482734e-01
5.339680092639482734e-01
5.714863402015551985e-01
5.714863402015551985e-01
5.714863402015551985e-01
5.714863402015551985e-01
5.714863402015551985e-01
5.522694742781408817e-01
5.522694742781408817e-01
5.522694742781408817e-01
5.522694742781408817e-01
5.522694742781408817e-01
5.679133851499366115e-01
5.461125834783470134e-01
5.461125834783470134e-01
5.461125834783470134e-01
6.258262826087013231e-01
6.258262826087013231e-01
6.097823962612314297e-01
6.097823962612314297e-01
5.107308636556945336e-01
5.058058614275905418e-01
5.058058614275905418e-01
5.058058614275905418e-01
5.058058614275905418e-01
5.058058614275905418e-01
6.387000133499236565e-01
6.387000133499236565e-01
6.387000133499236565e-01
6.387000133499236565e-01
6.387000133499236565e-01
5.912880619068426880e-01
5.155736461049750252e-01
5.155736461049750252e-01
5.585942590233791138e-01
5.750941262127720055e-01
5.750941262127720055e-01
5.462836033419904425e-01
5.462836033419904425e-01
6.137235258977564722e-01
6.137235258977564722e-01
6.271742400247841687e-01
6.271742400247841687e-01
6.271742400247841687e-01
6.271742400247841687e-01
6.271742400247841687e-01
5.855255127201169918e-01
5.855255127201169918e-01
5.855255127201169918e-01
5.855255127201169918e-01
5.855255127201169918e-01
5.855255127201169918e-01
5.409183963358615843e-01
5.409183963358615843e-01
5.409183963358615843e-01
5.110621845422297360e-01
5.110621845422297360e-01
5.267036114073867514e-01
5.267036114073867514e-01
5.448676998277236505e-01
5.701860320723202147e-01
5.701860320723202147e-01
5.701860320723202147e-01
6.227675210063480238e-01
6.553907668482386040e-01
6.498306945679721558e-01
6.498306945679721558e-01
5.917364756395561143e-01
5.917364756395561143e-01
5.874669815301323261e-01
5.916031489515747310e-01
5.916031489515747310e-01
5.916031489515747310e-01
5.916031489515747310e-01
5.916031489515747310e-01
5.916031489515747310e-01
6.097288064858410461e-01
6.044220748784068231e-01
6.044220748784068231e-01
6.044220748784068231e-01
6.044220748784068231e-01
6.044220748784068231e-01
6.082921279703806805e-01
6.082921279703806805e-01
6.082921279703806805e-01
6.597219134505795113e-01
5.587819890831322578e-01
5.587819890831322578e-01
5.349963230706492601e-01
5.349963230706492601e-01
5.349963230706492601e-01
5.349963230706492601e-01
5.349963230706492601e-01
6.111587771257898094e-01
5.130878655164381463e-01
5.130878655164381463e-01
6.070842200316375337e-01
5.582140117243943322e-01
5.582140117243943322e-01
5.582140117243943322e-01
5.582140117243943322e-01
5.834599515358250832e-01
5.834599515358250832e-01
6.519645208494111444e-01
6.519645208494111444e-01
