# Variable: dg_gbvi_00000335
# Sample shape: (2565,)
# Date: 2013-03-08 06:18:16.100459
-3.857310139894946754e+00
-3.891655717276329529e+00
-3.894414590203112869e+00
-4.398604579592163333e+00
-4.782989081336801895e+00
-5.183564247550313198e+00
-5.113350392074648809e+00
-5.990524903241906785e+00
-5.726248614103488954e+00
-5.097009630850513950e+00
-5.253448209753455167e+00
-5.253448209753455167e+00
-5.253448209753455167e+00
-5.352557053584117597e+00
-5.232680865889139277e+00
-5.241423145631586067e+00
-5.146307615205467201e+00
-5.146307615205467201e+00
-5.146307615205467201e+00
-5.159609442304462057e+00
-5.268380954588788079e+00
-5.342595730617976102e+00
-5.342595730617976102e+00
-5.368989072121386208e+00
-5.705627982656013231e+00
-5.698020752178490689e+00
-5.698020752178490689e+00
-5.368167931943756521e+00
-5.368167931943756521e+00
-5.280671398011464568e+00
-5.345045057916446574e+00
-5.345045057916446574e+00
-5.345045057916446574e+00
-5.345045057916446574e+00
-5.345045057916446574e+00
-5.513589402078022061e+00
-5.513589402078022061e+00
-5.508223854386754326e+00
-5.533338793079556339e+00
-5.544161462833974596e+00
-5.605979352816215844e+00
-5.411760422553244076e+00
-5.578236213401269517e+00
-5.472074790531472388e+00
-5.495140231536558062e+00
-5.270608527867785220e+00
-5.259914383816720829e+00
-5.638701598925528913e+00
-5.693390292290984256e+00
-5.693390292290984256e+00
-5.693390292290984256e+00
-5.693390292290984256e+00
-5.588280536896236050e+00
-5.648961957286505964e+00
-5.358787118441151520e+00
-5.290307880222895776e+00
-5.529522000177652608e+00
-5.528272413041481315e+00
-5.528272413041481315e+00
-5.528272413041481315e+00
-5.333201980320996682e+00
-5.333201980320996682e+00
-5.333201980320996682e+00
-5.407958534063507905e+00
-5.407958534063507905e+00
-5.407958534063507905e+00
-5.407958534063507905e+00
-5.603039641404434335e+00
-5.603039641404434335e+00
-5.450093968780620024e+00
-5.450093968780620024e+00
-5.450093968780620024e+00
-5.443729946542450016e+00
-5.416903893335135223e+00
-5.735515568107086182e+00
-5.485525069734112691e+00
-5.485525069734112691e+00
-5.728063143254729539e+00
-5.783783223170105181e+00
-5.828001747078917383e+00
-5.452678161525634337e+00
-5.684213718540581439e+00
-5.684213718540581439e+00
-5.684213718540581439e+00
-5.622188170947268304e+00
-5.611677836639072936e+00
-5.611677836639072936e+00
-5.753460970346520043e+00
-5.753460970346520043e+00
-5.753460970346520043e+00
-5.631533289215913562e+00
-5.631533289215913562e+00
-5.715092507955055190e+00
-5.715092507955055190e+00
-5.715092507955055190e+00
-5.535445038824297725e+00
-5.535445038824297725e+00
-5.535445038824297725e+00
-5.535445038824297725e+00
-5.488354189483336754e+00
-5.595458285214458982e+00
-5.607381626893586102e+00
-5.607381626893586102e+00
-5.607381626893586102e+00
-5.607381626893586102e+00
-5.607381626893586102e+00
-5.725663096972309241e+00
-5.725663096972309241e+00
-5.367816001994411224e+00
-5.367816001994411224e+00
-5.367816001994411224e+00
-5.422621361762021586e+00
-5.422621361762021586e+00
-5.422621361762021586e+00
-5.422621361762021586e+00
-5.422621361762021586e+00
-5.422621361762021586e+00
-5.494408728324195579e+00
-5.544746124750786542e+00
-5.544746124750786542e+00
-5.456193289057662099e+00
-5.380215263626467070e+00
-5.380215263626467070e+00
-5.432365830797520445e+00
-5.432365830797520445e+00
-5.432365830797520445e+00
-5.412649652982737258e+00
-5.617702846041389364e+00
-5.617702846041389364e+00
-5.604622235012490350e+00
-5.604622235012490350e+00
-5.619202896465691488e+00
-5.619202896465691488e+00
-5.629076307844555593e+00
-5.548089858174247269e+00
-5.548089858174247269e+00
-5.548089858174247269e+00
-5.548089858174247269e+00
-5.509518097316012053e+00
-5.622459236613546629e+00
-5.513595795858810433e+00
-5.546711613565010524e+00
-5.537264896650470725e+00
-5.537264896650470725e+00
-5.515261986706757824e+00
-5.515261986706757824e+00
-5.685815582746032604e+00
-5.623021184899801739e+00
-5.470087147658008853e+00
-5.470087147658008853e+00
-5.470087147658008853e+00
-5.431073657628149753e+00
-5.544328649403990283e+00
-5.521852611622321660e+00
-5.521852611622321660e+00
-5.521852611622321660e+00
-5.519265324413674456e+00
-5.519265324413674456e+00
-5.519265324413674456e+00
-5.455456602189781457e+00
-5.455456602189781457e+00
-5.455456602189781457e+00
-5.455456602189781457e+00
-5.410032146588498847e+00
-5.410032146588498847e+00
-5.650364464875705650e+00
-5.650364464875705650e+00
-5.656436154053535503e+00
-5.656436154053535503e+00
-5.656436154053535503e+00
-5.656436154053535503e+00
-5.597319883190399636e+00
-5.597319883190399636e+00
-5.565677466259500328e+00
-5.565677466259500328e+00
-5.565677466259500328e+00
-5.533878744324690402e+00
-5.477384361388472733e+00
-5.454681459386808484e+00
-5.454681459386808484e+00
-5.454681459386808484e+00
-5.454681459386808484e+00
-5.440497977773329552e+00
-5.440497977773329552e+00
-5.472738603339885266e+00
-5.477534040693188722e+00
-5.477534040693188722e+00
-5.477534040693188722e+00
-5.477534040693188722e+00
-5.441021112991502484e+00
-5.616100870889187746e+00
-5.623547437324587506e+00
-5.623547437324587506e+00
-5.623547437324587506e+00
-5.586886004518288651e+00
-5.586886004518288651e+00
-5.586886004518288651e+00
-5.404867639342405994e+00
-5.455268136424605174e+00
-5.437224217645458602e+00
-5.437224217645458602e+00
-5.437224217645458602e+00
-5.437224217645458602e+00
-5.437224217645458602e+00
-5.437224217645458602e+00
-5.394724455167692057e+00
-5.370129577818624433e+00
-5.549355290451154943e+00
-5.523476377236344881e+00
-5.554499325087993711e+00
-5.554499325087993711e+00
-5.554499325087993711e+00
-5.554499325087993711e+00
-5.554499325087993711e+00
-5.646838913738497112e+00
-5.646838913738497112e+00
-5.624461600195940214e+00
-5.624461600195940214e+00
-5.535516948997142528e+00
-5.553925795890275019e+00
-5.553925795890275019e+00
-5.597030595477774817e+00
-5.418215297150097420e+00
-5.390553099188489128e+00
-5.514496332426061187e+00
-5.514496332426061187e+00
-5.377689595031461600e+00
-5.377689595031461600e+00
-5.377689595031461600e+00
-5.361124747948351477e+00
-5.361124747948351477e+00
-5.361124747948351477e+00
-5.645111676977019322e+00
-5.645111676977019322e+00
-5.544135267506342224e+00
-5.409602045442122531e+00
-5.546047203468909892e+00
-5.546047203468909892e+00
-5.546047203468909892e+00
-5.511274988638754202e+00
-5.524203398070533844e+00
-5.524203398070533844e+00
-5.566541650109042116e+00
-5.591438044570542942e+00
-5.591438044570542942e+00
-5.628632134356602812e+00
-5.472658194708206914e+00
-5.445778953151017454e+00
-5.440452548235135133e+00
-5.537528249053391249e+00
-5.381254176359455244e+00
-5.381254176359455244e+00
-5.370131952396995700e+00
-5.370131952396995700e+00
-5.533982282493908222e+00
-5.533982282493908222e+00
-5.533982282493908222e+00
-5.382614005521885403e+00
-5.528682645104185944e+00
-5.600664242666226755e+00
-5.600664242666226755e+00
-5.544851936292651828e+00
-5.669728688851856546e+00
-5.699802772774214432e+00
-5.524788419329924594e+00
-5.458964650719826395e+00
-5.447126699178348019e+00
-5.314339553331814514e+00
-5.314339553331814514e+00
-5.423416811570692886e+00
-5.423416811570692886e+00
-5.572766324229900370e+00
-5.572766324229900370e+00
-5.572766324229900370e+00
-5.593166490491539911e+00
-5.593166490491539911e+00
-5.479456636133406278e+00
-5.479456636133406278e+00
-5.479456636133406278e+00
-5.479456636133406278e+00
-5.616409538841182325e+00
-5.616409538841182325e+00
-5.637069545150921179e+00
-5.531152964182788345e+00
-5.614357689129011675e+00
-5.614357689129011675e+00
-5.876864954932358387e+00
-5.478095613105352868e+00
-5.467766571853768021e+00
-5.493818350079481050e+00
-5.493818350079481050e+00
-5.493818350079481050e+00
-5.493818350079481050e+00
-5.502972541598692757e+00
-5.502580583021682514e+00
-5.464286247546593422e+00
-5.684479729934256653e+00
-5.684479729934256653e+00
-5.466012588842653841e+00
-5.466012588842653841e+00
-5.483592067074334331e+00
-5.599971941134612052e+00
-5.599971941134612052e+00
-5.499961564674459957e+00
-5.499961564674459957e+00
-5.665165785065622295e+00
-5.613326893452239119e+00
-5.565719297728982440e+00
-5.605269011632213250e+00
-5.605269011632213250e+00
-5.713051575585296860e+00
-5.720549035424175699e+00
-5.720549035424175699e+00
-5.849012767716275540e+00
-5.733667445716445599e+00
-5.733667445716445599e+00
-5.714733938595577101e+00
-5.615334226633191150e+00
-5.601697188855676579e+00
-5.713562075093768122e+00
-5.713562075093768122e+00
-5.713562075093768122e+00
-5.713562075093768122e+00
-5.713562075093768122e+00
-5.599399063770143847e+00
-5.599399063770143847e+00
-5.674863445940365736e+00
-5.674863445940365736e+00
-5.674863445940365736e+00
-5.633933915676176518e+00
-5.570319402485501392e+00
-5.570319402485501392e+00
-5.580834675402403633e+00
-5.657842541422029470e+00
-5.657842541422029470e+00
-5.852773428110465304e+00
-5.730084766824422360e+00
-5.688325860238069964e+00
-5.688325860238069964e+00
-5.725225623522658402e+00
-5.725225623522658402e+00
-5.688096875074865721e+00
-5.736335495602011392e+00
-5.777171147077882374e+00
-5.777171147077882374e+00
-5.786557711419805905e+00
-5.786557711419805905e+00
-5.786557711419805905e+00
-5.877463335017242940e+00
-5.748518530505101864e+00
-5.758307387845595038e+00
-5.754806901910113126e+00
-5.754806901910113126e+00
-5.667706682550972097e+00
-5.685112558380177816e+00
-5.458683419493735478e+00
-5.458683419493735478e+00
-5.548251811825275048e+00
-5.545147307962955630e+00
-5.545147307962955630e+00
-5.711258572709435377e+00
-5.711258572709435377e+00
-5.627227313559506783e+00
-5.627227313559506783e+00
-5.562989540865410198e+00
-5.562989540865410198e+00
-5.562989540865410198e+00
-5.562989540865410198e+00
-5.562989540865410198e+00
-5.561124194916544639e+00
-5.561124194916544639e+00
-5.559437084578830124e+00
-5.651143851163396015e+00
-5.651143851163396015e+00
-5.651143851163396015e+00
-5.651143851163396015e+00
-5.651143851163396015e+00
-5.651143851163396015e+00
-5.651143851163396015e+00
-5.663731206539527108e+00
-5.719768611560150262e+00
-5.719768611560150262e+00
-5.467289143326378387e+00
-5.467289143326378387e+00
-5.467289143326378387e+00
-5.467289143326378387e+00
-5.437317067183323971e+00
-5.437317067183323971e+00
-5.710855975572654231e+00
-5.700463389514566437e+00
-5.725023215304444690e+00
-5.716808107043282128e+00
-5.716808107043282128e+00
-5.743755466096606810e+00
-5.416408923765264838e+00
-5.628380932467538678e+00
-5.487790355631366523e+00
-5.688186485056494490e+00
-5.688186485056494490e+00
-5.658785286599004039e+00
-5.663711591022974723e+00
-5.746594179607510178e+00
-5.737753653546127097e+00
-5.741121575732544002e+00
-5.741121575732544002e+00
-5.741121575732544002e+00
-5.741121575732544002e+00
-5.741121575732544002e+00
-5.818528658903648676e+00
-5.818528658903648676e+00
-5.721920229521992418e+00
-5.847593427909268726e+00
-5.853501159528471831e+00
-5.499508026041914022e+00
-5.499508026041914022e+00
-5.465284616148679220e+00
-5.580958538762888388e+00
-5.580958538762888388e+00
-5.572781493156757193e+00
-5.572781493156757193e+00
-5.464914067125025809e+00
-5.820217190755712977e+00
-5.718701864850610939e+00
-5.718701864850610939e+00
-5.393396677175319454e+00
-5.393396677175319454e+00
-5.381497476312159911e+00
-5.349752921602097366e+00
-5.366002729694021589e+00
-5.366002729694021589e+00
-5.610221149437117916e+00
-5.612410226558773196e+00
-5.498196515141700047e+00
-5.601445882097571882e+00
-5.681381452954112454e+00
-5.681381452954112454e+00
-5.676034906013970094e+00
-5.679214682498853861e+00
-5.679214682498853861e+00
-5.653439657526143414e+00
-5.550906660969744166e+00
-5.444719248641517240e+00
-5.444719248641517240e+00
-5.435490651520966665e+00
-5.504317399932969757e+00
-5.476938216106943536e+00
-5.476938216106943536e+00
-5.476938216106943536e+00
-5.471834371220637649e+00
-5.471834371220637649e+00
-5.471834371220637649e+00
-5.797307583127774500e+00
-5.797307583127774500e+00
-5.806131139621639292e+00
-5.858116410734631962e+00
-5.869698922615340209e+00
-5.821167941244736355e+00
-5.821167941244736355e+00
-5.821167941244736355e+00
-5.821167941244736355e+00
-5.667056032201165827e+00
-5.687022152936371810e+00
-5.332099837068375869e+00
-5.353436233520704413e+00
-5.353646880947581010e+00
-5.460324012865394927e+00
-5.460324012865394927e+00
-5.441608839948029797e+00
-5.445258912086109682e+00
-5.445258912086109682e+00
-5.495703546209935730e+00
-5.495703546209935730e+00
-5.495703546209935730e+00
-5.495703546209935730e+00
-5.514998397994222756e+00
-5.599714513552078721e+00
-5.541663752270964416e+00
-5.525679232074168112e+00
-5.525679232074168112e+00
-5.696258985394302421e+00
-5.707743523716890977e+00
-5.707743523716890977e+00
-5.666657103613392366e+00
-5.400522167835442033e+00
-5.400522167835442033e+00
-5.304738451609810390e+00
-5.460166170791945106e+00
-5.460166170791945106e+00
-5.512874225951034823e+00
-5.512874225951034823e+00
-5.473831745195910869e+00
-5.473831745195910869e+00
-5.473831745195910869e+00
-5.473831745195910869e+00
-5.620075138379257318e+00
-5.620075138379257318e+00
-5.739515919126625398e+00
-5.735125501926572333e+00
-5.736413101411466542e+00
-5.684196027646363447e+00
-5.480564715022874900e+00
-5.480564715022874900e+00
-5.480564715022874900e+00
-5.480564715022874900e+00
-5.480564715022874900e+00
-5.480564715022874900e+00
-5.472826699893525770e+00
-5.491571204928399119e+00
-5.495029391026075238e+00
-5.506850144953295612e+00
-5.506850144953295612e+00
-5.504552750715552278e+00
-5.578070944666487563e+00
-5.578070944666487563e+00
-5.578070944666487563e+00
-5.578070944666487563e+00
-5.578070944666487563e+00
-5.578070944666487563e+00
-5.556779976057738324e+00
-5.590027758522721157e+00
-5.590027758522721157e+00
-5.460448833863756235e+00
-5.518448286255938307e+00
-5.518448286255938307e+00
-5.427172074169421379e+00
-5.432455492230315208e+00
-5.591448785780287700e+00
-5.774542301804695299e+00
-5.774542301804695299e+00
-5.774542301804695299e+00
-5.774542301804695299e+00
-5.607603500549937614e+00
-5.607603500549937614e+00
-5.609241705428932079e+00
-5.581227890852535012e+00
-5.498357492068370433e+00
-5.437811760090052182e+00
-5.437811760090052182e+00
-5.437811760090052182e+00
-5.548668862268971047e+00
-5.548668862268971047e+00
-5.548668862268971047e+00
-5.522117697897766853e+00
-5.496810022558666908e+00
-5.629317406865325779e+00
-5.629317406865325779e+00
-5.629317406865325779e+00
-5.629317406865325779e+00
-5.346681097937670657e+00
-5.346681097937670657e+00
-5.346681097937670657e+00
-5.302509835248119252e+00
-5.710264113594832658e+00
-5.573646014575178498e+00
-5.573646014575178498e+00
-5.530416979121635990e+00
-5.516823970039518521e+00
-5.529445171860924546e+00
-5.529445171860924546e+00
-5.529445171860924546e+00
-5.529445171860924546e+00
-5.529445171860924546e+00
-5.602764081369310922e+00
-5.547708174306580808e+00
-5.547708174306580808e+00
-5.530344851953466367e+00
-5.515121341660567111e+00
-5.515121341660567111e+00
-5.595451863889612021e+00
-5.595451863889612021e+00
-5.595451863889612021e+00
-5.567509011459445212e+00
-5.567509011459445212e+00
-5.567509011459445212e+00
-5.591260384618975898e+00
-5.591260384618975898e+00
-5.585487244054513134e+00
-5.585487244054513134e+00
-5.573129054996403653e+00
-5.567206443033485108e+00
-5.567206443033485108e+00
-5.567206443033485108e+00
-5.567206443033485108e+00
-5.567206443033485108e+00
-5.567206443033485108e+00
-5.577960079682771521e+00
-5.511214958918101203e+00
-5.511214958918101203e+00
-5.792969906879308795e+00
-5.792969906879308795e+00
-5.691758352425951628e+00
-5.691758352425951628e+00
-5.691758352425951628e+00
-5.691758352425951628e+00
-5.744676010040971725e+00
-5.744676010040971725e+00
-5.744676010040971725e+00
-5.532383338622716806e+00
-5.532383338622716806e+00
-5.581484401297598374e+00
-5.764277600499876364e+00
-5.733909035537701371e+00
-5.733909035537701371e+00
-5.733909035537701371e+00
-5.765901362035597444e+00
-5.704314069225182138e+00
-5.788362999311704726e+00
-5.468525878642930493e+00
-5.428252571299431395e+00
-5.428252571299431395e+00
-5.463244566734205776e+00
-5.464800282654990404e+00
-5.613693223888498451e+00
-5.406177169647917502e+00
-5.412146506697046000e+00
-5.412146506697046000e+00
-5.405677595954476722e+00
-5.669932412067342220e+00
-5.445216280722392277e+00
-5.445216280722392277e+00
-5.551501268069070072e+00
-5.583242516235906727e+00
-5.465677521015353868e+00
-5.628924248559623145e+00
-5.670439605910665648e+00
-5.564969223592099112e+00
-5.676234743017332107e+00
-5.600801906252725892e+00
-5.575825173450467354e+00
-5.627908694756725616e+00
-5.582231502638507870e+00
-5.463149431755270236e+00
-5.463149431755270236e+00
-5.528876302838271251e+00
-5.489442672936934109e+00
-5.571788998977095453e+00
-5.538880924710012366e+00
-5.538880924710012366e+00
-5.556787888303978740e+00
-5.556787888303978740e+00
-5.560589320972793459e+00
-5.560589320972793459e+00
-5.595666685786875760e+00
-5.623702536801070018e+00
-5.688322996278731836e+00
-5.445542543560726756e+00
-5.500816445751435246e+00
-5.481835720710325432e+00
-5.542163092265127489e+00
-5.429164284445376687e+00
-5.429164284445376687e+00
-5.574205607603892609e+00
-5.574205607603892609e+00
-5.574205607603892609e+00
-5.574205607603892609e+00
-5.557423820729509245e+00
-5.397171794578759396e+00
-5.409330030614585283e+00
-5.409330030614585283e+00
-5.501090357801485808e+00
-5.501090357801485808e+00
-5.501090357801485808e+00
-5.501090357801485808e+00
-5.501090357801485808e+00
-5.501090357801485808e+00
-5.501090357801485808e+00
-5.501090357801485808e+00
-5.535546803843469199e+00
-5.560575012445845289e+00
-5.560575012445845289e+00
-5.509211284538768183e+00
-5.583628844357313881e+00
-5.583628844357313881e+00
-5.625079246798610377e+00
-5.625079246798610377e+00
-5.625079246798610377e+00
-5.625079246798610377e+00
-5.627166026551321920e+00
-5.623998663849500090e+00
-5.623998663849500090e+00
-5.623998663849500090e+00
-5.623998663849500090e+00
-5.541870797144523131e+00
-5.505082446269993213e+00
-5.522556022320353364e+00
-5.522556022320353364e+00
-5.522556022320353364e+00
-5.434696131264392882e+00
-5.638688815614387728e+00
-5.638688815614387728e+00
-5.638688815614387728e+00
-5.638688815614387728e+00
-5.634401261061457333e+00
-5.626464534147965324e+00
-5.626222352509484992e+00
-5.613468000995756491e+00
-5.562704161184766960e+00
-5.562704161184766960e+00
-5.482858823133212489e+00
-5.530745625946774879e+00
-5.592026794760506903e+00
-5.645862354968040009e+00
-5.516098830279576148e+00
-5.516098830279576148e+00
-5.556882146290123892e+00
-5.556882146290123892e+00
-5.453799112003577143e+00
-5.453799112003577143e+00
-5.453799112003577143e+00
-5.694496283585503527e+00
-5.694496283585503527e+00
-5.694496283585503527e+00
-5.682261846581521780e+00
-5.682261846581521780e+00
-5.811441472625689109e+00
-5.811441472625689109e+00
-5.811441472625689109e+00
-5.704839834971989099e+00
-5.712555764849259532e+00
-5.713919675036419399e+00
-5.713919675036419399e+00
-5.713919675036419399e+00
-5.713919675036419399e+00
-5.477059804803300125e+00
-5.445230425965525534e+00
-5.445230425965525534e+00
-5.653579783652625146e+00
-5.658139780263113927e+00
-5.658139780263113927e+00
-5.566542734895301159e+00
-5.551011018321740487e+00
-5.599471093776043240e+00
-5.599471093776043240e+00
-5.469569921132058532e+00
-5.597951877882638705e+00
-5.597951877882638705e+00
-5.597951877882638705e+00
-5.597951877882638705e+00
-5.502238183156644702e+00
-5.502238183156644702e+00
-5.549972060675345986e+00
-5.596902992472971405e+00
-5.576747370953360594e+00
-5.576747370953360594e+00
-5.545441582856179608e+00
-5.487722892241431616e+00
-5.528369846739450644e+00
-5.528369846739450644e+00
-5.528369846739450644e+00
-5.644847394193689638e+00
-5.599284954609896836e+00
-5.599284954609896836e+00
-5.599284954609896836e+00
-5.771155082388646385e+00
-5.771155082388646385e+00
-5.693753865018802429e+00
-5.693194429634377052e+00
-5.776793562302445117e+00
-5.776793562302445117e+00
-5.776793562302445117e+00
-5.725094925943095880e+00
-5.725094925943095880e+00
-5.647938272383024483e+00
-5.647938272383024483e+00
-5.539723538739314890e+00
-5.541628381413608473e+00
-5.558781384958233041e+00
-5.643232217673544326e+00
-5.692015722505318287e+00
-5.631790822236101057e+00
-5.631790822236101057e+00
-5.597849679430302317e+00
-5.597849679430302317e+00
-5.565953023180517434e+00
-5.565953023180517434e+00
-5.549605503755034697e+00
-5.498337410479329002e+00
-5.403702683880752033e+00
-5.550473214265274180e+00
-5.571444815573496356e+00
-5.571444815573496356e+00
-5.494368077165170838e+00
-5.494368077165170838e+00
-5.494368077165170838e+00
-5.494368077165170838e+00
-5.494368077165170838e+00
-5.494368077165170838e+00
-5.494368077165170838e+00
-5.675741244227033633e+00
-5.618470566438043434e+00
-5.566633695197552356e+00
-5.566633695197552356e+00
-5.581919680808224982e+00
-5.647514232732322448e+00
-5.647514232732322448e+00
-5.603564623643836562e+00
-5.550756914128601949e+00
-5.550756914128601949e+00
-5.600523893458810853e+00
-5.600523893458810853e+00
-5.838962152135461103e+00
-5.754236326976865712e+00
-5.827436766844433791e+00
-5.827436766844433791e+00
-5.827436766844433791e+00
-5.776545933543071776e+00
-5.776545933543071776e+00
-5.870887031107207221e+00
-5.773403365614957927e+00
-5.615362392706749972e+00
-5.667822108280605953e+00
-5.667822108280605953e+00
-5.667822108280605953e+00
-5.667822108280605953e+00
-5.744039192444067687e+00
-5.725342622434117956e+00
-5.730807002211578016e+00
-5.714148292987853317e+00
-5.714148292987853317e+00
-5.765586133206086039e+00
-5.632817254138415386e+00
-5.617142924487129818e+00
-5.617142924487129818e+00
-5.617142924487129818e+00
-5.644728331201966931e+00
-5.655397791289686893e+00
-5.655397791289686893e+00
-5.655397791289686893e+00
-5.655397791289686893e+00
-5.673816629216318574e+00
-5.673816629216318574e+00
-5.673816629216318574e+00
-5.693753357145764582e+00
-5.693753357145764582e+00
-5.725216138963102885e+00
-5.806522265966217233e+00
-5.766794910296531462e+00
-5.801482948414673935e+00
-5.801482948414673935e+00
-5.801482948414673935e+00
-5.814928339937696755e+00
-5.814928339937696755e+00
-5.814928339937696755e+00
-5.725818981830974153e+00
-5.727567660380183057e+00
-5.763265007030426545e+00
-5.696719689125139041e+00
-5.625115717044689490e+00
-5.623038748467577008e+00
-5.667958203236312720e+00
-5.606878748439628524e+00
-5.731220558533466125e+00
-5.605397407464628223e+00
-5.605397407464628223e+00
-5.605397407464628223e+00
-5.699101466590558829e+00
-5.699101466590558829e+00
-5.687959239142222678e+00
-5.687959239142222678e+00
-5.686971327164412671e+00
-5.754135679034598105e+00
-5.754135679034598105e+00
-5.755432460790558480e+00
-5.614456743611221157e+00
-5.614456743611221157e+00
-5.608825845359230122e+00
-5.478059071628079479e+00
-5.478059071628079479e+00
-5.600320010943557136e+00
-5.600320010943557136e+00
-5.520730511603079371e+00
-5.520730511603079371e+00
-5.520730511603079371e+00
-5.591556486905715495e+00
-5.591556486905715495e+00
-5.539368878823585973e+00
-5.586151906807594436e+00
-5.615146694389212101e+00
-5.615146694389212101e+00
-5.615146694389212101e+00
-5.689466564411677751e+00
-5.672125075783438497e+00
-5.769440180675932339e+00
-5.751906628795730114e+00
-5.773108687788058191e+00
-5.799198219730059556e+00
-5.799198219730059556e+00
-5.768726900200460861e+00
-5.768726900200460861e+00
-5.749101436820615696e+00
-5.648480533972036532e+00
-5.683281821557560676e+00
-5.467028210438496849e+00
-5.467028210438496849e+00
-5.467028210438496849e+00
-5.467028210438496849e+00
-5.353478922653996719e+00
-5.466718585446265877e+00
-5.466718585446265877e+00
-5.459802349698196444e+00
-5.646880309776133977e+00
-5.646880309776133977e+00
-5.646880309776133977e+00
-5.624965476916374385e+00
-5.624965476916374385e+00
-5.624965476916374385e+00
-5.624965476916374385e+00
-5.624965476916374385e+00
-5.625149119904992112e+00
-5.578950203175637945e+00
-5.667242981712492522e+00
-5.623806869564297095e+00
-5.623806869564297095e+00
-5.708801115006716387e+00
-5.509803840017222676e+00
-5.658242856461548342e+00
-5.477399777854881968e+00
-5.472146244015497096e+00
-5.581806104674477353e+00
-5.581806104674477353e+00
-5.590279150002005260e+00
-5.660054377573496609e+00
-5.690214753063075115e+00
-5.584225659090884974e+00
-5.585398288940457867e+00
-5.585398288940457867e+00
-5.607103111717414379e+00
-5.607103111717414379e+00
-5.607103111717414379e+00
-5.542174746666081120e+00
-5.541781317236226023e+00
-5.541781317236226023e+00
-5.541781317236226023e+00
-5.564451798805565730e+00
-5.619469127378449613e+00
-5.619469127378449613e+00
-5.619469127378449613e+00
-5.608791690994486601e+00
-5.653900736938617833e+00
-5.654992176870947240e+00
-5.654992176870947240e+00
-5.502332905894339987e+00
-5.584212253662854231e+00
-5.584212253662854231e+00
-5.570293257084999006e+00
-5.570293257084999006e+00
-5.570293257084999006e+00
-5.489082817696039562e+00
-5.593536309341115675e+00
-5.389430295909101609e+00
-5.389430295909101609e+00
-5.389430295909101609e+00
-5.389430295909101609e+00
-5.389430295909101609e+00
-5.382882673321740086e+00
-5.382882673321740086e+00
-5.283119425457682539e+00
-5.283119425457682539e+00
-5.283119425457682539e+00
-5.430730088558809676e+00
-5.430730088558809676e+00
-5.419320077970546379e+00
-5.419320077970546379e+00
-5.490068737313666070e+00
-5.490068737313666070e+00
-5.490068737313666070e+00
-5.459362603630945721e+00
-5.459362603630945721e+00
-5.459362603630945721e+00
-5.459362603630945721e+00
-5.459362603630945721e+00
-5.617114840067161552e+00
-5.617114840067161552e+00
-5.556505207462429929e+00
-5.617662149037438546e+00
-5.617662149037438546e+00
-5.570534603611545954e+00
-5.570534603611545954e+00
-5.570534603611545954e+00
-5.564770262163270864e+00
-5.580437341978002230e+00
-5.580437341978002230e+00
-5.580437341978002230e+00
-5.588097067756448766e+00
-5.615934380527281000e+00
-5.615934380527281000e+00
-5.555658255798966216e+00
-5.555658255798966216e+00
-5.582285353467536737e+00
-5.582285353467536737e+00
-5.582285353467536737e+00
-5.527231479262300518e+00
-5.527231479262300518e+00
-5.569580105470959275e+00
-5.414260332487536687e+00
-5.414260332487536687e+00
-5.414260332487536687e+00
-5.436728433948649020e+00
-5.458949302194445075e+00
-5.464918021467203957e+00
-5.464918021467203957e+00
-5.464918021467203957e+00
-5.563590464285343984e+00
-5.532498886140162497e+00
-5.376758998967677172e+00
-5.454275642449870176e+00
-5.454275642449870176e+00
-5.454275642449870176e+00
-5.454275642449870176e+00
-5.460362912664474599e+00
-5.460362912664474599e+00
-5.460362912664474599e+00
-5.538807664780627249e+00
-5.502240818929241328e+00
-5.502240818929241328e+00
-5.649115891069123485e+00
-5.601169047776953569e+00
-5.601169047776953569e+00
-5.601169047776953569e+00
-5.706416579613979856e+00
-5.696688992268304830e+00
-5.696688992268304830e+00
-5.735965679337084566e+00
-5.727270558128617850e+00
-5.727270558128617850e+00
-5.677390061433785107e+00
-5.638256756703951211e+00
-5.411055293949148748e+00
-5.471537180717356286e+00
-5.440999894468021125e+00
-5.437457735120650781e+00
-5.442834299379503804e+00
-5.442834299379503804e+00
-5.442834299379503804e+00
-5.414786293192791256e+00
-5.414786293192791256e+00
-5.414786293192791256e+00
-5.414786293192791256e+00
-5.557030499873650164e+00
-5.486638962839839984e+00
-5.473688300544874430e+00
-5.398939280589795331e+00
-5.576302247846542492e+00
-5.576302247846542492e+00
-5.372480449841446237e+00
-5.408413315398735044e+00
-5.740605125310327850e+00
-5.740605125310327850e+00
-5.635546294287370195e+00
-5.441025664216021518e+00
-5.441025664216021518e+00
-5.441025664216021518e+00
-5.441025664216021518e+00
-5.441025664216021518e+00
-5.441025664216021518e+00
-5.466129719950568955e+00
-5.466129719950568955e+00
-5.561583539717122271e+00
-5.568849652030922748e+00
-5.528484807175050975e+00
-5.528484807175050975e+00
-5.528484807175050975e+00
-5.528484807175050975e+00
-5.512929761861272482e+00
-5.630279144677126979e+00
-5.584017829925520537e+00
-5.476993421561943798e+00
-5.476993421561943798e+00
-5.407936429374348819e+00
-5.409607466756217065e+00
-5.495465851830807935e+00
-5.475297261498010215e+00
-5.475297261498010215e+00
-5.475297261498010215e+00
-5.554437629057083825e+00
-5.562032261547193990e+00
-5.562032261547193990e+00
-5.619679353597459404e+00
-5.508939553662695943e+00
-5.456777913092584420e+00
-5.421094433556433501e+00
-5.421094433556433501e+00
-5.313176066673536369e+00
-5.313176066673536369e+00
-5.318586874340273773e+00
-5.323226181977537053e+00
-5.323226181977537053e+00
-5.323226181977537053e+00
-5.238693277519908875e+00
-5.364926399906289056e+00
-5.427421905296970550e+00
-5.368765694791237664e+00
-5.501378001456250111e+00
-5.330740022967780156e+00
-5.419379684829830346e+00
-5.544443314628209940e+00
-5.631500127817267831e+00
-5.555503764506172004e+00
-5.593826274464085202e+00
-5.644960674009458224e+00
-5.686105603711481216e+00
-5.534335106336324195e+00
-5.537412527825008368e+00
-5.695746943835198195e+00
-5.488733378543612318e+00
-5.520768204784205935e+00
-5.521646104871777538e+00
-5.521646104871777538e+00
-5.476671308057813548e+00
-5.621001593325639867e+00
-5.621001593325639867e+00
-5.621001593325639867e+00
-5.609375529306632302e+00
-5.541295144062239331e+00
-5.448498818704702096e+00
-5.258351934247006199e+00
-5.384636157147116187e+00
-5.374477125765149133e+00
-5.298601708136104094e+00
-5.298601708136104094e+00
-5.452808572622890537e+00
-5.452808572622890537e+00
-5.655085199452348554e+00
-5.655085199452348554e+00
-5.658639089444452708e+00
-5.688096388170792217e+00
-5.757523418527469516e+00
-5.757523418527469516e+00
-5.757523418527469516e+00
-5.757523418527469516e+00
-5.760578954072382629e+00
-5.563212966838549711e+00
-5.559694723210071743e+00
-5.512748490092963749e+00
-5.512386046680500584e+00
-5.501008971196815978e+00
-5.414481079241151740e+00
-5.414481079241151740e+00
-5.385609527446924893e+00
-5.638598046262764285e+00
-5.638598046262764285e+00
-5.417766413737192366e+00
-5.520114804798637920e+00
-5.405961242956641932e+00
-5.405961242956641932e+00
-5.475231904796821425e+00
-5.475231904796821425e+00
-5.426514593170716161e+00
-5.426514593170716161e+00
-5.426514593170716161e+00
-5.426514593170716161e+00
-5.426514593170716161e+00
-5.455164866947031399e+00
-5.470508983326510588e+00
-5.525170673973269331e+00
-5.525170673973269331e+00
-5.525170673973269331e+00
-5.525170673973269331e+00
-5.511879803634397668e+00
-5.467406252186552074e+00
-5.467406252186552074e+00
-5.467406252186552074e+00
-5.467406252186552074e+00
-5.251073320991999083e+00
-5.382638363384194768e+00
-5.382638363384194768e+00
-5.382638363384194768e+00
-5.538722489285151873e+00
-5.447474963948085502e+00
-5.445665448940697928e+00
-5.445665448940697928e+00
-5.490875348912095610e+00
-5.490875348912095610e+00
-5.490875348912095610e+00
-5.458547950631095880e+00
-5.397691784773308576e+00
-5.397691784773308576e+00
-5.397691784773308576e+00
-5.397691784773308576e+00
-5.429011642087434808e+00
-5.716162394648615752e+00
-5.716162394648615752e+00
-5.434255933023554697e+00
-5.430779423646939996e+00
-5.560388025360970765e+00
-5.552867225872947898e+00
-5.552867225872947898e+00
-5.481828486136867795e+00
-5.481828486136867795e+00
-5.438751807338682021e+00
-5.438751807338682021e+00
-5.438751807338682021e+00
-5.438751807338682021e+00
-5.275251397558074373e+00
-5.261022806110815964e+00
-5.261022806110815964e+00
-5.585902938866970757e+00
-5.585902938866970757e+00
-5.585902938866970757e+00
-5.548170053403714164e+00
-5.553978420662032178e+00
-5.570454253037504522e+00
-5.568182950574734669e+00
-5.526320703413979629e+00
-5.513454873532743328e+00
-5.513454873532743328e+00
-5.539958161445605711e+00
-5.539958161445605711e+00
-5.505765687537588882e+00
-5.505765687537588882e+00
-5.435469424747950029e+00
-5.435469424747950029e+00
-5.349660730901321770e+00
-5.349660730901321770e+00
-5.349660730901321770e+00
-5.366603700089132900e+00
-5.452794190660884333e+00
-5.452794190660884333e+00
-5.373160801433299660e+00
-5.373160801433299660e+00
-5.366942879527862864e+00
-5.437310439907378168e+00
-5.437310439907378168e+00
-5.459509944529643555e+00
-5.459509944529643555e+00
-5.511214942358740210e+00
-5.511214942358740210e+00
-5.391116963503618464e+00
-5.452663365513148896e+00
-5.452663365513148896e+00
-5.427485586714285937e+00
-5.573918842064573553e+00
-5.573918842064573553e+00
-5.573918842064573553e+00
-5.573918842064573553e+00
-5.573918842064573553e+00
-5.573918842064573553e+00
-5.573918842064573553e+00
-5.613959240240764537e+00
-5.613959240240764537e+00
-5.613959240240764537e+00
-5.613959240240764537e+00
-5.581067635917104752e+00
-5.581067635917104752e+00
-5.725978656993655491e+00
-5.672481905100398514e+00
-5.672481905100398514e+00
-5.672481905100398514e+00
-5.633815725455611378e+00
-5.621046584984195960e+00
-5.507333181945926803e+00
-5.551540153348291540e+00
-5.551540153348291540e+00
-5.545520189632813235e+00
-5.523025344108611456e+00
-5.546874376836184339e+00
-5.546874376836184339e+00
-5.250529081716397428e+00
-5.277061893159764594e+00
-5.277061893159764594e+00
-5.452348772236147667e+00
-5.570810893373739248e+00
-5.574362297882267114e+00
-5.574362297882267114e+00
-5.541696912761327809e+00
-5.556621042773866037e+00
-5.553932653186276269e+00
-5.553932653186276269e+00
-5.559137701956101019e+00
-5.559137701956101019e+00
-5.559137701956101019e+00
-5.559137701956101019e+00
-5.487161822218397766e+00
-5.487161822218397766e+00
-5.487161822218397766e+00
-5.422490999753203589e+00
-5.401550261436197431e+00
-5.420232276376881764e+00
-5.420232276376881764e+00
-5.420232276376881764e+00
-5.510051119346392134e+00
-5.607845869566082442e+00
-5.590787640802280301e+00
-5.482971337309582971e+00
-5.482971337309582971e+00
-5.503277267543007945e+00
-5.516641569523769384e+00
-5.350966313834196519e+00
-5.350966313834196519e+00
-5.371962478583157896e+00
-5.338000313720264955e+00
-5.335841253496536041e+00
-5.335841253496536041e+00
-5.335841253496536041e+00
-5.398197657150481277e+00
-5.468460949370887114e+00
-5.468460949370887114e+00
-5.468460949370887114e+00
-5.381319563998412825e+00
-5.381319563998412825e+00
-5.381319563998412825e+00
-5.381319563998412825e+00
-5.381319563998412825e+00
-5.288549360547928124e+00
-5.243127512004035040e+00
-5.243127512004035040e+00
-5.257518132164128666e+00
-5.233217481229835322e+00
-5.196951192035800027e+00
-5.196951192035800027e+00
-5.248969032650514954e+00
-5.248969032650514954e+00
-5.248969032650514954e+00
-5.294887135889657870e+00
-5.274318153376981400e+00
-5.209899487102306992e+00
-5.329738732093516340e+00
-5.280858948569544076e+00
-5.380566714098948822e+00
-5.353528637963045789e+00
-5.353528637963045789e+00
-5.323821730616716152e+00
-5.298360797594803273e+00
-5.388460450674555702e+00
-5.308514535416131608e+00
-5.592689864478563422e+00
-5.472105641080442062e+00
-5.458786730619805461e+00
-5.609768688207461551e+00
-5.609768688207461551e+00
-5.628873030608585459e+00
-5.628873030608585459e+00
-5.628873030608585459e+00
-5.465398978358884108e+00
-5.435427379000845605e+00
-5.427116596970037676e+00
-5.427116596970037676e+00
-5.300048653440959434e+00
-5.441312969528205201e+00
-5.569914454923219793e+00
-5.520078044439626019e+00
-5.441356770750691574e+00
-5.464770771211700406e+00
-5.464770771211700406e+00
-5.464770771211700406e+00
-5.464770771211700406e+00
-5.407226871647193178e+00
-5.436278579734071137e+00
-5.465473359185349267e+00
-5.481927066910108337e+00
-5.481927066910108337e+00
-5.481927066910108337e+00
-5.508070033065235904e+00
-5.488418591878129860e+00
-5.600787200831707224e+00
-5.600787200831707224e+00
-5.600787200831707224e+00
-5.600787200831707224e+00
-5.633209043432445107e+00
-5.555773939336802414e+00
-5.555773939336802414e+00
-5.555773939336802414e+00
-5.555773939336802414e+00
-5.555773939336802414e+00
-5.496407744880319690e+00
-5.514651825263717555e+00
-5.549675800480861732e+00
-5.549675800480861732e+00
-5.569064092775886543e+00
-5.261094004068542773e+00
-5.261094004068542773e+00
-5.261094004068542773e+00
-5.468689783579271158e+00
-5.408026917112008114e+00
-5.408026917112008114e+00
-5.408026917112008114e+00
-5.412043527518886066e+00
-5.331622424760649182e+00
-5.457650570024653369e+00
-5.457650570024653369e+00
-5.527916779652080947e+00
-5.527916779652080947e+00
-5.527916779652080947e+00
-5.531013752083830504e+00
-5.531013752083830504e+00
-5.591584329510547846e+00
-5.618734992530808547e+00
-5.618734992530808547e+00
-5.618734992530808547e+00
-5.618734992530808547e+00
-5.479679548087355023e+00
-5.479679548087355023e+00
-5.479679548087355023e+00
-5.479679548087355023e+00
-5.479679548087355023e+00
-5.484600026022980579e+00
-5.543597869621698315e+00
-5.553814741926449194e+00
-5.395757171575136901e+00
-5.505986076521638850e+00
-5.315689404119334327e+00
-5.250946795268675693e+00
-5.243173578687629899e+00
-5.243173578687629899e+00
-5.257080448861340294e+00
-5.257080448861340294e+00
-5.257080448861340294e+00
-5.257080448861340294e+00
-5.257080448861340294e+00
-5.375918553074006567e+00
-5.375918553074006567e+00
-5.402369350782876722e+00
-5.402369350782876722e+00
-5.402369350782876722e+00
-5.605511480435910521e+00
-5.524101322546067117e+00
-5.503696601871184590e+00
-5.503696601871184590e+00
-5.520349512914547674e+00
-5.479061231358710593e+00
-5.479061231358710593e+00
-5.555009633943345015e+00
-5.555009633943345015e+00
-5.555009633943345015e+00
-5.480448678387396910e+00
-5.480448678387396910e+00
-5.480448678387396910e+00
-5.480448678387396910e+00
-5.480448678387396910e+00
-5.416596639417662118e+00
-5.416596639417662118e+00
-5.416596639417662118e+00
-5.416596639417662118e+00
-5.416596639417662118e+00
-5.364067681322455705e+00
-5.403657956109173099e+00
-5.376863402510180023e+00
-5.376863402510180023e+00
-5.376863402510180023e+00
-5.304673450063682516e+00
-5.410590645790165354e+00
-5.410590645790165354e+00
-5.395419110812616381e+00
-5.468925637579284071e+00
-5.468925637579284071e+00
-5.477280215832976751e+00
-5.477280215832976751e+00
-5.477280215832976751e+00
-5.449447515315736013e+00
-5.449447515315736013e+00
-5.449447515315736013e+00
-5.566824236175891727e+00
-5.562443450198132133e+00
-5.562443450198132133e+00
-5.562443450198132133e+00
-5.552192518469831306e+00
-5.471584560089051585e+00
-5.460047964016921718e+00
-5.460047964016921718e+00
-5.464107356303132157e+00
-5.551804494246764143e+00
-5.565004355222921362e+00
-5.460366970800879294e+00
-5.460366970800879294e+00
-5.460366970800879294e+00
-5.460366970800879294e+00
-5.460366970800879294e+00
-5.547746977742645136e+00
-5.547746977742645136e+00
-5.466976765469575561e+00
-5.454415760398008572e+00
-5.516418490003452746e+00
-5.516418490003452746e+00
-5.516418490003452746e+00
-5.516418490003452746e+00
-5.653879012610829591e+00
-5.526550276334764256e+00
-5.526550276334764256e+00
-5.526550276334764256e+00
-5.566076833395944945e+00
-5.566076833395944945e+00
-5.566076833395944945e+00
-5.519794932685298861e+00
-5.554352457381042996e+00
-5.554352457381042996e+00
-5.534001447753433389e+00
-5.534001447753433389e+00
-5.477451104611871457e+00
-5.477175173619713178e+00
-5.447921295131139985e+00
-5.410617318558675670e+00
-5.410617318558675670e+00
-5.410617318558675670e+00
-5.625050847871382764e+00
-5.625050847871382764e+00
-5.500180578887736260e+00
-5.464576188703936133e+00
-5.508645797359393192e+00
-5.516372897936994590e+00
-5.516372897936994590e+00
-5.537769913343159267e+00
-5.455367457962502442e+00
-5.535943845422525378e+00
-5.506612504430822952e+00
-5.580619789483231230e+00
-5.580619789483231230e+00
-5.642220841774883588e+00
-5.629834320417892890e+00
-5.629834320417892890e+00
-5.679996377425090337e+00
-5.621754316152172137e+00
-5.627308091633597797e+00
-5.615339820144005678e+00
-5.396763831893501617e+00
-5.396763831893501617e+00
-5.436948345304356778e+00
-5.401795680909899033e+00
-5.408085174212785340e+00
-5.408085174212785340e+00
-5.372724513010613379e+00
-5.461611606556150633e+00
-5.461611606556150633e+00
-5.461611606556150633e+00
-5.461611606556150633e+00
-5.461611606556150633e+00
-5.590007629400320255e+00
-5.659590168006570110e+00
-5.585081992798720307e+00
-5.585081992798720307e+00
-5.585081992798720307e+00
-5.576138336274818030e+00
-5.576138336274818030e+00
-5.576138336274818030e+00
-5.466290393328657515e+00
-5.466290393328657515e+00
-5.388114058130274664e+00
-5.388114058130274664e+00
-5.388114058130274664e+00
-5.503359108973985059e+00
-5.567926995662957346e+00
-5.567685155643901318e+00
-5.567685155643901318e+00
-5.588932535173037230e+00
-5.588932535173037230e+00
-5.532220685969009288e+00
-5.526144642162571508e+00
-5.410915445239462329e+00
-5.320046356005827093e+00
-5.353995327985456854e+00
-5.353995327985456854e+00
-5.359960484296793837e+00
-5.359960484296793837e+00
-5.503004660263330017e+00
-5.503004660263330017e+00
-5.555374976045229118e+00
-5.555374976045229118e+00
-5.473907629812918785e+00
-5.504976854817390297e+00
-5.504976854817390297e+00
-5.511813603789780025e+00
-5.362407244626208325e+00
-5.383709021063455502e+00
-5.383709021063455502e+00
-5.379289433542376209e+00
-5.305081542519443971e+00
-5.546194971017604836e+00
-5.548512050649903493e+00
-5.510479080750857683e+00
-5.507715976283871662e+00
-5.554749600107428797e+00
-5.554749600107428797e+00
-5.578463837768760314e+00
-5.587499425461868618e+00
-5.587499425461868618e+00
-5.608120068612856279e+00
-5.608120068612856279e+00
-5.401495334339815990e+00
-5.450693229184214950e+00
-5.450693229184214950e+00
-5.518972440942449431e+00
-5.518972440942449431e+00
-5.518972440942449431e+00
-5.465384962392951351e+00
-5.579906708714719166e+00
-5.583487492172856115e+00
-5.583487492172856115e+00
-5.583487492172856115e+00
-5.561363011621810237e+00
-5.561363011621810237e+00
-5.561363011621810237e+00
-5.552977245078747792e+00
-5.541353662864551666e+00
-5.541353662864551666e+00
-5.574156212752161998e+00
-5.594522242055036010e+00
-5.508124017438835729e+00
-5.508124017438835729e+00
-5.499713516392764845e+00
-5.529196488433129275e+00
-5.595146169943589598e+00
-5.595146169943589598e+00
-5.608553907641768532e+00
-5.558642565683411085e+00
-5.558642565683411085e+00
-5.517483036000038865e+00
-5.517483036000038865e+00
-5.517483036000038865e+00
-5.609784930322604168e+00
-5.609784930322604168e+00
-5.609784930322604168e+00
-5.609784930322604168e+00
-5.571489054201342661e+00
-5.466392934819278793e+00
-5.415599331056695220e+00
-5.414228577051168223e+00
-5.380504715974945285e+00
-5.402533849778028419e+00
-5.402533849778028419e+00
-5.346073466624819304e+00
-5.636901492329659646e+00
-5.636901492329659646e+00
-5.636901492329659646e+00
-5.636901492329659646e+00
-5.617404247295522346e+00
-5.521072234940948675e+00
-5.438317049672417802e+00
-5.438317049672417802e+00
-5.465094861406237570e+00
-5.465094861406237570e+00
-5.504970115704622913e+00
-5.539316103813465730e+00
-5.527173322295100277e+00
-5.527173322295100277e+00
-5.527173322295100277e+00
-5.527173322295100277e+00
-5.527173322295100277e+00
-5.440335121887043712e+00
-5.440335121887043712e+00
-5.440335121887043712e+00
-5.440335121887043712e+00
-5.491303402052199800e+00
-5.493964800300226159e+00
-5.493964800300226159e+00
-5.493964800300226159e+00
-5.493964800300226159e+00
-5.493964800300226159e+00
-5.548415607733780064e+00
-5.377369127344432620e+00
-5.432690556350377342e+00
-5.503689968261378240e+00
-5.515989687797951291e+00
-5.523364652124438834e+00
-5.529336977369426087e+00
-5.486910195213755337e+00
-5.489480959119064529e+00
-5.489480959119064529e+00
-5.595812676979539546e+00
-5.595812676979539546e+00
-5.679409874637138422e+00
-5.679409874637138422e+00
-5.601254650081085806e+00
-5.725707674928111501e+00
-5.641778068339145413e+00
-5.641778068339145413e+00
-5.627163986876558610e+00
-5.615955173170490866e+00
-5.659502034530436099e+00
-5.659502034530436099e+00
-5.659502034530436099e+00
-5.644969605111667121e+00
-5.644969605111667121e+00
-5.630202882593014380e+00
-5.597330501092081967e+00
-5.700677266882496319e+00
-5.700677266882496319e+00
-5.700677266882496319e+00
-5.700677266882496319e+00
-5.700677266882496319e+00
-5.627541046996373808e+00
-5.627541046996373808e+00
-5.627541046996373808e+00
-5.656230351160771441e+00
-5.656230351160771441e+00
-5.434978063121048919e+00
-5.434978063121048919e+00
-5.361826322735514516e+00
-5.361826322735514516e+00
-5.396666472407041226e+00
-5.440769800439316128e+00
-5.404126434046342631e+00
-5.354241630884953196e+00
-5.547646151815380122e+00
-5.547646151815380122e+00
-5.547646151815380122e+00
-5.492166947244248476e+00
-5.481941935266701371e+00
-5.502025300373221128e+00
-5.502025300373221128e+00
-5.494715509770837336e+00
-5.494715509770837336e+00
-5.506371857951966042e+00
-5.506371857951966042e+00
-5.506371857951966042e+00
-5.506371857951966042e+00
-5.634495768046894781e+00
-5.634495768046894781e+00
-5.634495768046894781e+00
-5.634495768046894781e+00
-5.496093271154865789e+00
-5.527902045741471149e+00
-5.720612975678084133e+00
-5.641923886893996709e+00
-5.521768306606812615e+00
-5.506560875685478251e+00
-5.521630222033813595e+00
-5.528903848825721390e+00
-5.544905120898461881e+00
-5.530522403675911747e+00
-5.485640272618011792e+00
-5.795125916044149506e+00
-5.795125916044149506e+00
-5.772704879351015173e+00
-5.561308675060566031e+00
-5.630903124248039404e+00
-5.638562695062083741e+00
-5.664132610356629627e+00
-5.670263988313786641e+00
-5.690287579893994696e+00
-5.737676975890691367e+00
-5.314943748088835740e+00
-5.314943748088835740e+00
-5.324304260338222683e+00
-5.392667938933300320e+00
-5.344152820111502500e+00
-5.369090610592382795e+00
-5.435850393766946453e+00
-5.420585800828538581e+00
-5.488052198078635868e+00
-5.490690839612792473e+00
-5.514186004538035313e+00
-5.535310566631308049e+00
-5.535310566631308049e+00
-5.576705545704470524e+00
-5.506863489810680079e+00
-5.524880792111942718e+00
-5.524880792111942718e+00
-5.656739609392014145e+00
-5.501297287165533234e+00
-5.584996701374725703e+00
-5.550131854997591319e+00
-5.550131854997591319e+00
-5.568315828274233326e+00
-5.488873331557634572e+00
-5.555448178457969455e+00
-5.463854478596561925e+00
-5.463290667531963685e+00
-5.553654662225831373e+00
-5.553654662225831373e+00
-5.509117842015518463e+00
-5.576306036308786851e+00
-5.468827476302496216e+00
-5.468827476302496216e+00
-5.468827476302496216e+00
-5.535749660942400396e+00
-5.535749660942400396e+00
-5.535749660942400396e+00
-5.409713126155786256e+00
-5.488967588153290222e+00
-5.488679166770200624e+00
-5.488679166770200624e+00
-5.488679166770200624e+00
-5.488679166770200624e+00
-5.494661509870105043e+00
-5.500330246415928492e+00
-5.523651782169626934e+00
-5.430280199025528276e+00
-5.430280199025528276e+00
-5.430280199025528276e+00
-5.430280199025528276e+00
-5.427363246000249219e+00
-5.427363246000249219e+00
-5.600465619031064435e+00
-5.504214959108233884e+00
-5.504214959108233884e+00
-5.470618385875807732e+00
-5.552073103622661598e+00
-5.545312648949507484e+00
-5.545312648949507484e+00
-5.506457361234347481e+00
-5.485216772698811027e+00
-5.476062266989097260e+00
-5.510932755478660461e+00
-5.523750382898538369e+00
-5.523750382898538369e+00
-5.603807385313417377e+00
-5.603807385313417377e+00
-5.603807385313417377e+00
-5.603807385313417377e+00
-5.618620047439100595e+00
-5.473347037334824527e+00
-5.473347037334824527e+00
-5.476695392535352980e+00
-5.554412174849381323e+00
-5.538421088023361527e+00
-5.416247774386722114e+00
-5.416247774386722114e+00
-5.376797843516818887e+00
-5.417846084257696759e+00
-5.417846084257696759e+00
-5.417846084257696759e+00
-5.417846084257696759e+00
-5.375130768342057053e+00
-5.375130768342057053e+00
-5.378613088891800231e+00
-5.391082769238956018e+00
-5.391082769238956018e+00
-5.391082769238956018e+00
-5.495670317480668920e+00
-5.495670317480668920e+00
-5.495670317480668920e+00
-5.471128473381381419e+00
-5.471128473381381419e+00
-5.478970530170290232e+00
-5.506482356557025781e+00
-5.480657725350627452e+00
-5.459207463988329678e+00
-5.636356951501427126e+00
-5.547339013049826129e+00
-5.547339013049826129e+00
-5.547339013049826129e+00
-5.506132903282813906e+00
-5.507193052926377952e+00
-5.385907397565923738e+00
-5.385907397565923738e+00
-5.475327130029953082e+00
-5.506767737289933073e+00
-5.506767737289933073e+00
-5.470938291771971329e+00
-5.515149408975448253e+00
-5.515149408975448253e+00
-5.515149408975448253e+00
-5.515149408975448253e+00
-5.346287131452965191e+00
-5.346287131452965191e+00
-5.346287131452965191e+00
-5.346287131452965191e+00
-5.346287131452965191e+00
-5.346287131452965191e+00
-5.345370719708844476e+00
-5.334001908347341114e+00
-5.411478301804443447e+00
-5.411478301804443447e+00
-5.379670441735690645e+00
-5.379670441735690645e+00
-5.379670441735690645e+00
-5.379670441735690645e+00
-5.550197979699868611e+00
-5.405939961170583175e+00
-5.598158671551980881e+00
-5.628196867297852179e+00
-5.216632298887506458e+00
-5.236563804905025599e+00
-5.236563804905025599e+00
-5.222946166900126030e+00
-5.222946166900126030e+00
-5.096434342579115651e+00
-5.113276274690702117e+00
-5.204839810792577737e+00
-5.304446470620624687e+00
-5.408484907247809836e+00
-5.408484907247809836e+00
-5.408484907247809836e+00
-5.408484907247809836e+00
-5.401601027528995402e+00
-5.401601027528995402e+00
-5.401601027528995402e+00
-5.607215650474224766e+00
-5.601428520799673905e+00
-5.638482259711986799e+00
-5.638482259711986799e+00
-5.545339055555115415e+00
-5.545339055555115415e+00
-5.545339055555115415e+00
-5.545339055555115415e+00
-5.545339055555115415e+00
-5.524874049960661004e+00
-5.524874049960661004e+00
-5.461228251368525299e+00
-5.428309594694605167e+00
-5.483648254622802476e+00
-5.414152725919102238e+00
-5.414152725919102238e+00
-5.416861850164187864e+00
-5.433712089649758603e+00
-5.433712089649758603e+00
-5.400802806700286673e+00
-5.400802806700286673e+00
-5.448902564679434235e+00
-5.487313227846179586e+00
-5.487313227846179586e+00
-5.442377224030082061e+00
-5.401745836881169716e+00
-5.428983093741186039e+00
-5.428983093741186039e+00
-5.334983015359131109e+00
-5.469756096113751909e+00
-5.508286457553840165e+00
-5.505587977485577156e+00
-5.437519776012516459e+00
-5.396206571765207016e+00
-5.435050800511853630e+00
-5.435050800511853630e+00
-5.408095154646336056e+00
-5.408095154646336056e+00
-5.439896032895712885e+00
-5.439896032895712885e+00
-5.558364262932812494e+00
-5.406068959283120812e+00
-5.531850763339147825e+00
-5.523389243137216909e+00
-5.470306202809370966e+00
-5.491724581054036491e+00
-5.536906191325829063e+00
-5.536906191325829063e+00
-5.622077136695316391e+00
-5.622077136695316391e+00
-5.587835732741697647e+00
-5.587835732741697647e+00
-5.602077983129280625e+00
-5.602077983129280625e+00
-5.598925146327792035e+00
-5.507664903511003907e+00
-5.553813074917185233e+00
-5.553813074917185233e+00
-5.566167501801068340e+00
-5.536061587382454796e+00
-5.536061587382454796e+00
-5.536061587382454796e+00
-5.174626199336580079e+00
-5.222635657078924964e+00
-5.569802292373291053e+00
-5.305710719819503041e+00
-5.321152935504639636e+00
-5.641617531981417244e+00
-5.641617531981417244e+00
-5.627933736448088808e+00
-5.627933736448088808e+00
-5.567522114519849907e+00
-5.384394733634964680e+00
-5.384394733634964680e+00
-5.384394733634964680e+00
-5.528358622406599920e+00
-5.472760832065748815e+00
-5.608556659564658986e+00
-5.514785039234659791e+00
-5.514785039234659791e+00
-5.545586849302424071e+00
-5.683682184537466320e+00
-5.683682184537466320e+00
-5.683682184537466320e+00
-5.663717013022895763e+00
-5.588014117551011850e+00
-5.588913787099424546e+00
-5.587384042123154870e+00
-5.527348978459753148e+00
-5.554604361123929301e+00
-5.524272771090181777e+00
-5.577707969127653875e+00
-5.577707969127653875e+00
-5.489229667321048112e+00
-5.324682417285452551e+00
-5.324682417285452551e+00
-5.415340927759921819e+00
-5.513088974559854805e+00
-5.513088974559854805e+00
-5.539030011418433652e+00
-5.539030011418433652e+00
-5.464381280221828341e+00
-5.464381280221828341e+00
-5.464381280221828341e+00
-5.474946908432352544e+00
-5.420010353251359270e+00
-5.420010353251359270e+00
-5.511773106649432208e+00
-5.583120639528237561e+00
-5.700747516711238028e+00
-5.291316417126227023e+00
-5.553935634901948859e+00
-5.461560623886873245e+00
-5.481959848202668795e+00
-5.465758651661238865e+00
-5.465758651661238865e+00
-5.508242826442676154e+00
-5.553197847817747501e+00
-5.517571398018922046e+00
-5.501738901825961037e+00
-5.449331947634656892e+00
-5.436940512000145276e+00
-5.436940512000145276e+00
-5.421967671982909742e+00
-5.316460982723424600e+00
-5.522652840070656488e+00
-5.298061635485154852e+00
-5.298061635485154852e+00
-5.298061635485154852e+00
-5.296782502110968238e+00
-5.296782502110968238e+00
-5.326256628080176192e+00
-5.385814183343155648e+00
-5.385814183343155648e+00
-5.370277583845908254e+00
-5.297053185489938087e+00
-5.462378757108194982e+00
-5.452657155312692794e+00
-5.475244483448210353e+00
-5.450258901543863388e+00
-5.479010596826825896e+00
-5.350475436901652060e+00
-5.171552850439835147e+00
-5.494477494704582909e+00
-5.635672361008306375e+00
-5.625546998464880488e+00
-5.806622211848670112e+00
-5.652827260479075910e+00
-5.580879360921056076e+00
-5.580879360921056076e+00
-5.572874962841098068e+00
-5.217644814511389839e+00
-5.455626814089931109e+00
-5.386634638375618955e+00
-5.428133649409581096e+00
-5.350236484667861170e+00
-5.350236484667861170e+00
-5.360455677957870257e+00
-5.348079668290550259e+00
-5.362878111984698215e+00
-5.362878111984698215e+00
-5.367781699779177629e+00
-5.524854321882594732e+00
-5.524854321882594732e+00
-5.516644786423917424e+00
-5.516644786423917424e+00
-5.581796816740148159e+00
-5.638754386745643998e+00
-5.638754386745643998e+00
-5.736155928315843866e+00
-5.718529023865976946e+00
-5.725101327443909760e+00
-5.725101327443909760e+00
-5.725101327443909760e+00
-5.725207490732275417e+00
-5.725207490732275417e+00
-5.725207490732275417e+00
-5.725207490732275417e+00
-5.761011856062392411e+00
-5.797046623908243212e+00
-5.620779040045670527e+00
-5.574427485696340057e+00
-5.574427485696340057e+00
-5.574427485696340057e+00
-5.542971257784884642e+00
-5.737179006248381619e+00
-5.737179006248381619e+00
-5.766321411145772124e+00
-5.749238550017623517e+00
-5.754499947288731043e+00
-5.747068995251616741e+00
-5.747068995251616741e+00
-5.738614572525647439e+00
-5.743927198322168692e+00
-5.755953608291080492e+00
-5.735400098711555650e+00
-5.720827125309422279e+00
-5.794030452222082239e+00
-5.794030452222082239e+00
-5.794030452222082239e+00
-5.817256091816566332e+00
-5.817256091816566332e+00
-5.725402109850740828e+00
-5.932266294645515359e+00
-5.508901297323541613e+00
-5.513092512634433895e+00
-5.513092512634433895e+00
-5.400990600592957769e+00
-5.393937311966811698e+00
-5.448721685113355306e+00
-5.318176401133157150e+00
-5.318176401133157150e+00
-5.350872248655638153e+00
-5.394171306520949116e+00
-5.518605822771307068e+00
-5.443333037468440772e+00
-5.410376993357973952e+00
-5.394670458468662666e+00
-5.394670458468662666e+00
-5.394670458468662666e+00
-5.427223856433732507e+00
-5.448798388576473251e+00
-5.448798388576473251e+00
-5.315007744081294838e+00
-5.154737045582086452e+00
-5.227489538107918499e+00
-5.251486521006471619e+00
-5.251807039944170974e+00
-5.319977291933748909e+00
-5.513474912306864262e+00
-5.509697418094180676e+00
-5.449654505612976152e+00
-5.347679719577840274e+00
-5.266442982650707982e+00
-5.264306940150142999e+00
-5.297006338873873510e+00
-4.987061821413717233e+00
-4.987061821413717233e+00
-5.047975715086519877e+00
-5.068410261804972450e+00
-5.068410261804972450e+00
-5.341068322709568328e+00
-5.273639337696175211e+00
-5.391629589415798840e+00
-5.391629589415798840e+00
-5.299797286899927684e+00
-5.299797286899927684e+00
-5.288745488012805751e+00
-5.312645742314082042e+00
-5.312645742314082042e+00
-5.261524241947416414e+00
-5.288764540310499029e+00
-5.288764540310499029e+00
-5.316820190704486748e+00
-5.316820190704486748e+00
-5.458019196588435484e+00
-5.458019196588435484e+00
-5.458019196588435484e+00
-5.458019196588435484e+00
-5.458019196588435484e+00
-5.402926466884752088e+00
-5.402926466884752088e+00
-5.402142200201621947e+00
-5.490658270995426804e+00
-5.507786947380805209e+00
-5.495238629193437419e+00
-5.495238629193437419e+00
-5.447904652328074526e+00
-5.447904652328074526e+00
-5.447904652328074526e+00
-5.447904652328074526e+00
-5.447904652328074526e+00
-5.412635287551253782e+00
-5.412635287551253782e+00
-5.411320352360001529e+00
-5.405834946802791308e+00
-5.456324541705646958e+00
-5.453775545070828734e+00
-5.444457799469018866e+00
-5.444457799469018866e+00
-5.515491863711569742e+00
-5.515491863711569742e+00
-5.515491863711569742e+00
-5.530346909582388726e+00
-5.468919841940112825e+00
-5.468919841940112825e+00
-5.452256110877905293e+00
-5.452256110877905293e+00
-5.440270283553210184e+00
-5.440270283553210184e+00
-5.511950570717345066e+00
-5.517412096284038725e+00
-5.517412096284038725e+00
-5.502809122468666381e+00
-5.502809122468666381e+00
-5.474893907665076220e+00
-5.402703056640672408e+00
-5.407653284482973000e+00
-5.407653284482973000e+00
-5.387690559003888602e+00
-5.343940917326475137e+00
-5.343940917326475137e+00
-5.381183913381119233e+00
-5.509395870660190653e+00
-5.426535890793678263e+00
-5.426535890793678263e+00
-5.514789748722904505e+00
-5.514789748722904505e+00
-5.464077319036980462e+00
-5.480573328344745754e+00
-5.525538716373942449e+00
-5.508031872777703342e+00
-5.529281465763961734e+00
-5.569248928837422064e+00
-5.569248928837422064e+00
-5.569248928837422064e+00
-5.510731091260041126e+00
-5.531249518283656741e+00
-5.499858738660741153e+00
-5.379482300674741424e+00
-5.319480825234555788e+00
-5.319480825234555788e+00
-5.317309225713953147e+00
-5.317309225713953147e+00
-5.317309225713953147e+00
-5.367902829364930462e+00
-5.367902829364930462e+00
-5.352193802367299469e+00
-5.361692591879064551e+00
-5.309582080458159048e+00
-5.309582080458159048e+00
-5.309582080458159048e+00
-5.388332570736860561e+00
-5.446155889876439282e+00
-5.312354688723659457e+00
-5.312354688723659457e+00
-5.312354688723659457e+00
-5.312354688723659457e+00
-5.269740748222111471e+00
-5.313406189092517273e+00
-5.324648254660225177e+00
-5.328546078729958779e+00
-5.328546078729958779e+00
-5.324089496873046556e+00
-5.319396364001415911e+00
-5.319396364001415911e+00
-5.319396364001415911e+00
-5.317572271801807027e+00
-5.333694660980913937e+00
-5.254174229380820904e+00
-5.541133237373635723e+00
-5.682772079081423122e+00
-5.682772079081423122e+00
-5.782823836622394076e+00
-5.728571648984208231e+00
-5.650097924551742423e+00
-5.594569242129987963e+00
-5.512063479205918881e+00
-5.512063479205918881e+00
-5.622063121939302910e+00
-5.608880296929065423e+00
-5.621533203573682691e+00
-5.621533203573682691e+00
-5.621533203573682691e+00
-5.610304872099356466e+00
-5.610304872099356466e+00
-5.610304872099356466e+00
-5.582919737143630101e+00
-5.616075982922398069e+00
-5.745586601043203956e+00
-5.736502057128173071e+00
-5.736502057128173071e+00
-5.736502057128173071e+00
-5.764402464937741222e+00
-5.589048911889332061e+00
-5.568492729445801537e+00
-5.592205097131056846e+00
-5.609107945447126653e+00
-5.656353361714637096e+00
-5.553762752766375321e+00
-5.553762752766375321e+00
-5.478042488451420056e+00
-5.475750512038370488e+00
-5.475750512038370488e+00
-5.475750512038370488e+00
-5.478616484864978986e+00
-5.478616484864978986e+00
-5.478616484864978986e+00
-5.478616484864978986e+00
-5.553447817988430124e+00
-5.589386474616135914e+00
-5.457156689538017247e+00
-5.457156689538017247e+00
-5.456854356860866062e+00
-5.487626788471096972e+00
-5.487626788471096972e+00
-5.594105296088067725e+00
-5.550355385174859713e+00
-5.524532572721600587e+00
-5.524532572721600587e+00
-5.524532572721600587e+00
-5.524532572721600587e+00
-5.524532572721600587e+00
-5.671131398329486650e+00
-5.694875867135005265e+00
-5.694875867135005265e+00
-5.737210178826091855e+00
-5.690159072837855270e+00
-5.693613251596620017e+00
-5.641798550908053933e+00
-5.664638674568079679e+00
-5.546187412355865654e+00
-5.546788895235044592e+00
-5.568991700795908883e+00
-5.593457130369061225e+00
-5.593457130369061225e+00
-5.623043370575384614e+00
-5.440493042095191356e+00
-5.440493042095191356e+00
-5.440493042095191356e+00
-5.440493042095191356e+00
-5.469363052808949632e+00
-5.477911825263438672e+00
-5.477911825263438672e+00
-5.477911825263438672e+00
-5.477911825263438672e+00
-5.596245579725458441e+00
-5.596245579725458441e+00
-5.537138310836373201e+00
-5.537138310836373201e+00
-5.537138310836373201e+00
-5.537138310836373201e+00
-5.471859316069944690e+00
-5.500414620196092841e+00
-5.590122539660381307e+00
-5.669877984037226426e+00
-5.576110296484914741e+00
-5.638317259059835607e+00
-5.638317259059835607e+00
-5.667566681660196615e+00
-5.667566681660196615e+00
-5.633663772389430946e+00
-5.653124498537991371e+00
-5.659430517434478780e+00
-5.458230326932358878e+00
-5.536599126038648677e+00
-5.536599126038648677e+00
-5.558633714999639430e+00
-5.520543593174704888e+00
-5.437959106795447362e+00
-5.398843876337529935e+00
-5.578095542933614759e+00
-5.578095542933614759e+00
-5.503835401151088824e+00
-5.425225959652317798e+00
-5.425225959652317798e+00
-5.589624124476310740e+00
-5.610121465838013854e+00
-5.610121465838013854e+00
-5.713952376601856287e+00
-5.674382188674838012e+00
-5.705063712159168077e+00
-5.705063712159168077e+00
-5.727589024739184076e+00
-5.758656834309300976e+00
-5.724692141926243316e+00
-5.590032836793067617e+00
-5.803064456585302011e+00
-5.803064456585302011e+00
-5.344357507645762340e+00
-5.295051519274712959e+00
-5.295051519274712959e+00
-5.295051519274712959e+00
-5.362293342363720683e+00
-5.362293342363720683e+00
-5.362293342363720683e+00
-5.362293342363720683e+00
-5.362293342363720683e+00
-5.307014101357425240e+00
-5.127709052629145781e+00
-5.162278811485702334e+00
-5.282513229387847176e+00
-5.350871261403552737e+00
-5.526033214615750033e+00
-5.390910460252684722e+00
-5.390910460252684722e+00
-5.414757653614190147e+00
-5.403677506951460430e+00
-5.428325054596747634e+00
-5.428325054596747634e+00
-5.428325054596747634e+00
-5.392008428936283515e+00
-5.392008428936283515e+00
-5.392008428936283515e+00
-5.392008428936283515e+00
-5.423425684925891055e+00
-5.487032676668002651e+00
-5.721831122682409898e+00
-5.751668059964735846e+00
-5.437297432933716479e+00
-5.437297432933716479e+00
-5.472435874910294373e+00
-5.472435874910294373e+00
-5.472435874910294373e+00
-5.446867331101509002e+00
-5.441208008410970187e+00
-5.484998558208746822e+00
-5.526216038103663131e+00
-5.450416602198976612e+00
-5.450416602198976612e+00
-5.387396844885439684e+00
-5.535464375591404362e+00
-5.535464375591404362e+00
-5.553417937319053976e+00
-5.536390700080745297e+00
-5.564387712049625456e+00
-5.564387712049625456e+00
-5.564387712049625456e+00
-5.564387712049625456e+00
-5.564387712049625456e+00
-5.520064368274213429e+00
-5.547207938161579754e+00
-5.547207938161579754e+00
-5.544692506387233877e+00
-5.462806358366853132e+00
-5.599517143348140102e+00
-5.584550592871770469e+00
-5.613126629783052657e+00
-5.613126629783052657e+00
-5.549889203489780876e+00
-5.484825366264431956e+00
-5.572729641589604377e+00
-5.572729641589604377e+00
-5.572729641589604377e+00
-5.535114180913186743e+00
-5.535114180913186743e+00
-5.535114180913186743e+00
-5.484280914258851780e+00
-5.371801342674719315e+00
-5.498777797447831794e+00
-5.503222936270041998e+00
-5.533463840033489234e+00
-5.533463840033489234e+00
-5.533463840033489234e+00
-5.523220782251626382e+00
-5.616093712175970865e+00
-5.682444230218289150e+00
-5.629762736737911055e+00
-5.760521039210964034e+00
-5.760521039210964034e+00
-5.760521039210964034e+00
-5.750605549933657024e+00
-5.733233722917530528e+00
-5.733233722917530528e+00
-5.654103520794158122e+00
-5.603400840164497687e+00
-5.603559617394790138e+00
-5.553618965084671899e+00
-5.584547970213691315e+00
-5.584179384216357178e+00
-5.575607131906725300e+00
-5.507630562278841069e+00
-5.397527387787788733e+00
-5.535216819453008696e+00
-5.554935498700015017e+00
-5.389963328596108383e+00
-5.393365771152030419e+00
-5.393365771152030419e+00
-5.560407837273838361e+00
-5.594018832409465958e+00
-5.594018832409465958e+00
-5.574231249867720450e+00
-5.574231249867720450e+00
-5.728882616859658050e+00
-5.559235372808644549e+00
-5.666340987610196223e+00
-5.666340987610196223e+00
-5.666340987610196223e+00
-5.675372460630264904e+00
-5.675372460630264904e+00
-5.675372460630264904e+00
-5.728991561232898100e+00
-5.728991561232898100e+00
-5.728991561232898100e+00
-5.654199168818327514e+00
-5.428700602293131006e+00
-5.447914880038501551e+00
-5.369748160852044983e+00
-5.369748160852044983e+00
-5.370452312001995132e+00
-5.370452312001995132e+00
-5.390130201295454171e+00
-5.390130201295454171e+00
-5.395887023926182913e+00
-5.395887023926182913e+00
-5.369428672722214024e+00
-5.517978740073670174e+00
-5.521670110318043889e+00
-5.521670110318043889e+00
-5.485883000701111456e+00
-5.105264732375681902e+00
-5.105264732375681902e+00
-5.277171628783530188e+00
-5.355775823070950459e+00
-5.457437190933720927e+00
-5.459093568290353637e+00
-5.336958256904561715e+00
-5.585352423167873503e+00
-5.587875622830589251e+00
-5.574366792345768040e+00
-5.438278910858201698e+00
-5.381293429565624287e+00
-5.392647176273853482e+00
-5.484447195446533030e+00
-5.484447195446533030e+00
-5.532550281088712829e+00
-5.610634236474247416e+00
-5.566412594039959139e+00
-5.480679752082081357e+00
-5.469512085177737681e+00
-5.384033720891530983e+00
-5.504733482981182036e+00
-5.504733482981182036e+00
-5.435140124946669538e+00
-5.449424848895962015e+00
-5.388358841148574996e+00
-5.388358841148574996e+00
-5.388358841148574996e+00
-5.405133095067075288e+00
-5.405133095067075288e+00
-5.448111714868999478e+00
-5.438199577240681037e+00
-5.553949777877314808e+00
-5.553949777877314808e+00
-5.574121296250873492e+00
-5.574121296250873492e+00
-5.567703579732581787e+00
-5.567703579732581787e+00
-5.489294184823859446e+00
-5.538985265823120230e+00
-5.538985265823120230e+00
-5.519004525572897890e+00
-5.712767754475780890e+00
-5.689564504814631718e+00
-5.698650478353867399e+00
-5.617181665666365120e+00
-5.358777438595575759e+00
-5.414484023067811513e+00
-5.362918680358430557e+00
-5.369098198584819848e+00
-5.369098198584819848e+00
-5.428769907042630294e+00
-5.428769907042630294e+00
-5.434213807035291666e+00
-5.443890456552129997e+00
-5.443890456552129997e+00
-5.456281711654792588e+00
-5.456281711654792588e+00
-5.469366265325239951e+00
-5.469366265325239951e+00
-5.449029322773827566e+00
-5.455815786858562610e+00
-5.455815786858562610e+00
-5.455815786858562610e+00
-5.441958544789191166e+00
-5.441958544789191166e+00
-5.437009363587356425e+00
-5.425379024693642194e+00
-5.425379024693642194e+00
-5.380075718709840693e+00
-5.494687356851322591e+00
-5.494687356851322591e+00
-5.439327322426538380e+00
-5.603162669758057213e+00
-5.613135212605744329e+00
-5.613135212605744329e+00
-5.613135212605744329e+00
-5.449585882845739526e+00
-5.557085735375455471e+00
-5.555330526133273494e+00
-5.458268257533974932e+00
-5.538622531924387360e+00
-5.538622531924387360e+00
-5.538622531924387360e+00
-5.538622531924387360e+00
-5.507146351284699648e+00
-5.507146351284699648e+00
-5.431391274595724461e+00
-5.431391274595724461e+00
