# Variable: dg_gbvi_00000035
# Sample shape: (2565,)
# Date: 2013-03-08 06:18:14.622408
1.166011612160011424e-01
7.509898551643226505e-02
-3.084376069467876791e-01
-2.519058817499141290e-01
-1.328539964385419027e-02
-1.328539964385419027e-02
-1.328539964385419027e-02
2.067475462883469728e+00
2.067475462883469728e+00
2.067475462883469728e+00
2.067475462883469728e+00
2.067475462883469728e+00
2.067475462883469728e+00
2.067475462883469728e+00
2.067475462883469728e+00
2.036863419443136980e+00
2.036863419443136980e+00
2.036863419443136980e+00
2.036863419443136980e+00
1.925997588391062276e+00
1.628680059845637906e+00
1.865650054120196355e+00
1.865650054120196355e+00
1.770669616530406332e+00
1.770669616530406332e+00
1.770669616530406332e+00
1.770669616530406332e+00
1.770669616530406332e+00
1.770669616530406332e+00
1.770669616530406332e+00
1.770669616530406332e+00
1.770669616530406332e+00
1.770669616530406332e+00
1.770669616530406332e+00
1.770669616530406332e+00
1.770669616530406332e+00
1.770669616530406332e+00
1.986214651004293286e+00
1.986214651004293286e+00
1.986214651004293286e+00
1.986214651004293286e+00
1.986214651004293286e+00
1.691088516875708825e+00
1.691088516875708825e+00
1.607971833351146129e+00
1.938505069588633001e+00
1.938505069588633001e+00
1.679371901325714678e+00
1.679371901325714678e+00
1.679371901325714678e+00
1.679371901325714678e+00
1.679371901325714678e+00
1.679371901325714678e+00
1.679371901325714678e+00
1.679371901325714678e+00
1.679371901325714678e+00
1.737213928469271362e+00
1.737213928469271362e+00
1.737213928469271362e+00
1.737213928469271362e+00
1.737213928469271362e+00
1.737213928469271362e+00
1.737213928469271362e+00
1.668972814869949417e+00
1.668972814869949417e+00
1.668972814869949417e+00
1.668972814869949417e+00
1.668972814869949417e+00
1.668972814869949417e+00
1.668972814869949417e+00
1.668972814869949417e+00
1.668972814869949417e+00
1.692148349040851318e+00
1.789839414456635414e+00
1.789839414456635414e+00
1.789839414456635414e+00
1.789839414456635414e+00
1.789839414456635414e+00
1.789839414456635414e+00
1.789839414456635414e+00
1.789839414456635414e+00
1.789839414456635414e+00
1.789839414456635414e+00
1.789839414456635414e+00
1.602001997533461619e+00
1.602001997533461619e+00
1.602001997533461619e+00
1.602001997533461619e+00
1.602001997533461619e+00
1.602001997533461619e+00
1.911388376640730913e+00
1.911388376640730913e+00
1.911388376640730913e+00
1.911388376640730913e+00
1.911388376640730913e+00
1.751315892473486624e+00
1.751315892473486624e+00
1.751315892473486624e+00
1.751315892473486624e+00
1.751315892473486624e+00
1.751315892473486624e+00
1.708682542256362957e+00
1.708682542256362957e+00
1.708682542256362957e+00
1.708682542256362957e+00
1.708682542256362957e+00
1.708682542256362957e+00
1.708682542256362957e+00
1.708682542256362957e+00
1.708682542256362957e+00
1.708682542256362957e+00
1.708682542256362957e+00
1.708682542256362957e+00
1.708682542256362957e+00
1.708682542256362957e+00
1.708682542256362957e+00
1.708682542256362957e+00
1.708682542256362957e+00
1.708682542256362957e+00
1.708682542256362957e+00
1.708682542256362957e+00
1.708682542256362957e+00
1.708682542256362957e+00
1.671586298834579543e+00
1.671586298834579543e+00
1.671586298834579543e+00
1.671586298834579543e+00
1.671586298834579543e+00
1.671586298834579543e+00
1.671586298834579543e+00
1.671586298834579543e+00
1.741744827203248080e+00
1.741744827203248080e+00
1.706441250699210821e+00
1.706441250699210821e+00
1.706441250699210821e+00
1.706441250699210821e+00
1.706441250699210821e+00
1.709041129276293702e+00
1.804817536476857942e+00
2.108730980493142226e+00
2.108730980493142226e+00
2.141686730780508086e+00
2.141686730780508086e+00
2.141686730780508086e+00
2.141686730780508086e+00
1.726460964229932449e+00
1.726460964229932449e+00
1.726460964229932449e+00
1.726460964229932449e+00
1.726460964229932449e+00
1.862563151571184239e+00
1.862563151571184239e+00
1.862563151571184239e+00
1.862563151571184239e+00
1.862563151571184239e+00
1.862563151571184239e+00
1.862563151571184239e+00
1.862563151571184239e+00
2.026397419222933483e+00
2.026397419222933483e+00
2.026397419222933483e+00
2.026397419222933483e+00
2.026397419222933483e+00
2.026397419222933483e+00
2.026397419222933483e+00
2.026397419222933483e+00
1.662222166917852295e+00
1.662222166917852295e+00
1.662222166917852295e+00
1.662222166917852295e+00
1.662222166917852295e+00
1.662222166917852295e+00
1.770550608735209641e+00
1.770550608735209641e+00
1.770550608735209641e+00
1.815675400178833110e+00
1.815675400178833110e+00
1.815675400178833110e+00
1.815675400178833110e+00
1.815675400178833110e+00
1.815675400178833110e+00
1.815675400178833110e+00
1.815675400178833110e+00
1.840552258983435774e+00
1.824134984113108926e+00
1.824134984113108926e+00
1.824134984113108926e+00
1.824134984113108926e+00
1.824134984113108926e+00
1.824134984113108926e+00
1.824134984113108926e+00
1.824134984113108926e+00
1.824134984113108926e+00
1.824134984113108926e+00
1.824134984113108926e+00
1.824134984113108926e+00
1.824134984113108926e+00
1.651568738272740644e+00
1.651568738272740644e+00
1.651568738272740644e+00
1.651568738272740644e+00
1.651568738272740644e+00
1.651568738272740644e+00
1.651568738272740644e+00
1.806285298720329724e+00
1.806285298720329724e+00
1.806285298720329724e+00
1.806285298720329724e+00
1.806285298720329724e+00
1.806285298720329724e+00
1.806285298720329724e+00
1.806285298720329724e+00
1.806285298720329724e+00
1.806285298720329724e+00
1.806285298720329724e+00
1.806285298720329724e+00
1.806285298720329724e+00
1.806285298720329724e+00
1.743255253730557230e+00
1.743255253730557230e+00
1.743255253730557230e+00
1.743255253730557230e+00
1.743255253730557230e+00
1.781659541749804676e+00
1.781659541749804676e+00
1.888658386438132775e+00
1.888658386438132775e+00
1.888658386438132775e+00
1.888658386438132775e+00
1.888658386438132775e+00
1.888658386438132775e+00
1.888658386438132775e+00
1.888658386438132775e+00
1.888658386438132775e+00
1.888658386438132775e+00
1.890635846819573640e+00
1.890635846819573640e+00
1.890635846819573640e+00
1.973269563276530913e+00
1.973269563276530913e+00
1.973269563276530913e+00
1.828250742377629079e+00
1.828250742377629079e+00
1.828250742377629079e+00
1.828250742377629079e+00
1.894157782925710798e+00
1.845716938354439840e+00
1.845716938354439840e+00
1.845716938354439840e+00
1.845716938354439840e+00
1.845716938354439840e+00
1.845716938354439840e+00
1.845716938354439840e+00
1.835197657913598901e+00
1.835197657913598901e+00
1.835197657913598901e+00
1.835197657913598901e+00
1.493522165338625696e+00
1.493522165338625696e+00
1.493522165338625696e+00
1.640344645516908173e+00
1.553009896831497372e+00
1.482308342234636589e+00
1.482308342234636589e+00
1.482308342234636589e+00
1.482308342234636589e+00
1.794479368493254734e+00
1.794479368493254734e+00
1.794479368493254734e+00
1.794479368493254734e+00
1.794479368493254734e+00
1.794479368493254734e+00
1.794479368493254734e+00
1.746520352602497494e+00
1.746520352602497494e+00
1.746520352602497494e+00
1.746520352602497494e+00
1.746520352602497494e+00
1.746520352602497494e+00
1.673761694817794021e+00
1.673761694817794021e+00
1.673761694817794021e+00
1.921973575200810691e+00
1.921973575200810691e+00
1.921973575200810691e+00
1.733415811718082455e+00
1.733415811718082455e+00
1.733415811718082455e+00
1.733415811718082455e+00
1.733415811718082455e+00
1.733415811718082455e+00
1.733415811718082455e+00
1.733415811718082455e+00
1.733415811718082455e+00
1.733415811718082455e+00
1.834751505736808230e+00
1.834751505736808230e+00
1.859650631465130655e+00
1.859650631465130655e+00
1.859650631465130655e+00
1.841258062742808121e+00
1.841258062742808121e+00
1.841258062742808121e+00
1.841258062742808121e+00
1.841258062742808121e+00
1.841258062742808121e+00
1.841258062742808121e+00
1.841258062742808121e+00
1.841258062742808121e+00
1.841258062742808121e+00
1.869730068553790314e+00
1.869730068553790314e+00
1.972238103288916022e+00
1.806498887724272251e+00
1.806498887724272251e+00
1.806498887724272251e+00
1.806498887724272251e+00
1.806498887724272251e+00
1.877420876166254748e+00
1.877420876166254748e+00
1.877420876166254748e+00
1.877420876166254748e+00
1.877420876166254748e+00
1.877420876166254748e+00
1.877420876166254748e+00
1.877420876166254748e+00
1.877420876166254748e+00
1.877420876166254748e+00
1.974458781470473712e+00
1.974458781470473712e+00
1.974458781470473712e+00
1.974458781470473712e+00
1.721315283433462184e+00
1.721315283433462184e+00
1.696778064731320201e+00
1.696778064731320201e+00
1.696778064731320201e+00
1.696778064731320201e+00
1.609213263294000384e+00
1.609213263294000384e+00
1.697321456844526733e+00
1.697321456844526733e+00
1.697321456844526733e+00
1.697321456844526733e+00
1.697321456844526733e+00
1.697321456844526733e+00
1.697321456844526733e+00
1.866659016094907031e+00
1.866659016094907031e+00
1.780488279394110362e+00
2.025621666393615516e+00
2.025621666393615516e+00
2.025621666393615516e+00
1.965960063774981004e+00
1.965960063774981004e+00
1.965960063774981004e+00
1.965960063774981004e+00
1.976601279280548296e+00
1.976601279280548296e+00
1.976601279280548296e+00
1.976601279280548296e+00
1.976601279280548296e+00
1.976601279280548296e+00
1.976601279280548296e+00
1.976601279280548296e+00
1.976601279280548296e+00
1.976601279280548296e+00
1.976601279280548296e+00
1.976601279280548296e+00
1.976601279280548296e+00
1.980648431125954012e+00
1.981277212694153134e+00
1.981277212694153134e+00
1.981277212694153134e+00
1.981277212694153134e+00
1.981277212694153134e+00
1.981277212694153134e+00
1.981277212694153134e+00
1.981277212694153134e+00
1.848630252389733331e+00
1.848630252389733331e+00
1.848630252389733331e+00
1.848630252389733331e+00
1.848630252389733331e+00
1.848630252389733331e+00
1.848630252389733331e+00
1.848630252389733331e+00
1.848630252389733331e+00
1.848630252389733331e+00
1.848630252389733331e+00
1.848630252389733331e+00
1.848630252389733331e+00
1.848630252389733331e+00
1.848630252389733331e+00
1.848630252389733331e+00
1.848630252389733331e+00
1.848630252389733331e+00
1.848630252389733331e+00
1.848630252389733331e+00
1.848630252389733331e+00
1.848630252389733331e+00
1.878922027547684337e+00
1.878922027547684337e+00
1.878922027547684337e+00
1.878922027547684337e+00
1.878922027547684337e+00
1.878922027547684337e+00
1.878922027547684337e+00
1.878922027547684337e+00
1.686561014469097231e+00
1.686561014469097231e+00
1.666318364126810447e+00
1.666318364126810447e+00
1.666318364126810447e+00
1.748140800363124470e+00
1.574156723995966622e+00
1.574156723995966622e+00
1.593167743473630216e+00
1.593167743473630216e+00
1.593167743473630216e+00
1.659243899451163795e+00
1.659243899451163795e+00
1.659243899451163795e+00
1.659243899451163795e+00
1.659243899451163795e+00
1.603002011241978053e+00
1.603002011241978053e+00
1.603002011241978053e+00
1.603002011241978053e+00
1.603002011241978053e+00
1.597966396456171001e+00
1.700051975680352490e+00
1.700051975680352490e+00
1.700051975680352490e+00
1.700051975680352490e+00
1.677159780594057459e+00
1.677159780594057459e+00
1.677159780594057459e+00
1.763762220179662776e+00
1.763762220179662776e+00
1.763762220179662776e+00
1.763762220179662776e+00
1.785060564948153683e+00
1.785060564948153683e+00
1.760286483994801809e+00
1.760286483994801809e+00
1.760286483994801809e+00
1.760286483994801809e+00
1.760286483994801809e+00
1.760286483994801809e+00
1.760286483994801809e+00
1.760286483994801809e+00
1.730639891949703246e+00
1.555972667218687766e+00
1.555972667218687766e+00
1.719033696775528641e+00
1.719033696775528641e+00
1.719033696775528641e+00
1.719033696775528641e+00
1.719033696775528641e+00
1.651948793248092517e+00
1.651948793248092517e+00
1.736665906981246899e+00
1.735957682259944956e+00
1.735957682259944956e+00
1.735957682259944956e+00
1.735957682259944956e+00
1.738789529620589080e+00
1.738789529620589080e+00
1.738789529620589080e+00
1.738789529620589080e+00
1.738789529620589080e+00
1.738789529620589080e+00
1.858466644639609200e+00
1.663803119646054762e+00
1.663803119646054762e+00
1.663803119646054762e+00
1.663803119646054762e+00
1.596761291650924175e+00
1.596761291650924175e+00
1.596761291650924175e+00
1.596761291650924175e+00
1.596761291650924175e+00
1.596761291650924175e+00
1.596761291650924175e+00
1.596761291650924175e+00
1.596761291650924175e+00
1.596761291650924175e+00
1.596761291650924175e+00
1.789227998684216558e+00
1.789227998684216558e+00
1.789227998684216558e+00
1.789227998684216558e+00
1.789227998684216558e+00
1.789227998684216558e+00
1.789227998684216558e+00
1.789227998684216558e+00
1.681376684506898478e+00
1.857850537458913598e+00
1.857850537458913598e+00
1.857850537458913598e+00
1.857850537458913598e+00
1.857850537458913598e+00
1.857850537458913598e+00
1.857850537458913598e+00
1.857850537458913598e+00
1.857850537458913598e+00
1.857850537458913598e+00
1.857850537458913598e+00
1.857850537458913598e+00
1.857850537458913598e+00
1.542449189460785020e+00
1.542449189460785020e+00
1.542449189460785020e+00
1.542449189460785020e+00
1.542449189460785020e+00
1.542449189460785020e+00
1.542449189460785020e+00
1.542449189460785020e+00
1.542449189460785020e+00
1.542449189460785020e+00
1.542449189460785020e+00
1.542449189460785020e+00
1.809164052468332562e+00
1.809164052468332562e+00
1.610024144435496352e+00
1.610024144435496352e+00
1.610024144435496352e+00
1.610024144435496352e+00
1.610024144435496352e+00
1.847284785325604917e+00
1.847284785325604917e+00
1.834044487587809469e+00
1.897641480964851191e+00
1.897641480964851191e+00
1.631243420164126379e+00
1.631243420164126379e+00
1.631243420164126379e+00
1.631243420164126379e+00
1.631243420164126379e+00
1.631243420164126379e+00
1.631243420164126379e+00
1.631243420164126379e+00
1.631243420164126379e+00
1.631243420164126379e+00
1.631243420164126379e+00
1.631243420164126379e+00
1.631243420164126379e+00
1.631243420164126379e+00
1.631243420164126379e+00
1.731383759671395683e+00
1.731383759671395683e+00
1.731383759671395683e+00
1.731383759671395683e+00
1.731383759671395683e+00
1.731383759671395683e+00
1.731383759671395683e+00
1.731383759671395683e+00
1.731383759671395683e+00
1.731383759671395683e+00
1.731383759671395683e+00
1.731383759671395683e+00
1.731383759671395683e+00
1.731383759671395683e+00
1.790404100567998702e+00
1.790404100567998702e+00
1.790404100567998702e+00
1.790404100567998702e+00
1.790404100567998702e+00
1.790404100567998702e+00
1.905560082404157418e+00
1.905560082404157418e+00
1.905560082404157418e+00
1.852644514254188746e+00
1.852644514254188746e+00
1.872248195813973837e+00
1.872248195813973837e+00
1.899780944801676252e+00
1.899780944801676252e+00
1.899780944801676252e+00
1.899780944801676252e+00
1.899780944801676252e+00
1.899780944801676252e+00
1.899780944801676252e+00
1.863265140946156473e+00
1.863265140946156473e+00
1.863265140946156473e+00
1.863265140946156473e+00
1.863265140946156473e+00
1.863265140946156473e+00
1.863265140946156473e+00
1.863265140946156473e+00
1.863265140946156473e+00
1.863265140946156473e+00
1.863265140946156473e+00
1.863265140946156473e+00
1.834161151742756735e+00
1.834161151742756735e+00
1.356321490370208327e+00
1.356321490370208327e+00
1.855188100254891115e+00
1.855188100254891115e+00
1.855188100254891115e+00
1.855188100254891115e+00
1.855188100254891115e+00
1.855188100254891115e+00
1.855188100254891115e+00
1.792904035362438142e+00
1.792904035362438142e+00
1.689557254296378819e+00
1.689557254296378819e+00
1.689557254296378819e+00
1.689557254296378819e+00
1.689557254296378819e+00
1.689557254296378819e+00
1.711763459360773343e+00
1.711763459360773343e+00
1.755840491397981262e+00
1.755840491397981262e+00
1.755840491397981262e+00
1.755840491397981262e+00
1.755840491397981262e+00
1.755840491397981262e+00
1.755840491397981262e+00
1.755840491397981262e+00
1.755840491397981262e+00
1.755840491397981262e+00
1.755840491397981262e+00
1.755840491397981262e+00
1.794940043015673226e+00
1.794940043015673226e+00
1.794940043015673226e+00
1.794940043015673226e+00
1.879291458190049058e+00
1.879291458190049058e+00
1.843160348099875057e+00
1.843160348099875057e+00
1.843160348099875057e+00
1.843160348099875057e+00
1.843160348099875057e+00
1.843160348099875057e+00
1.843160348099875057e+00
1.843160348099875057e+00
1.843160348099875057e+00
1.843160348099875057e+00
1.651620999588624406e+00
1.715032430873853819e+00
1.623875837218551776e+00
1.623875837218551776e+00
1.623875837218551776e+00
1.623875837218551776e+00
1.623875837218551776e+00
1.623875837218551776e+00
1.623875837218551776e+00
1.623875837218551776e+00
1.965808791934923860e+00
1.965808791934923860e+00
1.965808791934923860e+00
1.965808791934923860e+00
1.965808791934923860e+00
1.965808791934923860e+00
1.965808791934923860e+00
1.965808791934923860e+00
1.965808791934923860e+00
1.965808791934923860e+00
1.965808791934923860e+00
1.965808791934923860e+00
1.965808791934923860e+00
1.965808791934923860e+00
1.935086627435164797e+00
1.935086627435164797e+00
1.935086627435164797e+00
1.837030653281005232e+00
1.837030653281005232e+00
1.837030653281005232e+00
1.837030653281005232e+00
1.837030653281005232e+00
1.853850471466905958e+00
1.853850471466905958e+00
1.853850471466905958e+00
1.853850471466905958e+00
1.853850471466905958e+00
1.853850471466905958e+00
1.731050686744088463e+00
1.731050686744088463e+00
1.731050686744088463e+00
1.731050686744088463e+00
1.731050686744088463e+00
1.731050686744088463e+00
1.731050686744088463e+00
1.731050686744088463e+00
1.745542499084399068e+00
1.745542499084399068e+00
1.745542499084399068e+00
1.812808417001408712e+00
1.929992184580709980e+00
1.929992184580709980e+00
1.843394578734688372e+00
1.932901793608329699e+00
1.932901793608329699e+00
1.917819704598975994e+00
1.917819704598975994e+00
1.917819704598975994e+00
1.893722731643719737e+00
1.893722731643719737e+00
1.893722731643719737e+00
1.893722731643719737e+00
1.893722731643719737e+00
1.870734426703633657e+00
1.870734426703633657e+00
1.870734426703633657e+00
1.870734426703633657e+00
1.870734426703633657e+00
1.870734426703633657e+00
1.870734426703633657e+00
1.870734426703633657e+00
1.870734426703633657e+00
1.870734426703633657e+00
1.866123207324891897e+00
1.866123207324891897e+00
1.866123207324891897e+00
1.866123207324891897e+00
1.866123207324891897e+00
1.866123207324891897e+00
1.866123207324891897e+00
1.866123207324891897e+00
1.866123207324891897e+00
1.866123207324891897e+00
1.866123207324891897e+00
1.866123207324891897e+00
1.866123207324891897e+00
1.866123207324891897e+00
1.866123207324891897e+00
1.866123207324891897e+00
1.866123207324891897e+00
1.866123207324891897e+00
1.866123207324891897e+00
1.866123207324891897e+00
1.866123207324891897e+00
1.893350024058874981e+00
1.893350024058874981e+00
1.893350024058874981e+00
1.893350024058874981e+00
1.913456658607072258e+00
1.913456658607072258e+00
1.913456658607072258e+00
1.913456658607072258e+00
1.913456658607072258e+00
1.913456658607072258e+00
1.833988200903796661e+00
1.833988200903796661e+00
1.833988200903796661e+00
1.833988200903796661e+00
1.833988200903796661e+00
1.833988200903796661e+00
1.833988200903796661e+00
1.833988200903796661e+00
1.833988200903796661e+00
1.833988200903796661e+00
1.833988200903796661e+00
1.833988200903796661e+00
1.833988200903796661e+00
1.833988200903796661e+00
1.833988200903796661e+00
1.833988200903796661e+00
1.833988200903796661e+00
1.833988200903796661e+00
1.670885939506090656e+00
1.872241243111966824e+00
1.872241243111966824e+00
1.985719706070667057e+00
1.985719706070667057e+00
1.985719706070667057e+00
1.985719706070667057e+00
1.985719706070667057e+00
1.985719706070667057e+00
1.985719706070667057e+00
1.985719706070667057e+00
1.985719706070667057e+00
1.985719706070667057e+00
1.985719706070667057e+00
1.985719706070667057e+00
1.985719706070667057e+00
1.985719706070667057e+00
1.985719706070667057e+00
1.985719706070667057e+00
1.985719706070667057e+00
1.804244367987731357e+00
1.804244367987731357e+00
1.804244367987731357e+00
1.804244367987731357e+00
1.728913210324434013e+00
1.728913210324434013e+00
1.728913210324434013e+00
1.875674830424865380e+00
1.875674830424865380e+00
1.875674830424865380e+00
1.875674830424865380e+00
1.875674830424865380e+00
1.875674830424865380e+00
1.875674830424865380e+00
1.718628351554472466e+00
1.718628351554472466e+00
1.718628351554472466e+00
1.718628351554472466e+00
1.718628351554472466e+00
1.718628351554472466e+00
1.744247904256644555e+00
1.744247904256644555e+00
1.744247904256644555e+00
1.744247904256644555e+00
1.744247904256644555e+00
1.744247904256644555e+00
1.744247904256644555e+00
1.744247904256644555e+00
1.735201128575464047e+00
1.965663957622246993e+00
1.965663957622246993e+00
1.965663957622246993e+00
1.909235312470769275e+00
1.909235312470769275e+00
1.909235312470769275e+00
1.909235312470769275e+00
1.815747878425947537e+00
1.779588888400688296e+00
1.779588888400688296e+00
1.779588888400688296e+00
1.779588888400688296e+00
1.779588888400688296e+00
1.779588888400688296e+00
1.779588888400688296e+00
1.942866045341585579e+00
1.942866045341585579e+00
1.942866045341585579e+00
1.942866045341585579e+00
2.026698571372300695e+00
2.026698571372300695e+00
2.026698571372300695e+00
2.026698571372300695e+00
1.981177965895257964e+00
1.981177965895257964e+00
1.981177965895257964e+00
1.981177965895257964e+00
1.975257654373766103e+00
2.015550396814418832e+00
2.015550396814418832e+00
2.015550396814418832e+00
2.015550396814418832e+00
2.015550396814418832e+00
2.015550396814418832e+00
2.015550396814418832e+00
2.015550396814418832e+00
2.015550396814418832e+00
2.015550396814418832e+00
2.015550396814418832e+00
2.015550396814418832e+00
2.015550396814418832e+00
2.015550396814418832e+00
2.015550396814418832e+00
2.015550396814418832e+00
2.015550396814418832e+00
2.015550396814418832e+00
1.949010701514395372e+00
1.949010701514395372e+00
1.967965411084602767e+00
1.967965411084602767e+00
1.967965411084602767e+00
1.967965411084602767e+00
1.967965411084602767e+00
1.967965411084602767e+00
1.967965411084602767e+00
1.967965411084602767e+00
1.718472778703119541e+00
1.718472778703119541e+00
1.893520548290717587e+00
1.736600831060772343e+00
1.736600831060772343e+00
1.736600831060772343e+00
1.736600831060772343e+00
1.829235125521647909e+00
1.901979571682680614e+00
1.828392020412067609e+00
1.828392020412067609e+00
1.785533315495599904e+00
1.785533315495599904e+00
1.785533315495599904e+00
1.785533315495599904e+00
1.785533315495599904e+00
1.785533315495599904e+00
1.785533315495599904e+00
1.785533315495599904e+00
1.785533315495599904e+00
1.785533315495599904e+00
1.785533315495599904e+00
1.785533315495599904e+00
1.785533315495599904e+00
1.785533315495599904e+00
1.785533315495599904e+00
1.785533315495599904e+00
1.785533315495599904e+00
1.785533315495599904e+00
1.785533315495599904e+00
1.785533315495599904e+00
1.785533315495599904e+00
1.785533315495599904e+00
1.785533315495599904e+00
1.785533315495599904e+00
1.732730147076501304e+00
1.732730147076501304e+00
1.732730147076501304e+00
1.811431030132561348e+00
1.811431030132561348e+00
1.802034635664891082e+00
1.872702230963298797e+00
1.872702230963298797e+00
1.872702230963298797e+00
1.872702230963298797e+00
1.872702230963298797e+00
1.872702230963298797e+00
1.872702230963298797e+00
1.724311183400550895e+00
1.724311183400550895e+00
1.724311183400550895e+00
1.759558075924404275e+00
1.759558075924404275e+00
1.759558075924404275e+00
1.759558075924404275e+00
1.759558075924404275e+00
1.979011743551237545e+00
1.979011743551237545e+00
1.979011743551237545e+00
1.979011743551237545e+00
1.979011743551237545e+00
1.862953358232095180e+00
1.862953358232095180e+00
1.862953358232095180e+00
1.862953358232095180e+00
1.862953358232095180e+00
1.836719674784063505e+00
1.836719674784063505e+00
1.836719674784063505e+00
1.836719674784063505e+00
1.836719674784063505e+00
1.759401144306655729e+00
1.759401144306655729e+00
1.759401144306655729e+00
1.759401144306655729e+00
1.759401144306655729e+00
1.759401144306655729e+00
1.759401144306655729e+00
1.759401144306655729e+00
1.759401144306655729e+00
1.759401144306655729e+00
1.773589910452268104e+00
1.773589910452268104e+00
1.773589910452268104e+00
1.773589910452268104e+00
1.773589910452268104e+00
1.773589910452268104e+00
1.773589910452268104e+00
1.815624394729344671e+00
1.815624394729344671e+00
1.815624394729344671e+00
1.815624394729344671e+00
1.815624394729344671e+00
1.815624394729344671e+00
1.815624394729344671e+00
1.815624394729344671e+00
1.815624394729344671e+00
1.815624394729344671e+00
1.815624394729344671e+00
1.815624394729344671e+00
1.815624394729344671e+00
1.808477928296529091e+00
1.808477928296529091e+00
1.808477928296529091e+00
1.808477928296529091e+00
1.808477928296529091e+00
1.808477928296529091e+00
1.849142996171685649e+00
1.849142996171685649e+00
1.849142996171685649e+00
1.849142996171685649e+00
1.788469479182620114e+00
1.788469479182620114e+00
1.919845826743387329e+00
1.919845826743387329e+00
1.919845826743387329e+00
1.919845826743387329e+00
1.919845826743387329e+00
2.110598096091076847e+00
2.110598096091076847e+00
2.110598096091076847e+00
2.110598096091076847e+00
2.110598096091076847e+00
2.110598096091076847e+00
2.110598096091076847e+00
2.110598096091076847e+00
1.975978695829320619e+00
1.975978695829320619e+00
1.975978695829320619e+00
1.760839910576220024e+00
1.760839910576220024e+00
1.678514251773603583e+00
1.931624517293920151e+00
1.931624517293920151e+00
1.931624517293920151e+00
1.931624517293920151e+00
1.931624517293920151e+00
1.931624517293920151e+00
1.931624517293920151e+00
1.931624517293920151e+00
2.058207467039183225e+00
2.058207467039183225e+00
2.058207467039183225e+00
1.986374893322802926e+00
1.986374893322802926e+00
1.986374893322802926e+00
1.986374893322802926e+00
1.986374893322802926e+00
1.986374893322802926e+00
1.986374893322802926e+00
1.986374893322802926e+00
1.986374893322802926e+00
2.096420032414974433e+00
1.818763228652340969e+00
1.818763228652340969e+00
1.818763228652340969e+00
1.818763228652340969e+00
1.841353047178319935e+00
1.841353047178319935e+00
1.841353047178319935e+00
1.841353047178319935e+00
1.911805674745051586e+00
1.911805674745051586e+00
1.911805674745051586e+00
1.911805674745051586e+00
1.647805495866268899e+00
1.647805495866268899e+00
1.647805495866268899e+00
1.813189751230287694e+00
1.813189751230287694e+00
1.813189751230287694e+00
1.813189751230287694e+00
1.813189751230287694e+00
1.813189751230287694e+00
1.813189751230287694e+00
1.813189751230287694e+00
1.813189751230287694e+00
1.813189751230287694e+00
1.813189751230287694e+00
1.813189751230287694e+00
1.813189751230287694e+00
1.813189751230287694e+00
1.813189751230287694e+00
1.813189751230287694e+00
1.813189751230287694e+00
1.787673799297275989e+00
1.787673799297275989e+00
1.787673799297275989e+00
1.787673799297275989e+00
1.787673799297275989e+00
1.872075473236760601e+00
1.872075473236760601e+00
1.872075473236760601e+00
1.872075473236760601e+00
1.872075473236760601e+00
1.727752964754674547e+00
1.723958950656294231e+00
1.723958950656294231e+00
1.723958950656294231e+00
1.723958950656294231e+00
1.723958950656294231e+00
1.723958950656294231e+00
1.689630073429988277e+00
1.689630073429988277e+00
1.689630073429988277e+00
1.689630073429988277e+00
1.689630073429988277e+00
1.689630073429988277e+00
1.689630073429988277e+00
1.715208597994240858e+00
1.715208597994240858e+00
1.696733136234217953e+00
1.686808757968092376e+00
1.686808757968092376e+00
1.686808757968092376e+00
1.686808757968092376e+00
1.686808757968092376e+00
1.686808757968092376e+00
1.752259310152703087e+00
1.752259310152703087e+00
1.752259310152703087e+00
1.752259310152703087e+00
1.752259310152703087e+00
1.752259310152703087e+00
1.943215229502444741e+00
1.943215229502444741e+00
1.832397930114088913e+00
1.832397930114088913e+00
1.832397930114088913e+00
1.832397930114088913e+00
1.832397930114088913e+00
1.832397930114088913e+00
1.690818880704258342e+00
1.690818880704258342e+00
1.690818880704258342e+00
1.912685171622027447e+00
1.912685171622027447e+00
1.912685171622027447e+00
1.912685171622027447e+00
1.912685171622027447e+00
1.912685171622027447e+00
1.912685171622027447e+00
1.912685171622027447e+00
1.912685171622027447e+00
1.934434835698630284e+00
1.934434835698630284e+00
1.934434835698630284e+00
1.934434835698630284e+00
1.934434835698630284e+00
1.934434835698630284e+00
1.934434835698630284e+00
1.902570808429387972e+00
1.801821970398737038e+00
1.801821970398737038e+00
1.801821970398737038e+00
1.801821970398737038e+00
1.801821970398737038e+00
1.795365765611818487e+00
1.795365765611818487e+00
1.793847656043715766e+00
1.793847656043715766e+00
1.793847656043715766e+00
1.587889810386864164e+00
1.708766322548513239e+00
1.708766322548513239e+00
1.708766322548513239e+00
1.708766322548513239e+00
1.708766322548513239e+00
1.708766322548513239e+00
1.708766322548513239e+00
1.708766322548513239e+00
1.708766322548513239e+00
1.708766322548513239e+00
1.708766322548513239e+00
1.729905513969603570e+00
1.729905513969603570e+00
1.729905513969603570e+00
1.729905513969603570e+00
1.729905513969603570e+00
1.729905513969603570e+00
1.678193873840668982e+00
1.678193873840668982e+00
1.678193873840668982e+00
1.678193873840668982e+00
1.678193873840668982e+00
1.678193873840668982e+00
1.772244977241367980e+00
1.772244977241367980e+00
1.772244977241367980e+00
1.772244977241367980e+00
1.772244977241367980e+00
1.772244977241367980e+00
1.772244977241367980e+00
1.772244977241367980e+00
1.748742179261682184e+00
1.941714909235896069e+00
1.943411152552127596e+00
1.943411152552127596e+00
1.943411152552127596e+00
1.943411152552127596e+00
1.943411152552127596e+00
1.943411152552127596e+00
1.943411152552127596e+00
1.943411152552127596e+00
1.943411152552127596e+00
1.943411152552127596e+00
2.000902311958846269e+00
2.000902311958846269e+00
2.000902311958846269e+00
2.000902311958846269e+00
2.000902311958846269e+00
1.872003215711493640e+00
1.872003215711493640e+00
1.872003215711493640e+00
1.872003215711493640e+00
1.872003215711493640e+00
1.872003215711493640e+00
1.872003215711493640e+00
1.872003215711493640e+00
1.872003215711493640e+00
1.872003215711493640e+00
1.872003215711493640e+00
1.872003215711493640e+00
1.872003215711493640e+00
1.872003215711493640e+00
1.872003215711493640e+00
1.872003215711493640e+00
1.852425941675187149e+00
1.796893660218803701e+00
1.804549152503547749e+00
1.779209787316613722e+00
1.779209787316613722e+00
1.779209787316613722e+00
1.779209787316613722e+00
1.779209787316613722e+00
1.779209787316613722e+00
1.779209787316613722e+00
1.779209787316613722e+00
1.779209787316613722e+00
1.779209787316613722e+00
1.779209787316613722e+00
1.779209787316613722e+00
1.779209787316613722e+00
1.779209787316613722e+00
1.779209787316613722e+00
1.779209787316613722e+00
1.779209787316613722e+00
1.800106235551929945e+00
1.802889187630900558e+00
1.802889187630900558e+00
1.682712492477348221e+00
1.682712492477348221e+00
1.682712492477348221e+00
1.682712492477348221e+00
1.682712492477348221e+00
1.682712492477348221e+00
1.682712492477348221e+00
1.682712492477348221e+00
1.682712492477348221e+00
1.682712492477348221e+00
1.682712492477348221e+00
1.682712492477348221e+00
1.682712492477348221e+00
1.682712492477348221e+00
1.682712492477348221e+00
1.665529621379434388e+00
1.665529621379434388e+00
1.665529621379434388e+00
1.665529621379434388e+00
1.665529621379434388e+00
1.665529621379434388e+00
1.665529621379434388e+00
1.665529621379434388e+00
1.665529621379434388e+00
1.665529621379434388e+00
1.643010888175014506e+00
1.643010888175014506e+00
1.643010888175014506e+00
1.569173528885631663e+00
1.569173528885631663e+00
1.606803825524302454e+00
1.684044888364340187e+00
1.684044888364340187e+00
1.684044888364340187e+00
1.684044888364340187e+00
1.684044888364340187e+00
1.684044888364340187e+00
1.684044888364340187e+00
1.684044888364340187e+00
1.684044888364340187e+00
1.684044888364340187e+00
1.684044888364340187e+00
1.684044888364340187e+00
1.684044888364340187e+00
1.684044888364340187e+00
1.666161876350116922e+00
1.666161876350116922e+00
1.666161876350116922e+00
1.666161876350116922e+00
1.876084337605967489e+00
1.876084337605967489e+00
1.876084337605967489e+00
1.942329290860249857e+00
1.942329290860249857e+00
1.929026204326396376e+00
1.929026204326396376e+00
1.929026204326396376e+00
1.619375730967264060e+00
1.619375730967264060e+00
1.619375730967264060e+00
1.619375730967264060e+00
1.619375730967264060e+00
1.619375730967264060e+00
1.619375730967264060e+00
1.619375730967264060e+00
1.619375730967264060e+00
1.619375730967264060e+00
1.619375730967264060e+00
1.632804703015619419e+00
1.632804703015619419e+00
1.632804703015619419e+00
1.632804703015619419e+00
1.815822235510692995e+00
1.815822235510692995e+00
1.815822235510692995e+00
1.815822235510692995e+00
1.815822235510692995e+00
1.815822235510692995e+00
1.815822235510692995e+00
1.815822235510692995e+00
2.022562084327458987e+00
2.034970809778048118e+00
2.034970809778048118e+00
2.034970809778048118e+00
2.034970809778048118e+00
2.034970809778048118e+00
2.034970809778048118e+00
1.919048238688714214e+00
1.919048238688714214e+00
1.919048238688714214e+00
1.757362573714262632e+00
1.757362573714262632e+00
1.984191953820480192e+00
1.720213929051371382e+00
1.720213929051371382e+00
1.720213929051371382e+00
1.780452084979172289e+00
1.780452084979172289e+00
1.846636132537371244e+00
1.846636132537371244e+00
1.846636132537371244e+00
1.846636132537371244e+00
1.799959785950203450e+00
1.799959785950203450e+00
1.799959785950203450e+00
1.666914423876438844e+00
1.666914423876438844e+00
1.666914423876438844e+00
1.666914423876438844e+00
1.666914423876438844e+00
1.666914423876438844e+00
1.666914423876438844e+00
1.797545475061628206e+00
1.797545475061628206e+00
1.797545475061628206e+00
1.797545475061628206e+00
1.797545475061628206e+00
1.792972755905149151e+00
1.792972755905149151e+00
1.792972755905149151e+00
1.792972755905149151e+00
1.792972755905149151e+00
1.792972755905149151e+00
1.792972755905149151e+00
1.792972755905149151e+00
1.792972755905149151e+00
1.713370080885733282e+00
1.713370080885733282e+00
1.713370080885733282e+00
1.713370080885733282e+00
1.781980490652846694e+00
1.781980490652846694e+00
1.781980490652846694e+00
1.781980490652846694e+00
1.781980490652846694e+00
1.866219826554075478e+00
1.866219826554075478e+00
1.866219826554075478e+00
1.866219826554075478e+00
1.866219826554075478e+00
1.866219826554075478e+00
1.866219826554075478e+00
1.866219826554075478e+00
1.866219826554075478e+00
1.866219826554075478e+00
1.823029314560964176e+00
1.823029314560964176e+00
1.823029314560964176e+00
1.823029314560964176e+00
1.823029314560964176e+00
1.859853213708199116e+00
1.859853213708199116e+00
1.859853213708199116e+00
1.859853213708199116e+00
1.859853213708199116e+00
1.859853213708199116e+00
1.859853213708199116e+00
1.859853213708199116e+00
1.859853213708199116e+00
1.859853213708199116e+00
1.856238848896306415e+00
1.856238848896306415e+00
1.856238848896306415e+00
1.856238848896306415e+00
1.856238848896306415e+00
1.856238848896306415e+00
1.856238848896306415e+00
1.856238848896306415e+00
1.856238848896306415e+00
1.856238848896306415e+00
1.856238848896306415e+00
1.856238848896306415e+00
1.850664638771320369e+00
1.850664638771320369e+00
1.807553205824355969e+00
1.807553205824355969e+00
1.807553205824355969e+00
1.699544881738405566e+00
1.930487368345566779e+00
1.958215104345576441e+00
1.958215104345576441e+00
1.908608095362541057e+00
1.908608095362541057e+00
1.908608095362541057e+00
1.908608095362541057e+00
1.908608095362541057e+00
1.908608095362541057e+00
1.908608095362541057e+00
1.765888787566908702e+00
1.765888787566908702e+00
1.765888787566908702e+00
1.904327018401760885e+00
1.904327018401760885e+00
1.904327018401760885e+00
1.904327018401760885e+00
1.813227484309524407e+00
1.813227484309524407e+00
1.813227484309524407e+00
1.813227484309524407e+00
1.813227484309524407e+00
1.813227484309524407e+00
1.935652157176027455e+00
1.935652157176027455e+00
1.935652157176027455e+00
1.935652157176027455e+00
1.935652157176027455e+00
1.935652157176027455e+00
1.935652157176027455e+00
1.935652157176027455e+00
1.935652157176027455e+00
1.935652157176027455e+00
1.935652157176027455e+00
1.935652157176027455e+00
1.982556866294274078e+00
1.982556866294274078e+00
1.982556866294274078e+00
1.982556866294274078e+00
1.848809272314677621e+00
1.848809272314677621e+00
1.848809272314677621e+00
1.888772340148119566e+00
1.888772340148119566e+00
1.888772340148119566e+00
1.888772340148119566e+00
1.888772340148119566e+00
1.888772340148119566e+00
1.888772340148119566e+00
1.888772340148119566e+00
1.888772340148119566e+00
1.913292766152767443e+00
1.913292766152767443e+00
1.913292766152767443e+00
1.966021037803378224e+00
1.966021037803378224e+00
1.966021037803378224e+00
1.966021037803378224e+00
1.945529499020588915e+00
1.945529499020588915e+00
1.858313975594134471e+00
1.858313975594134471e+00
1.858313975594134471e+00
1.858313975594134471e+00
1.858313975594134471e+00
1.858313975594134471e+00
1.858313975594134471e+00
1.858313975594134471e+00
1.784462506520233749e+00
1.784462506520233749e+00
1.784462506520233749e+00
1.784462506520233749e+00
1.784462506520233749e+00
1.784462506520233749e+00
1.784462506520233749e+00
1.784462506520233749e+00
1.784462506520233749e+00
1.784462506520233749e+00
1.784462506520233749e+00
1.784462506520233749e+00
1.784462506520233749e+00
1.784462506520233749e+00
1.784462506520233749e+00
1.784462506520233749e+00
1.980689080410618974e+00
1.980689080410618974e+00
1.980689080410618974e+00
1.981642751232506328e+00
1.981642751232506328e+00
1.981642751232506328e+00
1.981642751232506328e+00
1.981642751232506328e+00
1.901442510048012347e+00
1.901442510048012347e+00
1.901442510048012347e+00
1.901442510048012347e+00
1.903120814323674637e+00
1.876277458920059704e+00
1.876277458920059704e+00
1.801945866706911925e+00
1.895656657744268392e+00
1.895656657744268392e+00
1.895656657744268392e+00
1.739310715024118492e+00
1.739310715024118492e+00
1.739310715024118492e+00
1.765478170798381985e+00
1.765478170798381985e+00
1.852023874121404567e+00
1.852023874121404567e+00
1.852023874121404567e+00
1.852023874121404567e+00
1.852023874121404567e+00
1.852023874121404567e+00
1.767085768659235168e+00
1.767085768659235168e+00
1.767085768659235168e+00
1.767085768659235168e+00
1.767085768659235168e+00
1.767085768659235168e+00
1.767085768659235168e+00
1.767085768659235168e+00
1.767085768659235168e+00
1.767085768659235168e+00
1.767085768659235168e+00
1.767085768659235168e+00
1.767085768659235168e+00
1.767085768659235168e+00
1.767085768659235168e+00
1.807682976300143851e+00
1.807682976300143851e+00
1.807682976300143851e+00
1.710388536458955722e+00
1.710388536458955722e+00
1.875687919426848982e+00
1.875687919426848982e+00
1.875687919426848982e+00
1.875687919426848982e+00
1.875687919426848982e+00
1.875687919426848982e+00
1.875687919426848982e+00
1.875687919426848982e+00
1.875687919426848982e+00
1.875687919426848982e+00
1.815258356999944755e+00
1.815258356999944755e+00
1.772972923500454545e+00
1.588716440731311685e+00
1.588716440731311685e+00
1.588716440731311685e+00
1.588716440731311685e+00
1.588716440731311685e+00
1.588716440731311685e+00
1.646706472582136316e+00
1.646706472582136316e+00
1.922156736687527179e+00
1.922156736687527179e+00
1.922156736687527179e+00
1.922156736687527179e+00
1.922156736687527179e+00
1.922156736687527179e+00
1.922156736687527179e+00
1.922156736687527179e+00
1.922156736687527179e+00
1.922156736687527179e+00
1.883760281609836440e+00
1.883760281609836440e+00
1.883760281609836440e+00
1.883760281609836440e+00
1.883760281609836440e+00
1.803489990451231373e+00
1.803489990451231373e+00
1.803489990451231373e+00
1.733691203189076324e+00
1.733691203189076324e+00
1.668769829262373383e+00
1.673265459647357067e+00
1.673265459647357067e+00
1.638733997455181113e+00
1.638733997455181113e+00
1.638733997455181113e+00
1.638733997455181113e+00
1.620804873197109641e+00
1.613152138618011433e+00
1.613152138618011433e+00
1.613152138618011433e+00
1.613152138618011433e+00
1.613152138618011433e+00
1.613152138618011433e+00
1.671721630270434966e+00
1.671721630270434966e+00
1.671721630270434966e+00
1.877077461280123538e+00
1.850896701119242094e+00
1.850896701119242094e+00
1.850896701119242094e+00
1.850896701119242094e+00
1.850896701119242094e+00
1.709138059939359078e+00
1.709138059939359078e+00
1.768487206939750145e+00
1.768487206939750145e+00
1.768487206939750145e+00
1.907476651744028917e+00
1.907476651744028917e+00
1.907476651744028917e+00
1.782789368995304269e+00
1.782789368995304269e+00
1.782789368995304269e+00
1.782789368995304269e+00
1.912108693130776693e+00
1.912108693130776693e+00
1.912108693130776693e+00
1.912108693130776693e+00
1.984673080462565853e+00
1.984673080462565853e+00
1.984673080462565853e+00
1.984673080462565853e+00
1.984673080462565853e+00
1.984673080462565853e+00
1.984673080462565853e+00
1.984673080462565853e+00
1.984673080462565853e+00
1.984673080462565853e+00
1.984673080462565853e+00
1.984673080462565853e+00
1.894050105995897848e+00
1.894050105995897848e+00
1.894050105995897848e+00
1.847453066449259440e+00
1.847453066449259440e+00
1.847453066449259440e+00
1.847453066449259440e+00
1.847453066449259440e+00
1.847453066449259440e+00
1.847453066449259440e+00
1.847453066449259440e+00
1.847453066449259440e+00
1.847453066449259440e+00
1.940570003793032017e+00
1.936847774488458462e+00
1.936847774488458462e+00
1.936847774488458462e+00
1.936847774488458462e+00
1.936847774488458462e+00
1.931778496891422225e+00
1.931778496891422225e+00
1.931778496891422225e+00
1.931778496891422225e+00
1.931778496891422225e+00
1.931778496891422225e+00
1.931778496891422225e+00
1.931778496891422225e+00
1.911998734957155222e+00
1.911998734957155222e+00
1.911998734957155222e+00
1.911998734957155222e+00
1.730152078464187282e+00
1.730152078464187282e+00
1.730152078464187282e+00
1.730152078464187282e+00
1.730152078464187282e+00
1.730152078464187282e+00
1.830458885361545551e+00
1.907127720165015639e+00
1.907127720165015639e+00
1.907127720165015639e+00
1.907127720165015639e+00
1.748934486218615358e+00
1.748934486218615358e+00
1.770547967993447713e+00
1.983101691749564965e+00
1.983101691749564965e+00
1.983101691749564965e+00
1.983101691749564965e+00
1.983101691749564965e+00
1.983101691749564965e+00
2.000916761293489721e+00
2.000916761293489721e+00
2.000916761293489721e+00
1.901819231851738845e+00
1.901819231851738845e+00
1.859897531442901375e+00
1.859897531442901375e+00
1.859897531442901375e+00
1.859897531442901375e+00
1.739553979781812476e+00
1.670204005131626701e+00
1.670204005131626701e+00
1.777398389852770766e+00
1.791843659917544906e+00
1.791843659917544906e+00
1.791843659917544906e+00
1.791843659917544906e+00
1.864932315701413712e+00
1.725366162297849115e+00
1.725366162297849115e+00
1.725366162297849115e+00
1.725366162297849115e+00
1.725366162297849115e+00
1.725366162297849115e+00
1.725366162297849115e+00
1.725366162297849115e+00
1.725366162297849115e+00
1.725366162297849115e+00
1.725366162297849115e+00
1.725366162297849115e+00
2.059275823217669998e+00
1.978918287694093614e+00
1.978918287694093614e+00
1.978918287694093614e+00
1.865717854439969736e+00
1.832912286655767442e+00
1.754214673422510362e+00
1.754214673422510362e+00
1.754214673422510362e+00
1.802475941037669394e+00
1.802475941037669394e+00
1.802475941037669394e+00
1.802475941037669394e+00
1.989618461821740514e+00
1.989618461821740514e+00
1.989618461821740514e+00
1.989618461821740514e+00
1.938899309323206310e+00
1.896409701955583893e+00
1.896409701955583893e+00
1.896409701955583893e+00
1.896409701955583893e+00
1.896409701955583893e+00
1.896409701955583893e+00
1.661132552937573115e+00
1.665356450932600874e+00
1.665356450932600874e+00
1.849814549300945243e+00
1.773091614533899296e+00
1.773091614533899296e+00
1.773091614533899296e+00
1.773091614533899296e+00
1.700440345225900707e+00
1.700440345225900707e+00
1.679484519695576328e+00
1.830660906186283965e+00
1.830660906186283965e+00
1.830660906186283965e+00
1.830660906186283965e+00
1.830660906186283965e+00
1.830660906186283965e+00
1.784007618493406833e+00
1.784007618493406833e+00
1.784007618493406833e+00
1.845859632751069679e+00
1.845859632751069679e+00
1.845859632751069679e+00
1.845859632751069679e+00
1.845859632751069679e+00
1.845859632751069679e+00
1.994686540262939900e+00
1.994686540262939900e+00
1.994686540262939900e+00
1.994686540262939900e+00
1.994686540262939900e+00
1.916291632676314194e+00
1.916291632676314194e+00
1.916291632676314194e+00
1.917842141454128679e+00
1.917842141454128679e+00
1.920761821212090936e+00
1.920761821212090936e+00
1.920761821212090936e+00
1.920761821212090936e+00
1.900037677515359347e+00
1.837666043767684609e+00
1.837666043767684609e+00
1.837666043767684609e+00
1.837666043767684609e+00
1.837666043767684609e+00
1.837666043767684609e+00
1.837666043767684609e+00
1.837666043767684609e+00
1.837666043767684609e+00
1.837666043767684609e+00
1.837666043767684609e+00
1.871538506830929594e+00
1.843023280888426374e+00
1.843023280888426374e+00
1.843023280888426374e+00
1.843023280888426374e+00
1.843023280888426374e+00
1.843023280888426374e+00
1.843023280888426374e+00
1.893199520160732341e+00
1.893199520160732341e+00
1.893199520160732341e+00
1.893199520160732341e+00
1.893199520160732341e+00
1.893199520160732341e+00
1.861017235482530063e+00
1.861017235482530063e+00
1.861017235482530063e+00
1.857850154636030204e+00
1.857850154636030204e+00
1.813340204674486866e+00
1.813340204674486866e+00
1.813340204674486866e+00
1.932059263789271952e+00
1.932059263789271952e+00
1.932059263789271952e+00
1.932059263789271952e+00
1.932059263789271952e+00
1.932059263789271952e+00
1.932059263789271952e+00
1.932059263789271952e+00
1.932059263789271952e+00
1.932059263789271952e+00
1.932059263789271952e+00
1.695551467378400012e+00
1.695551467378400012e+00
1.695551467378400012e+00
1.695551467378400012e+00
1.695551467378400012e+00
1.695551467378400012e+00
1.695551467378400012e+00
1.695551467378400012e+00
1.695551467378400012e+00
1.695551467378400012e+00
1.695551467378400012e+00
1.695551467378400012e+00
1.695551467378400012e+00
1.695551467378400012e+00
1.712369180056645845e+00
1.972711484808111981e+00
1.972711484808111981e+00
1.972711484808111981e+00
1.905223535532308610e+00
1.905223535532308610e+00
1.905223535532308610e+00
1.810323408108473586e+00
1.810323408108473586e+00
1.810323408108473586e+00
1.810323408108473586e+00
1.810323408108473586e+00
1.810323408108473586e+00
1.810323408108473586e+00
1.810323408108473586e+00
1.810323408108473586e+00
1.810323408108473586e+00
1.816759648097704627e+00
1.841146797923447709e+00
1.841146797923447709e+00
1.841146797923447709e+00
1.841146797923447709e+00
1.841146797923447709e+00
1.841146797923447709e+00
1.841146797923447709e+00
1.841146797923447709e+00
1.841146797923447709e+00
1.841146797923447709e+00
1.830547791134632618e+00
1.830547791134632618e+00
1.830547791134632618e+00
1.830547791134632618e+00
1.830547791134632618e+00
1.830547791134632618e+00
1.830547791134632618e+00
1.795876803419844681e+00
1.795876803419844681e+00
1.795876803419844681e+00
1.795876803419844681e+00
1.795876803419844681e+00
1.795876803419844681e+00
1.795876803419844681e+00
1.795876803419844681e+00
1.795876803419844681e+00
1.795876803419844681e+00
1.795876803419844681e+00
1.845068547224595790e+00
1.844896258346627960e+00
1.844896258346627960e+00
1.844896258346627960e+00
1.844896258346627960e+00
1.844896258346627960e+00
1.844896258346627960e+00
1.844896258346627960e+00
1.844896258346627960e+00
1.844896258346627960e+00
1.880289847083899124e+00
1.993875136199364961e+00
1.993875136199364961e+00
1.993875136199364961e+00
1.993875136199364961e+00
1.984501155531058991e+00
1.844998147575312331e+00
1.844998147575312331e+00
1.924126880015160301e+00
1.924126880015160301e+00
1.894978861616555044e+00
1.894978861616555044e+00
1.894978861616555044e+00
1.894978861616555044e+00
1.894978861616555044e+00
1.835876415611758183e+00
1.835876415611758183e+00
1.835876415611758183e+00
1.835876415611758183e+00
1.835876415611758183e+00
1.835876415611758183e+00
1.924249125559138962e+00
1.924249125559138962e+00
1.791153822864966827e+00
1.791153822864966827e+00
1.883514257388913204e+00
1.883514257388913204e+00
1.883514257388913204e+00
1.883514257388913204e+00
1.897926611439275213e+00
1.897926611439275213e+00
1.897926611439275213e+00
1.927130383066046004e+00
1.927130383066046004e+00
1.911461875500049867e+00
1.911461875500049867e+00
1.911461875500049867e+00
1.911461875500049867e+00
1.911461875500049867e+00
1.942105687211723053e+00
1.942105687211723053e+00
1.942105687211723053e+00
1.942105687211723053e+00
1.942105687211723053e+00
1.874295517541777922e+00
1.897488379616538934e+00
1.897488379616538934e+00
1.897488379616538934e+00
1.961811491229228377e+00
1.961811491229228377e+00
1.961811491229228377e+00
1.961811491229228377e+00
1.961811491229228377e+00
1.876538513349066850e+00
1.876538513349066850e+00
1.876538513349066850e+00
1.876538513349066850e+00
1.876538513349066850e+00
1.876538513349066850e+00
1.876538513349066850e+00
1.876538513349066850e+00
1.876538513349066850e+00
1.876538513349066850e+00
1.876538513349066850e+00
1.876538513349066850e+00
1.876538513349066850e+00
1.876538513349066850e+00
1.876538513349066850e+00
1.876538513349066850e+00
1.876538513349066850e+00
1.799491575431993118e+00
1.799491575431993118e+00
1.799491575431993118e+00
1.799491575431993118e+00
1.799491575431993118e+00
1.799491575431993118e+00
1.829382856953858605e+00
1.829382856953858605e+00
1.829382856953858605e+00
1.829382856953858605e+00
1.829382856953858605e+00
1.829382856953858605e+00
1.811127959976155388e+00
1.783264547009846046e+00
1.783264547009846046e+00
1.783264547009846046e+00
1.783264547009846046e+00
1.783264547009846046e+00
1.728140558530207427e+00
1.728140558530207427e+00
1.877316728987147298e+00
1.877316728987147298e+00
1.877316728987147298e+00
1.841726067559199542e+00
1.841726067559199542e+00
1.841726067559199542e+00
1.841726067559199542e+00
1.841726067559199542e+00
1.841726067559199542e+00
1.841726067559199542e+00
1.841726067559199542e+00
1.841726067559199542e+00
1.841726067559199542e+00
1.841726067559199542e+00
1.841726067559199542e+00
1.816109396034604639e+00
1.841457183158959898e+00
1.841457183158959898e+00
1.807304073616930573e+00
1.807304073616930573e+00
1.807304073616930573e+00
1.807304073616930573e+00
1.807304073616930573e+00
1.807304073616930573e+00
1.807304073616930573e+00
1.710406572727662944e+00
1.710406572727662944e+00
1.710406572727662944e+00
1.714553427824944576e+00
1.714553427824944576e+00
1.714553427824944576e+00
1.721907112173594490e+00
1.721907112173594490e+00
1.721907112173594490e+00
1.721907112173594490e+00
1.721907112173594490e+00
1.816524787212212111e+00
1.816524787212212111e+00
1.816524787212212111e+00
1.816524787212212111e+00
1.816524787212212111e+00
1.816524787212212111e+00
1.816524787212212111e+00
1.816524787212212111e+00
1.816138957755777605e+00
1.816138957755777605e+00
1.816138957755777605e+00
1.816138957755777605e+00
1.816138957755777605e+00
1.816138957755777605e+00
1.816138957755777605e+00
1.866477252261817599e+00
1.818676014709061484e+00
1.818676014709061484e+00
1.818676014709061484e+00
1.818676014709061484e+00
1.818676014709061484e+00
1.856407614755545499e+00
1.856407614755545499e+00
1.856407614755545499e+00
1.856407614755545499e+00
1.856407614755545499e+00
1.856407614755545499e+00
1.856407614755545499e+00
1.856407614755545499e+00
1.918277949302109375e+00
1.873739139734266645e+00
1.873739139734266645e+00
1.985137654208606106e+00
1.985137654208606106e+00
1.985137654208606106e+00
1.985137654208606106e+00
1.985137654208606106e+00
1.984782939667075974e+00
1.984782939667075974e+00
1.984782939667075974e+00
1.984782939667075974e+00
1.865152799828675656e+00
1.865152799828675656e+00
1.865152799828675656e+00
1.865152799828675656e+00
1.865152799828675656e+00
1.865152799828675656e+00
1.970254870739305053e+00
1.970254870739305053e+00
1.970254870739305053e+00
1.872883783695640236e+00
1.872883783695640236e+00
1.872883783695640236e+00
1.872883783695640236e+00
1.872883783695640236e+00
1.872883783695640236e+00
1.868613287639231624e+00
1.872138470788360376e+00
1.872138470788360376e+00
1.872138470788360376e+00
1.872138470788360376e+00
1.872138470788360376e+00
1.872138470788360376e+00
1.872138470788360376e+00
1.872138470788360376e+00
2.079510003567087928e+00
1.892765026781210835e+00
1.892765026781210835e+00
1.906171167099341535e+00
1.906171167099341535e+00
1.906171167099341535e+00
1.906171167099341535e+00
1.894090343982742786e+00
1.868764224907556004e+00
1.868764224907556004e+00
1.868764224907556004e+00
1.868764224907556004e+00
1.868764224907556004e+00
1.868764224907556004e+00
1.868764224907556004e+00
1.921078293187675090e+00
1.921078293187675090e+00
1.921078293187675090e+00
1.855750041329102817e+00
1.855750041329102817e+00
1.855750041329102817e+00
1.855750041329102817e+00
1.855750041329102817e+00
1.967275087228494979e+00
1.967275087228494979e+00
1.916693713036975888e+00
1.981192590398040076e+00
1.857718157940093651e+00
1.857718157940093651e+00
2.046405940141145408e+00
2.046405940141145408e+00
2.080034556641212173e+00
2.156720548400849147e+00
2.156720548400849147e+00
1.893508282177443824e+00
1.893508282177443824e+00
1.893508282177443824e+00
1.849995564639476342e+00
1.849995564639476342e+00
1.849995564639476342e+00
1.849995564639476342e+00
1.902859988741573360e+00
1.902859988741573360e+00
1.902859988741573360e+00
1.902859988741573360e+00
1.914512102493359125e+00
1.835555053171653794e+00
1.835555053171653794e+00
1.835555053171653794e+00
1.835555053171653794e+00
1.835555053171653794e+00
1.835555053171653794e+00
1.835555053171653794e+00
1.964646184928912742e+00
1.964646184928912742e+00
1.964646184928912742e+00
1.964646184928912742e+00
1.964646184928912742e+00
1.964646184928912742e+00
1.964646184928912742e+00
1.964646184928912742e+00
1.964646184928912742e+00
1.964646184928912742e+00
1.964646184928912742e+00
1.964646184928912742e+00
1.964646184928912742e+00
1.964646184928912742e+00
1.964646184928912742e+00
1.964646184928912742e+00
1.964646184928912742e+00
1.964646184928912742e+00
1.964646184928912742e+00
1.964646184928912742e+00
1.964646184928912742e+00
1.964646184928912742e+00
1.964646184928912742e+00
1.964646184928912742e+00
1.964646184928912742e+00
1.965167314916748120e+00
1.965167314916748120e+00
1.965167314916748120e+00
1.965167314916748120e+00
1.965167314916748120e+00
1.965167314916748120e+00
1.944277505891321312e+00
1.944277505891321312e+00
1.944277505891321312e+00
1.944277505891321312e+00
1.944277505891321312e+00
1.939201201834008126e+00
1.939201201834008126e+00
1.939201201834008126e+00
1.939201201834008126e+00
1.939201201834008126e+00
1.877416954769107971e+00
1.872471699361495379e+00
1.872471699361495379e+00
1.872471699361495379e+00
2.017098329504973364e+00
2.017098329504973364e+00
2.017098329504973364e+00
2.017978484683396356e+00
2.017978484683396356e+00
2.017978484683396356e+00
2.017978484683396356e+00
2.017978484683396356e+00
1.988890472796960740e+00
1.988890472796960740e+00
1.988890472796960740e+00
1.988890472796960740e+00
1.988890472796960740e+00
1.754029806684288539e+00
1.754029806684288539e+00
1.754029806684288539e+00
1.754029806684288539e+00
1.754029806684288539e+00
1.754029806684288539e+00
1.710647953381667641e+00
1.710647953381667641e+00
1.710647953381667641e+00
1.710647953381667641e+00
1.710647953381667641e+00
1.710647953381667641e+00
1.710647953381667641e+00
1.710647953381667641e+00
1.710647953381667641e+00
1.710647953381667641e+00
1.710647953381667641e+00
1.710647953381667641e+00
1.710647953381667641e+00
1.710647953381667641e+00
1.734650157414702631e+00
1.786705904635151443e+00
1.786705904635151443e+00
1.786705904635151443e+00
1.786705904635151443e+00
1.786705904635151443e+00
1.771616326036375311e+00
1.760323039765651743e+00
1.760323039765651743e+00
1.760323039765651743e+00
1.760323039765651743e+00
1.765111599186128588e+00
1.765111599186128588e+00
1.765111599186128588e+00
1.765111599186128588e+00
1.748203513180526247e+00
1.748203513180526247e+00
1.748203513180526247e+00
1.898130672048487178e+00
1.898130672048487178e+00
1.689582382997189436e+00
1.864836654417563855e+00
1.864836654417563855e+00
1.864836654417563855e+00
1.864836654417563855e+00
1.864836654417563855e+00
1.864836654417563855e+00
1.827053585394185831e+00
1.827053585394185831e+00
1.827053585394185831e+00
1.827053585394185831e+00
1.827053585394185831e+00
1.827053585394185831e+00
1.827053585394185831e+00
1.827053585394185831e+00
1.716664221090824061e+00
1.716664221090824061e+00
1.660691164591167501e+00
1.660691164591167501e+00
1.660691164591167501e+00
1.660691164591167501e+00
1.660691164591167501e+00
1.687773459440345514e+00
1.687773459440345514e+00
1.687773459440345514e+00
1.687773459440345514e+00
1.868680851958078870e+00
1.868680851958078870e+00
1.868680851958078870e+00
1.873449155577083136e+00
1.873449155577083136e+00
1.873449155577083136e+00
1.970740508779462719e+00
1.970740508779462719e+00
1.970740508779462719e+00
1.970740508779462719e+00
1.970740508779462719e+00
1.850530036721482974e+00
1.908839966648639308e+00
1.908839966648639308e+00
1.908839966648639308e+00
1.908839966648639308e+00
1.908839966648639308e+00
1.908839966648639308e+00
1.908839966648639308e+00
1.908839966648639308e+00
1.908839966648639308e+00
1.908839966648639308e+00
1.908839966648639308e+00
1.908839966648639308e+00
1.908839966648639308e+00
1.908839966648639308e+00
1.908839966648639308e+00
1.908839966648639308e+00
1.908839966648639308e+00
1.901541420658955817e+00
1.901541420658955817e+00
1.826644213030519381e+00
1.676033421865654294e+00
1.676033421865654294e+00
1.676033421865654294e+00
1.676033421865654294e+00
1.676033421865654294e+00
1.687932193583327134e+00
1.687932193583327134e+00
1.687932193583327134e+00
1.687932193583327134e+00
1.687932193583327134e+00
1.687932193583327134e+00
1.687932193583327134e+00
1.687932193583327134e+00
1.687932193583327134e+00
1.687932193583327134e+00
1.687932193583327134e+00
1.687932193583327134e+00
1.729768490690384963e+00
1.729768490690384963e+00
1.729768490690384963e+00
1.729768490690384963e+00
1.729768490690384963e+00
1.634404313740193793e+00
1.634404313740193793e+00
1.634404313740193793e+00
1.608914745981991912e+00
1.608914745981991912e+00
1.608914745981991912e+00
1.608914745981991912e+00
1.608914745981991912e+00
1.722286149387853849e+00
1.722286149387853849e+00
1.722286149387853849e+00
1.722286149387853849e+00
1.722286149387853849e+00
1.722286149387853849e+00
1.722286149387853849e+00
1.743542500229226189e+00
1.743542500229226189e+00
1.769428073096437126e+00
1.769428073096437126e+00
1.769428073096437126e+00
1.769428073096437126e+00
1.769428073096437126e+00
1.769428073096437126e+00
1.769428073096437126e+00
1.769428073096437126e+00
1.769428073096437126e+00
1.769428073096437126e+00
1.769428073096437126e+00
1.667321537561569755e+00
1.667321537561569755e+00
1.667321537561569755e+00
1.667321537561569755e+00
1.667321537561569755e+00
1.667321537561569755e+00
1.667321537561569755e+00
1.667321537561569755e+00
1.667321537561569755e+00
1.667321537561569755e+00
1.667321537561569755e+00
1.667321537561569755e+00
1.667321537561569755e+00
1.667321537561569755e+00
1.667321537561569755e+00
1.667321537561569755e+00
1.667321537561569755e+00
1.739648379893203645e+00
1.739648379893203645e+00
1.719074172628768382e+00
1.719074172628768382e+00
1.719074172628768382e+00
1.719074172628768382e+00
1.719074172628768382e+00
1.719074172628768382e+00
1.719074172628768382e+00
1.719074172628768382e+00
1.719074172628768382e+00
1.719074172628768382e+00
1.719074172628768382e+00
1.796429225804029972e+00
1.796429225804029972e+00
1.796429225804029972e+00
1.796429225804029972e+00
1.788831849220034131e+00
1.788831849220034131e+00
1.788831849220034131e+00
1.832516860691113969e+00
1.791580388231128085e+00
1.791580388231128085e+00
1.791580388231128085e+00
1.791580388231128085e+00
1.791580388231128085e+00
1.791580388231128085e+00
1.791580388231128085e+00
1.796667794726994671e+00
1.796667794726994671e+00
1.796667794726994671e+00
1.796667794726994671e+00
1.862035217452679081e+00
1.862035217452679081e+00
1.862035217452679081e+00
1.862035217452679081e+00
1.862035217452679081e+00
1.752844035902325182e+00
1.752844035902325182e+00
1.752844035902325182e+00
1.752844035902325182e+00
1.752844035902325182e+00
1.846387890463329073e+00
1.846387890463329073e+00
1.846387890463329073e+00
1.846387890463329073e+00
1.846387890463329073e+00
1.846387890463329073e+00
1.846387890463329073e+00
1.751541623838631212e+00
1.751541623838631212e+00
1.751541623838631212e+00
1.751541623838631212e+00
1.751541623838631212e+00
1.751541623838631212e+00
1.751541623838631212e+00
1.751541623838631212e+00
1.751541623838631212e+00
1.751541623838631212e+00
1.751541623838631212e+00
1.618706575005421033e+00
1.736177304620360351e+00
1.726800150884754803e+00
1.726800150884754803e+00
1.726800150884754803e+00
1.726800150884754803e+00
1.726800150884754803e+00
1.726800150884754803e+00
1.726800150884754803e+00
1.836896907880500196e+00
1.836896907880500196e+00
1.836896907880500196e+00
1.836896907880500196e+00
1.836896907880500196e+00
1.836896907880500196e+00
1.836896907880500196e+00
1.836896907880500196e+00
1.836896907880500196e+00
1.852848874070934571e+00
1.852848874070934571e+00
1.852848874070934571e+00
1.852848874070934571e+00
1.852848874070934571e+00
1.852848874070934571e+00
1.790227559316961647e+00
1.956366468539125769e+00
1.956366468539125769e+00
1.956366468539125769e+00
1.956366468539125769e+00
1.956366468539125769e+00
1.956366468539125769e+00
1.858297012477941434e+00
1.858297012477941434e+00
1.858297012477941434e+00
1.858297012477941434e+00
1.801521955380335216e+00
1.801521955380335216e+00
1.801521955380335216e+00
1.801521955380335216e+00
1.801521955380335216e+00
1.771709375925836216e+00
1.771709375925836216e+00
1.771709375925836216e+00
1.771709375925836216e+00
1.771709375925836216e+00
1.771709375925836216e+00
1.774764110156315189e+00
1.774764110156315189e+00
1.835523393106752943e+00
1.835523393106752943e+00
1.835523393106752943e+00
1.835523393106752943e+00
1.835523393106752943e+00
1.835523393106752943e+00
1.835523393106752943e+00
1.835523393106752943e+00
1.835523393106752943e+00
1.835523393106752943e+00
1.869871683660123241e+00
1.832893803272105604e+00
1.832893803272105604e+00
1.832893803272105604e+00
1.832893803272105604e+00
1.832893803272105604e+00
1.832893803272105604e+00
1.832893803272105604e+00
1.832893803272105604e+00
1.851473714938622672e+00
1.851473714938622672e+00
1.851473714938622672e+00
1.851473714938622672e+00
1.851473714938622672e+00
1.851473714938622672e+00
1.851473714938622672e+00
1.851473714938622672e+00
1.851473714938622672e+00
1.851473714938622672e+00
1.983477887046660504e+00
1.821530487833304068e+00
1.821530487833304068e+00
1.821530487833304068e+00
1.891136755880595821e+00
1.891136755880595821e+00
1.769596809255121528e+00
1.769596809255121528e+00
1.913845694297526601e+00
1.913845694297526601e+00
1.913845694297526601e+00
1.913845694297526601e+00
1.913845694297526601e+00
1.913845694297526601e+00
1.913845694297526601e+00
1.824762221934911999e+00
1.824762221934911999e+00
1.824762221934911999e+00
1.824762221934911999e+00
1.824762221934911999e+00
1.824762221934911999e+00
1.729350979461065085e+00
1.729350979461065085e+00
1.729350979461065085e+00
1.665490804365815203e+00
1.665490804365815203e+00
1.731475659790477906e+00
1.731475659790477906e+00
1.808102604293004845e+00
1.808102604293004845e+00
1.808102604293004845e+00
1.808102604293004845e+00
1.900585404222571828e+00
1.974976184185809114e+00
1.962297552648481824e+00
1.962297552648481824e+00
1.962297552648481824e+00
1.962297552648481824e+00
1.944169336197632880e+00
1.944169336197632880e+00
1.944169336197632880e+00
1.944169336197632880e+00
1.944169336197632880e+00
1.944169336197632880e+00
1.944169336197632880e+00
1.986001022883990164e+00
1.963357103806485204e+00
1.963357103806485204e+00
1.963357103806485204e+00
1.963357103806485204e+00
1.963357103806485204e+00
1.979870689855860233e+00
1.979870689855860233e+00
1.979870689855860233e+00
1.847843409906593903e+00
1.847843409906593903e+00
1.847843409906593903e+00
1.746349545842187823e+00
1.746349545842187823e+00
1.746349545842187823e+00
1.746349545842187823e+00
1.746349545842187823e+00
1.920641274806091259e+00
1.718873012457071248e+00
1.718873012457071248e+00
1.718873012457071248e+00
1.611958337560191801e+00
1.611958337560191801e+00
1.611958337560191801e+00
1.611958337560191801e+00
1.715029007376133618e+00
1.715029007376133618e+00
1.864898304250550698e+00
1.864898304250550698e+00
