# Variable: dg_gbvi_00000146
# Sample shape: (2565,)
# Date: 2013-03-08 06:18:16.983909
-9.238769978469060007e+00
-6.754909853529443176e+00
-5.431984710709913067e+00
-4.900646120337713185e+00
-3.058428107942223306e+00
-3.048659423220406062e+00
-3.048659423220406062e+00
-2.083292261054036310e+00
-2.083292261054036310e+00
-1.890425360213086048e+00
-1.890425360213086048e+00
-1.890425360213086048e+00
-1.890425360213086048e+00
-1.890425360213086048e+00
-1.876263975432787445e+00
-1.905780836993595795e+00
-1.881621169123348203e+00
-1.881621169123348203e+00
-1.881621169123348203e+00
-1.947837264532168211e+00
-2.234517908599000346e+00
-1.899788903317229716e+00
-1.899788903317229716e+00
-1.991004886303149979e+00
-1.878559956362260586e+00
-1.878559956362260586e+00
-1.878559956362260586e+00
-1.824337077333406665e+00
-2.275325359275127468e+00
-2.270909114688804298e+00
-2.287548011434330508e+00
-2.287548011434330508e+00
-2.287548011434330508e+00
-2.287548011434330508e+00
-2.287548011434330508e+00
-2.287548011434330508e+00
-2.287548011434330508e+00
-2.073974919839675302e+00
-2.073974919839675302e+00
-2.073974919839675302e+00
-2.089946417538168344e+00
-2.039767299509553933e+00
-2.323223939389877479e+00
-2.323223939389877479e+00
-2.403054130977058112e+00
-2.085590410628161973e+00
-2.082827432190237360e+00
-2.360071827365030739e+00
-2.381256222238626208e+00
-2.381256222238626208e+00
-2.381256222238626208e+00
-2.381256222238626208e+00
-2.381256222238626208e+00
-2.381256222238626208e+00
-2.381256222238626208e+00
-2.177400026212540585e+00
-2.121874644020151024e+00
-2.121874644020151024e+00
-2.121874644020151024e+00
-2.121874644020151024e+00
-2.120809218077356562e+00
-2.120809218077356562e+00
-2.120809218077356562e+00
-2.213872130178494047e+00
-2.213872130178494047e+00
-2.213872130178494047e+00
-2.213872130178494047e+00
-2.213872130178494047e+00
-2.213872130178494047e+00
-2.213872130178494047e+00
-2.213872130178494047e+00
-2.213872130178494047e+00
-2.191631321988551040e+00
-2.097880376195396579e+00
-2.097880376195396579e+00
-2.097880376195396579e+00
-2.097880376195396579e+00
-2.097880376195396579e+00
-2.112408574855078935e+00
-2.105380215171539060e+00
-2.055886514995879377e+00
-2.055886514995879377e+00
-2.055886514995879377e+00
-2.055886514995879377e+00
-2.256358351920782379e+00
-2.563823141155807672e+00
-2.115115381959963514e+00
-2.152284821507608914e+00
-2.152284821507608914e+00
-2.152284821507608914e+00
-1.867021073610393600e+00
-1.867021073610393600e+00
-1.867021073610393600e+00
-1.867021073610393600e+00
-1.867021073610393600e+00
-1.907289933151275818e+00
-1.907289933151275818e+00
-1.907289933151275818e+00
-1.907289933151275818e+00
-1.910653970535515001e+00
-1.938530801783067359e+00
-1.979632779716708146e+00
-1.979632779716708146e+00
-1.979632779716708146e+00
-1.979632779716708146e+00
-1.979632779716708146e+00
-1.979632779716708146e+00
-1.979632779716708146e+00
-1.979632779716708146e+00
-1.979632779716708146e+00
-1.979632779716708146e+00
-1.979632779716708146e+00
-1.979632779716708146e+00
-1.979632779716708146e+00
-1.979632779716708146e+00
-1.979632779716708146e+00
-1.979632779716708146e+00
-1.979632779716708146e+00
-1.979632779716708146e+00
-1.979632779716708146e+00
-2.055466880732232049e+00
-2.055466880732232049e+00
-2.055466880732232049e+00
-2.102103960149337425e+00
-2.102103960149337425e+00
-2.102103960149337425e+00
-2.096972274399716785e+00
-2.096972274399716785e+00
-2.096972274399716785e+00
-2.096972274399716785e+00
-2.096972274399716785e+00
-2.038235841049114150e+00
-2.038235841049114150e+00
-2.072271327705866639e+00
-2.072271327705866639e+00
-2.072271327705866639e+00
-2.072271327705866639e+00
-2.072271327705866639e+00
-2.060087184921023162e+00
-2.039513883728008015e+00
-1.739482644271213019e+00
-2.088435877179764422e+00
-2.056135647841218272e+00
-2.056135647841218272e+00
-2.050443857477675547e+00
-2.050443857477675547e+00
-2.431407806510343050e+00
-2.415163930156717154e+00
-2.375602413900127718e+00
-2.375602413900127718e+00
-2.375602413900127718e+00
-2.242207427402566733e+00
-2.271504628202908105e+00
-2.265690447461198520e+00
-2.265690447461198520e+00
-2.265690447461198520e+00
-2.265690447461198520e+00
-2.265690447461198520e+00
-2.265690447461198520e+00
-2.015838172705269216e+00
-2.015838172705269216e+00
-2.015838172705269216e+00
-2.015838172705269216e+00
-2.004156845538895837e+00
-2.004156845538895837e+00
-2.004156845538895837e+00
-2.004156845538895837e+00
-2.314392576327384710e+00
-2.314392576327384710e+00
-2.314392576327384710e+00
-2.314392576327384710e+00
-2.314392576327384710e+00
-2.314392576327384710e+00
-2.207450402662323619e+00
-2.207450402662323619e+00
-2.182959821532694633e+00
-2.138302528726940377e+00
-2.156052834045061317e+00
-2.156052834045061317e+00
-2.156052834045061317e+00
-2.156052834045061317e+00
-2.156052834045061317e+00
-2.156052834045061317e+00
-2.156052834045061317e+00
-2.144189900526665138e+00
-2.160397085185054689e+00
-2.160397085185054689e+00
-2.242732124639784885e+00
-2.242732124639784885e+00
-2.242732124639784885e+00
-2.242732124639784885e+00
-2.244640665086859332e+00
-2.244640665086859332e+00
-2.244640665086859332e+00
-2.244640665086859332e+00
-2.244640665086859332e+00
-2.244640665086859332e+00
-2.197990360282054745e+00
-1.988396343385428811e+00
-1.983771786351818722e+00
-1.983771786351818722e+00
-1.983771786351818722e+00
-1.983771786351818722e+00
-1.983771786351818722e+00
-1.983771786351818722e+00
-1.831723902619377675e+00
-1.831723902619377675e+00
-2.108818437843932081e+00
-2.108818437843932081e+00
-2.103250664322742658e+00
-2.103250664322742658e+00
-2.235264916384799960e+00
-2.235264916384799960e+00
-2.235264916384799960e+00
-2.235264916384799960e+00
-2.235264916384799960e+00
-2.235264916384799960e+00
-2.235264916384799960e+00
-2.235264916384799960e+00
-2.297488372241182297e+00
-2.297488372241182297e+00
-2.297488372241182297e+00
-2.297488372241182297e+00
-2.287454433241993268e+00
-2.284181883494388110e+00
-2.284181883494388110e+00
-2.162530780619976500e+00
-2.162530780619976500e+00
-2.162530780619976500e+00
-2.158285163493500303e+00
-2.158285163493500303e+00
-2.148376389001048103e+00
-2.163443454668636523e+00
-2.163443454668636523e+00
-2.163443454668636523e+00
-2.128962209607325740e+00
-2.168460350438268680e+00
-2.168460350438268680e+00
-2.171382468676959832e+00
-2.095608096010372456e+00
-2.095608096010372456e+00
-2.095608096010372456e+00
-2.238782147299402059e+00
-2.245162653284637155e+00
-2.085592005214643940e+00
-2.085592005214643940e+00
-1.975019916698151023e+00
-1.993343652622849405e+00
-1.993343652622849405e+00
-2.018100044315732422e+00
-2.018100044315732422e+00
-2.018100044315732422e+00
-2.018100044315732422e+00
-2.018100044315732422e+00
-2.014149840025575511e+00
-2.014149840025575511e+00
-2.014149840025575511e+00
-1.975547673643981206e+00
-2.289089110724574105e+00
-2.307445966342455801e+00
-2.307445966342455801e+00
-2.130940070123859442e+00
-2.270152543854655924e+00
-2.334041719511260382e+00
-2.339201559361419935e+00
-2.437195015362887407e+00
-2.437195015362887407e+00
-2.155102922123051989e+00
-2.155102922123051989e+00
-2.155102922123051989e+00
-2.199157324157014148e+00
-2.181337245878940401e+00
-2.181337245878940401e+00
-2.181337245878940401e+00
-2.224672216218003484e+00
-2.224672216218003484e+00
-2.195737625120573799e+00
-2.195737625120573799e+00
-2.195737625120573799e+00
-2.158562570641417544e+00
-2.267085797495216770e+00
-2.267085797495216770e+00
-2.267085797495216770e+00
-2.129748619637190199e+00
-2.129748619637190199e+00
-2.129748619637190199e+00
-2.383706626575948562e+00
-2.404195259207797974e+00
-2.404195259207797974e+00
-2.395495964403376643e+00
-2.395495964403376643e+00
-2.395495964403376643e+00
-2.395495964403376643e+00
-2.397830940616496598e+00
-2.397730963032247420e+00
-2.387963157514533474e+00
-2.287019855500093346e+00
-2.287019855500093346e+00
-2.262217144149193171e+00
-2.262217144149193171e+00
-2.237726560801018838e+00
-2.269854779839554748e+00
-2.269854779839554748e+00
-2.269854779839554748e+00
-2.269854779839554748e+00
-2.269854779839554748e+00
-2.256632139852428054e+00
-2.256632139852428054e+00
-2.266720157019856963e+00
-2.266720157019856963e+00
-2.294212450849556717e+00
-2.274631090834502878e+00
-2.274631090834502878e+00
-2.184152679254164120e+00
-2.330929140124339050e+00
-2.330929140124339050e+00
-2.326094803093355257e+00
-2.326094803093355257e+00
-2.322612826072410375e+00
-2.292476055189213824e+00
-2.292476055189213824e+00
-2.292476055189213824e+00
-2.292476055189213824e+00
-2.292476055189213824e+00
-2.279649767115026204e+00
-2.279649767115026204e+00
-2.298966202251154112e+00
-2.298966202251154112e+00
-2.298966202251154112e+00
-2.297926978198154391e+00
-2.297926978198154391e+00
-2.019740523823340350e+00
-2.022432092764829825e+00
-2.244380495027856526e+00
-2.244380495027856526e+00
-2.255678514312731586e+00
-2.255678514312731586e+00
-2.318856398363961624e+00
-2.318856398363961624e+00
-2.395889262067157244e+00
-2.395889262067157244e+00
-2.318378363241321960e+00
-2.443739585361256683e+00
-2.454183728867928238e+00
-2.454183728867928238e+00
-2.454183728867928238e+00
-2.454183728867928238e+00
-2.454183728867928238e+00
-2.321407954392836537e+00
-2.296839443064192299e+00
-2.424537698197088087e+00
-2.205385550132905603e+00
-2.205385550132905603e+00
-2.197076761324973759e+00
-2.256317707343803214e+00
-2.256317707343803214e+00
-2.256317707343803214e+00
-2.279346876028396807e+00
-2.268780688636991449e+00
-2.268780688636991449e+00
-2.268780688636991449e+00
-2.268780688636991449e+00
-2.247175187060281409e+00
-2.247175187060281409e+00
-2.230658841675638104e+00
-2.230658841675638104e+00
-2.230658841675638104e+00
-2.230658841675638104e+00
-2.230658841675638104e+00
-2.230658841675638104e+00
-2.230658841675638104e+00
-2.227065011239638626e+00
-2.250153024672082225e+00
-2.250153024672082225e+00
-2.250153024672082225e+00
-2.250153024672082225e+00
-2.250153024672082225e+00
-2.250153024672082225e+00
-2.250153024672082225e+00
-2.253389393247023698e+00
-2.371178569782638412e+00
-2.371178569782638412e+00
-2.371178569782638412e+00
-2.371178569782638412e+00
-2.371178569782638412e+00
-2.371178569782638412e+00
-2.366503982866272171e+00
-2.366503982866272171e+00
-2.366503982866272171e+00
-2.366503982866272171e+00
-2.366503982866272171e+00
-2.366503982866272171e+00
-2.366503982866272171e+00
-2.347407461582642352e+00
-2.347407461582642352e+00
-2.401908151142275294e+00
-2.336624377595011737e+00
-2.336624377595011737e+00
-2.336624377595011737e+00
-2.280485204860277726e+00
-2.281750625378862196e+00
-2.303040687705884881e+00
-2.272973360059319159e+00
-2.273612410192098476e+00
-2.273612410192098476e+00
-2.263355770342106332e+00
-2.263355770342106332e+00
-2.263355770342106332e+00
-2.263355770342106332e+00
-2.263355770342106332e+00
-2.444940489957560636e+00
-2.477222182315328869e+00
-2.497314844336711914e+00
-2.475400022455941595e+00
-2.475400022455941595e+00
-2.402710467532490846e+00
-2.421268990331579385e+00
-2.421268990331579385e+00
-2.404763286498179831e+00
-2.488009030805244937e+00
-2.488009030805244937e+00
-2.421868880824296077e+00
-2.283408589030122560e+00
-2.283408589030122560e+00
-2.283408589030122560e+00
-2.283408589030122560e+00
-2.332155421803911999e+00
-2.569049186930625783e+00
-2.253135298801036246e+00
-2.253135298801036246e+00
-2.253135298801036246e+00
-2.257499844154917223e+00
-2.195743379094773129e+00
-2.195743379094773129e+00
-2.195743379094773129e+00
-2.195743379094773129e+00
-2.210213706492342833e+00
-2.210213706492342833e+00
-2.210213706492342833e+00
-2.123502457314829339e+00
-2.377086905621990987e+00
-2.377086905621990987e+00
-2.377086905621990987e+00
-2.358614519473467563e+00
-2.349444891399352642e+00
-2.374434204550988969e+00
-2.374434204550988969e+00
-2.374434204550988969e+00
-2.398326135766317257e+00
-2.398326135766317257e+00
-2.398326135766317257e+00
-2.398326135766317257e+00
-2.398326135766317257e+00
-2.240719486699112473e+00
-2.415670146022171227e+00
-2.418622472695523218e+00
-2.255296842058189366e+00
-2.255296842058189366e+00
-2.255296842058189366e+00
-2.255296842058189366e+00
-2.216014456299672197e+00
-2.395861442677363673e+00
-2.395861442677363673e+00
-2.340002524414047436e+00
-2.340712925665942912e+00
-2.368009165980998532e+00
-2.368009165980998532e+00
-2.368009165980998532e+00
-2.365168615729545731e+00
-2.365168615729545731e+00
-2.365168615729545731e+00
-2.225247757848479946e+00
-2.225247757848479946e+00
-2.225247757848479946e+00
-2.140805830603653259e+00
-2.307814144771853204e+00
-2.292985334815514253e+00
-2.242769992539856538e+00
-2.242769992539856538e+00
-2.403179611828220263e+00
-2.403179611828220263e+00
-2.387861387425005866e+00
-2.387861387425005866e+00
-2.387861387425005866e+00
-2.387861387425005866e+00
-2.363332519681350163e+00
-2.403135380937389431e+00
-2.403135380937389431e+00
-2.403135380937389431e+00
-2.403135380937389431e+00
-2.236567863856044891e+00
-2.236567863856044891e+00
-2.236567863856044891e+00
-2.236567863856044891e+00
-2.236567863856044891e+00
-2.236567863856044891e+00
-2.236567863856044891e+00
-2.236567863856044891e+00
-2.298899614268758107e+00
-2.122662915880314305e+00
-2.122662915880314305e+00
-2.122662915880314305e+00
-2.122662915880314305e+00
-2.122662915880314305e+00
-2.122662915880314305e+00
-2.122662915880314305e+00
-2.120685127915155732e+00
-2.125476105426974627e+00
-2.096859405447585978e+00
-2.063648403157007483e+00
-2.063648403157007483e+00
-2.063060215793512064e+00
-2.377987422419623798e+00
-2.377987422419623798e+00
-2.377987422419623798e+00
-2.377987422419623798e+00
-2.377987422419623798e+00
-2.377987422419623798e+00
-2.377987422419623798e+00
-2.475523348464145901e+00
-2.475523348464145901e+00
-2.475523348464145901e+00
-2.475523348464145901e+00
-2.475523348464145901e+00
-2.219750578110168071e+00
-2.221105092017738869e+00
-2.414489603966659903e+00
-2.414489603966659903e+00
-2.414489603966659903e+00
-2.414489603966659903e+00
-2.414489603966659903e+00
-2.190050143943274907e+00
-2.190050143943274907e+00
-2.197345672038808040e+00
-2.141392525359589349e+00
-2.141392525359589349e+00
-2.264729050651202780e+00
-2.264729050651202780e+00
-2.264729050651202780e+00
-2.293158514988351548e+00
-2.293158514988351548e+00
-2.293158514988351548e+00
-2.293158514988351548e+00
-2.473558013959317847e+00
-2.473558013959317847e+00
-2.473558013959317847e+00
-2.473558013959317847e+00
-2.473558013959317847e+00
-2.473558013959317847e+00
-2.473558013959317847e+00
-2.473558013959317847e+00
-2.224895532335821713e+00
-2.224895532335821713e+00
-2.224895532335821713e+00
-2.224895532335821713e+00
-2.304454246104240767e+00
-2.304454246104240767e+00
-2.304454246104240767e+00
-2.304454246104240767e+00
-2.304454246104240767e+00
-2.304454246104240767e+00
-2.304454246104240767e+00
-2.304454246104240767e+00
-2.303723152807980235e+00
-2.303723152807980235e+00
-2.244741738285074728e+00
-2.244741738285074728e+00
-2.244741738285074728e+00
-2.265599583720490529e+00
-2.265599583720490529e+00
-2.265599583720490529e+00
-2.150519552051923355e+00
-2.150519552051923355e+00
-2.150519552051923355e+00
-2.197037419852444717e+00
-2.161768312073098830e+00
-2.142177559958021060e+00
-2.142177559958021060e+00
-2.117973628631704130e+00
-2.116435820567363901e+00
-2.116435820567363901e+00
-2.116435820567363901e+00
-2.116435820567363901e+00
-2.116435820567363901e+00
-2.116435820567363901e+00
-1.996763022694571621e+00
-1.996763022694571621e+00
-1.996763022694571621e+00
-1.996763022694571621e+00
-1.996763022694571621e+00
-1.996763022694571621e+00
-1.996763022694571621e+00
-1.996763022694571621e+00
-1.996763022694571621e+00
-2.010679782437450047e+00
-2.010679782437450047e+00
-2.010679782437450047e+00
-1.976962789629830741e+00
-1.976962789629830741e+00
-2.397029756209067664e+00
-2.397029756209067664e+00
-2.011854167597292520e+00
-2.011854167597292520e+00
-2.011854167597292520e+00
-2.020488601313787047e+00
-2.041748805784150189e+00
-2.064432836463260923e+00
-2.045349906950118424e+00
-2.081546819861483044e+00
-2.081546819861483044e+00
-2.186151768735723255e+00
-2.186151768735723255e+00
-2.228014964536964460e+00
-2.171982731000604794e+00
-2.491934127517086317e+00
-2.457190060839859580e+00
-2.434996736612561996e+00
-2.434996736612561996e+00
-2.411248078918342586e+00
-2.411248078918342586e+00
-2.402145813584541045e+00
-2.402145813584541045e+00
-2.402145813584541045e+00
-2.445437083837664449e+00
-2.435035105190344051e+00
-2.407065498121710778e+00
-2.407065498121710778e+00
-2.455581383503941506e+00
-2.448853628355665890e+00
-2.448853628355665890e+00
-2.400403066617937675e+00
-2.400403066617937675e+00
-2.400403066617937675e+00
-2.400403066617937675e+00
-2.280274061218083848e+00
-2.280274061218083848e+00
-2.316397648314021840e+00
-2.316397648314021840e+00
-2.316397648314021840e+00
-2.316397648314021840e+00
-2.317418044113192632e+00
-2.317418044113192632e+00
-2.326833651022635507e+00
-2.326833651022635507e+00
-2.361363507875480217e+00
-2.361363507875480217e+00
-2.552862975259046596e+00
-2.489464747106266529e+00
-2.568967000149215529e+00
-2.538665638728674345e+00
-2.538665638728674345e+00
-2.590603116275960183e+00
-2.567313437324896253e+00
-2.567313437324896253e+00
-2.567313437324896253e+00
-2.567313437324896253e+00
-2.267123337965617935e+00
-2.267123337965617935e+00
-2.267123337965617935e+00
-2.267123337965617935e+00
-2.267123337965617935e+00
-2.267123337965617935e+00
-2.267123337965617935e+00
-2.267123337965617935e+00
-2.267123337965617935e+00
-2.267123337965617935e+00
-2.267123337965617935e+00
-2.276590157081277876e+00
-2.276590157081277876e+00
-2.276590157081277876e+00
-2.293056888272885452e+00
-2.313540276157994402e+00
-2.313540276157994402e+00
-2.415337074860266497e+00
-2.415337074860266497e+00
-2.415337074860266497e+00
-2.415337074860266497e+00
-2.409475424524988085e+00
-2.402598252505809828e+00
-2.402598252505809828e+00
-2.402598252505809828e+00
-2.211751410361590953e+00
-2.211751410361590953e+00
-2.211751410361590953e+00
-2.323457891495002592e+00
-2.323457891495002592e+00
-2.323457891495002592e+00
-2.323457891495002592e+00
-2.323457891495002592e+00
-2.323457891495002592e+00
-2.323457891495002592e+00
-2.323457891495002592e+00
-2.308965738877907459e+00
-2.308965738877907459e+00
-2.308965738877907459e+00
-2.282119270963682389e+00
-2.177146650569669273e+00
-2.177146650569669273e+00
-2.254720343524652559e+00
-2.174872135587958333e+00
-2.174872135587958333e+00
-2.209276931376609188e+00
-2.209276931376609188e+00
-2.209276931376609188e+00
-2.315258930473520049e+00
-2.315258930473520049e+00
-2.286623561247437042e+00
-2.286623561247437042e+00
-2.286623561247437042e+00
-2.371302911744024300e+00
-2.371302911744024300e+00
-2.371302911744024300e+00
-2.367894044067767823e+00
-2.367894044067767823e+00
-2.367894044067767823e+00
-2.367894044067767823e+00
-2.367894044067767823e+00
-2.338191747450808489e+00
-2.338191747450808489e+00
-2.342801542517984892e+00
-2.342801542517984892e+00
-2.342801542517984892e+00
-2.342801542517984892e+00
-2.342801542517984892e+00
-2.333932957830342936e+00
-2.333932957830342936e+00
-2.333932957830342936e+00
-1.986626510075764074e+00
-1.986626510075764074e+00
-1.986626510075764074e+00
-2.308888216204178168e+00
-2.322408322537621750e+00
-2.322408322537621750e+00
-2.286166578163083773e+00
-2.321984469288741693e+00
-2.321984469288741693e+00
-2.321984469288741693e+00
-2.321984469288741693e+00
-2.321984469288741693e+00
-2.321984469288741693e+00
-2.310464466240946368e+00
-2.310464466240946368e+00
-2.304900982834749534e+00
-2.304900982834749534e+00
-2.272854831173376944e+00
-2.257047768142517619e+00
-2.268179499734475080e+00
-2.030437084809616710e+00
-2.030437084809616710e+00
-2.030437084809616710e+00
-2.033271936333515661e+00
-2.033271936333515661e+00
-2.033271936333515661e+00
-2.079873528865230803e+00
-2.079873528865230803e+00
-2.058886635796927767e+00
-2.058886635796927767e+00
-2.079590321214071835e+00
-2.079590321214071835e+00
-2.079590321214071835e+00
-2.263590970479885112e+00
-2.263590970479885112e+00
-2.243432764796107204e+00
-2.243432764796107204e+00
-2.243432764796107204e+00
-2.243432764796107204e+00
-2.243432764796107204e+00
-2.249827759278481221e+00
-2.413352584585466865e+00
-2.211475611423835641e+00
-2.211475611423835641e+00
-2.097703149457912808e+00
-2.097703149457912808e+00
-2.088961826728372717e+00
-2.088961826728372717e+00
-2.088961826728372717e+00
-2.088961826728372717e+00
-2.071020235871869897e+00
-2.071020235871869897e+00
-2.103630394705057416e+00
-2.103630394705057416e+00
-2.082605430923033296e+00
-2.082605430923033296e+00
-2.082605430923033296e+00
-2.082605430923033296e+00
-2.082605430923033296e+00
-2.082605430923033296e+00
-2.082605430923033296e+00
-2.264550933721288573e+00
-2.264550933721288573e+00
-2.264550933721288573e+00
-2.264550933721288573e+00
-2.338093366572860710e+00
-2.355986223834102944e+00
-2.283202131352994879e+00
-2.136060282533534416e+00
-2.121655415346659357e+00
-2.121655415346659357e+00
-2.135230833294616826e+00
-2.135230833294616826e+00
-2.145705116586501315e+00
-2.122593637790854526e+00
-2.268285719057871130e+00
-2.268285719057871130e+00
-2.268285719057871130e+00
-2.254403736645358869e+00
-2.254403736645358869e+00
-2.280138065839913519e+00
-2.229953372161567859e+00
-2.229953372161567859e+00
-2.229953372161567859e+00
-2.229953372161567859e+00
-2.229953372161567859e+00
-2.229953372161567859e+00
-2.249157644512976617e+00
-2.249157644512976617e+00
-2.260480278303865553e+00
-2.197639786241159410e+00
-2.184143993459656485e+00
-2.184143993459656485e+00
-2.200128636654848258e+00
-2.200128636654848258e+00
-2.200128636654848258e+00
-2.200128636654848258e+00
-2.293803851142429018e+00
-2.330035470727223501e+00
-2.330035470727223501e+00
-2.330035470727223501e+00
-2.330035470727223501e+00
-2.335582453614037046e+00
-2.335582453614037046e+00
-2.335582453614037046e+00
-2.171925713432924177e+00
-2.171925713432924177e+00
-2.171925713432924177e+00
-2.194656608837794121e+00
-2.118496098504697667e+00
-2.128193893681110449e+00
-2.128193893681110449e+00
-2.128193893681110449e+00
-2.173820324487594657e+00
-2.173820324487594657e+00
-2.173820324487594657e+00
-2.173820324487594657e+00
-2.179754399422613176e+00
-2.181213409530210701e+00
-2.181213409530210701e+00
-2.159443396658843106e+00
-2.159443396658843106e+00
-2.172103260613947207e+00
-2.172103260613947207e+00
-2.172103260613947207e+00
-2.136641922466925081e+00
-2.136641922466925081e+00
-2.136641922466925081e+00
-2.163050983901058100e+00
-2.163050983901058100e+00
-2.163050983901058100e+00
-2.163050983901058100e+00
-2.163050983901058100e+00
-2.181773010260333656e+00
-2.181773010260333656e+00
-2.182134487465745565e+00
-2.094855707740691297e+00
-2.094855707740691297e+00
-2.075853661557786278e+00
-2.075853661557786278e+00
-2.075853661557786278e+00
-2.108467496748632986e+00
-2.108467496748632986e+00
-2.087236522825600904e+00
-2.087236522825600904e+00
-2.087236522825600904e+00
-2.337352226537521727e+00
-2.337352226537521727e+00
-2.161867300767610800e+00
-2.319178902022559274e+00
-2.319178902022559274e+00
-2.319178902022559274e+00
-2.319178902022559274e+00
-2.254137446999854077e+00
-2.188358687378090472e+00
-2.282755266701900876e+00
-2.277963692226590897e+00
-2.316718437051503710e+00
-2.316718437051503710e+00
-2.316718437051503710e+00
-2.316718437051503710e+00
-2.551127655009727047e+00
-2.551127655009727047e+00
-2.551127655009727047e+00
-2.553110174447015712e+00
-2.553110174447015712e+00
-2.553110174447015712e+00
-2.553110174447015712e+00
-2.553110174447015712e+00
-2.521424644252940883e+00
-2.525834802193410944e+00
-2.525834802193410944e+00
-2.226945867220911257e+00
-2.226945867220911257e+00
-2.226945867220911257e+00
-2.226945867220911257e+00
-2.226945867220911257e+00
-2.226945867220911257e+00
-2.226945867220911257e+00
-2.226945867220911257e+00
-2.226945867220911257e+00
-2.236080807900592049e+00
-2.223126314841331830e+00
-2.247255314196512810e+00
-2.104937480705696640e+00
-2.104937480705696640e+00
-2.148672236935852631e+00
-2.065383461388715869e+00
-2.065383461388715869e+00
-2.043064258835093128e+00
-2.043064258835093128e+00
-2.072985723583642859e+00
-2.072985723583642859e+00
-2.075297653633133788e+00
-2.210422308092886201e+00
-2.210422308092886201e+00
-2.181812308507913745e+00
-2.174843931018579202e+00
-2.174843931018579202e+00
-2.444740042391308599e+00
-2.444740042391308599e+00
-2.444740042391308599e+00
-2.225090054258737293e+00
-2.224982835220613353e+00
-2.224982835220613353e+00
-2.224982835220613353e+00
-2.224982835220613353e+00
-2.330135073383862832e+00
-2.330135073383862832e+00
-2.330135073383862832e+00
-2.330135073383862832e+00
-2.330135073383862832e+00
-2.337350689636274126e+00
-2.337350689636274126e+00
-2.337350689636274126e+00
-2.337350689636274126e+00
-2.337350689636274126e+00
-2.386052454239791842e+00
-2.370972277817850138e+00
-2.370972277817850138e+00
-2.349358725154202077e+00
-2.397372282702706858e+00
-2.397372282702706858e+00
-2.397372282702706858e+00
-2.397372282702706858e+00
-2.397372282702706858e+00
-2.397372282702706858e+00
-2.384567030974886759e+00
-2.384567030974886759e+00
-2.357044742243084912e+00
-2.357044742243084912e+00
-2.357044742243084912e+00
-2.357044742243084912e+00
-2.327224690741302116e+00
-2.284853583124665910e+00
-2.284853583124665910e+00
-2.301526091183158318e+00
-2.301526091183158318e+00
-2.301526091183158318e+00
-2.292909249466805743e+00
-2.459152877914040136e+00
-2.459152877914040136e+00
-2.459152877914040136e+00
-2.459152877914040136e+00
-2.335233717078943894e+00
-2.335233717078943894e+00
-2.458331697557083473e+00
-2.482742199295835839e+00
-2.482742199295835839e+00
-2.480054756586460130e+00
-2.480054756586460130e+00
-2.480054756586460130e+00
-2.480054756586460130e+00
-2.439552182505559497e+00
-2.522292369898259778e+00
-2.522292369898259778e+00
-2.522292369898259778e+00
-2.576894655172327298e+00
-2.576894655172327298e+00
-2.458664343765280424e+00
-2.458664343765280424e+00
-2.458664343765280424e+00
-2.458664343765280424e+00
-2.458664343765280424e+00
-2.268674302581192403e+00
-2.268674302581192403e+00
-2.280483099891684073e+00
-2.280483099891684073e+00
-2.280483099891684073e+00
-2.280483099891684073e+00
-2.280483099891684073e+00
-2.280483099891684073e+00
-2.414564573665867186e+00
-2.414564573665867186e+00
-2.414564573665867186e+00
-2.608175722464495028e+00
-2.608175722464495028e+00
-2.595308295514115127e+00
-2.332665362267603903e+00
-2.332665362267603903e+00
-2.332665362267603903e+00
-2.332665362267603903e+00
-2.332665362267603903e+00
-2.332665362267603903e+00
-2.467791953071341471e+00
-2.467791953071341471e+00
-2.341467606440926552e+00
-2.341467606440926552e+00
-2.382766260863382168e+00
-2.394899756161479321e+00
-2.394899756161479321e+00
-2.394899756161479321e+00
-2.394899756161479321e+00
-2.392172666631041889e+00
-2.392172666631041889e+00
-2.403183726032440237e+00
-2.403183726032440237e+00
-2.403183726032440237e+00
-2.303773966755275904e+00
-2.580810264459765246e+00
-2.580810264459765246e+00
-2.273877936294452340e+00
-2.262448690041242827e+00
-2.255227267360687016e+00
-2.256684276312167725e+00
-2.256684276312167725e+00
-2.256684276312167725e+00
-2.234884720874020125e+00
-2.234884720874020125e+00
-2.234884720874020125e+00
-2.232032438162465215e+00
-2.486139495695941282e+00
-2.466933877824425192e+00
-2.466933877824425192e+00
-2.318994250716184258e+00
-2.318994250716184258e+00
-2.318994250716184258e+00
-2.318994250716184258e+00
-2.328572907666232705e+00
-2.328572907666232705e+00
-2.328572907666232705e+00
-2.288538701229540617e+00
-2.288538701229540617e+00
-2.322541382551015499e+00
-2.322541382551015499e+00
-2.500866080119751533e+00
-2.389726803139701428e+00
-2.389726803139701428e+00
-2.389726803139701428e+00
-2.389726803139701428e+00
-2.389726803139701428e+00
-2.415060298674823525e+00
-2.417903372946919482e+00
-2.417903372946919482e+00
-2.417903372946919482e+00
-2.417903372946919482e+00
-2.348953797841565994e+00
-2.381258342142000828e+00
-2.381258342142000828e+00
-2.381258342142000828e+00
-2.381258342142000828e+00
-2.518335788021738519e+00
-2.521760904932177194e+00
-2.545189782723785044e+00
-2.533166244661740230e+00
-2.533166244661740230e+00
-2.533166244661740230e+00
-2.533166244661740230e+00
-2.542381191452502520e+00
-2.542381191452502520e+00
-2.542381191452502520e+00
-2.542381191452502520e+00
-2.528389040783280084e+00
-2.528389040783280084e+00
-2.528389040783280084e+00
-2.084414556694154541e+00
-2.084414556694154541e+00
-2.102709371259737559e+00
-2.111683100779981892e+00
-2.111683100779981892e+00
-2.111683100779981892e+00
-2.111683100779981892e+00
-2.111683100779981892e+00
-2.111683100779981892e+00
-2.046872503297469059e+00
-2.046872503297469059e+00
-2.338929150750209018e+00
-2.361861392024195094e+00
-2.361861392024195094e+00
-2.361861392024195094e+00
-2.192624044766753322e+00
-2.204796868005712618e+00
-2.304832648580909193e+00
-2.315496484478258843e+00
-2.219930100025333086e+00
-2.191345237446360450e+00
-2.232341284699500328e+00
-2.212887977225865832e+00
-2.353224637069997183e+00
-2.353224637069997183e+00
-2.353224637069997183e+00
-2.152828465565580718e+00
-2.190198554419276356e+00
-2.190198554419276356e+00
-2.190198554419276356e+00
-2.088534937346976594e+00
-2.088534937346976594e+00
-2.064535475783529250e+00
-2.064535475783529250e+00
-2.064535475783529250e+00
-2.044879479059229954e+00
-2.044879479059229954e+00
-2.044879479059229954e+00
-2.095676139399148319e+00
-2.138660043524178711e+00
-2.017253177936386255e+00
-2.017253177936386255e+00
-2.020855779692831700e+00
-2.113020280962260689e+00
-2.112620106630390460e+00
-2.112620106630390460e+00
-2.112620106630390460e+00
-2.112620106630390460e+00
-2.118526208436731562e+00
-2.068076935377249459e+00
-2.065824054951997280e+00
-2.053841296653488691e+00
-2.053841296653488691e+00
-2.258855137262066659e+00
-2.138532660987394252e+00
-2.138532660987394252e+00
-2.138532660987394252e+00
-2.203487348425674064e+00
-2.203487348425674064e+00
-2.326142458012984360e+00
-2.326142458012984360e+00
-2.326142458012984360e+00
-2.326142458012984360e+00
-2.326142458012984360e+00
-2.326142458012984360e+00
-2.293982925260769523e+00
-2.293982925260769523e+00
-2.293982925260769523e+00
-2.293982925260769523e+00
-2.293982925260769523e+00
-2.293982925260769523e+00
-2.345407039978984809e+00
-2.345407039978984809e+00
-2.345407039978984809e+00
-2.345407039978984809e+00
-2.345407039978984809e+00
-2.345407039978984809e+00
-2.259510916372907907e+00
-2.259510916372907907e+00
-2.259510916372907907e+00
-2.259510916372907907e+00
-2.259510916372907907e+00
-2.259510916372907907e+00
-2.259510916372907907e+00
-2.259510916372907907e+00
-2.282883034845516690e+00
-2.106642577614008971e+00
-2.104053165528680491e+00
-2.104053165528680491e+00
-2.104053165528680491e+00
-2.104053165528680491e+00
-2.104053165528680491e+00
-2.175506897685453023e+00
-2.160026370321506572e+00
-2.160026370321506572e+00
-2.160026370321506572e+00
-2.160026370321506572e+00
-2.159217767296127466e+00
-2.159217767296127466e+00
-2.159217767296127466e+00
-2.139473973757199943e+00
-2.138590332197989330e+00
-2.167949152551228220e+00
-2.167949152551228220e+00
-2.167949152551228220e+00
-2.150044356297826642e+00
-2.150044356297826642e+00
-2.150044356297826642e+00
-2.150044356297826642e+00
-2.150044356297826642e+00
-2.150044356297826642e+00
-2.150044356297826642e+00
-2.150044356297826642e+00
-2.150044356297826642e+00
-2.150044356297826642e+00
-2.150044356297826642e+00
-2.150044356297826642e+00
-2.150044356297826642e+00
-2.169527490917165569e+00
-2.224792739456223245e+00
-2.217174059425266908e+00
-2.204977980869426535e+00
-2.201658496564125045e+00
-2.201658496564125045e+00
-2.208496551246780015e+00
-2.208496551246780015e+00
-2.208496551246780015e+00
-2.208496551246780015e+00
-2.190359567996917889e+00
-2.190359567996917889e+00
-2.190359567996917889e+00
-2.190359567996917889e+00
-2.190359567996917889e+00
-2.190359567996917889e+00
-2.311192778347209043e+00
-2.311192778347209043e+00
-2.290646743761094228e+00
-2.290646743761094228e+00
-2.269843805982483254e+00
-2.269887228569569704e+00
-2.269887228569569704e+00
-2.380946810672052383e+00
-2.276406869046061043e+00
-2.276406869046061043e+00
-2.276406869046061043e+00
-2.245463864694923206e+00
-2.261321172231090859e+00
-2.261321172231090859e+00
-2.261321172231090859e+00
-2.261321172231090859e+00
-2.261321172231090859e+00
-2.261321172231090859e+00
-2.261321172231090859e+00
-2.261321172231090859e+00
-2.261321172231090859e+00
-2.261321172231090859e+00
-2.283132809365277627e+00
-2.283132809365277627e+00
-2.283132809365277627e+00
-2.219582071160068004e+00
-2.211120695350588417e+00
-2.211120695350588417e+00
-2.248399102210849598e+00
-2.248399102210849598e+00
-2.248399102210849598e+00
-2.248399102210849598e+00
-2.236921321706218269e+00
-2.236921321706218269e+00
-2.236921321706218269e+00
-2.316913881689798060e+00
-2.316913881689798060e+00
-2.467303201140025326e+00
-2.391239026143332502e+00
-2.391239026143332502e+00
-2.391239026143332502e+00
-2.384589974965024339e+00
-2.380696214154142343e+00
-2.380696214154142343e+00
-2.426296439720217801e+00
-2.426296439720217801e+00
-2.317728465944023153e+00
-2.317728465944023153e+00
-2.317728465944023153e+00
-2.317728465944023153e+00
-2.314301048239751246e+00
-2.314301048239751246e+00
-2.331900452615879971e+00
-2.331900452615879971e+00
-2.331900452615879971e+00
-2.331900452615879971e+00
-2.122486534516855095e+00
-2.122486534516855095e+00
-2.122486534516855095e+00
-2.051885512159710601e+00
-2.051885512159710601e+00
-2.063577478470344229e+00
-2.063577478470344229e+00
-2.063577478470344229e+00
-2.368017062890392932e+00
-2.393365539718880441e+00
-2.393365539718880441e+00
-2.365419468332857100e+00
-2.365419468332857100e+00
-2.365419468332857100e+00
-2.365419468332857100e+00
-2.365419468332857100e+00
-2.365419468332857100e+00
-2.370861690890105677e+00
-2.370861690890105677e+00
-2.371953077840241786e+00
-2.371953077840241786e+00
-2.371953077840241786e+00
-2.371953077840241786e+00
-2.382150087298737784e+00
-2.382150087298737784e+00
-2.382150087298737784e+00
-2.382150087298737784e+00
-2.382150087298737784e+00
-2.382150087298737784e+00
-2.382150087298737784e+00
-2.382150087298737784e+00
-2.194803220394735632e+00
-2.182637601785073045e+00
-2.182637601785073045e+00
-2.183849671633484313e+00
-2.177531675136465505e+00
-2.161581121050906606e+00
-2.161581121050906606e+00
-2.266629715317275640e+00
-2.172155162375925208e+00
-2.172155162375925208e+00
-2.330580840760783534e+00
-2.330580840760783534e+00
-2.108324907146491789e+00
-2.352868398479800227e+00
-2.352868398479800227e+00
-2.378764529534627137e+00
-2.324179212948199069e+00
-2.324179212948199069e+00
-2.264205976163437661e+00
-2.260858577909695466e+00
-2.195070945883360825e+00
-2.236115672606086680e+00
-2.167214592952753538e+00
-2.167214592952753538e+00
-2.163758072000949717e+00
-2.192683606791213879e+00
-2.192683606791213879e+00
-2.192683606791213879e+00
-2.192683606791213879e+00
-2.192683606791213879e+00
-2.192683606791213879e+00
-2.038920467490467736e+00
-2.047936188322862616e+00
-2.325510014202851750e+00
-2.329019920687840361e+00
-2.289333707747228441e+00
-2.322516708512161188e+00
-2.379660673968809537e+00
-2.365494821298709027e+00
-2.365494821298709027e+00
-2.365494821298709027e+00
-2.365494821298709027e+00
-2.365494821298709027e+00
-2.365494821298709027e+00
-2.365494821298709027e+00
-2.365494821298709027e+00
-2.363948712119333440e+00
-2.363948712119333440e+00
-2.363948712119333440e+00
-2.363948712119333440e+00
-2.296694847691012509e+00
-2.296694847691012509e+00
-2.296694847691012509e+00
-2.296694847691012509e+00
-2.296694847691012509e+00
-2.310561404513616246e+00
-2.310561404513616246e+00
-2.291451694120675509e+00
-2.291451694120675509e+00
-2.167001840314964234e+00
-2.167001840314964234e+00
-2.151598628175816152e+00
-2.151598628175816152e+00
-2.160685983785604503e+00
-2.160685983785604503e+00
-2.199830729759384429e+00
-2.187665226999783830e+00
-2.187665226999783830e+00
-2.187665226999783830e+00
-2.190520400488666031e+00
-2.146859158972175052e+00
-2.146859158972175052e+00
-2.146859158972175052e+00
-2.146859158972175052e+00
-2.139674773695599885e+00
-2.156672943381377827e+00
-2.156672943381377827e+00
-2.156672943381377827e+00
-2.156672943381377827e+00
-2.156672943381377827e+00
-2.161133785621234260e+00
-2.161133785621234260e+00
-2.176751609769486784e+00
-2.176751609769486784e+00
-2.176751609769486784e+00
-2.176751609769486784e+00
-2.176751609769486784e+00
-2.183444503970571660e+00
-2.183444503970571660e+00
-2.183444503970571660e+00
-2.183444503970571660e+00
-2.183444503970571660e+00
-2.190273393599724283e+00
-2.190273393599724283e+00
-2.166952912264559661e+00
-2.126184812436810123e+00
-2.126184812436810123e+00
-2.239604048717373619e+00
-2.014860066711536835e+00
-1.987876544137584522e+00
-1.987876544137584522e+00
-2.036152099225078782e+00
-2.036152099225078782e+00
-2.281375851909260177e+00
-2.281375851909260177e+00
-2.281375851909260177e+00
-2.312680225115477217e+00
-2.312680225115477217e+00
-2.308836174844432154e+00
-2.308836174844432154e+00
-2.308836174844432154e+00
-2.231518341340666733e+00
-2.234510069170373203e+00
-2.229204652438194323e+00
-2.229204652438194323e+00
-2.229314546199122393e+00
-2.217949976038140925e+00
-2.217949976038140925e+00
-2.222827839735857847e+00
-2.222827839735857847e+00
-2.222827839735857847e+00
-2.102778771369774535e+00
-2.102778771369774535e+00
-2.102778771369774535e+00
-2.102778771369774535e+00
-2.102778771369774535e+00
-2.102778771369774535e+00
-2.102778771369774535e+00
-2.102778771369774535e+00
-2.102778771369774535e+00
-2.102778771369774535e+00
-2.102778771369774535e+00
-2.102778771369774535e+00
-2.061749577876888839e+00
-2.061749577876888839e+00
-1.914091951968209138e+00
-1.914091951968209138e+00
-2.045109545336642576e+00
-2.045109545336642576e+00
-2.045109545336642576e+00
-2.050405053333986594e+00
-2.304945437659405183e+00
-2.309966314916931385e+00
-2.309966314916931385e+00
-2.309966314916931385e+00
-2.302708368460559818e+00
-2.302708368460559818e+00
-2.302708368460559818e+00
-2.302708368460559818e+00
-2.305785833061968049e+00
-2.247915362852016763e+00
-2.247915362852016763e+00
-2.251001720182689070e+00
-2.230040476897362289e+00
-2.230040476897362289e+00
-2.230040476897362289e+00
-2.228938053022038623e+00
-2.253172055328004131e+00
-2.246811167770229822e+00
-2.246811167770229822e+00
-2.246811167770229822e+00
-2.246811167770229822e+00
-2.246811167770229822e+00
-2.246811167770229822e+00
-2.269224370917154232e+00
-2.269224370917154232e+00
-2.187628913893100879e+00
-2.187628913893100879e+00
-2.187628913893100879e+00
-2.187628913893100879e+00
-2.187628913893100879e+00
-2.187628913893100879e+00
-2.221285054506096479e+00
-2.221285054506096479e+00
-2.221285054506096479e+00
-2.221285054506096479e+00
-2.214340820092810080e+00
-2.214340820092810080e+00
-2.214340820092810080e+00
-2.202577308203609530e+00
-2.211360825007754105e+00
-2.211360825007754105e+00
-2.220350070091853034e+00
-2.220350070091853034e+00
-2.220350070091853034e+00
-2.219413396348056899e+00
-2.211885673621822868e+00
-2.206977785612366016e+00
-2.129172447638934429e+00
-2.129172447638934429e+00
-2.132026812672810134e+00
-2.132026812672810134e+00
-2.100085353549715261e+00
-2.096305128914391247e+00
-2.218715461793107746e+00
-2.245047288092078208e+00
-2.245047288092078208e+00
-2.317962411602268347e+00
-2.178763220920409971e+00
-2.194891617052377342e+00
-2.194891617052377342e+00
-2.336024979383819034e+00
-2.336024979383819034e+00
-2.336024979383819034e+00
-2.312403637167786297e+00
-2.312403637167786297e+00
-2.246176544965232669e+00
-2.220624327144725907e+00
-2.220624327144725907e+00
-2.220624327144725907e+00
-2.164648467696109524e+00
-2.164648467696109524e+00
-2.130904498804875313e+00
-2.130904498804875313e+00
-2.132509684549135365e+00
-2.437991618173672492e+00
-2.444943177154697445e+00
-2.467843495628101458e+00
-2.467843495628101458e+00
-2.467843495628101458e+00
-2.467843495628101458e+00
-2.467843495628101458e+00
-2.467843495628101458e+00
-2.470414966707712878e+00
-2.454878307185790476e+00
-2.454878307185790476e+00
-2.454878307185790476e+00
-2.414699587770249956e+00
-2.414699587770249956e+00
-2.414699587770249956e+00
-2.510991087265701971e+00
-2.510991087265701971e+00
-2.361868849900881973e+00
-2.361868849900881973e+00
-2.266655767539881516e+00
-2.268325953539978901e+00
-2.300666161465839021e+00
-2.300666161465839021e+00
-2.300666161465839021e+00
-2.306140204305288766e+00
-2.306140204305288766e+00
-2.293253146548591914e+00
-2.298303998397457804e+00
-2.298303998397457804e+00
-2.313633758367064974e+00
-2.365455294016419963e+00
-2.365455294016419963e+00
-2.366972647128998020e+00
-2.366972647128998020e+00
-2.366972647128998020e+00
-2.366972647128998020e+00
-2.399161097563169864e+00
-2.370109258477251402e+00
-2.097286866972497776e+00
-2.104908645198767303e+00
-2.104908645198767303e+00
-2.104908645198767303e+00
-2.104908645198767303e+00
-2.104908645198767303e+00
-2.104908645198767303e+00
-2.104908645198767303e+00
-2.104908645198767303e+00
-2.117744563178428852e+00
-2.183211610810797509e+00
-2.173495710457181929e+00
-2.173495710457181929e+00
-2.173495710457181929e+00
-2.173495710457181929e+00
-2.252882101923327607e+00
-2.252882101923327607e+00
-2.157670769903555996e+00
-2.226651944285295226e+00
-2.430476116816115528e+00
-2.389826968004916896e+00
-2.402159597193755936e+00
-2.402159597193755936e+00
-2.277003237647270417e+00
-2.277003237647270417e+00
-2.277003237647270417e+00
-2.277003237647270417e+00
-2.277769392527614567e+00
-2.284879289602975927e+00
-2.356156661754445381e+00
-2.356156661754445381e+00
-2.356156661754445381e+00
-2.356156661754445381e+00
-2.284677191896092197e+00
-2.282210006271910174e+00
-2.261492037894207385e+00
-2.261492037894207385e+00
-2.058317100013999923e+00
-2.088669872294414365e+00
-2.088669872294414365e+00
-2.088669872294414365e+00
-2.088669872294414365e+00
-2.061121308423502274e+00
-2.192314154365857082e+00
-2.192314154365857082e+00
-2.191834025998225854e+00
-2.191834025998225854e+00
-2.191834025998225854e+00
-2.054597496180401439e+00
-2.054597496180401439e+00
-2.054597496180401439e+00
-2.177712240763668206e+00
-2.177712240763668206e+00
-2.177712240763668206e+00
-2.177712240763668206e+00
-2.050023873436709998e+00
-2.023443388880522775e+00
-2.023443388880522775e+00
-2.023443388880522775e+00
-1.956579162907639891e+00
-1.956579162907639891e+00
-1.956579162907639891e+00
-2.204382795811925977e+00
-2.267744262319378645e+00
-2.267744262319378645e+00
-2.267744262319378645e+00
-2.267744262319378645e+00
-2.262743934977472726e+00
-2.238038311468411479e+00
-2.238038311468411479e+00
-2.238038311468411479e+00
-2.327710156837353939e+00
-2.327710156837353939e+00
-2.327710156837353939e+00
-2.382517720875286571e+00
-2.382517720875286571e+00
-2.382517720875286571e+00
-2.382517720875286571e+00
-2.382517720875286571e+00
-2.382517720875286571e+00
-2.382517720875286571e+00
-2.382517720875286571e+00
-2.382517720875286571e+00
-2.382517720875286571e+00
-2.310604400630228206e+00
-2.314863514902842478e+00
-2.314863514902842478e+00
-2.314863514902842478e+00
-2.314863514902842478e+00
-2.314863514902842478e+00
-2.333656561219005887e+00
-2.289831992134168992e+00
-2.289831992134168992e+00
-2.289831992134168992e+00
-2.289831992134168992e+00
-2.289831992134168992e+00
-2.289831992134168992e+00
-2.278936398828534493e+00
-2.279905254925434832e+00
-2.279905254925434832e+00
-1.858219254312564406e+00
-1.858219254312564406e+00
-2.026705095860664940e+00
-2.026705095860664940e+00
-2.005177772698598648e+00
-2.037101215390414666e+00
-2.037101215390414666e+00
-2.037101215390414666e+00
-2.024878244340256650e+00
-2.015832706053885648e+00
-2.015832706053885648e+00
-2.015832706053885648e+00
-2.015832706053885648e+00
-2.032641324579015141e+00
-2.032641324579015141e+00
-2.030395586471854585e+00
-2.003557310269136860e+00
-2.008435295618474559e+00
-2.008435295618474559e+00
-2.008435295618474559e+00
-2.008435295618474559e+00
-2.008435295618474559e+00
-1.994012796181416691e+00
-1.994012796181416691e+00
-1.994012796181416691e+00
-2.091741141594587905e+00
-2.091741141594587905e+00
-2.133083629555103666e+00
-2.133083629555103666e+00
-2.114097337938483534e+00
-2.114097337938483534e+00
-2.232778159259019457e+00
-2.248371581230210747e+00
-2.229486427820225991e+00
-2.131712417186208963e+00
-2.262708060579341041e+00
-2.262708060579341041e+00
-2.262708060579341041e+00
-2.248028163493193343e+00
-2.243619792026124493e+00
-2.252624799361757635e+00
-2.252624799361757635e+00
-2.252624799361757635e+00
-2.252624799361757635e+00
-2.252624799361757635e+00
-2.252624799361757635e+00
-2.252624799361757635e+00
-2.252624799361757635e+00
-2.240429543090097564e+00
-2.240429543090097564e+00
-2.240429543090097564e+00
-2.240429543090097564e+00
-1.938665342524996005e+00
-1.934092314975346394e+00
-1.983422785513722308e+00
-1.971642438615589299e+00
-2.044023051334848073e+00
-2.035964760086600212e+00
-2.031010666189807079e+00
-2.032858589801428639e+00
-2.032858589801428639e+00
-1.985164838603619808e+00
-1.973762170843146757e+00
-2.052389497252222306e+00
-2.052389497252222306e+00
-2.066708691322375557e+00
-2.033338220517777906e+00
-2.033338220517777906e+00
-2.033338220517777906e+00
-2.161414605561475355e+00
-2.158113232552541394e+00
-2.163273917328115914e+00
-2.035979808944401892e+00
-2.035979808944401892e+00
-2.035979808944401892e+00
-2.020156224259995081e+00
-2.251986405384314605e+00
-2.230653309576916321e+00
-2.237077965182097117e+00
-2.107867755112080133e+00
-2.158146277999017482e+00
-2.173780654695321779e+00
-2.174460440786855742e+00
-2.180513436666636995e+00
-2.252127390668063889e+00
-2.252127390668063889e+00
-2.249583931506720980e+00
-2.111274863121921364e+00
-2.111274863121921364e+00
-2.111274863121921364e+00
-2.111274863121921364e+00
-2.077024583928635870e+00
-2.045286830195182759e+00
-2.087954389095748819e+00
-2.087954389095748819e+00
-2.075460353364415145e+00
-1.988086246076009811e+00
-2.005127567334234140e+00
-1.981682111020916404e+00
-1.981682111020916404e+00
-2.004812796789672280e+00
-2.004812796789672280e+00
-1.860352197830081433e+00
-1.878388917313845718e+00
-1.878388917313845718e+00
-1.878388917313845718e+00
-2.038287217142661145e+00
-2.141187891558866241e+00
-2.141187891558866241e+00
-2.141187891558866241e+00
-2.139663914952479651e+00
-2.139663914952479651e+00
-2.140409366522481704e+00
-2.140409366522481704e+00
-2.140409366522481704e+00
-2.140409366522481704e+00
-2.160778182879285580e+00
-2.144193937713291920e+00
-2.144193937713291920e+00
-2.120107626917910437e+00
-2.120107626917910437e+00
-2.120107626917910437e+00
-2.120107626917910437e+00
-2.119355164179499429e+00
-2.119355164179499429e+00
-2.173903190618395875e+00
-2.149074187713047923e+00
-2.149074187713047923e+00
-2.111532575405492551e+00
-2.155321784273909635e+00
-2.143630120826774288e+00
-2.143630120826774288e+00
-2.143630120826774288e+00
-2.143630120826774288e+00
-2.141277239136183841e+00
-2.141277239136183841e+00
-2.098028913616571955e+00
-2.098028913616571955e+00
-2.098028913616571955e+00
-2.071222066975158427e+00
-2.071222066975158427e+00
-2.071222066975158427e+00
-2.100830281486187889e+00
-2.058473951189889739e+00
-2.251170125534887934e+00
-2.255063308090011098e+00
-2.183618533955093977e+00
-2.166960977019027901e+00
-2.166960977019027901e+00
-2.166960977019027901e+00
-2.158147583019230265e+00
-2.168699217686724356e+00
-2.168699217686724356e+00
-2.168699217686724356e+00
-2.168699217686724356e+00
-2.168699217686724356e+00
-2.168699217686724356e+00
-2.173696456575864300e+00
-2.173696456575864300e+00
-2.173696456575864300e+00
-2.072406264573751322e+00
-2.326426621265851757e+00
-2.326426621265851757e+00
-2.326426621265851757e+00
-2.326426621265851757e+00
-2.326426621265851757e+00
-2.326426621265851757e+00
-2.326426621265851757e+00
-2.319755052885097424e+00
-2.314213564825892355e+00
-2.314213564825892355e+00
-2.314213564825892355e+00
-2.314213564825892355e+00
-2.314213564825892355e+00
-2.303568325526313743e+00
-2.307792657734152098e+00
-2.071041616765257665e+00
-2.071041616765257665e+00
-2.071041616765257665e+00
-2.132414055866752367e+00
-2.132414055866752367e+00
-2.123146447018058769e+00
-2.209447073330492728e+00
-2.209447073330492728e+00
-2.209447073330492728e+00
-2.209447073330492728e+00
-2.209447073330492728e+00
-2.209447073330492728e+00
-2.209447073330492728e+00
-2.209447073330492728e+00
-2.209447073330492728e+00
-2.209447073330492728e+00
-2.211511191898702045e+00
-2.189355365115622565e+00
-2.189355365115622565e+00
-2.189355365115622565e+00
-2.189355365115622565e+00
-2.189355365115622565e+00
-2.189355365115622565e+00
-2.189355365115622565e+00
-2.189355365115622565e+00
-2.203748190424842157e+00
-2.203748190424842157e+00
-2.223367821782388898e+00
-2.223367821782388898e+00
-2.228514265625276547e+00
-2.228514265625276547e+00
-2.228514265625276547e+00
-2.228514265625276547e+00
-2.195848093848942195e+00
-2.183697254135913646e+00
-2.099569652632831129e+00
-2.125218266266425182e+00
-2.125218266266425182e+00
-2.125218266266425182e+00
-2.125218266266425182e+00
-2.125218266266425182e+00
-2.123420293250815938e+00
-2.123420293250815938e+00
-2.123420293250815938e+00
-2.082386125718918901e+00
-2.099554075966084898e+00
-2.124986761048588857e+00
-2.124986761048588857e+00
-2.124986761048588857e+00
-2.124986761048588857e+00
-2.124986761048588857e+00
-2.124986761048588857e+00
-2.349916467607273685e+00
-2.349916467607273685e+00
-2.349916467607273685e+00
-2.300952691255109261e+00
-2.188607211277443731e+00
-2.188607211277443731e+00
-2.188607211277443731e+00
-2.188607211277443731e+00
-2.197878872825195895e+00
-2.156199388152948870e+00
-2.156199388152948870e+00
-2.180773712121965247e+00
-2.180773712121965247e+00
-2.207468855495606341e+00
-2.207468855495606341e+00
-2.207468855495606341e+00
-2.207468855495606341e+00
-2.198887168015219995e+00
-2.253016002718656541e+00
-2.253016002718656541e+00
-2.253016002718656541e+00
-2.253016002718656541e+00
-2.253016002718656541e+00
-2.253016002718656541e+00
-2.162906541829016760e+00
-2.162906541829016760e+00
-2.294606833714418759e+00
-2.294606833714418759e+00
-2.203214455927678728e+00
-2.104398161145095258e+00
-2.099557689772340030e+00
-2.099557689772340030e+00
-2.135252601872906997e+00
-2.135252601872906997e+00
-2.135252601872906997e+00
-2.106375839952365325e+00
-2.106375839952365325e+00
-2.126732349075491246e+00
-2.126732349075491246e+00
-2.126732349075491246e+00
-2.124596353312023567e+00
-2.124596353312023567e+00
-2.133792321913376089e+00
-2.133792321913376089e+00
-2.133792321913376089e+00
-2.133792321913376089e+00
-2.133792321913376089e+00
-2.171535460410525697e+00
-2.160777246305493726e+00
-2.160777246305493726e+00
-2.160777246305493726e+00
-2.102098630880175012e+00
-2.102098630880175012e+00
-2.102098630880175012e+00
-2.102098630880175012e+00
-2.114682787256032093e+00
-2.192472871562440861e+00
-2.180863663786298368e+00
-2.180863663786298368e+00
-2.161088607303906173e+00
-2.161088607303906173e+00
-2.137620770550463511e+00
-2.137620770550463511e+00
-2.137620770550463511e+00
-2.137620770550463511e+00
-2.137620770550463511e+00
-2.137620770550463511e+00
-2.137620770550463511e+00
-2.137620770550463511e+00
-2.170536731131580410e+00
-2.133031764778540840e+00
-2.133031764778540840e+00
-2.133465901000921594e+00
-2.228236526233302151e+00
-2.228236526233302151e+00
-2.228236526233302151e+00
-2.228236526233302151e+00
-2.228236526233302151e+00
-2.228454599851152462e+00
-2.235491257849185676e+00
-2.235491257849185676e+00
-2.235491257849185676e+00
-2.235491257849185676e+00
-2.235491257849185676e+00
-2.235491257849185676e+00
-2.236341911735554522e+00
-2.229868665154266072e+00
-2.229868665154266072e+00
-2.252053156858072835e+00
-2.252053156858072835e+00
-2.252053156858072835e+00
-2.302280884733094002e+00
-2.302280884733094002e+00
-2.147620814786333820e+00
-2.147620814786333820e+00
-2.268718547001917329e+00
-2.187514892510106890e+00
-2.187514892510106890e+00
-2.187514892510106890e+00
-2.187514892510106890e+00
-2.254512634358626588e+00
-2.260850790436205404e+00
-2.260850790436205404e+00
-2.260850790436205404e+00
-2.260850790436205404e+00
-2.260850790436205404e+00
-2.283300885141447800e+00
-2.196178254921368644e+00
-2.219541184595799077e+00
-2.184441456178622509e+00
-2.184441456178622509e+00
-2.215463563614692877e+00
-2.202751071892111945e+00
-2.199745248993884239e+00
-2.199745248993884239e+00
-2.199745248993884239e+00
-2.178488647619876595e+00
-2.222824532179108470e+00
-2.288212600852039369e+00
-2.288212600852039369e+00
-2.288212600852039369e+00
-2.284078420883387750e+00
-2.284078420883387750e+00
-2.284078420883387750e+00
-2.290633061706843332e+00
-2.290633061706843332e+00
-2.290633061706843332e+00
-2.290633061706843332e+00
-2.266478946256809124e+00
-2.173032599885750926e+00
-2.173032599885750926e+00
-2.173032599885750926e+00
-2.173032599885750926e+00
-2.166343023832926207e+00
-2.166343023832926207e+00
-2.166343023832926207e+00
-2.210304314270671533e+00
-2.220620093655711891e+00
-2.172535350525176767e+00
-2.134643823569480237e+00
-2.169213063304644695e+00
-2.169213063304644695e+00
-2.330852738945488056e+00
-2.291310303712660534e+00
-2.275243138690143052e+00
-2.264819865758326944e+00
-2.264819865758326944e+00
-2.277230611689706752e+00
-2.277230611689706752e+00
-2.277230611689706752e+00
-2.238604882219005443e+00
-2.238604882219005443e+00
-2.238604882219005443e+00
-2.238604882219005443e+00
-2.255316125158392637e+00
-2.255316125158392637e+00
-2.253323360627736083e+00
-2.222246473321712212e+00
-2.225277296094502422e+00
-2.273241168071983509e+00
-2.273241168071983509e+00
-2.205456051497992398e+00
-2.205456051497992398e+00
-2.205456051497992398e+00
-2.205456051497992398e+00
-2.052063731396322144e+00
-2.023631347755708187e+00
-2.023631347755708187e+00
-2.023631347755708187e+00
-2.023631347755708187e+00
-2.141449488152956881e+00
-2.141449488152956881e+00
-2.141449488152956881e+00
-2.127628831888163319e+00
-2.127628831888163319e+00
-2.127628831888163319e+00
-2.024118708408267242e+00
-2.024118708408267242e+00
-2.024118708408267242e+00
-2.120014946759572361e+00
-2.119123836313012710e+00
-2.120414528171325141e+00
-2.120414528171325141e+00
-2.138618616509177617e+00
-2.138618616509177617e+00
-2.138814045022344956e+00
-2.156053545810670879e+00
-2.151007886052933138e+00
-2.151007886052933138e+00
-2.168978494882856545e+00
-2.168978494882856545e+00
-2.168978494882856545e+00
-2.168978494882856545e+00
-2.168978494882856545e+00
-1.965004312954724552e+00
-2.148689862068796419e+00
-2.117082584416084323e+00
-2.120979577793491444e+00
-2.116700119440777961e+00
-2.082199022616331163e+00
-2.082199022616331163e+00
-2.094079302024010047e+00
-2.086698473616484417e+00
-2.086698473616484417e+00
-2.267069215113313163e+00
-2.261977640869352602e+00
-2.307757910221358344e+00
-2.292270686310494021e+00
-2.292270686310494021e+00
-2.240799385556604850e+00
-2.240799385556604850e+00
-2.240799385556604850e+00
-2.300566964479405563e+00
-2.300566964479405563e+00
-2.300566964479405563e+00
-2.300566964479405563e+00
-2.262482165517667454e+00
-2.288731342452648754e+00
-2.288731342452648754e+00
-2.276927317899695602e+00
-2.213532748321774157e+00
-2.334893131941023547e+00
-2.333980997686780245e+00
-2.157484845892079672e+00
-2.157484845892079672e+00
-2.215510047664063009e+00
-2.232563746915068315e+00
-2.232563746915068315e+00
-2.174052422263132556e+00
-2.174052422263132556e+00
-2.174052422263132556e+00
-2.214715949711850485e+00
-2.214715949711850485e+00
-2.280063082709315569e+00
-2.263902581761954469e+00
-2.275226776711488874e+00
-2.275226776711488874e+00
-2.253123654882061455e+00
-2.253123654882061455e+00
-2.241840138896197931e+00
-2.319676823504277063e+00
-2.319676823504277063e+00
-2.307386624622957960e+00
-2.095516941956496737e+00
-2.095516941956496737e+00
-2.116503701677417304e+00
-2.116503701677417304e+00
-2.116190368537184341e+00
-2.116190368537184341e+00
-2.211765902796601235e+00
-2.211765902796601235e+00
-2.211765902796601235e+00
-2.211765902796601235e+00
-2.211765902796601235e+00
-2.211576645302793853e+00
-2.137100852266060613e+00
-2.140910547238253248e+00
-2.140910547238253248e+00
-2.140910547238253248e+00
-2.140910547238253248e+00
-2.292694017619126168e+00
-2.292694017619126168e+00
-2.292694017619126168e+00
-2.292694017619126168e+00
-2.292694017619126168e+00
-2.292694017619126168e+00
-2.292694017619126168e+00
-2.292694017619126168e+00
-2.292694017619126168e+00
-2.291943256443515597e+00
-2.291943256443515597e+00
-2.105036390007114733e+00
-2.104556174622886466e+00
-2.104556174622886466e+00
-2.104556174622886466e+00
-2.104556174622886466e+00
-2.104556174622886466e+00
-2.230593728891828054e+00
-2.226620490085141402e+00
-2.006334849445469803e+00
-2.006334849445469803e+00
-2.006334849445469803e+00
-2.006334849445469803e+00
-2.011360354984986998e+00
-2.011360354984986998e+00
-2.007830687334111186e+00
-2.007830687334111186e+00
-2.359457670686729180e+00
-2.345169004008447633e+00
-2.350074115490118132e+00
-2.350074115490118132e+00
-2.350074115490118132e+00
-2.207448583463744285e+00
-2.207448583463744285e+00
-2.207448583463744285e+00
-2.237770275532730668e+00
-2.209570373966320833e+00
-1.908853158030306751e+00
-1.903076702496014461e+00
-1.903076702496014461e+00
-1.896957851779536020e+00
-1.896957851779536020e+00
-1.967643696100203066e+00
-1.986524374898083867e+00
-1.986524374898083867e+00
-2.218340436562638907e+00
-2.218340436562638907e+00
-2.218340436562638907e+00
-2.204079251539604822e+00
-2.209079728253708463e+00
-2.197428781567013711e+00
-2.186663557469171959e+00
-2.210940153049021362e+00
-2.210940153049021362e+00
-2.210940153049021362e+00
-2.210940153049021362e+00
-2.203387414593966476e+00
-2.203387414593966476e+00
-2.203387414593966476e+00
-2.203387414593966476e+00
-2.203387414593966476e+00
-2.203387414593966476e+00
-2.203387414593966476e+00
-2.203387414593966476e+00
-2.203387414593966476e+00
-2.209625226392711639e+00
-2.159354791777938321e+00
-2.159354791777938321e+00
-2.159354791777938321e+00
-2.159354791777938321e+00
-2.159354791777938321e+00
-2.174941503737215065e+00
-2.186017491448617900e+00
-2.186017491448617900e+00
-2.186017491448617900e+00
-2.186017491448617900e+00
-2.181377931539666193e+00
-2.181377931539666193e+00
-2.181377931539666193e+00
-2.180938595432622584e+00
-2.196972676754695097e+00
-2.179017611549380895e+00
-2.179017611549380895e+00
-2.214478683273989557e+00
-2.095827061388132684e+00
-2.288242019812649186e+00
-2.114940819785475767e+00
-2.171860092410299981e+00
-2.171860092410299981e+00
-2.151561863175976974e+00
-2.348685910273701882e+00
-2.369915170671321292e+00
-2.365656796625710712e+00
-2.365656796625710712e+00
-2.245785646882283437e+00
-2.245785646882283437e+00
-2.243688824882615229e+00
-2.243688824882615229e+00
-2.243688824882615229e+00
-2.243688824882615229e+00
-2.352956716545116844e+00
-2.352956716545116844e+00
-2.408361129028333103e+00
-2.408361129028333103e+00
-2.408361129028333103e+00
-2.228789356822754364e+00
-2.228789356822754364e+00
-2.251779877653349526e+00
-2.251779877653349526e+00
-2.251779877653349526e+00
-2.247597419578200473e+00
-2.080014807988175729e+00
-2.080014807988175729e+00
-2.080014807988175729e+00
-2.346554680260799053e+00
-2.346554680260799053e+00
-2.346554680260799053e+00
-2.253615603796690792e+00
-2.253615603796690792e+00
-2.253615603796690792e+00
-2.253615603796690792e+00
-2.253615603796690792e+00
-2.482558082097519492e+00
-2.424980583756345176e+00
-2.424980583756345176e+00
-2.294171719910112817e+00
-2.301933253953880598e+00
-2.301933253953880598e+00
-2.299475270592774567e+00
-2.299475270592774567e+00
-2.299475270592774567e+00
-2.299475270592774567e+00
-2.217737729019418680e+00
-2.217737729019418680e+00
-2.217737729019418680e+00
-2.230518693291163146e+00
-2.230518693291163146e+00
-2.230518693291163146e+00
-2.230518693291163146e+00
-2.218651293095098342e+00
-2.225443728506430130e+00
-2.225443728506430130e+00
-2.299400151595465847e+00
-2.292435342626948813e+00
-2.292435342626948813e+00
-2.292435342626948813e+00
-2.296251417092251224e+00
-2.296251417092251224e+00
-2.299448625766883136e+00
-2.307024033187927703e+00
-2.307024033187927703e+00
-2.252192427032582156e+00
-2.252192427032582156e+00
-2.259391305578909659e+00
-2.270176618339650343e+00
-2.270176618339650343e+00
-2.270176618339650343e+00
-2.270176618339650343e+00
-2.270176618339650343e+00
-2.303366157199965070e+00
-2.315240332739298079e+00
-2.315240332739298079e+00
-2.288685831003059779e+00
-2.288685831003059779e+00
-2.270120094833034674e+00
-2.364102606691490305e+00
-2.364102606691490305e+00
-2.364102606691490305e+00
-2.356357683478535581e+00
-2.296317973620393804e+00
-2.296317973620393804e+00
-2.205565679833999315e+00
-2.205565679833999315e+00
-2.093772285704638136e+00
-2.093772285704638136e+00
-2.198014348907713966e+00
-2.198014348907713966e+00
-2.198014348907713966e+00
-2.198014348907713966e+00
-2.198014348907713966e+00
-2.182820151407840914e+00
-2.157181610980494657e+00
-2.131690405139389899e+00
-2.176785353474900653e+00
-2.176785353474900653e+00
-2.176785353474900653e+00
-2.142220696164932825e+00
-2.142220696164932825e+00
-2.142220696164932825e+00
-2.142220696164932825e+00
-2.087343641992309706e+00
-2.087343641992309706e+00
-2.087343641992309706e+00
-2.187894583182347752e+00
-2.187894583182347752e+00
-2.187894583182347752e+00
-2.195595322169802355e+00
-2.195595322169802355e+00
-2.162217489119740321e+00
-2.215021369496051662e+00
-2.215021369496051662e+00
-2.215021369496051662e+00
-2.202586161152365829e+00
-2.202586161152365829e+00
-2.202586161152365829e+00
-2.202586161152365829e+00
-2.202586161152365829e+00
-2.202586161152365829e+00
-2.202586161152365829e+00
-2.202586161152365829e+00
-2.131361219167474008e+00
-2.084464638405051584e+00
-2.088088352480057530e+00
-2.275980468805189449e+00
-2.275980468805189449e+00
-2.334835625281694860e+00
-2.334835625281694860e+00
-2.334835625281694860e+00
-2.334835625281694860e+00
-2.330538821802260241e+00
-2.395293471426889198e+00
-2.395293471426889198e+00
-2.395293471426889198e+00
-2.322649784561626518e+00
-2.322649784561626518e+00
-2.322649784561626518e+00
-2.322649784561626518e+00
-2.329060411757315929e+00
-2.331814917656251041e+00
-2.331814917656251041e+00
-2.344089438211390153e+00
-2.384322766336158139e+00
-2.384322766336158139e+00
-2.393154606386232341e+00
-2.366932544476318068e+00
-2.366932544476318068e+00
-2.366932544476318068e+00
-2.366932544476318068e+00
-2.368465970263291975e+00
-2.368465970263291975e+00
-2.381107109123543619e+00
-2.381107109123543619e+00
-2.319978758199686464e+00
-2.103686059164079136e+00
-2.103686059164079136e+00
-2.103686059164079136e+00
-2.103686059164079136e+00
-2.211345418930704021e+00
-2.211345418930704021e+00
-2.211345418930704021e+00
-2.211345418930704021e+00
-2.211345418930704021e+00
-2.124560649046352001e+00
-2.254417640552706992e+00
-2.254417640552706992e+00
-2.254417640552706992e+00
-2.254417640552706992e+00
-2.254417640552706992e+00
-2.231192250565625645e+00
-2.324707937419520309e+00
-2.324707937419520309e+00
-2.324707937419520309e+00
-2.324707937419520309e+00
-2.324707937419520309e+00
-2.324707937419520309e+00
-2.324707937419520309e+00
-2.324707937419520309e+00
-2.324707937419520309e+00
-2.324707937419520309e+00
-2.324707937419520309e+00
-2.430426951402450797e+00
-2.314620312763364218e+00
-2.323391030480879582e+00
-2.323391030480879582e+00
-2.323391030480879582e+00
-2.323391030480879582e+00
-2.329525840746019760e+00
-2.329525840746019760e+00
-2.349751454583260735e+00
-2.247420667708893927e+00
-2.278176590566998172e+00
-2.278176590566998172e+00
-2.278176590566998172e+00
-2.376030421139741389e+00
-2.371794430963964917e+00
-2.371794430963964917e+00
-2.371794430963964917e+00
-2.361743798416298556e+00
-2.344405371155981577e+00
-2.332235058832478281e+00
-2.339028170216057134e+00
-2.339028170216057134e+00
-2.339028170216057134e+00
-2.339028170216057134e+00
-2.239322067030994567e+00
-2.075493659987152295e+00
-2.063981425199330921e+00
-2.063981425199330921e+00
-2.062074017749138566e+00
-2.062074017749138566e+00
-2.052826013520234305e+00
-2.149439212054039761e+00
-2.149439212054039761e+00
-2.149439212054039761e+00
-2.149439212054039761e+00
-2.226466274928103228e+00
-2.185546105074358980e+00
-2.211380771440358384e+00
-2.211380771440358384e+00
-2.211380771440358384e+00
-2.414658100947368435e+00
-2.414658100947368435e+00
-2.414658100947368435e+00
-2.414658100947368435e+00
-2.414658100947368435e+00
-2.414658100947368435e+00
-2.416126776372764073e+00
-2.416126776372764073e+00
-2.444360090887165438e+00
-2.444360090887165438e+00
-2.444360090887165438e+00
-2.444360090887165438e+00
-2.444360090887165438e+00
-2.449111920487977212e+00
-2.449111920487977212e+00
-2.449111920487977212e+00
-2.449111920487977212e+00
-2.449111920487977212e+00
-2.417524538131107459e+00
-2.399631282829377543e+00
-2.181161831289917696e+00
-2.478427143984793801e+00
-2.382131508657665098e+00
-2.382131508657665098e+00
-2.386114275545351937e+00
-2.386114275545351937e+00
-2.410703028899253475e+00
-2.389669641975313397e+00
-2.389669641975313397e+00
-2.389669641975313397e+00
-2.389669641975313397e+00
-2.284520652463609025e+00
-2.251530738649680785e+00
-2.251530738649680785e+00
-2.251530738649680785e+00
-2.251530738649680785e+00
-2.251530738649680785e+00
-2.222247228405602293e+00
-2.371804118514759363e+00
-2.371804118514759363e+00
-2.361104075993686102e+00
-2.292220712617795808e+00
-2.292220712617795808e+00
-2.412498390806213866e+00
-2.412498390806213866e+00
-2.279285910992112640e+00
-2.279285910992112640e+00
-2.275940463232663635e+00
-2.275940463232663635e+00
-2.275940463232663635e+00
-2.275940463232663635e+00
-2.143612632942201834e+00
-2.225880376366259572e+00
-2.225880376366259572e+00
-2.225880376366259572e+00
-2.238121667209386434e+00
-2.238121667209386434e+00
-2.285517098559885607e+00
-2.250117208513041422e+00
-2.250117208513041422e+00
-2.486954379634150225e+00
-2.545928646806475459e+00
-2.545928646806475459e+00
-2.480629085415904989e+00
-2.480629085415904989e+00
-2.104565609286023875e+00
-2.098329173906785527e+00
-2.438650639518455066e+00
-2.438650639518455066e+00
-2.465776469567403595e+00
-2.397766809605796468e+00
-2.409357888769885658e+00
-2.409357888769885658e+00
-2.423929332122011004e+00
-2.423929332122011004e+00
-2.441868682801208834e+00
-2.195001516591705837e+00
-2.195001516591705837e+00
-2.195001516591705837e+00
-2.195001516591705837e+00
-2.195001516591705837e+00
-2.195001516591705837e+00
-2.156773648640127661e+00
-2.179148642377187528e+00
-2.179148642377187528e+00
-2.179148642377187528e+00
-2.179148642377187528e+00
-2.134633454468173763e+00
-1.989375697770626283e+00
-1.989375697770626283e+00
-1.989375697770626283e+00
-2.099139953675912107e+00
-2.199936304219805905e+00
-2.199936304219805905e+00
-2.300248662165966351e+00
-2.300248662165966351e+00
-2.300248662165966351e+00
-2.300248662165966351e+00
-2.300248662165966351e+00
-2.113547556233084102e+00
-2.292611524620570940e+00
-2.292611524620570940e+00
-2.269466454214311035e+00
-2.365747780583228987e+00
-2.365747780583228987e+00
-2.365747780583228987e+00
-2.365747780583228987e+00
-2.263059674578444369e+00
-2.406789026992884217e+00
-2.271825190653640192e+00
-2.271825190653640192e+00
