# Variable: dg_gbvi_00000113
# Sample shape: (2565,)
# Date: 2013-03-08 06:18:17.066127
-1.919764865586666147e+00
-1.303877009808626308e+00
-2.133920241839160070e+00
-2.193252756226077516e+00
-1.892577655849367657e+00
-1.876191975955617375e+00
-1.846482875882080155e+00
-3.104226298136218976e-01
-3.204076536844374101e-01
-3.387277763665884067e-01
-3.627363346025418989e-01
-3.807216194265817255e-01
-4.255140907305573483e-01
-4.871490177912679576e-01
-4.108124776442250159e-01
-5.868966861112939748e-01
-4.994656417573006268e-01
-6.145018541472623275e-01
-6.100631928283183347e-01
-6.584673515658784337e-01
-8.086866054756982614e-01
-6.692824915626984783e-01
-6.536664823460744955e-01
-7.301709522114647744e-01
-8.238602284636591389e-01
-6.751536436245438866e-01
-6.500957333200634292e-01
-6.500957333200634292e-01
-6.405456813298913143e-01
-7.227032443651483229e-01
-7.344105729110340652e-01
-7.206992786437854681e-01
-6.796289251909075624e-01
-6.231754071611341761e-01
-6.215940252118680176e-01
-6.220971468464912002e-01
-6.482267895715040362e-01
-5.167173826151295613e-01
-5.253784048022606123e-01
-4.882424966347284068e-01
-3.971352290077758140e-01
-4.100994384760526801e-01
-6.423531155063644249e-01
-5.869847336984463926e-01
-6.905980941942408968e-01
-4.304802983793911131e-01
-4.952782543023622197e-01
-7.974808857653348237e-01
-7.622693190830898136e-01
-6.516133105827843774e-01
-6.516133105827843774e-01
-4.499367682911054600e-01
-3.860834736398782718e-01
-4.176474775734329015e-01
-4.361652496611357344e-01
-4.725495998689974719e-01
-4.915016837799757732e-01
-5.387333306386485887e-01
-6.596146009932560839e-01
-4.842195932329127483e-01
-5.055885789080238890e-01
-5.195247926210311284e-01
-5.194396427799518046e-01
-5.852790542467877222e-01
-4.267966524023032449e-01
-4.585126213789178506e-01
-5.437584300347482191e-01
-4.886812826363199358e-01
-5.450804981059421683e-01
-5.613775441698201085e-01
-5.613775441698201085e-01
-5.114909129476730154e-01
-6.067838818399802214e-01
-4.979459831224928301e-01
-5.041364579269275170e-01
-4.630846721647648989e-01
-4.630846721647648989e-01
-4.883749282600477470e-01
-4.742706186361002052e-01
-4.444096161705335390e-01
-3.174607937109055200e-01
-3.174607937109055200e-01
-3.409676418524247299e-01
-3.133977329268121115e-01
-4.891466529654737716e-01
-5.152372616622218349e-01
-5.214426789095970571e-01
-5.124884643058567057e-01
-5.143511096963426787e-01
-6.105840467970325980e-01
-3.674466695748103140e-01
-3.038621302832771320e-01
-3.296363121698204224e-01
-2.636842951384812395e-01
-2.636842951384812395e-01
-4.723750252093505964e-01
-4.201146353101680164e-01
-4.201146353101680164e-01
-3.671407831456754423e-01
-3.535084817350495623e-01
-1.557327507716612658e-01
-1.269560116293000918e-01
1.570737038262969704e-02
4.293883385814739606e-02
4.077671381445743815e-02
5.481992606263454831e-02
8.416646813528064208e-02
8.416646813528064208e-02
1.954636194053235576e-01
1.781353190923571361e-01
1.283863321228942700e-01
2.200391146791554620e-01
2.338110812375177594e-01
2.151264418804907930e-01
1.458575227716641109e-01
-5.164220125564455977e-01
-5.164220125564455977e-01
-5.164220125564455977e-01
-4.856802977629742224e-01
-4.103824956141622904e-01
-4.539766852433249622e-01
-4.539766852433249622e-01
-4.138594715329123597e-01
-4.445794637863747512e-01
-1.588009133643231846e-02
-1.691589989231539193e-01
-8.172171862384976226e-02
-1.562381363739791806e-01
-5.135644524916739562e-02
-3.050906146441639127e-02
8.366604085629517074e-02
9.788554524749847052e-02
1.449220855080034231e-01
1.314504457781941749e-01
2.170547216890205133e-01
-3.958426446782759567e-01
-2.126839244105298565e-01
-2.645860029915529377e-01
-2.874076727766237127e-01
-3.254857959961921510e-01
-5.160742201702384069e-02
-1.108582437365513013e-01
-6.574320677086784026e-02
-4.677909437821535510e-02
4.663980889994397416e-01
4.663980889994397416e-01
1.519473609240166723e-01
4.894541328562863891e-02
4.681991551830864268e-02
-2.571641387652224067e-03
-1.515927163841844783e-01
-4.445837355337123320e-02
-9.960411530714131934e-02
-9.505803135694369105e-03
-2.096927051517576482e-02
2.293646326094444243e-01
1.509034211021730854e-01
1.402935881227504629e-02
-6.085354017537163152e-02
2.874297661436765738e-02
5.945848977596145113e-02
1.749398521800259454e-01
2.045812963917059135e-01
1.232365144913507710e-01
1.273442439881317945e-01
9.740740029891493956e-02
1.420811738163998972e-01
-8.889730412830525175e-02
-8.889730412830525175e-02
-2.768916302289912701e-01
-3.231320774206077329e-01
-4.384852139163998297e-01
-3.675814869584677624e-01
-3.250260868801067571e-01
-2.846345022100701394e-01
-2.721244477634685577e-01
-2.402806232535903141e-01
-2.402806232535903141e-01
-2.169888915970155374e-01
-2.169888915970155374e-01
-2.169888915970155374e-01
-2.169888915970155374e-01
-3.031750630576934835e-01
-3.968529455789258087e-01
-3.792977547229079982e-01
-2.652512353864522332e-01
-2.652512353864522332e-01
-2.257622229912258638e-01
-2.515868609504011699e-01
-2.252412875949767190e-01
-2.057149021611835715e-01
-1.534682678979094328e-01
-7.912046878519390924e-02
-7.912046878519390924e-02
-6.007831475560189254e-03
-3.659777503719248426e-02
-1.381866716841251286e-01
-2.154442143220899886e-01
-3.130119363576187030e-01
-3.199465715786257158e-01
-2.457907200256700675e-01
-1.880272463222334156e-01
-1.055665956922476750e-01
-1.590570738893219704e-01
-2.014254310606495568e-01
-7.318211880147786064e-02
2.604564115999816742e-01
1.264133331735648180e-01
1.759582802223298714e-01
1.793529947525979995e-01
2.068147538247253059e-01
1.945927973831688973e-01
1.723538896853314129e-01
1.292083767782619685e-01
3.197280978340064084e-01
3.044074064224749354e-01
3.791895527408588595e-01
2.405131997746219885e-01
1.413004432440320701e-01
1.448041676682294276e-01
2.872218749996018339e-01
3.849784534460376495e-01
3.436974200158017245e-01
3.875992959894753453e-01
4.723105223183051149e-01
4.436974570193132905e-01
5.259897992441878722e-01
4.773096563444039209e-01
5.737885713952207700e-01
5.759944414912629984e-01
5.945933999426769034e-01
4.462865226834563104e-01
4.375077274173908570e-01
2.758743520795050030e-01
2.758743520795050030e-01
3.031972068188907854e-01
3.759807026087605419e-01
2.507731400837351909e-01
2.272869067011475119e-01
2.859501081196529348e-01
2.223541987477611892e-01
2.674646516483287217e-01
1.478075969983422000e-01
5.296205909015884450e-02
3.965457143886506886e-02
1.003529827566575494e-01
1.381526630845775483e-01
1.555056209708524373e-01
1.281517709260090454e-01
1.253765703968739422e-03
4.611993903910498183e-02
4.611993903910498183e-02
9.088038682851275196e-02
3.001571977292887342e-02
-9.410516992890374799e-02
-4.661949914647947613e-02
-4.661949914647947613e-02
-4.565780951583599950e-02
-1.987294079925876478e-01
-1.457895756310097768e-01
-2.265598275436783715e-01
-1.054652142162174899e-01
-1.648132316329252445e-01
-2.237796706660376833e-01
-1.827701403806097080e-01
-1.201625976636366555e-01
-2.303152536232866143e-01
-9.591002342415863580e-02
-1.380275269918977699e-01
-1.477335284983511965e-01
-2.440287924902290739e-01
-1.339671695445786848e-01
-1.946728020232048328e-01
-1.878526533609122806e-01
-2.323330833632137327e-01
-1.902491116863491982e-01
-7.058126022871577532e-02
-1.718775764634892234e-01
-9.490195664478710824e-02
-7.609319983445964053e-02
-9.849921681205398016e-02
-7.427238759684817726e-02
3.536900144811214175e-01
5.125601601530658247e-01
5.293321581221174243e-01
-5.813655670337431608e-02
-2.560239176688518525e-01
-1.755976049014429385e-01
-1.025653039900000785e-01
-1.776088227078527204e-01
-1.989597934389513434e-01
-1.162267824460554710e-01
-1.402355865882846664e-01
-1.058255709374224668e-01
-1.629201061201736023e-01
-1.693902576961494877e-01
2.761402656258112455e-04
2.901551049895881307e-02
3.859724705468994821e-02
1.868202534245034241e-01
2.283248669782629026e-01
2.622330364100828454e-02
2.622330364100828454e-02
1.524377203683627453e-02
-8.954748059696308882e-02
-3.157153290764964232e-02
-5.112396884805266856e-02
-6.617791235802575334e-02
-6.773686113744147030e-02
-8.794221451282967228e-02
-7.540597788558081604e-02
-6.908574208259431193e-02
-1.119336882504115040e-02
8.120921805525396775e-02
-2.804834154400264595e-02
-5.944124785334589656e-02
-2.873903842918741347e-01
-3.522044019409926174e-01
-4.253602102950271857e-01
2.986358734923483804e-01
3.372475158597304512e-01
3.372475158597304512e-01
3.309344743638185093e-01
3.833180369708297230e-01
2.895779413773731381e-01
2.895779413773731381e-01
2.895779413773731381e-01
1.015161262835356654e-01
8.062196938996983586e-02
1.610400990637007312e-01
1.610400990637007312e-01
1.470849194564946005e-01
1.470849194564946005e-01
6.368567691791109098e-02
-4.620178793512576959e-02
-8.497710307008424224e-02
-9.074582194618306674e-02
-1.021963051923753529e-01
-1.917312327333882405e-01
-3.210953897945131308e-01
-1.926367434567595738e-01
-2.538427871311954021e-01
-2.387940680109772174e-01
-3.043361663517533677e-01
-3.712843736321561061e-01
-4.493068675998282968e-01
-4.493068675998282968e-01
-4.901535743039583948e-01
-3.720013842452819519e-01
-3.720013842452819519e-01
-4.810760594382949007e-01
-2.367848677572382265e-01
-2.622915556153478933e-01
-2.622915556153478933e-01
-2.632243682013582498e-01
-8.066952725649709222e-02
-7.980052382297989078e-02
-1.931741263739591638e-02
-2.204466014882423830e-03
-8.189782867060706184e-02
-7.662048784922008415e-02
-2.668272754112225864e-01
-2.122984147184576176e-01
-1.662398270921126020e-01
-7.079816279911349541e-02
-1.604456794820774690e-01
-1.490025430264344530e-01
-1.739338202239317510e-01
-2.769417752967930357e-01
-3.477564427894226928e-01
-3.454031685190106504e-01
-3.555730355834466061e-01
-2.392957417256270369e-01
-1.856220859354485164e-01
-2.365019884828107322e-01
-2.890219629767598608e-01
-4.384274026034519767e-01
-2.989640500498456643e-01
-2.915974171591258490e-01
-2.473401248948350339e-01
-2.952952382744663540e-01
-2.821978519949123188e-01
-3.449474407006921650e-01
-3.714539283498777822e-01
-2.775975587985869408e-01
-2.587307585338246563e-01
-2.654502186240134676e-01
-2.174891775810207928e-01
-2.602415728448724819e-01
-1.564812403920227968e-01
-2.171729453066786053e-01
-2.327959860497220701e-01
-1.977758896124207355e-01
-2.507990031055066238e-01
-2.382918372851781375e-01
-2.320655518374183102e-01
-2.320655518374183102e-01
-2.946390379911543178e-01
-2.768413939560006032e-01
-3.808775287174955837e-01
-2.974975335311491054e-01
-2.427834476065570957e-01
-1.629991899269384037e-01
-1.652676014085717737e-01
-1.273021207354204376e-01
-6.169965988496665249e-02
-6.169965988496665249e-02
-6.805206879204961368e-02
-1.985529598492085102e-01
-1.568576729135021386e-01
-4.588758900631648707e-01
-4.660565984483497903e-01
-5.549533169121457776e-01
-5.079978724585416661e-01
-3.933471528195736089e-01
-2.710992022366195964e-01
-3.188577319702600166e-01
-2.471409213147756911e-01
-2.459073893685516377e-01
-1.657085960661349167e-01
-1.779637982291810694e-01
-7.843895116971875969e-02
-1.741107550304461238e-01
-1.559473480783410970e-01
-2.568882914714416543e-01
-3.052364025251935731e-01
-3.073231952112667198e-01
-2.588823096495420639e-01
-2.284033613902317628e-01
-1.733523684164363365e-01
-1.254591467244184633e-01
-1.391680230923297290e-01
-1.641636038570530864e-01
-1.170522997096025836e-01
-1.923804186701044416e-01
-1.936583732945802716e-01
-2.140971419210222493e-01
-2.140971419210222493e-01
-6.415666529037053478e-02
-3.695504753730031317e-02
5.135271394206956247e-02
1.287254311365948756e-01
1.819343660695849907e-01
2.363147570573158607e-01
1.823880123142644916e-01
1.037776031497342766e-01
5.378356443052130509e-02
1.509215547490610487e-01
2.912506201786675963e-01
2.504190837484268628e-01
2.193023193197350673e-01
2.596858186750642394e-01
3.251560435429181606e-01
3.259742199744440350e-01
1.794775994615664394e-01
9.797475001679878392e-02
2.580048014241220211e-01
2.580048014241220211e-01
2.803898809379780088e-01
2.803898809379780088e-01
2.502040262465335396e-01
2.113132098386454050e-01
1.457043194146400988e-01
1.951332175974384298e-01
2.384380212567267232e-01
-2.140052253016328510e-01
-1.400498422793081399e-01
-2.358386125007045642e-01
-1.762546607572872126e-01
-1.912916595250771234e-01
-2.531019824754748848e-01
-3.027573429547150696e-01
-3.230899329189754754e-01
-3.114048010250274334e-01
-2.774404901004473567e-01
-3.638798746116526650e-01
-2.452420115168022496e-01
-3.113903102292502334e-01
-3.470992155108614807e-01
-4.074098945751333245e-01
-3.348383434556860272e-01
-3.602827603167451098e-01
-5.179783878353297899e-01
-5.855759205528692224e-01
-5.538808491479386698e-01
-5.637336788829721002e-01
-4.179379979719649585e-01
-3.295857367297403973e-01
-3.708756796112688825e-01
-3.815819832181679416e-01
-3.384310177849935153e-01
-2.998187990129482228e-01
-2.967544743580860511e-01
-2.747949471414943279e-01
-2.934144049241461105e-01
-3.205716283505361530e-01
-3.664921495838004972e-01
-4.220884826305520421e-01
-4.986441491602109921e-01
-3.751764590760658380e-01
-3.334071989597389152e-01
-3.379213152484863980e-01
-3.742507421624119979e-01
-2.757503176469830453e-01
-2.924570385608075695e-01
-2.772824317162222996e-01
1.633361311822988104e-01
1.998517837420255572e-01
1.505498247593773098e-01
2.273748446859907291e-01
2.402255776399344345e-01
2.726657692766579211e-01
4.437002073669540220e-02
9.201719001415571697e-02
9.626529215140791629e-02
-1.147675623165557955e-02
-8.800911740175838827e-02
1.597874538550323256e-02
1.984473512735130882e-02
-1.617260932089216452e-02
5.602380093570836356e-02
7.404627683050839237e-02
-4.251249635539860461e-01
-3.534210970607484237e-01
3.835711884383453257e-02
6.987844400332228478e-02
-6.711069254616706947e-02
5.923924076211912332e-02
-5.833955880118345955e-02
-5.809554958639951035e-03
-6.334574244296149736e-02
3.933768786732980659e-03
-1.537334869691988834e-02
-9.222765988596458991e-03
7.427946982414408705e-02
1.357112638108696201e-01
-7.878874408837306664e-02
7.118437137594938943e-03
3.327887257584098007e-02
-3.082240532750899278e-02
-6.351651614613806895e-02
-1.162449750878476740e-01
-1.145759477387898462e-01
-7.520574490101517018e-02
9.269174322203724281e-02
2.210145808914209531e-01
2.386663846721294446e-01
2.374278271788177186e-01
1.586703741554892078e-01
2.368566463206852046e-01
2.368566463206852046e-01
3.753784354795905998e-01
2.529949205237437271e-01
2.077901425630907239e-01
3.488970814334629300e-01
2.935918359070993633e-01
2.281890271144153270e-01
2.840738706656738555e-01
2.350316957567794574e-01
1.662518858279938283e-01
-5.221059144378898953e-01
2.498782639499008140e-01
2.694778602057851247e-01
2.514055555061515124e-01
3.753147311237147177e-01
3.861276187649170799e-01
3.752822919462137086e-01
3.582127980189783178e-01
2.844792000725049896e-01
1.987635940928583755e-01
1.117550311366400095e-01
2.095143855317658232e-01
2.095143855317658232e-01
1.933471167839625471e-01
-9.492585335437866978e-02
-1.206913321827676883e-01
-6.597829157129410371e-02
-6.624187218305571667e-02
-7.638457940188553286e-02
-4.419014910812778946e-02
-1.177028255019054864e-01
-1.140446552475694181e-01
1.113032311023943663e-02
1.516268004404305869e-01
1.827023604913154686e-01
1.469102530164871079e-01
-6.141933401450598920e-03
9.688554602931245818e-02
3.139700562423070052e-02
9.292742156108850515e-02
-2.844661015070309301e-02
2.363077186254957524e-02
2.210608373279056293e-01
3.077614808143010472e-01
3.261056454590875453e-01
2.243575314465995063e-01
2.243575314465995063e-01
2.294018468880980322e-01
1.884347277977516111e-01
-1.694935197606277366e-01
-2.319277637130411351e-01
2.610565084086822751e-01
2.673306947007459411e-01
2.196271740319232224e-01
1.769357490664666688e-01
1.394738680532082720e-01
9.769011679812832083e-02
1.038412058254124387e-01
6.249577234559303834e-02
8.234990404859413027e-02
-1.109032825602300903e-01
-8.880281003892909197e-02
-2.170521279143921844e-01
-1.909084740957320281e-01
-1.824183140562898320e-01
-1.609453524914730982e-01
-1.423366366273206007e-01
-1.649656183316986768e-01
-2.718858485569788375e-01
-2.953125066526835485e-01
-2.546579603240463063e-01
-2.244383230988288569e-01
-1.717494931354975329e-01
-2.169356184187268832e-01
-2.339901637380106814e-01
-2.511143003114089112e-01
-3.096594921192832861e-01
4.911781727667444836e-02
1.136889101329972840e-01
4.099917196380026274e-02
8.179220114014384979e-02
-1.278666778560472450e-01
-2.120672639656596969e-01
-3.516400450494462926e-01
-4.425785825469312762e-01
-3.919644426548792304e-01
-3.360135715745690699e-01
-3.755193473328507503e-01
-4.199852793675824536e-01
-3.490830423268015958e-01
-3.466807211103216657e-01
-2.589747015401276387e-01
-3.546547528039101227e-01
-3.546547528039101227e-01
-3.517654820466059595e-01
-3.075641345728191700e-01
-6.225340270712321766e-01
-4.658039522353050743e-01
-4.815228125913212920e-01
-5.062624462159462935e-01
-5.419893050607653695e-01
-2.856351102770577355e-01
-2.497073461476878309e-01
-1.944278037123706171e-01
-1.944278037123706171e-01
-9.181393736464285582e-02
1.741932569447753043e-01
8.643542276700219573e-02
2.013330893563682056e-02
1.866853603798154099e-02
8.465329504523392418e-03
-4.413290539096784842e-02
7.075775517614164845e-02
-4.121923921605988306e-02
-6.219765830921631516e-02
-3.455032381864524965e-02
7.251885912730164641e-02
2.053952490878736478e-02
-6.849730579029116376e-03
-4.350922325096021753e-02
-7.536768403824840867e-02
-1.167555475437346835e-01
-1.769987450572760301e-01
-2.275542167395391557e-01
-1.272214686300677244e-01
-2.642753066614760282e-01
-2.304700703247498095e-01
4.076668055618623294e-04
-4.514434500028000757e-02
8.043542220885489813e-02
1.892332727843874449e-02
9.752238795705248098e-02
5.444719771850097673e-02
3.691575677076418260e-02
3.428084559596306872e-03
1.114978729323313350e-01
1.685524571974146568e-01
1.689819042264810722e-01
7.321923825027845667e-02
1.504643281625316908e-01
1.210369354888805871e-01
1.210369354888805871e-01
2.976049572288851364e-01
2.862409833155559191e-01
2.124153129769940085e-01
2.414480455102460399e-01
3.929869587878253023e-01
2.928124222098244522e-01
2.553248298639334557e-01
3.737141694544353077e-01
2.705985331697939866e-01
1.620727265282636831e-01
1.620727265282636831e-01
2.041138608891971684e-01
5.576507737013066540e-02
6.325773813086163488e-02
1.558685390764915912e-01
2.543623030302655241e-01
2.543623030302655241e-01
2.999541268004561334e-01
2.999541268004561334e-01
1.628054332214641797e-01
1.348988369509578622e-01
1.740350876889064022e-02
1.174307322063367770e-02
1.174307322063367770e-02
3.005421444088682628e-02
-3.317159693286401978e-02
-1.174875314950169988e-02
8.153540553795551871e-02
2.739393211318495031e-02
5.276863356721358395e-02
-1.695670915911980103e-01
-9.528481368656460671e-02
-2.208918384935231738e-01
-1.949798702700700770e-01
-2.825596123662607595e-01
-2.677511142111705378e-01
-2.892501823300744901e-01
-1.773902063144234265e-01
-1.981369781644498340e-01
5.439786417942078789e-02
6.842163278413382344e-02
-6.956676298262442701e-03
-1.150469149442149425e-02
-3.217609306908169459e-02
-3.319586381975266065e-02
-1.413952900632326759e-01
-1.898945030078363905e-01
-1.353912159208891519e-01
-1.168434262808683288e-01
-1.901653127868953297e-01
-5.998863626607144062e-02
-3.606829219439305900e-02
-4.893663298691354469e-02
-9.336399569396695852e-02
-7.878451163049782213e-02
5.875773660617002181e-02
4.960262747880154338e-02
-1.111108165372080327e-02
8.507846382345246594e-02
1.095429996262508449e-01
2.151139406254403974e-01
2.482597143904291814e-01
2.093948170342112003e-01
2.208806086104820876e-01
2.791352364779661754e-01
-2.093091390089611981e-01
-2.093091390089611981e-01
-1.757429844476913472e-01
-1.757429844476913472e-01
-2.596260028399949848e-01
-1.925141293369054263e-01
-2.505998703926985427e-01
-2.303121510840085706e-01
-3.196748117648512411e-01
2.398133382409070868e-01
2.432137826615178855e-01
5.851086703858153493e-02
1.516989933475992591e-01
1.451243910813253546e-01
2.271178234899593473e-01
3.190608117053001513e-01
3.016287051853409618e-01
3.662449997554321768e-01
2.719885345478810224e-01
1.777830246329261399e-01
1.455923586373014667e-01
1.856672372668209114e-01
1.341285965475141062e-01
7.437784615254292020e-02
-7.375108675034694819e-04
4.879635183298911688e-02
-1.033466581497046455e-01
-1.033466581497046455e-01
-8.887052229573718862e-03
-3.134148028926799640e-02
-3.022737702125802978e-02
-1.156383752856559172e-01
-1.310658177144049252e-01
-6.189548465365368214e-03
-5.038215420579104237e-02
-5.543406569559525959e-02
-5.543406569559525959e-02
-1.015758236245914437e-01
1.656533861605600372e-02
5.336049770397997827e-02
-1.032209668747560705e-01
-8.058902262015872620e-02
-2.881947562290645276e-02
-7.050171268224934840e-02
-1.011530818646114993e-01
-1.853248153538002430e-01
-1.146058873944993117e-01
-1.352768007099473119e-02
4.035147026054967945e-02
-3.644099684452278831e-02
-3.644099684452278831e-02
8.487840556192140923e-03
-9.552880052781750342e-01
-7.873194288737856983e-01
3.541971630696813533e-01
3.649065889654078965e-01
-5.736334972630912077e-01
2.799625123377763036e-01
3.209702408654144801e-01
3.374849348579749830e-01
1.308268919192756841e-01
7.254608516242831706e-02
8.646851508350728022e-02
-1.244442513456157362e-01
-1.796732379596151230e-01
-3.050800540144616435e-01
-2.906167193494595957e-01
-3.837367451706604204e-01
-4.638137163727461543e-01
-3.950011927740637585e-01
-3.950011927740637585e-01
-3.956946418194403070e-01
-3.956946418194403070e-01
-4.138422893304630756e-01
-3.962352913289720613e-01
-3.911365767597960175e-01
-4.639654083953105856e-01
-4.639654083953105856e-01
-4.639654083953105856e-01
-4.885959094224817112e-01
-4.981646599227651517e-01
-4.830368077947553296e-01
-3.595735987863704630e-01
-3.972828678602970953e-01
-2.934910670395270427e-01
-3.407426115794307542e-01
-3.255807105714714766e-01
-2.818714563287841868e-01
-3.705275917275786535e-01
-3.528585851208059787e-01
-2.868654646824167487e-01
-2.926491202436297678e-01
-2.369402872848151986e-01
-1.494055037575199585e-01
1.098059473217202348e-01
2.301706477934091499e-02
-1.545227530070609756e-01
-9.426290261351004396e-02
-1.196717544611012457e-01
-2.425137721317598416e-01
-1.223395263955382034e-01
-7.895447526442381236e-02
-1.288360267924387181e-01
-1.485703886935523521e-01
-4.735992387511367419e-02
-9.445305543595229614e-02
-1.173966411284263350e-01
-8.965148166596534351e-02
-3.860045828915534966e-02
-6.104549816653141725e-02
-2.217347071599566344e-01
-2.859062125145051536e-01
-2.859062125145051536e-01
-3.861112266609820765e-01
-3.558944843968530614e-01
-2.180256276606220289e-01
-4.343888712846264433e-01
-3.247037024545760819e-01
-1.190942619468071534e-01
-2.482841597144641033e-01
-2.231740691339156868e-01
-2.953212019954532530e-01
-2.788435387745802907e-01
-1.765135893224001884e-01
-1.591285045395739728e-01
-2.197367299694980292e-01
-2.197367299694980292e-01
-1.176319300886342761e-01
-1.250383371113912567e-01
-1.454090959576440634e-01
-3.722513512777697597e-02
-3.722513512777697597e-02
-1.891302918040204117e-01
-2.060147049269465125e-01
-4.757729870605737627e-02
-1.728251307716007976e-02
-1.398398780141992849e-02
-4.021335321648426137e-02
8.054208145326309520e-02
5.963989602353506059e-02
-7.402022381794158556e-02
-1.063349964556442595e-02
-1.678729439540443957e-01
6.835914121109770876e-03
6.835914121109770876e-03
-3.193772071844562521e-02
-6.526304518544386035e-02
-1.104221547844140838e-01
-8.418129237064876647e-02
-9.638331020509623148e-02
-9.733559631061247663e-02
-1.843048436730091444e-01
-2.141558721602352389e-01
-1.139220539121962722e-01
1.058772894868178632e-01
1.315776074327338618e-01
1.738399799053987893e-01
3.072060900725747112e-01
2.850944404530404430e-01
2.264529597582840836e-01
2.452021434183773163e-01
2.452021434183773163e-01
2.087618474372469890e-01
3.550972763135689658e-01
2.438845319113049637e-01
2.496969214110700830e-01
2.871117303409923549e-01
2.665362960168558004e-01
-7.190986679296915499e-03
-1.768557173986824022e-02
-9.478382172482116563e-02
-1.444631853415221934e-01
1.109299920765898229e-01
1.155402658947443095e-01
2.182251838349883177e-01
1.834244413809931196e-01
1.668225340409818791e-01
3.983970101529154401e-02
6.253834884168055219e-02
4.293821604598827002e-02
5.722591897997791194e-02
8.657683993553905166e-03
1.769908913063587136e-02
1.005744035977927248e-01
1.226237848911216344e-01
1.490951968659096627e-01
6.802479689903567772e-02
-1.178754804044379462e-01
-5.961534193721323982e-02
2.767737431651967617e-01
3.449912999931412094e-01
3.449912999931412094e-01
-3.238761971940133932e-01
-3.351785904156841522e-01
-1.883179648284964425e-01
2.607983632095338677e-01
-8.116108377722733302e-02
-7.860675187619944881e-02
-5.006495485047886967e-02
-1.212720784817190450e-01
-7.568311806430677580e-02
-7.568311806430677580e-02
-6.248278477467975045e-02
-9.387724514425219158e-02
-7.369191378563924588e-02
-1.247012049219614060e-01
-9.959771094632752231e-02
-7.106634200718357774e-02
-1.882434306104790456e-01
-1.557591918372576156e-01
-1.925657929869417639e-01
-3.169450972913637754e-01
-4.360880751060733362e-01
-3.811851012840528630e-01
1.506074033929868106e-01
1.139093360986050685e-01
7.803510774655002258e-02
7.223189007414641816e-02
-1.109402839140363924e-02
2.932405471578652598e-02
4.610537034129081474e-02
-4.709072801025797339e-02
2.385501028364495762e-02
8.516117430052175252e-02
6.361459444464086233e-02
8.125348169951737698e-02
1.992314905539405434e-01
1.896410324324187269e-01
1.141095885323550330e-01
-9.916164813791444876e-02
-1.700754512402349872e-01
-5.257134102691764926e-02
-6.955564618179434222e-02
-9.445476895575065368e-02
-1.420353630472822801e-02
2.156307626076665526e-02
2.196431270337683705e-01
2.183076033112444914e-01
1.619910859881748266e-01
2.108947612200249011e-01
2.149244996742650238e-01
1.294459764111609568e-01
-4.964054913925774332e-02
-1.280168200233366971e-01
-1.280168200233366971e-01
-3.942041177161730858e-01
-3.942041177161730858e-01
-4.636997344174515479e-01
-4.542658003649933107e-01
-4.542658003649933107e-01
-4.542658003649933107e-01
-3.243657980287580900e-01
-3.243657980287580900e-01
-3.243657980287580900e-01
-4.923308344513893653e-01
-4.923308344513893653e-01
-3.432182670416158987e-01
-3.635647041231103160e-01
-3.958271395250250735e-01
-3.642471667051688788e-01
-3.642471667051688788e-01
-1.784456924626267038e-01
-1.784456924626267038e-01
9.878658333890700909e-04
9.878658333890700909e-04
8.882784671097530838e-02
2.765131808518327405e-01
1.148602233196851091e-01
5.256961786083076404e-01
4.779998341543457985e-02
5.016617924126323680e-02
5.541188913334423038e-02
-2.067515218713246450e-01
-1.584631462967572846e-01
-1.584631462967572846e-01
3.924043607643003077e-03
1.249427150666688885e-01
1.863689290684696076e-01
4.488915078567801142e-02
8.273926810667721343e-02
2.370584891370166036e-01
1.533155394859769642e-02
3.038938014089747133e-02
-2.889099249491501251e-02
2.993639440022305975e-01
2.993639440022305975e-01
-9.782609045001550152e-02
8.331900986634546702e-02
2.369466382597504028e-01
3.084689731231383680e-01
9.630267739604948807e-02
6.626126082746759682e-02
4.829814057886103185e-02
2.046755117249990652e-01
2.046755117249990652e-01
1.066271562485770347e-01
-1.317634834934985066e-01
-3.035824310410860094e-01
-3.035824310410860094e-01
-2.880932638357117104e-01
-1.361636822273018521e-01
-8.268321327216024419e-02
2.207652603474305822e-02
2.207652603474305822e-02
2.207652603474305822e-02
2.250242014757241130e-02
-2.326919360004415377e-03
-1.158543846599623672e-01
-2.513628196791001246e-01
1.477597357411893899e-03
-1.137083312709670641e-01
-1.158831669558457317e-01
-9.247958608364999222e-02
-2.550254233714769891e-01
-7.838243553824679466e-02
-8.469367666791939586e-02
-2.468218466465172678e-01
-1.858102284100713597e-01
-8.046276232823976193e-02
-1.135569217635943456e-01
-1.612021312768130987e-01
-2.684338919243368649e-01
-4.531225463322984814e-01
-5.550834378856811524e-01
-5.550834378856811524e-01
-5.374809083381962838e-01
-5.789095654276682490e-01
-5.579798259126296234e-01
-4.383107236026969611e-01
-2.792169901442870805e-01
-3.003758120618418292e-01
-4.259427049290921974e-01
-3.399462794533796295e-01
-3.642756795242300671e-01
-2.903439454465169822e-01
-9.299944586886213505e-02
-2.724306743647705864e-01
-2.280560999820303580e-01
-2.638709707085904466e-01
-4.204083435285332904e-01
-3.434853978013222009e-01
-3.434853978013222009e-01
-4.254325925673624886e-01
-2.783689102308590235e-01
-4.784752244925092879e-01
-5.049879669062810050e-01
-4.961010880046752280e-01
-4.337914364420827340e-01
-5.537999379133380362e-01
-4.965127244167464871e-01
-5.518788450538734125e-01
-2.965793074312451649e-01
-4.240911477710562760e-01
-2.331883572247913650e-01
-2.294244892592053053e-01
1.503156638511885246e-01
1.566111289926411937e-02
6.783011191429640097e-02
1.011079725432920268e-01
-2.116350749532544193e-02
5.925985650687365380e-02
2.185997459212988825e-01
3.199069750336465678e-01
3.563032315064540434e-01
3.166131330132144206e-01
-3.565102818621237318e-02
-1.314032250231673693e-01
-3.250710499158774441e-02
-2.738294939346977430e-02
-1.469762152636698849e-01
-1.469762152636698849e-01
-7.798094712514605509e-02
-1.082263982829446830e-01
-1.059725801538032031e-01
-4.266593326408571474e-02
-1.775531401153196687e-01
-1.721851177031405999e-01
-2.539367025600078320e-01
-4.544392565863117350e-01
-3.030486151377820292e-01
-5.673384424626900513e-01
-5.811069160620928598e-01
-4.538252136025612837e-01
-4.538252136025612837e-01
-7.238677106417197582e-02
-1.924626783772561689e-01
-9.061351900214563437e-02
-2.234392163136476317e-01
-2.240388614343469531e-01
-2.552409361113027741e-01
-2.758895088456261857e-01
-3.429892464158153520e-01
-2.699090535420689552e-01
-4.356013970124659324e-02
-1.544126294617621797e-01
-1.544126294617621797e-01
-3.573539117110305918e-01
-4.318399439321091160e-01
-3.937398750474772058e-01
-4.067912304641093657e-01
-2.698846353454580904e-01
-3.523961812001200067e-01
-4.053505723255450555e-01
-1.979370275382290878e-01
-1.196734706221257161e-01
-2.249973112758737737e-01
1.708539953479071838e-01
3.860054362783688076e-01
3.860054362783688076e-01
2.924277413087281730e-01
3.401734716591419128e-01
5.695287057815947573e-01
3.615866826688370894e-01
1.084586183901275619e-01
6.467529920450718062e-02
6.467529920450718062e-02
1.421794517301509519e-01
4.537779679371897051e-02
4.537779679371897051e-02
7.851410876152153939e-02
7.851410876152153939e-02
-1.632618439681265965e-01
-3.820932720576165897e-02
-3.820932720576165897e-02
-3.820932720576165897e-02
-5.137916359397648458e-02
-2.468436662683185789e-01
-3.192345624431946471e-01
-3.192345624431946471e-01
-3.889143737070910878e-01
-3.210658171927044946e-01
-5.950500491417730631e-01
-3.730848544425066637e-01
-3.438897516292692691e-01
-3.438897516292692691e-01
-3.853944731111449418e-01
-3.853944731111449418e-01
-4.172015139395426342e-01
-6.088638076971862878e-01
-4.341314930369066794e-01
-3.157987520730237141e-01
-1.892262157712737425e-01
-2.132422277228066543e-01
-1.715462559551252097e-01
-1.226677545020707361e-02
1.656677884155656755e-01
1.603588551751493896e-01
6.678574842983776849e-02
4.490472266654459144e-02
-1.394990352451276339e-01
-1.942651227396165470e-01
-3.497609276196143591e-01
-3.497609276196143591e-01
-4.626379232880034609e-03
8.859054675139817203e-03
1.175121870593146961e-01
2.746064593615365479e-01
2.746064593615365479e-01
2.746064593615365479e-01
2.746064593615365479e-01
2.865053906954688756e-01
2.822245248908597515e-01
1.931457317533980533e-01
8.451678314700392103e-02
8.513107480726798959e-02
-2.415514271273920197e-02
-1.062042395627987856e-01
-4.956350495959217783e-02
1.638084600508354916e-01
2.132593154186531725e-01
2.132593154186531725e-01
-2.152599786815214550e-02
2.582868610394460362e-01
6.352536996953209170e-02
-1.310279580706036062e-01
-1.310279580706036062e-01
-3.091434560112220620e-01
-3.091434560112220620e-01
-5.014448664296971003e-01
-5.664716254928559014e-01
-3.617634671862878237e-01
-3.706972690323585007e-01
-4.364927892259560793e-01
-5.856978515214841252e-01
-3.140476614709154513e-01
-4.046609437644547169e-01
-4.046609437644547169e-01
-3.475235383247232135e-01
-2.973697753951112244e-01
-3.573875134466140135e-01
-3.400781741643178480e-01
-4.766267958213288858e-01
-2.411694406659954104e-01
-9.748042720409874629e-02
-5.245038263776951037e-01
-5.245038263776951037e-01
-4.957548336575929304e-01
-6.485158422239684084e-01
-3.630128756057669492e-01
-2.374622148269201205e-01
-2.427798587512147721e-01
-1.526104917783675241e-01
5.702650868323574235e-02
2.914410292213698642e-02
-1.458603978890596342e-01
1.921094780816280656e-01
2.205356671346814512e-01
-3.256163620075921972e-02
2.354289118521782354e-01
2.354289118521782354e-01
1.142339274262343662e-01
9.477590623434942185e-02
-1.793160471479920692e-01
-1.243165861006620548e-01
-3.089574897464320014e-01
-3.400988512234566497e-02
-1.117218858352432148e-01
3.274081537939252037e-03
2.623841208886889542e-01
3.700939361530193317e-01
4.909281142143179233e-01
4.909281142143179233e-01
5.110284927348578421e-01
1.735618653202981310e-01
9.237349639470029961e-02
-2.712914733658544630e-01
2.308431227870809052e-02
3.929155018735536881e-02
3.929155018735536881e-02
-7.214819643962235018e-03
-7.214819643962235018e-03
-1.137629521199700067e-01
-1.062409365143754392e-01
-1.062409365143754392e-01
-1.210826358755083404e-01
-6.867823324701287369e-02
7.747634736373081032e-02
2.746125389967329355e-01
2.852342019339939583e-01
2.852342019339939583e-01
2.852342019339939583e-01
2.852342019339939583e-01
3.258829646995695661e-01
3.258829646995695661e-01
3.422870686000790696e-01
3.889479618787137771e-01
5.310673688850799934e-01
5.411228775296004212e-01
6.377560340392823823e-01
6.377560340392823823e-01
5.967977463920035586e-01
5.967977463920035586e-01
4.038860607011472981e-01
3.527066749401930323e-01
3.527066749401930323e-01
3.527066749401930323e-01
2.216834197058299705e-01
2.216834197058299705e-01
3.263001263321158585e-01
-2.429961763984668857e-02
-3.483965644916200977e-01
-3.889229868040187110e-01
-4.849870681240758818e-02
-9.075840434079390784e-02
1.136271881640315562e-01
1.790724504315248378e-01
1.143679468617351674e-01
-1.249013580249908051e-01
-2.337143917011198502e-01
-4.339832424696800084e-01
-1.510251730192362640e-01
-9.962468037290904410e-02
-2.848517245886509897e-01
-3.785679901749390841e-01
-4.145672829604292731e-01
-4.013073751161705394e-01
-1.699026604610288094e-01
-3.179423133731049816e-02
5.548521519242155531e-02
-5.724492707960932014e-02
-5.724492707960932014e-02
-5.724492707960932014e-02
-1.349476136867797660e-01
-1.961374464902514159e-01
-8.513538024658552639e-02
-1.582718395885512608e-01
-1.470455715861219287e-02
-7.653289786969026676e-02
-7.169704384404601560e-02
-2.158627442353500958e-01
-3.284543555131558823e-01
7.471755355888802519e-02
1.896413164019604691e-01
8.108887099879227844e-02
1.066063116329627886e-01
2.407679819635886315e-02
4.509055741859314265e-02
-3.441864852433989402e-02
-1.869436348813405535e-01
1.368543464566855661e-02
1.368543464566855661e-02
-7.804706752098782008e-02
-2.306290074968918025e-01
-8.214654127121591431e-02
-8.333015064897364432e-02
-1.480988316984682973e-01
-2.073525397494200284e-01
-2.416519972404701233e-01
-7.951047443791650626e-02
-2.431267758349892616e-01
-1.608461027332380722e-01
-4.622471410988343576e-01
-3.177262015742813861e-01
-3.589532506260891820e-01
-4.077665611345916985e-01
-4.077665611345916985e-01
-3.694761982560978986e-01
-2.474536577352942357e-01
-4.495993223137710326e-01
-3.610172114644732422e-01
-5.526939942467984368e-01
-5.526939942467984368e-01
-5.526939942467984368e-01
-5.936980912532907606e-01
-6.514929993410307763e-01
-4.979652851353126297e-01
-1.785772391488673616e-01
-3.065876973535240357e-01
-4.591765405329357730e-01
-4.408209526594709105e-01
-2.422650508751241494e-01
-2.963243572373215895e-01
-2.963243572373215895e-01
-2.480617946931890083e-01
-2.973351511132568681e-01
-2.973351511132568681e-01
-2.973351511132568681e-01
-4.855467060030857485e-01
-3.685726021914406680e-01
-3.222548509151521023e-01
-1.632059871230026327e-01
-1.343285277606297567e-01
-1.153095231754932143e-01
-2.720605189955311864e-01
-1.141401502240687038e-01
-1.430416751634250583e-01
-1.145662272225647371e-01
-1.546012245993583223e-01
-1.765446111125688056e-01
-1.765446111125688056e-01
-2.336732482032615466e-01
-2.336732482032615466e-01
-1.199293691972442150e-01
-1.610747304641791666e-01
-1.892877010280769046e-01
1.508685589014093220e-01
-2.172356932509781624e-01
-1.193905304365592002e-01
-4.839427465477647017e-02
-1.016202155520301575e-01
-1.440338820107051748e-02
5.748179390895859914e-03
-2.223715873741136384e-01
-3.763017345707539429e-01
-1.893789805339238241e-01
-4.308693974811894090e-01
-2.748930392885683416e-01
-2.755996354383026259e-01
-1.959462973276541176e-01
-3.455961612936376270e-01
-3.455961612936376270e-01
9.303110556501127670e-02
-3.930876503527398758e-02
2.673820720738905032e-02
-1.243879568541044617e-01
-4.097783044817531750e-01
-3.076133436600381188e-01
-3.076133436600381188e-01
-3.076133436600381188e-01
-2.395077963738616589e-01
-2.395077963738616589e-01
-1.054788909134328351e-01
-9.279576364950543887e-02
-3.181150904387563538e-01
-3.181150904387563538e-01
-3.181150904387563538e-01
-3.472583992356044758e-01
-4.153195940289237664e-01
-5.870493414734979654e-01
-4.287736555632485902e-01
-2.512462227383832625e-01
-2.512462227383832625e-01
-2.893096800649033046e-02
-2.594691444170005995e-02
2.164623836869363493e-01
2.092841751141105017e-02
2.092841751141105017e-02
2.640216303529045044e-02
3.761571465663640645e-02
1.537891810714791530e-01
-1.683285307982100298e-01
-1.919200633282024115e-01
6.795587956120860418e-02
-1.374742089161459235e-01
-1.232070271564297131e-01
1.208054203803151927e-01
-1.521074144639102954e-01
6.670772567935213948e-02
-2.746974897819038156e-02
-9.013922361813014872e-02
-2.834246956780840654e-02
1.004004361447455723e-01
-1.503091807010302761e-01
-8.787273853389918066e-02
-2.246478902582476067e-01
-2.182667666426979514e-01
-3.068977966325801554e-01
-2.149418565632666700e-01
-1.532175118301830619e-01
4.535995707384648384e-03
4.535995707384648384e-03
5.820640807284330892e-02
1.455739347964610519e-01
-5.490594868246301274e-01
-1.903409659793711128e-01
1.721149285481521074e-01
-3.020949522689440614e-01
-2.557540565107043751e-01
-2.358494622216264214e-01
-2.358494622216264214e-01
-8.368714509433296950e-03
9.708688124254442886e-02
9.708688124254442886e-02
-1.177856042071556697e-01
-1.607401555749513600e-01
-2.480289454384845271e-01
-3.099627528865690484e-01
-1.690023281392289967e-01
-1.690023281392289967e-01
-9.520651855752473858e-03
-1.103017633421412985e-01
-1.591131250908384143e-01
-1.143682361289134891e-01
-1.757305627682861915e-01
1.479692061070357438e-02
1.600771070843561572e-01
2.355016598204445477e-01
1.573381321889336104e-01
3.528084490048601085e-02
-2.665410627741287009e-01
-2.551118991988557960e-01
-1.859617861277267636e-01
-2.756258406974067543e-01
-2.756258406974067543e-01
-2.756258406974067543e-01
-3.166002740715921915e-01
-4.052341952628160660e-01
6.994143029417639046e-02
1.374513350553910676e-02
-2.579755923120005123e-01
-2.579755923120005123e-01
6.821266934978990892e-02
6.821266934978990892e-02
-7.230831168483781157e-02
-1.105103752150229796e-01
-1.767830963932380817e-01
-4.521485687925597130e-02
-2.628528115674097498e-02
-5.167760898668825875e-02
-4.825446715577209889e-02
-2.040149669541812261e-01
-3.569461597915269402e-01
-4.260651881580226896e-01
-3.354666291908378617e-01
-4.239092718100376245e-01
-3.764089232099172011e-01
-6.821937587923313506e-01
-6.821937587923313506e-01
-5.014154344622390180e-01
-5.014154344622390180e-01
-5.014154344622390180e-01
-5.393552785814117456e-01
-6.422344731337368273e-01
-6.591396086308526359e-01
-6.062408609081707533e-01
-6.062408609081707533e-01
-5.936155508685776461e-01
-6.667341247358502532e-01
-3.331724537050436696e-01
-1.612660612240908176e-01
-1.176405906438636045e-01
-5.520239544217354216e-02
-5.200556994645721964e-02
-5.200556994645721964e-02
-1.978389557519188643e-02
-7.822609499089944185e-02
-9.493141577948858989e-02
-7.795434772776724079e-03
-7.795434772776724079e-03
-8.223439320346677406e-02
7.008549656383557258e-02
2.411629789108093724e-01
2.906589816948105809e-01
1.758176612720551146e-01
1.348875694134579750e-01
1.143787959328160068e-02
1.081941962527720735e-01
1.081941962527720735e-01
-1.520681561471318999e-01
-1.913550222545233048e-01
-2.673685294848029415e-01
-5.518842489109736238e-02
-1.465580919448933837e-02
-1.007198085816643635e-01
-4.598689042070139982e-02
-1.212454514083269458e-01
-1.179751656670892102e-01
-1.348438140175471124e-02
-1.437320724044693077e-01
-3.662679983423702129e-02
-3.529938023846664052e-02
-8.622631748791244333e-02
-7.701517984265779382e-02
-7.701517984265779382e-02
-1.611376052582096929e-01
-7.585685452853997701e-02
-1.619028447506644930e-01
-1.672819099485702843e-01
-3.897194871599919397e-01
-1.342008682817519560e-01
-2.730197233020917325e-01
-6.756989463792384409e-01
-5.929740846337283600e-01
-5.778097220442222071e-01
-5.168258147195583518e-01
-5.168258147195583518e-01
-4.580661333655080547e-01
-5.535238222429416100e-01
-5.535238222429416100e-01
-6.120461947688587978e-01
-6.114483296216950414e-01
-6.114483296216950414e-01
-6.810075838175413399e-01
-4.684326818268447767e-01
-2.555072461489563684e-01
-5.548703300500099633e-01
-3.857769143714540050e-01
-1.671447952476578236e-01
-2.847963116519593996e-01
5.877166699812324396e-02
-1.005874457868987520e-01
-1.658274669055891104e-01
-3.136507240119555395e-01
-3.136507240119555395e-01
-1.106943162337514358e-01
-1.106943162337514358e-01
-1.426111183537863980e-01
-1.426111183537863980e-01
-2.284686501646646661e-01
-2.284686501646646661e-01
-2.606624637989604087e-01
-8.693080452490109522e-02
-5.272881167777093009e-02
-1.121243654570814319e-01
-1.121243654570814319e-01
-2.717135327146654733e-01
-1.861843906420353190e-01
-1.759594003524653505e-01
-1.901318272652073593e-01
-1.743931003094180976e-01
-2.490898233580202958e-01
-2.554131325362163363e-01
-2.789207801873435089e-01
7.984421290942304850e-02
7.984421290942304850e-02
-8.351821081197448315e-02
-4.184434938757250477e-01
-2.809357699556224164e-01
-1.694497304714128738e-01
-2.158617337504334655e-01
-2.425059428705377829e-01
-1.826409145654088739e-01
-1.826409145654088739e-01
-2.215800130808074087e-01
-2.073809497634673815e-02
-8.232483030744844679e-03
-8.232483030744844679e-03
-8.232483030744844679e-03
5.298588509029144439e-02
4.568304207225169500e-01
2.821897417067001368e-01
2.635624392912815916e-01
1.654089400104396257e-01
1.150469142210235191e-01
1.150469142210235191e-01
4.615560050198384140e-02
4.236670833351301180e-02
-2.218691905607899639e-01
-3.103046031004532690e-01
-5.534926902983733354e-01
-5.534926902983733354e-01
-8.785064262374451260e-01
-1.127484112825319462e+00
-1.127484112825319462e+00
-1.123451548216775508e+00
-1.033669336843715314e+00
-1.033669336843715314e+00
-1.011164776001706178e+00
-1.063348964658632712e+00
-1.063348964658632712e+00
-1.021991230397141681e+00
-1.021991230397141681e+00
-1.061421855902148659e+00
-9.771497359104067693e-01
-9.555317686561833890e-01
-9.772877641026834761e-01
-8.230936974252234251e-01
-7.586601681596523150e-01
-8.442997933501961150e-01
-8.442997933501961150e-01
-8.212378492783918293e-01
-8.117537503858203163e-01
-8.117537503858203163e-01
-8.117537503858203163e-01
-8.988352094202968212e-01
-6.979221927399840153e-01
-5.949980777088479389e-01
-5.949980777088479389e-01
-6.680416182482105114e-01
-6.680416182482105114e-01
-8.350913000771541528e-01
-7.382482489149921889e-01
-8.404412302499891796e-01
-1.019257199892732890e+00
-9.724382890056774142e-01
-9.724382890056774142e-01
-6.223557179186722799e-01
-6.223557179186722799e-01
-5.623767604063000247e-01
-5.767408988608817566e-01
-5.469351033542910745e-01
-5.616054424870925432e-01
-5.616054424870925432e-01
-5.698749636465473278e-01
-6.847371501861558851e-01
-6.730895926710676047e-01
-4.906206770291948738e-01
-4.906206770291948738e-01
-5.872139144577244174e-01
-6.383832127010322655e-01
-5.413279724096771162e-01
-3.162167253693867197e-01
-2.706347420356074451e-01
1.565665065146891466e-02
-5.721809052954201363e-03
-2.038797267201223340e-01
-3.321819374718594786e-01
-3.752111372313978177e-01
-4.089571186505472911e-01
-3.140820628744597776e-01
-4.717664442804623826e-01
-5.564567488456590993e-01
-6.760644059004996542e-01
-3.503637337749423430e-01
-3.503654274515144440e-01
-4.071751194141465247e-01
-4.071751194141465247e-01
-4.633492653548269002e-01
-3.096262896792320030e-01
-2.721224285321329206e-01
-4.713260118714441838e-01
-4.073872726169986969e-01
-4.438006443425320802e-01
-4.644888659536525188e-01
-3.208451023618920650e-01
-6.560460713041443848e-01
-5.360941125269568230e-01
-5.091226577588404689e-01
-4.311951737702411913e-01
-4.740019413426177497e-01
-4.841394072103453738e-01
-4.841394072103453738e-01
-2.995484770376454220e-01
-3.572087621899062704e-01
-2.454867486639703833e-01
1.898554739192006013e-01
2.899608555683890199e-01
2.899608555683890199e-01
1.823184150566801165e-01
5.543145704395448931e-02
-5.174607095905663784e-02
1.713544172353564238e-02
-2.976689007696610711e-01
-3.880799563805641395e-01
-4.401163692376353076e-01
-4.513782773027741890e-01
-5.824850602649539466e-01
-6.472851838873413532e-01
-5.783222081319585595e-01
-5.078036036793985852e-01
-1.021965399283307346e-01
6.084160740795560574e-02
4.095794557342041092e-02
-3.109100948969938383e-01
-3.768175364557802554e-01
-1.797655527978109791e-01
-2.766609291312177032e-01
-2.766609291312177032e-01
-1.359422267088182257e-01
-3.302202125496481733e-01
-6.790515545790721808e-01
-5.461087134081971106e-01
-4.328157262689840690e-01
-4.328157262689840690e-01
-4.698943919453937301e-01
-2.571756449341794371e-01
1.094772409171683031e-01
1.094772409171683031e-01
2.204685661255383847e-03
-4.234801356032789621e-01
-4.277215341104279034e-01
-4.837497881299545055e-01
-3.756982372357052236e-01
-2.842185871708373668e-01
-2.398334102460701056e-01
-4.156252976023683821e-01
-5.061862595224474459e-01
-4.722007863762944235e-01
-2.500830380300865241e-01
-2.041683606296678943e-01
-1.938651160891708136e-01
-2.215889070366116112e-02
-2.215889070366116112e-02
-1.367632257971474474e-01
-2.284017583417294606e-01
-3.105699644090950673e-01
-1.243180689282130241e-01
-1.616664060369993050e-01
-1.616664060369993050e-01
-1.505687323877848149e-01
-2.952803413486421724e-01
-3.356694069060826568e-01
-3.520873829821840467e-02
-2.490463571294770917e-01
-1.059941541016954855e-02
-5.920321541461052300e-02
-5.625956493228909117e-02
-1.628510463960167465e-01
-1.628510463960167465e-01
-2.672054257625558829e-02
-2.672054257625558829e-02
4.163533670011282210e-04
-5.730756769800243733e-02
-3.488781011297013845e-02
5.826524685157462996e-02
5.826524685157462996e-02
6.876299764466833886e-02
-1.461226454769075644e-01
-2.390460918583026950e-01
-3.289783717363024551e-01
-5.164046848886366670e-01
-3.073058155431891980e-01
1.108957883383075577e-01
-7.302192436633632433e-02
-7.302192436633632433e-02
-2.387708461441793162e-01
-2.387708461441793162e-01
-2.387708461441793162e-01
-1.167852291887444549e-01
-1.623019285637780917e-01
9.652120918412870898e-02
9.652120918412870898e-02
-3.984495314540892896e-01
-4.318946095544614061e-01
-2.939219832605743932e-01
-1.880674548548206815e-01
-1.776008114747706368e-01
-2.439229233573478595e-01
-5.352302385327416534e-01
-6.620517721188970972e-01
5.484238893152432875e-02
-6.794149754323621122e-03
-7.615474674707167768e-02
-7.615474674707167768e-02
-1.670421187957339959e-01
-1.670421187957339959e-01
-1.220139008092527982e-01
-1.995891394975122524e-01
-2.159175301079862552e-01
1.888377098225798092e-02
1.888377098225798092e-02
1.950176992059366940e-02
6.359556734578013237e-02
1.042424006423322280e-01
-1.168617198560996384e-01
6.014401261265447940e-02
7.114008079687647590e-02
-3.289651599494914924e-01
-4.538079671882696009e-01
-2.991743144243010355e-01
-2.756085434863537187e-01
-4.820557485158517008e-01
-4.963477672738046964e-01
-3.089873277067642920e-01
-3.089229695106951445e-01
-2.528518415682260920e-02
-3.527548335975930899e-02
-9.026950007975428902e-02
6.195395731885147000e-02
4.097254270701810447e-02
1.765972642300962792e-01
1.887365662790297383e-01
1.449798422247110530e-01
4.715467064092723759e-02
3.754218278335437475e-02
-3.118362244124746677e-02
1.637024146095575894e-01
2.358336753954357878e-01
1.290056897820894832e-01
1.290056897820894832e-01
1.194136231278989241e-01
1.893532422843078322e-01
1.891973367064779532e-01
1.319341730118732958e-01
-1.852465771172174258e-01
-1.852465771172174258e-01
-5.189335640203365102e-02
-5.189335640203365102e-02
-3.479307826962557693e-02
1.114855420095272193e-01
3.519711994152337209e-02
1.298578139519786789e-01
1.645687272140962942e-01
1.694507756136923726e-01
1.694507756136923726e-01
1.552769369100732433e-01
-3.157187717319951542e-02
-1.706491800971738360e-01
-2.091125426481986738e-01
2.075741338184327045e-01
1.864554535782872724e-01
-2.020540029319561892e-01
-2.020540029319561892e-01
-7.151839641106755296e-02
-2.718188154477215596e-02
-3.568699545240668763e-02
4.641048146091508037e-02
4.641048146091508037e-02
-5.898206253870640764e-02
2.014712365218282800e-02
-1.714731337194136396e-01
2.266846789893472297e-02
-1.210443168713521145e-01
-2.263820997360802556e-01
-1.367426195988082072e-01
1.376946476136701458e-01
7.432066648765965622e-02
1.114200905035913208e-01
3.159291463604453898e-01
3.140404888853886023e-01
5.065746722377454520e-02
-1.045865300074241139e-01
-1.842060610270496723e-01
1.421216032193723874e-02
-1.397190426689055853e-01
-1.837099235883970366e-02
2.761737361281676236e-03
1.060620989252474000e-01
1.362241455408545465e-01
1.425832815802600961e-01
1.205901652598023455e-01
1.205901652598023455e-01
-9.752281520221500744e-02
5.954324093769435694e-02
1.469197185199370703e-01
1.856315089448088707e-01
-6.366695407839964571e-02
2.277185797069205542e-01
4.911888514486154739e-02
-9.475504318459358755e-02
2.933603764840546010e-02
3.484092529572510588e-02
1.658861034117838362e-01
1.798644113393741140e-01
2.946341068052272250e-01
1.373602374184101083e-01
1.197187649880018384e-01
8.811712160738091604e-02
-6.485781798099000961e-02
-9.747513169177290937e-02
-9.747513169177290937e-02
-9.747513169177290937e-02
1.195381125192991889e-01
1.195381125192991889e-01
-1.018939147336539869e-01
-1.849815198934055271e-01
-1.763095464768187071e-01
-1.999263850697205469e-01
-1.921492423209249512e-01
-1.001649438727935659e-01
-1.923800271567440434e-01
-1.923800271567440434e-01
3.857198937522230558e-02
2.258869903579011768e-02
9.029657906071832107e-02
2.237593386303203535e-01
5.429005136023196121e-02
-1.627744701355287038e-01
1.814675995654674301e-02
3.355463328231691328e-04
3.355463328231691328e-04
-5.954190873935972898e-03
-3.641070207596130981e-02
1.805869289568153568e-01
9.188602733002759759e-02
9.188602733002759759e-02
-7.676205237656709424e-02
-2.164508877115122465e-01
-3.417269057509175756e-01
-6.414257991554066229e-02
-8.296443173092780954e-02
-3.709064875052314053e-02
4.017601069034251737e-02
-8.310847223326081612e-02
-8.310847223326081612e-02
-1.605248438354361928e-01
-1.008430978984858062e-01
5.827779842536240373e-02
-1.016375280470804415e-01
-1.918451148355031222e-01
-1.523182920211724189e-01
-1.930089285624032522e-02
1.326449066939893728e-01
1.326449066939893728e-01
3.010769185345991694e-01
1.186635984950328848e-01
2.200565292931503866e-02
4.579273653228744384e-02
-4.542807837897980816e-01
-4.542807837897980816e-01
-2.822901312298922161e-01
-3.899336630895571809e-01
-4.978126381250898014e-01
-5.627068977481555212e-01
8.555710065908166129e-02
8.962272874276605572e-02
-2.351278285269217949e-01
-1.881367541568015889e-01
-4.045595252125420704e-01
-4.227245806904039727e-01
-4.607871855622690527e-01
2.540609414577350567e-01
1.988409367392438287e-01
4.476249328482605483e-01
3.675393796715741845e-01
3.675393796715741845e-01
6.986529982018234441e-02
6.986529982018234441e-02
6.986529982018234441e-02
6.986529982018234441e-02
3.177548740388999038e-01
2.839437777811431793e-03
1.718989773767810175e-02
2.152604485255924793e-01
2.149401394890385064e-01
2.406115830405930467e-01
2.406115830405930467e-01
2.010196878756136674e-01
2.000081127342384912e-01
-1.723618969760627173e-01
-6.071529003109091271e-02
-4.278918007256530404e-02
1.773648145758398575e-01
2.375529950976651081e-02
-1.493847927479463045e-01
-1.493847927479463045e-01
-3.037280124830892825e-01
3.623829961568452579e-02
-5.611209225237490800e-02
8.022768082477235718e-02
8.022768082477235718e-02
3.337446241376723632e-01
3.337446241376723632e-01
3.337446241376723632e-01
1.678672512122642568e-01
-4.565761957803393667e-02
-1.143318326199097429e-01
-1.143318326199097429e-01
-3.855332280479411428e-02
-1.803300672929571136e-01
-1.925642222209697219e-01
-4.099099965059726514e-01
-3.165309379175376692e-01
-1.458199457083809158e-01
-9.085548351692376845e-02
-2.911716938801210963e-01
-2.911716938801210963e-01
-3.405630921588685966e-01
-3.405630921588685966e-01
-3.405630921588685966e-01
-3.405630921588685966e-01
-3.405630921588685966e-01
-3.405630921588685966e-01
-2.578023625477976477e-01
-1.159605084201292997e-02
1.231772508156749601e-01
4.641645669545415437e-02
1.822626741509899562e-01
-3.584903666620883889e-01
-1.731498133672491335e-01
-1.731498133672491335e-01
-1.824082502139898476e-01
2.713776573387647328e-01
-2.174133526836404817e-01
-2.174133526836404817e-01
-1.140612518164288436e-01
-1.140612518164288436e-01
2.149366769231066468e-02
2.149366769231066468e-02
-1.238661057889956091e-01
-1.098802514025296606e-01
-7.438333531468023507e-02
-2.641172748524495684e-01
-2.558362313709933722e-01
8.666456815260473179e-02
9.848035301797289365e-02
9.848035301797289365e-02
2.494219203476093771e-01
8.023019289128849318e-02
8.084698649234108025e-02
5.029028017798359285e-02
5.029028017798359285e-02
2.426896359738197895e-01
2.426896359738197895e-01
1.978970320126734184e-01
1.978970320126734184e-01
-3.918263135161894617e-01
-4.672122418495359697e-01
-3.763837534223034575e-01
-4.238074869822909818e-01
1.560250009538756144e-01
-1.459896531361414007e-01
-5.178004823621369657e-02
-5.178004823621369657e-02
4.824663901135529953e-02
2.824774342348568834e-01
2.974245598857196415e-01
3.227767111299190694e-01
4.996547443187374093e-01
-2.666317598243219122e-01
9.084890858315236573e-02
9.084890858315236573e-02
7.809706648453629274e-02
4.688688410700653925e-02
8.022155482491098721e-02
-3.962637056982725586e-02
-2.669472847658268533e-01
-2.021570778156837889e-01
-2.358704372155684126e-01
-2.358704372155684126e-01
-3.039636351626954225e-01
-1.111108265252963717e-01
-3.570180594676339858e-01
-3.570180594676339858e-01
-8.071004560899139313e-02
-8.071004560899139313e-02
-2.681553542832239012e-01
-3.364006807573355906e-01
-5.744564674916756708e-01
1.846698726541650126e-01
1.846698726541650126e-01
1.262768989983748535e-01
1.677653482429433129e-01
3.818312688279975609e-01
3.454886362614865147e-01
2.942837912742346518e-01
1.201272256133601064e-02
-1.771669378363198433e-01
-1.613922239769787492e-01
-9.375493703246487454e-02
5.259252337854870840e-02
-1.431792582292534810e-01
-2.664977060374478235e-01
-2.218028303870769602e-01
-2.985738799912819319e-01
-2.985738799912819319e-01
-1.361324771340506889e-01
-1.361324771340506889e-01
-1.361324771340506889e-01
8.017437976847077707e-02
-3.385880515452009409e-01
-5.117798387285276140e-01
-7.542231274691821308e-02
-7.542231274691821308e-02
-8.499405403412776949e-02
-8.499405403412776949e-02
-8.499405403412776949e-02
-2.425697232017661464e-01
-1.175310929767109103e-01
-1.689493499392488163e-01
-1.689493499392488163e-01
-2.102575710655732455e-01
-2.441143072709763551e-01
-2.441143072709763551e-01
-2.441143072709763551e-01
-1.122678244681341309e-01
-1.855383392778793272e-01
-2.880760413824975941e-01
-2.880760413824975941e-01
-6.315271125735909263e-02
-3.920557828483262619e-01
-3.920557828483262619e-01
-1.487852586791152121e-01
1.367032755086138029e-01
-1.656628707734199568e-01
-1.325099382226493372e-01
-1.367486562052767085e-01
2.864888943596409221e-01
2.864888943596409221e-01
5.269378297153769486e-01
5.269378297153769486e-01
5.269378297153769486e-01
1.887804651142577506e-01
-8.954796859040979953e-03
-8.954796859040979953e-03
3.028253577526890394e-02
1.845493989891419939e-01
1.898824825938009164e-01
1.898824825938009164e-01
1.898824825938009164e-01
2.699460486233087875e-01
4.955541396438872814e-01
-1.349246206996840558e-01
-1.349246206996840558e-01
1.531213262957699939e-01
3.739789299782668441e-02
-4.519829792163271992e-02
-3.109497965784264739e-01
-9.737383733843964218e-02
4.933831168060368727e-02
4.933831168060368727e-02
4.933831168060368727e-02
5.818416075987172670e-02
5.818416075987172670e-02
6.652832785873089017e-02
-1.897243148324711526e-01
-1.873175191379569671e-01
-1.873175191379569671e-01
-1.394059960623017791e-01
-1.394059960623017791e-01
-4.211360627940903822e-01
-4.211360627940903822e-01
-3.265077574986358644e-01
-2.175939875682054436e-01
-2.175939875682054436e-01
-2.003544076395553375e-01
-5.775265964681968595e-02
-5.189676467360115203e-02
-6.553165825815990275e-02
-3.748154571791055822e-01
-3.748154571791055822e-01
-3.748154571791055822e-01
-3.748154571791055822e-01
-4.175160950389279479e-01
1.795262270680663685e-01
1.795262270680663685e-01
2.749204905769711549e-01
2.608106673470153569e-01
2.608106673470153569e-01
-4.387994981879175249e-01
-1.911241371276356238e-01
-1.911241371276356238e-01
-9.424411433619602624e-03
1.341462611604658794e-01
1.341462611604658794e-01
1.341462611604658794e-01
1.334415610043755696e-02
1.901363598326709092e-01
1.826513256644105854e-01
1.818046903605470832e-01
4.422384035285865655e-01
4.422384035285865655e-01
-4.606434904570531202e-02
-4.766734388883771267e-02
-1.120467176043091484e-01
-1.120467176043091484e-01
-1.120467176043091484e-01
-2.040427516813339837e-01
-2.040427516813339837e-01
-4.383413163281374980e-01
-3.522910080080845496e-01
-1.387433859891742394e-01
-5.868924387162874901e-01
-3.793387052103198154e-01
-3.626294377573313632e-01
-9.195900582183186289e-02
-2.627809288865870854e-02
-2.463187640599099060e-01
2.710286702862204633e-01
2.710286702862204633e-01
-8.046364705623831881e-02
-1.536289591038247360e-01
-1.536289591038247360e-01
-1.536289591038247360e-01
-3.342464640840069334e-01
-1.945382434494303744e-02
-3.608707231881508881e-01
6.342509038255947362e-02
5.695849700290356310e-03
3.070753459473663516e-01
3.353303856703179764e-01
3.353303856703179764e-01
5.983649065241126719e-01
7.077356911113070748e-01
-3.990918171231884748e-01
-4.322449039298973950e-01
-2.813792478610228076e-01
-5.216287230771126104e-01
-5.216287230771126104e-01
-5.698303638428174889e-01
-5.698303638428174889e-01
-7.001800943617686457e-02
-7.001800943617686457e-02
5.660266213352838083e-02
1.831895344641094325e-01
5.209476625229375601e-01
5.209476625229375601e-01
4.509221630109119805e-01
1.580583487000383203e-01
9.161171342932014627e-02
9.706540091624159261e-02
9.706540091624159261e-02
9.706540091624159261e-02
9.706540091624159261e-02
9.706540091624159261e-02
4.119170452525808823e-01
4.119170452525808823e-01
4.119170452525808823e-01
4.119170452525808823e-01
-5.497656660009394430e-02
1.618419382359249925e-01
1.741475288995366077e-01
2.732116654342005013e-01
-5.096563982526106096e-02
-5.096563982526106096e-02
-4.639328833676871211e-01
1.711282160760874832e-02
-4.687098150882523795e-01
2.892930786089393247e-01
2.892930786089393247e-01
2.892930786089393247e-01
2.881608940697995558e-01
2.125521120824701571e-01
2.917002588749543768e-01
2.917002588749543768e-01
2.899948637561962084e-01
2.899948637561962084e-01
2.899948637561962084e-01
-1.938718901978711551e-01
-1.410312200484894196e-01
5.355067571699227702e-02
5.355067571699227702e-02
-1.145644508997967076e-01
-1.957063238236766978e-01
-1.957063238236766978e-01
-1.957063238236766978e-01
6.537387055265873881e-02
8.494526324844625664e-02
8.494526324844625664e-02
-2.635628105249900877e-01
-9.855295438057472268e-02
-9.855295438057472268e-02
-2.555270825551021474e-01
-3.292402255525646582e-01
-3.292402255525646582e-01
1.562292786144134082e-01
7.547347012538732636e-02
-1.499385210185869566e-01
-1.499385210185869566e-01
-1.931396761802040007e-01
-4.583226416510985946e-01
3.220656031438805522e-01
3.381807441944598841e-02
-5.324716353123737367e-02
-1.292443025474357965e-01
-2.007773932393546457e-01
8.639777866280268226e-02
-1.853748596644158239e-02
-1.853748596644158239e-02
-1.853748596644158239e-02
-4.099885300809538724e-01
1.504855488259608243e-01
-7.924907840818339322e-01
-3.178587513769581818e-01
-2.442674911731812504e-01
-2.979710464365204481e-01
-2.979710464365204481e-01
-3.492560485604310205e-01
-1.947421543767477448e-01
-3.368533725169305937e-01
-1.629912541089614531e-01
-1.629912541089614531e-01
-2.190349452183621148e-01
-2.190349452183621148e-01
-6.007734896711768302e-01
-5.930972473885135487e-01
2.910870559073588590e-02
1.777302253788941022e-01
2.437545893747725123e-01
2.437545893747725123e-01
3.775267006895192262e-02
3.642575885473601366e-02
3.642575885473601366e-02
-2.349142875643809303e-01
-3.190033054700703863e-01
-4.796628767385282544e-01
-4.796628767385282544e-01
-3.810299080549756079e-01
-4.895990795520422378e-01
-3.891010991374129757e-01
-3.891010991374129757e-01
-3.479366667499869670e-01
-3.686392925548170330e-01
-1.139951574160886077e-01
-2.176375505258089649e-01
-8.664472042625987261e-03
-1.512595584409869853e-01
3.044455369537303890e-01
1.759522828635928793e-01
3.508227057133549431e-01
-3.240345863951724081e-01
-3.240345863951724081e-01
-2.465355878808176138e-01
-7.077468930748169462e-02
-1.527793170257290833e-01
-2.957659148004612160e-01
-2.957659148004612160e-01
-1.143177829488372516e-01
-1.514364568010198031e-01
-8.031813569052247137e-02
3.595585488024783533e-02
1.717232731838584381e-01
1.039913297555623978e-01
4.995525771821109420e-03
-3.089466027473041221e-01
1.355767687375866171e-01
5.362194520140761006e-02
5.362194520140761006e-02
-1.956118773476115680e-01
-1.956118773476115680e-01
-1.956118773476115680e-01
-1.956118773476115680e-01
1.904339647542412639e-01
2.715035263350948913e-01
2.551216863670358048e-01
2.551216863670358048e-01
2.551216863670358048e-01
-2.341496894316324184e-01
-1.326498928346079020e-01
-1.397694784426521952e-01
-1.397694784426521952e-01
-2.689562805012399305e-01
-4.752889927721361540e-01
-4.984544881327706012e-01
-4.984544881327706012e-01
-2.842703781540786845e-01
-2.013645196594278930e-01
-3.105112185984499340e-01
-3.105112185984499340e-01
-3.105112185984499340e-01
-3.105112185984499340e-01
-5.009649201185800010e-02
-5.009649201185800010e-02
-6.291080416673161535e-02
-3.881796709482130403e-01
-1.896069071893813074e-01
-3.030584164442329809e-01
7.135596097371293967e-02
7.135596097371293967e-02
-2.495433406192706649e-01
1.631112803002912892e-01
-8.576727561867485139e-02
-3.546813507230887064e-01
4.941416333628032703e-02
-2.247481311025885387e-01
-5.668669180206379332e-01
-5.766301657194450314e-01
-3.163348820823314589e-01
-2.069216227666977048e-01
-2.069216227666977048e-01
-1.280029437137254200e-01
-7.504347476266981509e-02
-1.174771808918214505e-01
-1.174771808918214505e-01
3.512230581890361802e-02
-4.895964018926204225e-02
-8.391779535370420817e-02
-2.017892417950759854e-01
-2.017892417950759854e-01
-2.276999583041891886e-02
-1.229932400479074282e-02
-1.229932400479074282e-02
1.899919319017109032e-01
1.887754201286805933e-01
2.957576130994704067e-01
2.706874059161707424e-01
-1.098388196411829165e-01
-2.635264153392049072e-02
-1.988196483190824149e-01
-3.421020608950704756e-02
-1.919932833539142458e-01
-1.919932833539142458e-01
-2.265892516442439275e-01
-2.265892516442439275e-01
1.051968396037157721e-01
-8.397665277754669255e-02
-2.212967832285941683e-01
-4.025649811411124435e-01
-3.773066545859147802e-01
-4.240052831347679296e-01
-5.080393121794192224e-01
-4.069920305493986423e-01
-4.407020799430123037e-01
-2.028480179811425754e-01
-1.825310570159024703e-01
-1.825310570159024703e-01
-1.387046879254310028e-01
-1.522809450465731698e-02
-1.608201588059158249e-01
-2.285094535518959191e-01
-2.285094535518959191e-01
-1.592979387804838443e-01
-1.592979387804838443e-01
-2.345692952064827586e-01
-3.032910266298307067e-01
-4.232954926661106621e-01
-4.232954926661106621e-01
-5.557899641422685555e-01
-4.964922620284154542e-01
-1.924513224878605377e-01
-5.604632335923861453e-01
-5.604632335923861453e-01
-3.617715924516350934e-01
-4.163316541099644219e-01
-2.880163195265041942e-01
-2.880163195265041942e-01
-2.880163195265041942e-01
-2.880163195265041942e-01
-2.418845867918616444e-01
-3.078962336936386657e-01
-3.078962336936386657e-01
-4.100251224787758719e-01
-4.100251224787758719e-01
-4.023049042854479063e-01
-6.189296268495948772e-02
-1.325935436300572090e-01
-1.325935436300572090e-01
-1.820006894578060086e-01
-5.472919682034307343e-01
-5.472919682034307343e-01
-4.910793538690595428e-01
-2.132028292624121579e-01
-2.124929418854248561e-02
-1.807721542859051234e-01
1.790446761852789170e-01
3.185882635409396646e-01
-9.482354589330060576e-03
-2.576673801912401363e-01
2.655153156385609003e-01
5.772304216164294427e-02
5.772304216164294427e-02
2.962279651344457698e-01
2.812402347265203217e-01
2.543563529295734815e-01
2.543563529295734815e-01
2.543563529295734815e-01
2.543563529295734815e-01
1.056311768998150075e-01
-6.773858065608664991e-02
9.082813440720557963e-02
-5.217645597879697755e-02
-1.450972389990756728e-01
-1.450972389990756728e-01
-1.450972389990756728e-01
-1.450972389990756728e-01
-1.314472300903663238e-01
-1.314472300903663238e-01
-4.761841348538786711e-02
-3.030172488397012698e-01
-2.928867596151912278e-01
-2.328543738592659118e-01
-3.723865036364504277e-02
-3.723865036364504277e-02
2.658778020660592101e-01
-1.741276521277026201e-01
-4.099506416348618343e-01
-4.629370566997376146e-02
-1.776048528270231242e-01
-1.470388615823554068e-01
-3.769907061854793628e-01
-2.481280786387238257e-01
-2.481280786387238257e-01
-2.481280786387238257e-01
4.165826883280656506e-02
1.274516156167881664e-01
-4.484241730757714817e-01
-3.013826656978830232e-01
-5.844924234689957698e-01
