# Variable: dg_gbvi_00000277
# Sample shape: (2565,)
# Date: 2013-03-08 06:18:12.359490
-1.428811898691014104e+00
-1.235913822382032512e+00
-1.524424782098466435e+00
-1.439487795260128822e+00
-1.855811768223606606e+00
-1.770647406514281652e+00
-1.770647406514281652e+00
-1.049016311767485110e+00
-1.049016311767485110e+00
-4.078876204298907682e-02
-4.078876204298907682e-02
-4.078876204298907682e-02
-4.078876204298907682e-02
-4.078876204298907682e-02
2.817430919598388345e-02
7.676954859694729190e-03
1.253296365920474331e-01
1.253296365920474331e-01
1.253296365920474331e-01
2.746130151154360655e-02
-1.716179512297369425e-01
5.581828129636218910e-02
5.581828129636218910e-02
-7.547520625209148612e-03
-7.996773883542306061e-02
-7.996773883542306061e-02
-7.996773883542306061e-02
1.795693059743010966e-01
1.795693059743010966e-01
1.795693059743010966e-01
9.992746165375386569e-02
9.992746165375386569e-02
9.992746165375386569e-02
9.992746165375386569e-02
9.992746165375386569e-02
9.992746165375386569e-02
9.992746165375386569e-02
2.410743362676463775e-01
2.410743362676463775e-01
2.410743362676463775e-01
1.645810429463667734e-01
4.049070328081758041e-01
2.079971447417025276e-01
2.079971447417025276e-01
1.525412058849037467e-01
3.730749201964111417e-01
3.863078257186330355e-01
1.732016774520046820e-01
7.210379913472422797e-02
7.210379913472422797e-02
7.210379913472422797e-02
7.210379913472422797e-02
7.210379913472422797e-02
7.210379913472422797e-02
7.210379913472422797e-02
1.571658321698122529e-01
1.957391244101927830e-01
1.957391244101927830e-01
1.957391244101927830e-01
1.957391244101927830e-01
2.008236360501719220e-01
2.008236360501719220e-01
2.008236360501719220e-01
1.682999113696155291e-01
1.682999113696155291e-01
1.682999113696155291e-01
1.682999113696155291e-01
1.682999113696155291e-01
1.682999113696155291e-01
1.682999113696155291e-01
1.682999113696155291e-01
1.682999113696155291e-01
1.837506648984824353e-01
2.488797170524056079e-01
2.488797170524056079e-01
2.488797170524056079e-01
2.488797170524056079e-01
2.488797170524056079e-01
1.797164482040732592e-01
1.248296342973748141e-01
3.604504550015615871e-01
3.604504550015615871e-01
3.604504550015615871e-01
3.604504550015615871e-01
2.352222893430168382e-01
2.352222893430168382e-01
2.352222893430168382e-01
5.922866526565886969e-02
5.922866526565886969e-02
5.922866526565886969e-02
3.198773739318041542e-01
3.198773739318041542e-01
3.198773739318041542e-01
3.198773739318041542e-01
3.198773739318041542e-01
1.639334731359588793e-01
1.639334731359588793e-01
1.639334731359588793e-01
1.639334731359588793e-01
1.518336480883425710e-01
1.822001192634796138e-02
-1.026538577061406055e-02
-1.026538577061406055e-02
-1.026538577061406055e-02
-1.026538577061406055e-02
-1.026538577061406055e-02
-1.026538577061406055e-02
-1.026538577061406055e-02
-1.026538577061406055e-02
-1.026538577061406055e-02
-1.026538577061406055e-02
-1.026538577061406055e-02
-1.026538577061406055e-02
-1.026538577061406055e-02
-1.026538577061406055e-02
-1.026538577061406055e-02
-1.026538577061406055e-02
-1.026538577061406055e-02
-1.026538577061406055e-02
-1.026538577061406055e-02
3.365127033272125034e-02
3.365127033272125034e-02
3.365127033272125034e-02
-4.325032470488931330e-02
-4.325032470488931330e-02
-4.325032470488931330e-02
-1.865415785368764595e-02
-1.865415785368764595e-02
-1.865415785368764595e-02
-1.865415785368764595e-02
-1.865415785368764595e-02
-1.444528436538147949e-02
-1.444528436538147949e-02
-3.803330669346764031e-02
-3.803330669346764031e-02
-3.803330669346764031e-02
-3.803330669346764031e-02
-3.803330669346764031e-02
1.102947956776624203e-02
8.300104478249396844e-02
3.004977729838993472e-01
3.004977729838993472e-01
3.227746081273029088e-01
3.227746081273029088e-01
3.504338265338102221e-01
3.504338265338102221e-01
-9.487145762786032901e-03
6.944986616778017763e-02
2.616987981808994723e-01
2.616987981808994723e-01
2.616987981808994723e-01
3.536987060458416376e-01
2.113291485114663915e-01
2.395831221679679268e-01
2.395831221679679268e-01
2.395831221679679268e-01
2.395831221679679268e-01
2.395831221679679268e-01
2.395831221679679268e-01
3.604698164674383087e-01
3.604698164674383087e-01
3.604698164674383087e-01
3.604698164674383087e-01
4.179515112133178611e-01
4.179515112133178611e-01
4.179515112133178611e-01
4.179515112133178611e-01
1.399926964649213790e-01
1.399926964649213790e-01
1.399926964649213790e-01
1.399926964649213790e-01
1.399926964649213790e-01
1.399926964649213790e-01
2.136243386458045457e-01
2.136243386458045457e-01
2.136243386458045457e-01
2.698184382763385014e-01
1.821051982562828797e-01
1.821051982562828797e-01
1.821051982562828797e-01
1.821051982562828797e-01
1.821051982562828797e-01
1.821051982562828797e-01
1.821051982562828797e-01
1.500496310710213443e-01
1.388906880588510473e-01
1.388906880588510473e-01
1.388906880588510473e-01
1.388906880588510473e-01
1.388906880588510473e-01
1.388906880588510473e-01
1.294596240111051400e-01
1.294596240111051400e-01
1.294596240111051400e-01
1.294596240111051400e-01
1.294596240111051400e-01
1.294596240111051400e-01
3.599823845506239794e-01
2.426878324177755841e-01
2.655401086916577280e-01
2.655401086916577280e-01
2.655401086916577280e-01
2.655401086916577280e-01
2.655401086916577280e-01
2.655401086916577280e-01
3.672984651467449124e-01
3.672984651467449124e-01
1.403125453699661240e-01
1.403125453699661240e-01
1.678257315652931514e-01
1.678257315652931514e-01
1.678257315652931514e-01
1.678257315652931514e-01
1.678257315652931514e-01
1.678257315652931514e-01
1.678257315652931514e-01
1.678257315652931514e-01
1.678257315652931514e-01
1.678257315652931514e-01
1.249837443505535522e-01
1.249837443505535522e-01
1.249837443505535522e-01
1.249837443505535522e-01
1.745665139992533255e-01
2.949502903130727868e-02
2.949502903130727868e-02
2.406231456586233886e-01
2.406231456586233886e-01
2.406231456586233886e-01
2.616028881122740568e-01
2.616028881122740568e-01
2.616028881122740568e-01
1.871488928928249917e-01
1.871488928928249917e-01
1.871488928928249917e-01
3.575381718403534137e-01
1.524815807165001424e-01
1.524815807165001424e-01
1.524815807165001424e-01
2.257619184805624291e-01
2.257619184805624291e-01
2.257619184805624291e-01
1.271858428842077282e-01
9.565108525685500629e-02
9.565108525685500629e-02
9.565108525685500629e-02
3.100188719317865105e-01
2.605621632650861330e-01
2.605621632650861330e-01
1.371261607749416078e-01
1.371261607749416078e-01
1.371261607749416078e-01
1.371261607749416078e-01
1.371261607749416078e-01
1.299592893420758732e-01
1.299592893420758732e-01
1.299592893420758732e-01
3.224306787397978602e-01
1.553559359156926785e-02
-7.599215826620217551e-02
-7.599215826620217551e-02
3.352511124201473097e-02
1.427499164780659038e-02
-4.913063054024294912e-02
-7.508650866039218164e-02
9.144007482869613221e-03
9.144007482869613221e-03
2.891010503211927651e-01
2.891010503211927651e-01
2.891010503211927651e-01
2.891010503211927651e-01
2.442333049972467973e-01
2.442333049972467973e-01
2.442333049972467973e-01
2.012233420704210018e-01
2.012233420704210018e-01
3.467306553920590506e-01
3.467306553920590506e-01
3.467306553920590506e-01
3.467306553920590506e-01
5.293008805785812815e-02
5.293008805785812815e-02
5.293008805785812815e-02
2.764296975046842131e-01
2.764296975046842131e-01
2.764296975046842131e-01
1.873669383949252421e-01
1.873669383949252421e-01
1.873669383949252421e-01
2.310660833661478120e-01
2.310660833661478120e-01
2.310660833661478120e-01
2.310660833661478120e-01
2.193368034261662103e-01
2.198390205651664375e-01
2.689056126241365918e-01
3.382621499160217149e-01
3.382621499160217149e-01
3.553036983934282356e-01
3.553036983934282356e-01
4.783271820461188484e-01
3.828579852733764444e-01
3.828579852733764444e-01
3.828579852733764444e-01
3.828579852733764444e-01
3.828579852733764444e-01
4.492792383393208744e-01
4.492792383393208744e-01
3.986041279329473608e-01
3.986041279329473608e-01
2.605021598234305569e-01
3.292333797533901207e-01
3.292333797533901207e-01
4.195829732260824563e-01
2.743459724584325077e-01
2.743459724584325077e-01
2.986002652574828997e-01
2.986002652574828997e-01
3.160696493000709206e-01
3.897325149522566923e-01
3.897325149522566923e-01
3.897325149522566923e-01
3.897325149522566923e-01
3.897325149522566923e-01
4.538956958659768892e-01
4.538956958659768892e-01
3.572657188158141484e-01
3.572657188158141484e-01
3.572657188158141484e-01
4.409808512326071073e-01
4.409808512326071073e-01
4.409808512326071073e-01
4.275163458405865091e-01
2.091280635278064404e-01
2.091280635278064404e-01
1.832072177433528570e-01
1.832072177433528570e-01
3.361417015937623320e-01
3.361417015937623320e-01
2.601994620003636460e-01
2.601994620003636460e-01
3.366129687396582915e-01
3.366129687396582915e-01
2.843175861925262837e-01
2.843175861925262837e-01
2.843175861925262837e-01
2.843175861925262837e-01
2.843175861925262837e-01
2.200036899078170738e-01
3.430218864429654957e-01
2.761764191278370806e-01
4.434802771969560409e-01
4.434802771969560409e-01
4.846347379894175300e-01
4.439156159682936531e-01
4.439156159682936531e-01
4.439156159682936531e-01
3.298492891399699145e-01
3.371119326762825885e-01
3.371119326762825885e-01
3.371119326762825885e-01
3.371119326762825885e-01
4.441266598638781704e-01
4.441266598638781704e-01
5.259341656604082926e-01
5.259341656604082926e-01
5.259341656604082926e-01
5.259341656604082926e-01
5.259341656604082926e-01
5.259341656604082926e-01
5.259341656604082926e-01
5.294107962414266177e-01
4.128275617553264221e-01
4.128275617553264221e-01
4.128275617553264221e-01
4.128275617553264221e-01
4.128275617553264221e-01
4.128275617553264221e-01
4.128275617553264221e-01
3.967974270742962162e-01
2.828495209197117166e-01
2.828495209197117166e-01
2.828495209197117166e-01
2.828495209197117166e-01
2.828495209197117166e-01
2.828495209197117166e-01
3.060033293047402236e-01
3.060033293047402236e-01
3.060033293047402236e-01
3.060033293047402236e-01
3.060033293047402236e-01
3.060033293047402236e-01
3.060033293047402236e-01
4.005907661269761388e-01
4.005907661269761388e-01
1.306420956898557695e-01
4.540007176191967475e-01
4.540007176191967475e-01
4.540007176191967475e-01
4.540007176191967475e-01
4.477264394308090867e-01
3.421648717731872735e-01
3.628390480399137918e-01
3.596704742334221883e-01
3.596704742334221883e-01
3.596704742334221883e-01
3.596704742334221883e-01
3.596704742334221883e-01
3.596704742334221883e-01
3.596704742334221883e-01
2.747484312339868451e-01
1.146875540236012431e-01
1.008719186209229707e-01
2.095312037436046215e-01
2.095312037436046215e-01
2.798192470142368826e-01
1.451543511714600831e-01
1.451543511714600831e-01
1.618684650855697627e-01
1.618684650855697627e-01
1.618684650855697627e-01
2.072773030210764422e-01
3.384614201763593844e-01
3.384614201763593844e-01
3.384614201763593844e-01
3.384614201763593844e-01
2.890146597131752482e-01
3.272161238967704056e-01
3.062245057099566292e-01
3.062245057099566292e-01
3.062245057099566292e-01
3.017972923636961236e-01
2.561464140181078930e-01
2.561464140181078930e-01
2.561464140181078930e-01
2.561464140181078930e-01
2.309806813009799564e-01
2.309806813009799564e-01
2.309806813009799564e-01
2.904857971516452975e-01
2.904857971516452975e-01
2.904857971516452975e-01
2.904857971516452975e-01
3.092908013095949649e-01
3.556135900644106784e-01
3.388103523210678203e-01
3.388103523210678203e-01
3.388103523210678203e-01
2.181139757955536662e-01
2.181139757955536662e-01
2.181139757955536662e-01
2.181139757955536662e-01
2.181139757955536662e-01
1.977436039831395043e-01
7.772858486050575333e-02
6.277588586261757808e-02
1.748162106033220586e-01
1.748162106033220586e-01
1.748162106033220586e-01
1.748162106033220586e-01
3.737703763017451997e-01
3.276758901032952309e-01
3.276758901032952309e-01
4.203803208080783005e-01
4.198933748596271887e-01
2.822153110214358218e-01
2.822153110214358218e-01
2.822153110214358218e-01
2.841623718305545943e-01
2.841623718305545943e-01
2.841623718305545943e-01
2.841623718305545943e-01
2.841623718305545943e-01
2.841623718305545943e-01
2.959182171004807183e-01
1.269001638272924670e-01
2.018489214131909681e-01
4.556506443021163255e-01
4.556506443021163255e-01
1.957541899172119404e-01
1.957541899172119404e-01
1.957541899172119404e-01
1.957541899172119404e-01
1.957541899172119404e-01
1.957541899172119404e-01
3.185295543934996698e-01
1.193026333231926583e-01
1.193026333231926583e-01
1.193026333231926583e-01
1.193026333231926583e-01
2.843704172901984628e-01
2.843704172901984628e-01
2.843704172901984628e-01
2.843704172901984628e-01
2.843704172901984628e-01
2.843704172901984628e-01
2.843704172901984628e-01
2.843704172901984628e-01
1.620589209722293200e-01
2.830146475439950793e-01
2.830146475439950793e-01
2.830146475439950793e-01
2.830146475439950793e-01
2.830146475439950793e-01
2.830146475439950793e-01
2.830146475439950793e-01
2.929499944297002112e-01
2.688826907853928971e-01
2.688826907853928971e-01
4.357921734395444613e-01
4.357921734395444613e-01
4.387482434697638767e-01
2.225711805753464723e-01
2.225711805753464723e-01
2.225711805753464723e-01
2.225711805753464723e-01
2.225711805753464723e-01
2.225711805753464723e-01
2.225711805753464723e-01
1.797910727029853883e-01
1.797910727029853883e-01
1.797910727029853883e-01
1.797910727029853883e-01
1.797910727029853883e-01
3.794844564422341637e-01
3.726862528381938433e-01
1.053256878831413806e-01
1.053256878831413806e-01
1.053256878831413806e-01
1.053256878831413806e-01
1.053256878831413806e-01
3.939331485228123597e-01
3.939331485228123597e-01
3.797755369547540227e-01
4.356601070438728684e-01
4.356601070438728684e-01
2.530833183801896591e-01
2.530833183801896591e-01
2.530833183801896591e-01
1.103294874580981050e-01
1.103294874580981050e-01
1.103294874580981050e-01
1.103294874580981050e-01
1.103294874580981050e-01
1.103294874580981050e-01
1.103294874580981050e-01
1.103294874580981050e-01
1.103294874580981050e-01
1.103294874580981050e-01
1.103294874580981050e-01
1.103294874580981050e-01
1.983257829553365936e-01
1.983257829553365936e-01
1.983257829553365936e-01
1.983257829553365936e-01
2.549191902486018235e-01
2.549191902486018235e-01
2.549191902486018235e-01
2.549191902486018235e-01
2.549191902486018235e-01
2.549191902486018235e-01
2.549191902486018235e-01
2.549191902486018235e-01
2.585857582932459819e-01
2.585857582932459819e-01
2.990355433793251971e-01
2.990355433793251971e-01
2.990355433793251971e-01
1.944295923403438486e-01
1.944295923403438486e-01
1.944295923403438486e-01
2.733521238928036112e-01
2.733521238928036112e-01
2.733521238928036112e-01
2.268536399228066880e-01
2.268536399228066880e-01
2.402890876674822207e-01
2.402890876674822207e-01
2.644829333014610540e-01
2.721953250527499035e-01
2.721953250527499035e-01
2.721953250527499035e-01
2.721953250527499035e-01
2.721953250527499035e-01
2.721953250527499035e-01
2.471690985728174361e-01
2.471690985728174361e-01
2.471690985728174361e-01
2.471690985728174361e-01
2.471690985728174361e-01
2.471690985728174361e-01
2.471690985728174361e-01
2.471690985728174361e-01
2.471690985728174361e-01
1.773739755438161203e-01
1.773739755438161203e-01
1.773739755438161203e-01
4.492109071876815296e-01
4.492109071876815296e-01
2.931898102353163588e-02
2.931898102353163588e-02
1.999969745450204950e-01
1.999969745450204950e-01
1.999969745450204950e-01
1.566936931301828040e-01
2.400553039940478139e-01
1.262906963343984890e-01
2.219951158782622613e-01
2.603298549269567053e-01
2.603298549269567053e-01
1.828490112999869022e-01
1.828490112999869022e-01
-1.763128775756679992e-02
2.637945388150453319e-01
2.556991381035720323e-01
2.556991381035720323e-01
2.709248575137149784e-01
2.709248575137149784e-01
3.177302632850342867e-01
3.177302632850342867e-01
3.633938570435294446e-01
3.633938570435294446e-01
3.633938570435294446e-01
1.462133085061432247e-01
1.983972110641009923e-01
3.387131354992947152e-01
3.387131354992947152e-01
3.387131354992947152e-01
3.724644563772568917e-01
3.724644563772568917e-01
4.462326480467737055e-01
4.462326480467737055e-01
4.462326480467737055e-01
4.462326480467737055e-01
5.198593367790176334e-01
5.198593367790176334e-01
4.950793288328939057e-01
4.950793288328939057e-01
4.950793288328939057e-01
4.950793288328939057e-01
4.899602801634159732e-01
4.899602801634159732e-01
4.427247367975425396e-01
4.427247367975425396e-01
2.694978204153148926e-01
2.694978204153148926e-01
1.381332825901957495e-01
1.816231108075257450e-01
1.030700963274997356e-01
2.550837992349079819e-01
2.550837992349079819e-01
6.798489018867941158e-02
6.798489018867941158e-02
6.798489018867941158e-02
6.798489018867941158e-02
6.798489018867941158e-02
3.707569752307756650e-01
3.707569752307756650e-01
3.707569752307756650e-01
3.707569752307756650e-01
3.707569752307756650e-01
3.707569752307756650e-01
3.707569752307756650e-01
3.707569752307756650e-01
3.707569752307756650e-01
3.707569752307756650e-01
3.707569752307756650e-01
3.227782428331816278e-01
3.227782428331816278e-01
3.227782428331816278e-01
3.976360442608720680e-01
2.930213850851822732e-01
2.930213850851822732e-01
2.075309738142845917e-01
2.075309738142845917e-01
2.075309738142845917e-01
2.075309738142845917e-01
2.075309738142845917e-01
2.244176127477153504e-01
2.244176127477153504e-01
2.244176127477153504e-01
2.244176127477153504e-01
2.244176127477153504e-01
2.244176127477153504e-01
7.726492420435636388e-02
7.726492420435636388e-02
7.726492420435636388e-02
7.726492420435636388e-02
7.726492420435636388e-02
7.726492420435636388e-02
7.726492420435636388e-02
7.726492420435636388e-02
8.724012223775247377e-02
8.724012223775247377e-02
8.724012223775247377e-02
1.555157735160465626e-01
2.625799064168649055e-01
2.625799064168649055e-01
1.834606071084774470e-01
2.635285080633297250e-01
2.635285080633297250e-01
1.932705721826900591e-01
1.932705721826900591e-01
1.932705721826900591e-01
1.882808388767869545e-01
1.882808388767869545e-01
3.332973634254262074e-01
3.332973634254262074e-01
3.332973634254262074e-01
2.648815149972634855e-02
2.648815149972634855e-02
2.648815149972634855e-02
4.452642932548046134e-02
4.452642932548046134e-02
4.452642932548046134e-02
4.452642932548046134e-02
4.452642932548046134e-02
2.016983495415195227e-01
2.016983495415195227e-01
1.985087511893544043e-01
1.985087511893544043e-01
1.985087511893544043e-01
1.985087511893544043e-01
1.985087511893544043e-01
2.454375292205898951e-01
2.454375292205898951e-01
2.454375292205898951e-01
2.454375292205898951e-01
2.454375292205898951e-01
2.454375292205898951e-01
2.454375292205898951e-01
1.744337192290284499e-01
1.744337192290284499e-01
3.647652053777049597e-01
1.766596777241432881e-01
1.766596777241432881e-01
1.766596777241432881e-01
1.766596777241432881e-01
1.766596777241432881e-01
1.766596777241432881e-01
1.308225204405418785e-01
1.308225204405418785e-01
1.600403763450947148e-01
1.600403763450947148e-01
2.012487466528316837e-01
2.846028728082908854e-01
2.259027994528957917e-01
2.259027994528957917e-01
2.259027994528957917e-01
2.259027994528957917e-01
2.307625950497410316e-01
2.307625950497410316e-01
2.307625950497410316e-01
-1.770736093735135117e-02
-1.770736093735135117e-02
9.419036859706785003e-02
9.419036859706785003e-02
-1.619735690539690978e-02
-1.619735690539690978e-02
-1.619735690539690978e-02
5.549036242394084217e-02
5.549036242394084217e-02
1.624793453897434570e-01
1.624793453897434570e-01
1.624793453897434570e-01
1.624793453897434570e-01
1.624793453897434570e-01
1.285381322443859553e-01
1.562257858342077331e-02
1.550206800836190779e-01
1.550206800836190779e-01
2.335817212596982273e-01
2.335817212596982273e-01
2.799759908331042602e-01
2.799759908331042602e-01
2.799759908331042602e-01
2.799759908331042602e-01
3.752003668831290217e-01
3.752003668831290217e-01
2.021230710837419176e-01
2.021230710837419176e-01
3.137123428283918325e-01
3.137123428283918325e-01
3.137123428283918325e-01
3.137123428283918325e-01
3.137123428283918325e-01
3.137123428283918325e-01
3.137123428283918325e-01
1.880771241634616175e-01
1.880771241634616175e-01
1.880771241634616175e-01
1.880771241634616175e-01
1.464548683815559416e-01
5.148914421131615266e-02
5.148914421131615266e-02
1.530920861191067128e-01
2.295454230012448360e-01
2.295454230012448360e-01
1.574943594109704803e-01
1.574943594109704803e-01
1.019024612889944947e-01
2.245658396655654254e-01
7.530596816429387108e-02
7.530596816429387108e-02
7.530596816429387108e-02
1.489841121004419067e-01
1.489841121004419067e-01
1.240004549136553523e-02
1.601627973478301215e-01
1.601627973478301215e-01
1.601627973478301215e-01
1.601627973478301215e-01
1.601627973478301215e-01
1.601627973478301215e-01
5.823678271603484335e-02
5.823678271603484335e-02
5.137085388088285381e-02
2.501865739956003476e-01
2.501865739956003476e-01
2.501865739956003476e-01
4.229459774546783235e-01
4.229459774546783235e-01
4.229459774546783235e-01
4.229459774546783235e-01
3.582209668251883361e-01
3.331866824034496188e-01
3.331866824034496188e-01
3.331866824034496188e-01
3.331866824034496188e-01
3.114196981293897437e-01
3.114196981293897437e-01
3.114196981293897437e-01
4.245251001427228776e-01
4.245251001427228776e-01
4.245251001427228776e-01
3.054523107077611876e-01
3.827892401452994142e-01
3.319886226396187023e-01
3.319886226396187023e-01
3.319886226396187023e-01
3.004555749136905707e-01
3.004555749136905707e-01
3.004555749136905707e-01
3.004555749136905707e-01
2.963544549087354096e-01
2.762406640990204831e-01
2.762406640990204831e-01
3.900126997330168321e-01
3.900126997330168321e-01
3.238511176736877939e-01
3.238511176736877939e-01
3.238511176736877939e-01
5.091752445417268014e-01
5.091752445417268014e-01
5.091752445417268014e-01
3.711591259340821236e-01
3.711591259340821236e-01
3.711591259340821236e-01
3.711591259340821236e-01
3.711591259340821236e-01
2.733161406003618565e-01
2.733161406003618565e-01
2.714270283734682709e-01
4.913755048401732273e-01
4.913755048401732273e-01
5.045088419562965276e-01
5.045088419562965276e-01
5.045088419562965276e-01
3.340660203824797336e-01
3.340660203824797336e-01
4.450209902296722309e-01
4.450209902296722309e-01
4.450209902296722309e-01
2.721525621000641104e-01
2.721525621000641104e-01
3.934396417519115396e-01
2.847131250561961702e-01
2.847131250561961702e-01
2.847131250561961702e-01
2.847131250561961702e-01
2.034859099425585516e-01
2.701475687488670285e-01
1.113708113113808934e-01
1.364120083547146478e-01
9.713708752162118765e-02
9.713708752162118765e-02
9.713708752162118765e-02
9.713708752162118765e-02
9.713708752162118765e-02
9.713708752162118765e-02
9.713708752162118765e-02
8.677626351122544324e-02
8.677626351122544324e-02
8.677626351122544324e-02
8.677626351122544324e-02
8.677626351122544324e-02
2.523676800906585194e-01
2.293197999943347998e-01
2.293197999943347998e-01
2.394058982629009569e-01
2.394058982629009569e-01
2.394058982629009569e-01
2.394058982629009569e-01
2.394058982629009569e-01
2.394058982629009569e-01
2.394058982629009569e-01
2.394058982629009569e-01
2.394058982629009569e-01
1.968857972591848970e-01
2.522631202352194069e-01
1.258380612753735583e-01
2.091437680336735994e-01
2.091437680336735994e-01
3.865682500449250242e-02
2.024911848126920433e-01
2.024911848126920433e-01
3.192077664728554254e-01
3.192077664728554254e-01
1.627357296549949706e-01
1.627357296549949706e-01
1.506456663220557823e-01
1.458736946042226042e-02
1.458736946042226042e-02
1.642011983969117184e-01
1.940175254926678194e-01
1.940175254926678194e-01
1.940175254926678194e-01
1.940175254926678194e-01
1.940175254926678194e-01
3.457648344745641311e-01
3.463207822430101612e-01
3.463207822430101612e-01
3.463207822430101612e-01
3.463207822430101612e-01
2.405284136897860303e-01
2.405284136897860303e-01
2.405284136897860303e-01
2.405284136897860303e-01
2.405284136897860303e-01
2.178773606388418327e-01
2.178773606388418327e-01
2.178773606388418327e-01
2.178773606388418327e-01
2.178773606388418327e-01
2.268563785716951609e-01
2.268563785716951609e-01
2.268563785716951609e-01
3.361903863234627088e-01
9.330969221030550875e-02
9.330969221030550875e-02
9.330969221030550875e-02
9.330969221030550875e-02
9.330969221030550875e-02
9.330969221030550875e-02
1.059583812329960989e-01
1.059583812329960989e-01
2.451822365786407720e-01
2.451822365786407720e-01
2.451822365786407720e-01
2.451822365786407720e-01
2.451822365786407720e-01
2.731223194880541549e-01
2.731223194880541549e-01
1.887830091638183772e-01
1.887830091638183772e-01
1.887830091638183772e-01
2.323720411787168483e-01
2.323720411787168483e-01
2.323720411787168483e-01
2.323720411787168483e-01
2.323720411787168483e-01
2.323720411787168483e-01
2.323720411787168483e-01
3.042117707581907249e-01
2.126214070543795687e-01
2.126214070543795687e-01
2.260937077479092117e-01
2.260937077479092117e-01
2.260937077479092117e-01
2.260937077479092117e-01
2.539851460418270923e-01
2.539851460418270923e-01
2.539851460418270923e-01
2.539851460418270923e-01
2.004722093283363704e-01
2.004722093283363704e-01
3.163437546342702800e-01
3.163437546342702800e-01
3.163437546342702800e-01
3.163437546342702800e-01
3.163437546342702800e-01
4.471773036220548225e-01
4.471773036220548225e-01
3.879791418748878007e-01
3.879791418748878007e-01
3.879791418748878007e-01
3.879791418748878007e-01
3.879791418748878007e-01
3.879791418748878007e-01
2.956461176907859700e-01
2.956461176907859700e-01
2.956461176907859700e-01
1.058976282148722387e-01
1.058976282148722387e-01
3.054039042309288354e-01
4.810191997284277154e-01
4.810191997284277154e-01
4.810191997284277154e-01
4.810191997284277154e-01
4.810191997284277154e-01
4.810191997284277154e-01
4.810191997284277154e-01
4.810191997284277154e-01
5.679315796368786806e-01
5.679315796368786806e-01
3.606111471448267269e-01
3.730577003442923090e-01
3.730577003442923090e-01
3.730577003442923090e-01
3.730577003442923090e-01
3.867956750752028494e-01
3.867956750752028494e-01
3.313264086178081547e-01
3.313264086178081547e-01
3.313264086178081547e-01
4.298357868200319287e-01
2.392268629432824922e-01
2.392268629432824922e-01
1.562074408216027610e-01
1.937509406302573012e-01
2.159263256485690896e-01
2.085910431965010969e-01
2.085910431965010969e-01
2.085910431965010969e-01
2.775096475853439659e-01
2.775096475853439659e-01
2.775096475853439659e-01
2.775096475853439659e-01
9.646599317303891641e-02
1.928388729333840867e-01
1.928388729333840867e-01
3.374605359781249203e-01
3.374605359781249203e-01
3.374605359781249203e-01
3.374605359781249203e-01
2.893952896169709188e-01
2.893952896169709188e-01
2.893952896169709188e-01
4.084424079402984020e-01
4.084424079402984020e-01
4.084424079402984020e-01
4.084424079402984020e-01
4.084424079402984020e-01
4.084424079402984020e-01
4.084424079402984020e-01
4.084424079402984020e-01
4.084424079402984020e-01
4.084424079402984020e-01
3.910221697260123364e-01
3.769776413309325336e-01
3.769776413309325336e-01
3.769776413309325336e-01
3.769776413309325336e-01
4.190547214072379845e-01
2.594732098827092215e-01
2.594732098827092215e-01
2.594732098827092215e-01
2.594732098827092215e-01
2.394113541700674253e-01
2.360853832660563811e-01
1.201481742245295581e-01
1.412409183970920190e-01
1.412409183970920190e-01
1.412409183970920190e-01
1.412409183970920190e-01
1.070880224241995832e-01
1.070880224241995832e-01
1.070880224241995832e-01
1.070880224241995832e-01
1.761081129170664061e-01
1.761081129170664061e-01
1.761081129170664061e-01
2.001680518964748523e-01
2.001680518964748523e-01
1.875999163091248978e-01
1.788993175875374098e-01
1.788993175875374098e-01
1.788993175875374098e-01
1.788993175875374098e-01
1.788993175875374098e-01
1.788993175875374098e-01
2.234227738782503248e-01
2.234227738782503248e-01
2.234227738782503248e-01
1.106877234039780472e-01
1.106877234039780472e-01
1.106877234039780472e-01
2.626590866122812673e-01
2.028174066882548199e-01
1.056650382946451999e-01
5.324155016830942749e-02
5.324155016830942749e-02
1.939042788783824911e-01
-7.832422042325901806e-03
8.789500376276990212e-02
-8.415698098067941890e-03
-8.415698098067941890e-03
-8.415698098067941890e-03
1.860921607681626511e-01
2.198372376620996629e-03
2.198372376620996629e-03
2.198372376620996629e-03
1.701134771697029868e-02
1.701134771697029868e-02
1.352447994637446527e-01
1.352447994637446527e-01
1.352447994637446527e-01
1.543125026876101258e-01
1.543125026876101258e-01
1.543125026876101258e-01
3.334924872176710155e-03
3.334924872176710155e-03
1.418150377936814102e-02
1.418150377936814102e-02
-1.511808099967957772e-02
-1.065128296038263256e-01
-1.044940905655254298e-01
-1.044940905655254298e-01
-1.044940905655254298e-01
-1.044940905655254298e-01
-1.103508649459688240e-01
1.441480093398228579e-01
1.553408942105356239e-01
2.157960655493088575e-01
2.157960655493088575e-01
7.473688690337379481e-02
1.575244178601503953e-01
1.575244178601503953e-01
1.575244178601503953e-01
-1.701836657474757597e-01
-1.701836657474757597e-01
1.158700707368210542e-01
1.158700707368210542e-01
1.158700707368210542e-01
1.158700707368210542e-01
1.158700707368210542e-01
1.158700707368210542e-01
1.734666468048944032e-01
1.734666468048944032e-01
1.734666468048944032e-01
1.734666468048944032e-01
1.734666468048944032e-01
1.734666468048944032e-01
1.381028997906874889e-01
1.381028997906874889e-01
1.381028997906874889e-01
1.381028997906874889e-01
1.381028997906874889e-01
1.381028997906874889e-01
2.229297863079315323e-01
2.229297863079315323e-01
2.229297863079315323e-01
2.229297863079315323e-01
2.229297863079315323e-01
2.229297863079315323e-01
2.229297863079315323e-01
2.229297863079315323e-01
2.068570607125475025e-01
3.809036723371335142e-01
3.821848713421103771e-01
3.821848713421103771e-01
3.821848713421103771e-01
3.821848713421103771e-01
3.821848713421103771e-01
2.351372423245598128e-02
1.012202112121260988e-01
1.012202112121260988e-01
1.012202112121260988e-01
1.012202112121260988e-01
1.525276723426650660e-01
1.525276723426650660e-01
1.525276723426650660e-01
2.511954544428887659e-01
2.556113714067176912e-01
-7.489561298227958002e-04
-7.489561298227958002e-04
-7.489561298227958002e-04
8.965458347985492960e-02
8.965458347985492960e-02
8.965458347985492960e-02
8.965458347985492960e-02
8.965458347985492960e-02
8.965458347985492960e-02
8.965458347985492960e-02
8.965458347985492960e-02
8.965458347985492960e-02
8.965458347985492960e-02
8.965458347985492960e-02
8.965458347985492960e-02
8.965458347985492960e-02
7.625746884590588193e-02
3.825563369887903520e-02
4.349443801493552142e-02
8.035220774468099236e-02
9.714927648563513596e-02
9.714927648563513596e-02
6.254773480172991229e-02
6.254773480172991229e-02
6.254773480172991229e-02
6.254773480172991229e-02
1.543234825933087195e-01
1.543234825933087195e-01
1.543234825933087195e-01
1.543234825933087195e-01
1.543234825933087195e-01
1.543234825933087195e-01
4.179692128212331853e-02
4.179692128212331853e-02
1.457628158476694247e-01
1.457628158476694247e-01
1.600667983109642367e-01
1.625846310075425294e-01
1.625846310075425294e-01
5.196921360243684368e-02
5.196921360243684368e-02
5.196921360243684368e-02
5.196921360243684368e-02
2.087564412818712078e-01
1.284079638411388946e-01
1.284079638411388946e-01
1.284079638411388946e-01
1.284079638411388946e-01
1.284079638411388946e-01
1.284079638411388946e-01
1.284079638411388946e-01
1.284079638411388946e-01
1.284079638411388946e-01
1.284079638411388946e-01
1.158694481831634843e-01
1.158694481831634843e-01
1.158694481831634843e-01
1.158694481831634843e-01
1.585942722673873151e-01
1.585942722673873151e-01
-2.963910858072514587e-02
-2.963910858072514587e-02
-2.963910858072514587e-02
-2.963910858072514587e-02
5.559745040964805818e-02
5.559745040964805818e-02
5.559745040964805818e-02
1.585872517069849066e-02
1.585872517069849066e-02
4.125914348032676954e-02
9.361325080553367650e-02
9.361325080553367650e-02
9.361325080553367650e-02
1.262423824528773331e-01
1.453503770666084993e-01
1.453503770666084993e-01
-7.842527501411644675e-02
-7.842527501411644675e-02
-8.295908760685485883e-02
-8.295908760685485883e-02
-8.295908760685485883e-02
-8.295908760685485883e-02
-6.611462850122332147e-02
-6.611462850122332147e-02
-7.823576065381336597e-02
-7.823576065381336597e-02
-7.823576065381336597e-02
-7.823576065381336597e-02
7.791231515729575563e-02
7.791231515729575563e-02
7.791231515729575563e-02
1.629709643994469159e-01
1.629709643994469159e-01
1.607592967274076023e-01
1.607592967274076023e-01
1.607592967274076023e-01
-4.884361222658988727e-02
-1.729721846629860005e-01
-1.729721846629860005e-01
-3.612349076220567473e-02
-3.612349076220567473e-02
-3.612349076220567473e-02
-3.612349076220567473e-02
-3.612349076220567473e-02
-3.612349076220567473e-02
-6.277342801418753226e-02
-6.277342801418753226e-02
-5.044823630172540901e-02
-5.044823630172540901e-02
-5.044823630172540901e-02
-5.044823630172540901e-02
1.157618057112304033e-01
1.157618057112304033e-01
1.157618057112304033e-01
1.157618057112304033e-01
1.157618057112304033e-01
1.157618057112304033e-01
1.157618057112304033e-01
1.157618057112304033e-01
2.907853134045500498e-01
2.991600786856093985e-01
2.991600786856093985e-01
2.933213701472989765e-01
3.237560353941092428e-01
4.005920662979189917e-01
4.005920662979189917e-01
3.024533904257808437e-01
3.024533904257808437e-01
3.024533904257808437e-01
1.933302174726072298e-01
1.933302174726072298e-01
3.464194952394586413e-01
1.233954105553442954e-01
1.233954105553442954e-01
-1.470017379466068705e-03
4.945162844170130495e-02
4.945162844170130495e-02
1.053995667021173921e-01
1.215399822158029358e-01
1.215399822158029358e-01
2.216573689346872933e-01
1.822000457060908574e-01
1.822000457060908574e-01
1.988795033738323947e-01
-7.898577098493943238e-02
-7.898577098493943238e-02
-7.898577098493943238e-02
-7.898577098493943238e-02
-7.898577098493943238e-02
-7.898577098493943238e-02
-7.898577098493943238e-02
1.206063112201847046e-02
1.206063112201847046e-02
1.206063112201847046e-02
2.035893615484310193e-01
4.344563562132194856e-02
1.041992724398956849e-01
1.725647721002503132e-01
1.725647721002503132e-01
1.725647721002503132e-01
1.725647721002503132e-01
1.725647721002503132e-01
1.725647721002503132e-01
1.725647721002503132e-01
1.725647721002503132e-01
9.952882877256306882e-02
9.952882877256306882e-02
9.952882877256306882e-02
9.952882877256306882e-02
1.458726062622024144e-01
1.458726062622024144e-01
1.458726062622024144e-01
1.458726062622024144e-01
1.458726062622024144e-01
1.613202495853762741e-01
1.613202495853762741e-01
1.613202495853762741e-01
1.613202495853762741e-01
1.613202495853762741e-01
1.613202495853762741e-01
2.356588990501607972e-01
2.356588990501607972e-01
1.918016998416266494e-01
1.918016998416266494e-01
1.553065433418534536e-01
2.140194297865168904e-01
2.140194297865168904e-01
2.140194297865168904e-01
2.002398532128928654e-01
2.265612778181212705e-01
2.265612778181212705e-01
2.265612778181212705e-01
2.265612778181212705e-01
2.614263608744505918e-01
1.789359911231868383e-01
1.789359911231868383e-01
1.789359911231868383e-01
1.789359911231868383e-01
1.789359911231868383e-01
1.763149854784027970e-01
1.763149854784027970e-01
1.005668302068257330e-01
1.005668302068257330e-01
1.005668302068257330e-01
1.005668302068257330e-01
1.005668302068257330e-01
1.005668302068257330e-01
1.005668302068257330e-01
1.005668302068257330e-01
1.005668302068257330e-01
1.005668302068257330e-01
9.651446545219465045e-02
9.651446545219465045e-02
5.665681027797195290e-02
2.548138012260901530e-01
2.548138012260901530e-01
1.801041515457625641e-01
3.352698681935318836e-01
3.538995889117479976e-01
3.538995889117479976e-01
3.205696148013609248e-01
3.205696148013609248e-01
3.205696148013609248e-01
3.205696148013609248e-01
3.205696148013609248e-01
1.704783959305953001e-01
1.704783959305953001e-01
3.968799314329723993e-02
3.968799314329723993e-02
3.968799314329723993e-02
1.497036752419272365e-01
1.351406353558742834e-01
1.609661782798205154e-01
1.609661782798205154e-01
7.656197700700391462e-02
1.073565918881013992e-01
1.073565918881013992e-01
1.073565918881013992e-01
1.073565918881013992e-01
1.073565918881013992e-01
1.900637897915485042e-01
1.900637897915485042e-01
1.900637897915485042e-01
1.900637897915485042e-01
1.900637897915485042e-01
1.900637897915485042e-01
1.900637897915485042e-01
1.900637897915485042e-01
1.900637897915485042e-01
1.900637897915485042e-01
1.900637897915485042e-01
1.900637897915485042e-01
2.394189850696586130e-01
2.394189850696586130e-01
2.394189850696586130e-01
2.394189850696586130e-01
1.490622909052176093e-01
1.490622909052176093e-01
1.490622909052176093e-01
1.706315145492265928e-01
1.706315145492265928e-01
1.461388269179876853e-01
1.461388269179876853e-01
1.461388269179876853e-01
1.815443160949400392e-01
1.815443160949400392e-01
1.815443160949400392e-01
1.815443160949400392e-01
2.043908147353597216e-01
2.043908147353597216e-01
2.043908147353597216e-01
2.525255716246010973e-01
3.542493092509143016e-01
3.542493092509143016e-01
3.542493092509143016e-01
3.355892649807501460e-01
2.694626762607812975e-01
1.901023977074929872e-01
1.901023977074929872e-01
1.901023977074929872e-01
1.901023977074929872e-01
1.901023977074929872e-01
1.901023977074929872e-01
7.932810408080387399e-02
7.932810408080387399e-02
1.581072629629009518e-01
1.581072629629009518e-01
1.581072629629009518e-01
1.581072629629009518e-01
1.581072629629009518e-01
1.581072629629009518e-01
4.917916106490966693e-02
4.917916106490966693e-02
4.917916106490966693e-02
4.917916106490966693e-02
8.406557640448714119e-02
8.406557640448714119e-02
8.406557640448714119e-02
1.431630574505598219e-01
9.903646305085954393e-02
9.903646305085954393e-02
2.753714053178232812e-01
2.753714053178232812e-01
2.753714053178232812e-01
2.760193354170459856e-01
3.132405348710793347e-01
3.375078312556010207e-01
3.375078312556010207e-01
3.375078312556010207e-01
4.712908002819257876e-03
4.712908002819257876e-03
1.641327002688999226e-01
1.829997978476303466e-01
1.886718612853494070e-01
1.704388464384506141e-01
1.704388464384506141e-01
1.199500381640040969e-01
1.891128195358846020e-01
1.080859529908736461e-01
1.080859529908736461e-01
-2.794288027998262022e-02
-2.794288027998262022e-02
-2.794288027998262022e-02
-5.175877716883852363e-03
-5.175877716883852363e-03
-4.298438334952359857e-02
8.538648045679858578e-02
8.538648045679858578e-02
8.538648045679858578e-02
3.666015781127663353e-01
3.666015781127663353e-01
2.927011545697218997e-01
2.927011545697218997e-01
2.846092297085596190e-01
2.846092297085596190e-01
2.498698501358112833e-01
1.354289228623947461e-01
1.354289228623947461e-01
1.354289228623947461e-01
1.354289228623947461e-01
1.354289228623947461e-01
1.354289228623947461e-01
1.225783795326452624e-01
2.002205190725444284e-01
2.002205190725444284e-01
2.002205190725444284e-01
2.279498658501170616e-01
2.279498658501170616e-01
2.279498658501170616e-01
1.614942789105024423e-01
1.614942789105024423e-01
3.053130554921412720e-01
3.053130554921412720e-01
3.053130554921412720e-01
2.969665499711756085e-01
1.353511825888907005e-01
1.353511825888907005e-01
1.353511825888907005e-01
1.079954696450443202e-01
1.079954696450443202e-01
1.723966194026455845e-01
1.160000848615974772e-01
1.160000848615974772e-01
2.201429278249797672e-01
4.608071418713288736e-02
4.608071418713288736e-02
3.837712480979939972e-02
3.837712480979939972e-02
3.837712480979939972e-02
3.837712480979939972e-02
1.219929125703535754e-02
1.219929125703535754e-02
2.004547561381268550e-01
1.747454459514403979e-01
1.747454459514403979e-01
1.747454459514403979e-01
1.747454459514403979e-01
1.747454459514403979e-01
1.747454459514403979e-01
1.747454459514403979e-01
1.747454459514403979e-01
1.747454459514403979e-01
1.829922479511030542e-01
2.319930928731593900e-01
2.319930928731593900e-01
2.319930928731593900e-01
2.319930928731593900e-01
1.771710803318284067e-01
1.771710803318284067e-01
1.771710803318284067e-01
1.295007662539237603e-01
1.295007662539237603e-01
5.907875738291578499e-02
-1.320927687163198907e-03
-1.320927687163198907e-03
-2.497548909864419006e-02
-2.497548909864419006e-02
-2.497548909864419006e-02
-2.497548909864419006e-02
-4.186377881976690446e-02
-4.895959995144903709e-02
-4.895959995144903709e-02
-4.895959995144903709e-02
-4.895959995144903709e-02
-4.895959995144903709e-02
-4.895959995144903709e-02
6.280694458715861163e-03
9.778360672098182493e-03
9.778360672098182493e-03
1.503682675386629752e-01
1.310982153430985953e-01
1.310982153430985953e-01
1.310982153430985953e-01
1.310982153430985953e-01
2.723995397738619428e-01
1.426987422308406972e-01
1.426987422308406972e-01
1.693473000889213487e-01
1.693473000889213487e-01
1.693473000889213487e-01
2.643504547979680930e-01
2.643504547979680930e-01
2.643504547979680930e-01
1.791232259971868579e-01
1.791232259971868579e-01
1.791232259971868579e-01
1.791232259971868579e-01
2.675165840324832400e-01
4.032810654896306080e-01
4.032810654896306080e-01
4.032810654896306080e-01
4.690508413757141226e-01
4.690508413757141226e-01
4.690508413757141226e-01
4.855414037917944459e-01
1.642921757134592209e-01
1.642921757134592209e-01
1.642921757134592209e-01
1.642921757134592209e-01
1.896443556308408385e-01
3.149044374906356247e-01
3.149044374906356247e-01
3.149044374906356247e-01
2.529611116821581795e-01
2.529611116821581795e-01
2.529611116821581795e-01
2.190393133680699489e-01
2.190393133680699489e-01
2.190393133680699489e-01
2.190393133680699489e-01
2.190393133680699489e-01
2.190393133680699489e-01
2.190393133680699489e-01
2.190393133680699489e-01
2.190393133680699489e-01
2.190393133680699489e-01
2.314743734779074191e-01
2.287829361956793262e-01
2.287829361956793262e-01
2.287829361956793262e-01
2.287829361956793262e-01
2.287829361956793262e-01
1.595676038928378060e-01
3.800348398866676969e-01
3.800348398866676969e-01
3.800348398866676969e-01
3.800348398866676969e-01
3.800348398866676969e-01
3.800348398866676969e-01
4.348470466183759764e-01
4.166366456133090423e-01
4.166366456133090423e-01
2.792170393252806915e-01
2.792170393252806915e-01
1.149278073473993245e-01
1.149278073473993245e-01
2.233883158583104545e-01
6.254932990048331365e-02
6.254932990048331365e-02
6.254932990048331365e-02
1.572763505854285204e-01
2.294332584437624722e-01
2.294332584437624722e-01
2.294332584437624722e-01
2.294332584437624722e-01
1.331542091892498614e-01
1.331542091892498614e-01
1.487704788775912335e-01
3.491544391757456234e-01
2.158195804513507177e-01
2.158195804513507177e-01
2.158195804513507177e-01
2.158195804513507177e-01
2.158195804513507177e-01
2.948383285305532509e-01
2.948383285305532509e-01
2.948383285305532509e-01
2.272855955734037203e-01
2.272855955734037203e-01
1.987084408372455646e-01
1.987084408372455646e-01
2.930681197067762644e-01
2.930681197067762644e-01
2.110324135264812218e-01
1.019643190796898774e-01
1.962291477019645902e-01
2.901376272739045192e-01
4.488798956671491425e-02
4.488798956671491425e-02
4.488798956671491425e-02
1.181623735749903897e-01
1.857607473385088082e-01
5.618204372433265731e-02
5.618204372433265731e-02
5.618204372433265731e-02
5.618204372433265731e-02
5.618204372433265731e-02
5.618204372433265731e-02
5.618204372433265731e-02
5.618204372433265731e-02
9.887983989183309064e-02
9.887983989183309064e-02
9.887983989183309064e-02
9.887983989183309064e-02
3.734613568542282103e-01
3.018714007843286695e-01
5.445527643756674363e-02
1.135394031687124577e-01
2.333625947041122195e-01
2.317827953778605066e-01
1.528594795631804948e-01
1.435002106903039421e-01
1.435002106903039421e-01
1.764421750698643432e-01
2.341938227933816896e-01
-1.640338333661510439e-01
-1.640338333661510439e-01
3.342005007416208595e-03
1.697004174055228298e-01
1.697004174055228298e-01
1.697004174055228298e-01
1.504727181783434287e-01
1.127817081992404935e-01
8.711680726584274115e-02
8.711680726584274115e-02
8.711680726584274115e-02
8.711680726584274115e-02
1.658099945069295422e-01
5.649453590782713142e-03
9.009899764493474461e-02
5.812128541028679235e-02
2.488944311799724460e-02
2.405741314242521370e-02
-5.376023650082486366e-02
-5.714376479433484063e-02
-8.727159923343806580e-02
-1.367417822073858924e-01
-1.367417822073858924e-01
-1.553772140619847641e-01
-2.212037937681736455e-02
-2.212037937681736455e-02
-2.212037937681736455e-02
-2.212037937681736455e-02
1.486434667168859136e-01
1.318373621283379094e-01
9.071407832771971602e-02
9.071407832771971602e-02
1.527536927754677420e-01
1.990860772603753881e-01
1.129310380124298463e-01
2.314631740042365216e-01
2.314631740042365216e-01
1.145224092570602814e-01
1.145224092570602814e-01
2.967684328352181988e-01
1.948525930000076511e-01
1.948525930000076511e-01
1.948525930000076511e-01
1.948525930000076511e-01
1.896329292463405647e-01
1.896329292463405647e-01
1.896329292463405647e-01
1.906849096224416673e-01
1.906849096224416673e-01
1.930995973907888297e-01
1.930995973907888297e-01
1.930995973907888297e-01
1.930995973907888297e-01
1.790392877535872951e-01
1.270977684678588626e-01
1.270977684678588626e-01
2.461041889598699073e-01
2.461041889598699073e-01
2.461041889598699073e-01
2.461041889598699073e-01
2.498219811038269456e-01
2.498219811038269456e-01
-1.969066558350007420e-02
1.029852720166194308e-01
1.029852720166194308e-01
1.264499756826369670e-01
1.354012162171030174e-02
7.175638063916066345e-02
7.175638063916066345e-02
7.175638063916066345e-02
7.175638063916066345e-02
8.347207623339111815e-02
8.347207623339111815e-02
1.188396569996003488e-01
1.188396569996003488e-01
1.188396569996003488e-01
1.188396569996003488e-01
1.188396569996003488e-01
1.188396569996003488e-01
9.008757635204056591e-02
3.013061737012748265e-01
3.013061737012748265e-01
2.991067987746298673e-01
1.996160038432553130e-01
1.879266752492984582e-01
1.879266752492984582e-01
1.879266752492984582e-01
2.851505754289482830e-01
2.324544373367252448e-01
2.324544373367252448e-01
2.324544373367252448e-01
2.324544373367252448e-01
2.324544373367252448e-01
2.324544373367252448e-01
2.074976226932846723e-01
2.074976226932846723e-01
2.074976226932846723e-01
2.074976226932846723e-01
-5.350190469559507056e-02
-5.350190469559507056e-02
-5.350190469559507056e-02
-5.350190469559507056e-02
-5.350190469559507056e-02
-5.350190469559507056e-02
-5.350190469559507056e-02
-2.018328632388589547e-02
7.491574416303921867e-03
7.491574416303921867e-03
7.491574416303921867e-03
7.491574416303921867e-03
7.491574416303921867e-03
6.065518534793609001e-02
7.484664693383909218e-02
3.045348110949138154e-01
3.045348110949138154e-01
3.045348110949138154e-01
2.449932656401592190e-01
2.449932656401592190e-01
2.912071658073440705e-01
2.074811034317284308e-01
2.074811034317284308e-01
2.074811034317284308e-01
2.074811034317284308e-01
2.074811034317284308e-01
2.074811034317284308e-01
2.074811034317284308e-01
2.074811034317284308e-01
2.074811034317284308e-01
2.074811034317284308e-01
2.127043626047387115e-01
2.341781205813475153e-01
2.341781205813475153e-01
2.341781205813475153e-01
2.341781205813475153e-01
2.341781205813475153e-01
2.341781205813475153e-01
2.341781205813475153e-01
2.341781205813475153e-01
1.624496002287934560e-01
1.624496002287934560e-01
1.391104848904840541e-01
1.391104848904840541e-01
1.135761844663387143e-01
1.135761844663387143e-01
1.135761844663387143e-01
1.135761844663387143e-01
2.756507876889935926e-01
2.477506779067422948e-01
2.477506779067422948e-01
1.200623129999344868e-01
1.200623129999344868e-01
1.200623129999344868e-01
1.200623129999344868e-01
1.200623129999344868e-01
1.290132932669147969e-01
1.290132932669147969e-01
1.290132932669147969e-01
1.290132932669147969e-01
1.685731390590076151e-01
4.328571119287434599e-02
4.328571119287434599e-02
4.328571119287434599e-02
4.328571119287434599e-02
4.328571119287434599e-02
4.328571119287434599e-02
4.328571119287434599e-02
4.328571119287434599e-02
4.328571119287434599e-02
1.362650279678940535e-01
2.136264348928352541e-01
2.136264348928352541e-01
2.136264348928352541e-01
2.136264348928352541e-01
2.072419432158347508e-01
9.398301056563929112e-02
9.398301056563929112e-02
1.587185938305637201e-01
1.587185938305637201e-01
1.328078178785996877e-01
1.328078178785996877e-01
1.328078178785996877e-01
1.328078178785996877e-01
1.754019843558755065e-01
1.228635848083902415e-01
1.228635848083902415e-01
1.228635848083902415e-01
1.228635848083902415e-01
1.228635848083902415e-01
1.228635848083902415e-01
2.369733698425285362e-01
2.369733698425285362e-01
1.462811796477446746e-01
1.462811796477446746e-01
2.092163090231663192e-01
2.092163090231663192e-01
2.332812680568102925e-01
2.332812680568102925e-01
8.936283518418616789e-02
8.936283518418616789e-02
8.936283518418616789e-02
1.092597195306076463e-01
1.092597195306076463e-01
9.809976143406479165e-02
9.809976143406479165e-02
9.809976143406479165e-02
1.086519629500041634e-01
1.086519629500041634e-01
1.333359987178310557e-01
1.333359987178310557e-01
1.333359987178310557e-01
1.333359987178310557e-01
1.333359987178310557e-01
2.307649552901194778e-01
1.766765110108357295e-01
1.766765110108357295e-01
1.766765110108357295e-01
2.340118531941675906e-01
2.340118531941675906e-01
2.340118531941675906e-01
2.340118531941675906e-01
1.708302751749111448e-01
9.482096463051523094e-02
1.531075946550203015e-01
1.531075946550203015e-01
2.523926986111720838e-01
2.523926986111720838e-01
2.523926986111720838e-01
2.523926986111720838e-01
2.523926986111720838e-01
2.523926986111720838e-01
2.523926986111720838e-01
2.523926986111720838e-01
2.523926986111720838e-01
2.523926986111720838e-01
8.705349360121324154e-02
2.754436001410222046e-01
2.754436001410222046e-01
2.732629030990023078e-01
8.162612735360194605e-02
8.162612735360194605e-02
8.162612735360194605e-02
8.162612735360194605e-02
8.162612735360194605e-02
8.053072810131349513e-02
1.047689566689896518e-01
1.047689566689896518e-01
1.047689566689896518e-01
1.047689566689896518e-01
1.047689566689896518e-01
1.047689566689896518e-01
1.738258887115278484e-01
1.507299424098046958e-01
1.507299424098046958e-01
4.134583490019669294e-02
4.134583490019669294e-02
4.134583490019669294e-02
-6.805667350792092042e-03
-6.805667350792092042e-03
1.312994756401295593e-01
1.312994756401295593e-01
1.312994756401295593e-01
1.070906172369774506e-01
1.070906172369774506e-01
1.070906172369774506e-01
1.070906172369774506e-01
1.070906172369774506e-01
8.788969150949230147e-02
8.788969150949230147e-02
8.788969150949230147e-02
8.788969150949230147e-02
8.788969150949230147e-02
8.788969150949230147e-02
8.788969150949230147e-02
6.543346803981513193e-02
8.405737774840701948e-02
8.405737774840701948e-02
5.394021818994512024e-02
1.172148316230754161e-01
1.321758861578065103e-01
1.321758861578065103e-01
1.321758861578065103e-01
2.379775861072629117e-01
1.043629511398178888e-01
2.631616905184487251e-02
2.631616905184487251e-02
2.631616905184487251e-02
2.916867702871206447e-02
2.916867702871206447e-02
2.916867702871206447e-02
5.383501840935458332e-02
5.383501840935458332e-02
5.383501840935458332e-02
5.383501840935458332e-02
1.402064970484848960e-01
2.047232506461098833e-01
2.047232506461098833e-01
2.047232506461098833e-01
2.047232506461098833e-01
2.381332443366448171e-01
2.381332443366448171e-01
2.381332443366448171e-01
1.857576796525768625e-02
-3.136264536837314598e-02
-2.829219287635675525e-02
1.574323891647751439e-01
4.345344280574007373e-02
4.345344280574007373e-02
5.387123681890655658e-02
2.505232627462683492e-01
2.886296420072256286e-01
2.494735138717419920e-01
2.494735138717419920e-01
1.876229372801939133e-01
1.876229372801939133e-01
1.876229372801939133e-01
2.131219007735435100e-01
2.131219007735435100e-01
2.131219007735435100e-01
2.131219007735435100e-01
1.292023312336131047e-01
1.292023312336131047e-01
1.392094828388947825e-01
1.392094828388947825e-01
2.352318954297615561e-01
2.049193920149136872e-01
2.049193920149136872e-01
1.291112602674980570e-01
1.291112602674980570e-01
1.291112602674980570e-01
1.291112602674980570e-01
1.291112602674980570e-01
1.288700159358350528e-01
1.288700159358350528e-01
1.288700159358350528e-01
1.288700159358350528e-01
4.750855551309266650e-02
4.750855551309266650e-02
4.750855551309266650e-02
1.158674742878361141e-01
1.158674742878361141e-01
1.158674742878361141e-01
1.873482733096770991e-01
1.873482733096770991e-01
1.873482733096770991e-01
1.211253811896466220e-01
1.138965940271333410e-01
1.075375433734169078e-01
1.075375433734169078e-01
1.075375433734169078e-01
1.075375433734169078e-01
1.047292227233662942e-01
6.955759094300999895e-03
3.178764517152427721e-02
3.178764517152427721e-02
-5.665353648339607057e-02
-5.665353648339607057e-02
-5.665353648339607057e-02
-5.665353648339607057e-02
-5.665353648339607057e-02
8.416164231197909018e-02
-4.264711944463446536e-02
1.000161736849155582e-02
2.063709275377822311e-02
2.063709275377822311e-02
1.902479808642108805e-01
1.902479808642108805e-01
1.820456985652089965e-01
1.619136660971222108e-01
1.619136660971222108e-01
1.619136660971222108e-01
1.870119720199694413e-01
-3.865638718936964535e-02
3.768602971079011710e-02
3.768602971079011710e-02
7.322032461617024313e-02
7.322032461617024313e-02
7.322032461617024313e-02
1.239272425466067702e-02
1.239272425466067702e-02
1.239272425466067702e-02
1.239272425466067702e-02
2.001271830982599420e-01
2.898268238985639011e-01
2.898268238985639011e-01
2.494403636500865662e-01
2.932111894912217687e-01
2.094178259463810032e-01
2.138865928646372094e-01
2.980333308061969277e-01
2.980333308061969277e-01
3.248672716087154244e-01
3.851327564460371722e-01
3.851327564460371722e-01
1.740181705879590979e-01
1.740181705879590979e-01
1.740181705879590979e-01
1.345825761927087472e-01
1.345825761927087472e-01
-1.906558127756965426e-01
-1.102235879488487474e-01
-6.673771074874543241e-02
-6.673771074874543241e-02
4.265531861475907460e-02
4.265531861475907460e-02
5.053033619156175466e-02
-3.184084175160470983e-03
-3.184084175160470983e-03
5.776617949676926544e-02
2.528858482870344898e-02
2.528858482870344898e-02
-5.305808632871801545e-02
-5.305808632871801545e-02
2.143609930284044451e-01
2.143609930284044451e-01
2.143609930284044451e-01
2.143609930284044451e-01
2.143609930284044451e-01
2.143609930284044451e-01
2.143609930284044451e-01
2.153003761296020113e-01
2.153003761296020113e-01
2.011825093574828305e-01
2.011825093574828305e-01
2.011825093574828305e-01
2.011825093574828305e-01
2.011825093574828305e-01
2.011825093574828305e-01
2.011825093574828305e-01
2.011825093574828305e-01
2.011825093574828305e-01
2.011825093574828305e-01
2.011825093574828305e-01
2.011825093574828305e-01
2.011825093574828305e-01
2.049051494741329638e-01
2.049051494741329638e-01
2.049051494741329638e-01
2.053660498804406875e-01
2.053660498804406875e-01
2.053660498804406875e-01
2.053660498804406875e-01
2.053660498804406875e-01
2.053660498804406875e-01
1.891422423550491172e-01
1.891422423550491172e-01
1.891422423550491172e-01
1.891422423550491172e-01
1.891422423550491172e-01
1.856958265139798947e-01
1.856958265139798947e-01
2.032443470443592026e-01
2.032443470443592026e-01
2.032443470443592026e-01
1.556419864244932283e-01
1.523262702403847535e-01
1.523262702403847535e-01
1.523262702403847535e-01
2.509376656312837794e-01
2.509376656312837794e-01
2.509376656312837794e-01
9.556838293039041088e-02
2.365303333713340839e-01
2.365303333713340839e-01
2.639354654526820942e-01
2.639354654526820942e-01
2.409420124333889468e-01
2.409420124333889468e-01
1.790057723975474191e-01
1.790057723975474191e-01
1.790057723975474191e-01
1.881558642528692593e-02
1.881558642528692593e-02
1.881558642528692593e-02
9.018524865120945699e-02
6.516051659158268727e-02
1.268201043260866190e-01
9.194839620341141440e-02
-8.433680040996890601e-04
-8.433680040996890601e-04
-8.433680040996890601e-04
-8.433680040996890601e-04
-8.433680040996890601e-04
-8.433680040996890601e-04
-8.433680040996890601e-04
-8.433680040996890601e-04
-8.433680040996890601e-04
-8.433680040996890601e-04
-8.433680040996890601e-04
-8.433680040996890601e-04
-8.433680040996890601e-04
1.768125868273769802e-02
5.317973389305574727e-02
5.317973389305574727e-02
5.317973389305574727e-02
5.317973389305574727e-02
5.317973389305574727e-02
4.269205788252980471e-02
3.495698708302370783e-02
3.495698708302370783e-02
3.495698708302370783e-02
3.495698708302370783e-02
3.822572440540234623e-02
3.822572440540234623e-02
3.822572440540234623e-02
4.047447597505918204e-02
2.900276665100498877e-02
1.205596983816464157e-01
1.205596983816464157e-01
2.332111436949609873e-01
2.332111436949609873e-01
4.708772410652471013e-02
1.669865391360004503e-01
1.669865391360004503e-01
1.669865391360004503e-01
2.687697922499430181e-01
2.687697922499430181e-01
1.880284391194711469e-01
1.598751694163865478e-01
1.598751694163865478e-01
1.598751694163865478e-01
1.598751694163865478e-01
1.705918014625909807e-01
1.705918014625909807e-01
1.705918014625909807e-01
1.705918014625909807e-01
9.486235474634363563e-02
9.486235474634363563e-02
5.646365006599482483e-02
5.646365006599482483e-02
5.646365006599482483e-02
5.646365006599482483e-02
5.646365006599482483e-02
7.525965189222914853e-02
7.525965189222914853e-02
7.525965189222914853e-02
7.525965189222914853e-02
2.402846905959490076e-01
2.402846905959490076e-01
2.402846905959490076e-01
2.446343718241508480e-01
2.446343718241508480e-01
2.446343718241508480e-01
3.116170415083671652e-01
3.116170415083671652e-01
3.116170415083671652e-01
3.116170415083671652e-01
3.116170415083671652e-01
2.292932494797425280e-01
2.692256652031553288e-01
2.692256652031553288e-01
2.692256652031553288e-01
2.297500984578854932e-01
2.297500984578854932e-01
2.422515299639426412e-01
2.422515299639426412e-01
2.422515299639426412e-01
2.422515299639426412e-01
2.422515299639426412e-01
2.422515299639426412e-01
2.422515299639426412e-01
1.772468794228181932e-01
1.772468794228181932e-01
1.772468794228181932e-01
1.772468794228181932e-01
2.376050954521273517e-01
2.310010924291459877e-01
2.310010924291459877e-01
1.797092038043828777e-01
8.314645417287834517e-02
8.314645417287834517e-02
8.314645417287834517e-02
6.359805402245001515e-02
6.359805402245001515e-02
7.250353352526109352e-02
3.375321333918949313e-02
3.375321333918949313e-02
3.375321333918949313e-02
3.375321333918949313e-02
-3.071056716025326230e-03
-5.824093729888964177e-02
-5.824093729888964177e-02
-5.824093729888964177e-02
-5.824093729888964177e-02
-5.824093729888964177e-02
-5.824093729888964177e-02
-2.739820268217420252e-02
-2.739820268217420252e-02
-2.739820268217420252e-02
-2.739820268217420252e-02
6.710302697961378904e-02
1.892633151527335720e-03
1.892633151527335720e-03
1.892633151527335720e-03
-1.691479964904822608e-02
-9.845856375432178453e-02
-9.845856375432178453e-02
-9.845856375432178453e-02
-9.845856375432178453e-02
-2.090321047639377358e-02
-2.090321047639377358e-02
6.561675276890720221e-02
6.561675276890720221e-02
6.561675276890720221e-02
6.561675276890720221e-02
6.561675276890720221e-02
1.881267518604611000e-01
1.881267518604611000e-01
2.058068108215516390e-01
-2.261932376628364091e-02
-2.261932376628364091e-02
-2.261932376628364091e-02
1.524661648327065855e-01
1.524661648327065855e-01
1.524661648327065855e-01
1.524661648327065855e-01
1.524661648327065855e-01
1.524661648327065855e-01
1.524661648327065855e-01
8.272656208835840741e-02
8.272656208835840741e-02
8.272656208835840741e-02
4.371886598709016913e-02
4.371886598709016913e-02
2.127925575194021257e-01
-5.468277465879229499e-02
-5.468277465879229499e-02
-5.468277465879229499e-02
8.307131740673160541e-03
8.307131740673160541e-03
8.307131740673160541e-03
8.307131740673160541e-03
8.307131740673160541e-03
8.307131740673160541e-03
8.307131740673160541e-03
8.307131740673160541e-03
5.770695933778905579e-02
2.477406134075416655e-01
1.872652821464927120e-01
1.872652821464927120e-01
1.872652821464927120e-01
-3.186518546374372818e-02
-3.186518546374372818e-02
-3.186518546374372818e-02
-3.186518546374372818e-02
-1.231341993628329474e-02
-1.231341993628329474e-02
-1.231341993628329474e-02
-1.231341993628329474e-02
5.848780935964004168e-02
5.848780935964004168e-02
5.848780935964004168e-02
5.848780935964004168e-02
5.354325434591532956e-02
7.953158810801202322e-03
7.953158810801202322e-03
4.115441328805469201e-02
1.329829328576847408e-02
1.329829328576847408e-02
-3.058944252897465368e-02
-3.058944252897465368e-02
-3.058944252897465368e-02
-3.058944252897465368e-02
-3.058944252897465368e-02
-2.675596694958269628e-02
-2.675596694958269628e-02
-2.675596694958269628e-02
-2.675596694958269628e-02
1.672657275318244555e-02
1.672657275318244555e-02
1.672657275318244555e-02
1.672657275318244555e-02
1.672657275318244555e-02
-5.794913942202556401e-02
-5.794913942202556401e-02
-5.794913942202556401e-02
-5.794913942202556401e-02
-5.794913942202556401e-02
2.653533255305297670e-02
-7.167179225238916145e-03
-7.167179225238916145e-03
-7.167179225238916145e-03
-7.167179225238916145e-03
-7.167179225238916145e-03
1.111728077547356891e-01
4.630756491373926725e-02
4.630756491373926725e-02
4.630756491373926725e-02
4.630756491373926725e-02
4.630756491373926725e-02
4.630756491373926725e-02
4.630756491373926725e-02
4.630756491373926725e-02
4.630756491373926725e-02
4.630756491373926725e-02
4.630756491373926725e-02
1.511092162756258184e-01
2.314384144243037678e-01
2.229879150055568138e-01
2.229879150055568138e-01
2.229879150055568138e-01
2.229879150055568138e-01
1.917618455540770483e-01
1.917618455540770483e-01
1.089736076854562752e-01
2.092748965316298393e-01
3.601393619230901233e-02
3.601393619230901233e-02
3.601393619230901233e-02
4.834593994406597567e-02
6.995147346302098279e-02
6.995147346302098279e-02
6.995147346302098279e-02
1.088262631731638508e-01
1.193843369506536883e-01
1.813989989665433233e-01
1.467842335200250647e-01
1.467842335200250647e-01
1.467842335200250647e-01
1.467842335200250647e-01
1.039305325437122757e-01
2.176245225902198044e-01
2.176245225902198044e-01
2.176245225902198044e-01
2.112764736757481998e-01
2.112764736757481998e-01
2.496934659068365814e-01
1.826809196294084392e-01
1.826809196294084392e-01
1.826809196294084392e-01
1.826809196294084392e-01
2.684531332515457600e-02
2.388403365561063696e-01
1.049987441091792401e-01
1.049987441091792401e-01
1.049987441091792401e-01
8.454831143749767797e-02
8.454831143749767797e-02
8.454831143749767797e-02
8.454831143749767797e-02
8.454831143749767797e-02
8.454831143749767797e-02
8.670278174800863380e-02
8.670278174800863380e-02
1.287140141986093389e-01
1.287140141986093389e-01
1.287140141986093389e-01
1.287140141986093389e-01
1.287140141986093389e-01
1.042642212401661411e-01
1.042642212401661411e-01
1.042642212401661411e-01
1.042642212401661411e-01
1.042642212401661411e-01
1.350296905513185541e-01
1.100563322760511470e-01
1.100563322760511470e-01
1.100563322760511470e-01
2.115328683021678868e-01
2.115328683021678868e-01
1.911088003100954169e-01
1.911088003100954169e-01
6.501496039870291455e-02
6.892120705916834900e-02
6.892120705916834900e-02
6.892120705916834900e-02
6.892120705916834900e-02
6.892120705916834900e-02
2.380971246533829522e-01
2.380971246533829522e-01
2.380971246533829522e-01
2.380971246533829522e-01
2.380971246533829522e-01
2.185257234937003912e-01
7.210432425259545586e-02
7.210432425259545586e-02
1.268701025856406317e-01
1.746080161670366115e-01
1.746080161670366115e-01
9.125254213483616206e-02
9.125254213483616206e-02
2.216721949941720671e-01
2.216721949941720671e-01
2.387951223150618918e-01
2.387951223150618918e-01
2.387951223150618918e-01
2.387951223150618918e-01
2.387951223150618918e-01
1.582521390010416806e-01
1.582521390010416806e-01
1.582521390010416806e-01
1.582521390010416806e-01
1.582521390010416806e-01
1.582521390010416806e-01
7.198803291343418287e-02
7.198803291343418287e-02
7.198803291343418287e-02
1.425017334515752722e-02
1.425017334515752722e-02
5.950442147987010377e-02
5.950442147987010377e-02
1.120573101390173187e-01
1.442878637599028790e-01
1.442878637599028790e-01
1.442878637599028790e-01
2.103779889858760355e-01
2.761623351635904555e-01
2.649505225367641548e-01
2.649505225367641548e-01
1.910902887892858559e-01
1.910902887892858559e-01
1.786598299605819395e-01
2.009009196840012557e-01
2.009009196840012557e-01
2.009009196840012557e-01
2.009009196840012557e-01
2.009009196840012557e-01
2.009009196840012557e-01
2.377707274991278652e-01
2.222556131923423273e-01
2.222556131923423273e-01
2.222556131923423273e-01
2.222556131923423273e-01
2.222556131923423273e-01
2.335703584135223332e-01
2.335703584135223332e-01
2.335703584135223332e-01
2.479640613726961373e-01
1.194706810923133605e-01
1.194706810923133605e-01
4.992932223977628037e-02
4.992932223977628037e-02
4.992932223977628037e-02
4.992932223977628037e-02
4.992932223977628037e-02
1.993606261350936992e-01
1.273612255043822528e-02
1.273612255043822528e-02
1.327904700222204137e-01
3.692215832619079319e-02
3.692215832619079319e-02
3.692215832619079319e-02
3.692215832619079319e-02
1.080030965218788386e-01
1.080030965218788386e-01
2.423879831642342664e-01
2.423879831642342664e-01
