# Variable: dg_gbvi_00000003
# Sample shape: (2565,)
# Date: 2013-03-08 06:18:13.509669
6.421025312224567724e-03
1.094144584078517342e-02
-4.916284016671969015e-01
-4.425782618654330869e-01
-1.085798589128818548e-01
-1.085798589128818548e-01
-1.085798589128818548e-01
1.225722056255839076e+00
1.225722056255839076e+00
1.225722056255839076e+00
1.225722056255839076e+00
1.225722056255839076e+00
1.225722056255839076e+00
1.225722056255839076e+00
1.225722056255839076e+00
1.206336501033325126e+00
1.206336501033325126e+00
1.206336501033325126e+00
1.206336501033325126e+00
1.137867732323232239e+00
9.495867578932627451e-01
1.080778619392539719e+00
1.080778619392539719e+00
1.021159228767630323e+00
1.021159228767630323e+00
1.021159228767630323e+00
1.021159228767630323e+00
1.021159228767630323e+00
1.021159228767630323e+00
1.021159228767630323e+00
1.021159228767630323e+00
1.021159228767630323e+00
1.021159228767630323e+00
1.021159228767630323e+00
1.021159228767630323e+00
1.021159228767630323e+00
1.021159228767630323e+00
1.157139347169093835e+00
1.157139347169093835e+00
1.157139347169093835e+00
1.157139347169093835e+00
1.157139347169093835e+00
9.718441851499844963e-01
9.718441851499844963e-01
9.196593138045522364e-01
1.127184851121560527e+00
1.127184851121560527e+00
9.674996810513077916e-01
9.674996810513077916e-01
9.674996810513077916e-01
9.674996810513077916e-01
9.674996810513077916e-01
9.674996810513077916e-01
9.674996810513077916e-01
9.674996810513077916e-01
9.674996810513077916e-01
1.003767775176494847e+00
1.003767775176494847e+00
1.003767775176494847e+00
1.003767775176494847e+00
1.003767775176494847e+00
1.003767775176494847e+00
1.003767775176494847e+00
9.586573701243332746e-01
9.586573701243332746e-01
9.586573701243332746e-01
9.586573701243332746e-01
9.586573701243332746e-01
9.586573701243332746e-01
9.586573701243332746e-01
9.586573701243332746e-01
9.586573701243332746e-01
9.731775508073045033e-01
1.034383989911960899e+00
1.034383989911960899e+00
1.034383989911960899e+00
1.034383989911960899e+00
1.034383989911960899e+00
1.034383989911960899e+00
1.034383989911960899e+00
1.034383989911960899e+00
1.034383989911960899e+00
1.034383989911960899e+00
1.034383989911960899e+00
9.166981056240558479e-01
9.166981056240558479e-01
9.166981056240558479e-01
9.166981056240558479e-01
9.166981056240558479e-01
9.166981056240558479e-01
1.103426617852102831e+00
1.103426617852102831e+00
1.103426617852102831e+00
1.103426617852102831e+00
1.103426617852102831e+00
1.015040475120546182e+00
1.015040475120546182e+00
1.015040475120546182e+00
1.015040475120546182e+00
1.015040475120546182e+00
1.015040475120546182e+00
9.882145302913343254e-01
9.882145302913343254e-01
9.882145302913343254e-01
9.882145302913343254e-01
9.882145302913343254e-01
9.882145302913343254e-01
9.882145302913343254e-01
9.882145302913343254e-01
9.882145302913343254e-01
9.882145302913343254e-01
9.882145302913343254e-01
9.882145302913343254e-01
9.882145302913343254e-01
9.882145302913343254e-01
9.882145302913343254e-01
9.882145302913343254e-01
9.882145302913343254e-01
9.882145302913343254e-01
9.882145302913343254e-01
9.882145302913343254e-01
9.882145302913343254e-01
9.882145302913343254e-01
9.648726682435316837e-01
9.648726682435316837e-01
9.648726682435316837e-01
9.648726682435316837e-01
9.648726682435316837e-01
9.648726682435316837e-01
9.648726682435316837e-01
9.648726682435316837e-01
1.009018127179588831e+00
1.009018127179588831e+00
9.868042549235267469e-01
9.868042549235267469e-01
9.868042549235267469e-01
9.868042549235267469e-01
9.868042549235267469e-01
9.883916917789314915e-01
1.041419462024008036e+00
1.217025883511358764e+00
1.217025883511358764e+00
1.237865583335552966e+00
1.237865583335552966e+00
1.237865583335552966e+00
1.237865583335552966e+00
9.918727661488581093e-01
9.918727661488581093e-01
9.918727661488581093e-01
9.918727661488581093e-01
9.918727661488581093e-01
1.077937525860771073e+00
1.077937525860771073e+00
1.077937525860771073e+00
1.077937525860771073e+00
1.077937525860771073e+00
1.077937525860771073e+00
1.077937525860771073e+00
1.077937525860771073e+00
1.177249603618367502e+00
1.177249603618367502e+00
1.177249603618367502e+00
1.177249603618367502e+00
1.177249603618367502e+00
1.177249603618367502e+00
1.177249603618367502e+00
1.177249603618367502e+00
9.521291474818291967e-01
9.521291474818291967e-01
9.521291474818291967e-01
9.521291474818291967e-01
9.521291474818291967e-01
9.521291474818291967e-01
1.020857384442233062e+00
1.020857384442233062e+00
1.020857384442233062e+00
1.047444281164165103e+00
1.047444281164165103e+00
1.047444281164165103e+00
1.047444281164165103e+00
1.047444281164165103e+00
1.047444281164165103e+00
1.047444281164165103e+00
1.047444281164165103e+00
1.062101378840293320e+00
1.051685551393663598e+00
1.051685551393663598e+00
1.051685551393663598e+00
1.051685551393663598e+00
1.051685551393663598e+00
1.051685551393663598e+00
1.051685551393663598e+00
1.051685551393663598e+00
1.051685551393663598e+00
1.051685551393663598e+00
1.051685551393663598e+00
1.051685551393663598e+00
1.051685551393663598e+00
9.422020802339788892e-01
9.422020802339788892e-01
9.422020802339788892e-01
9.422020802339788892e-01
9.422020802339788892e-01
9.422020802339788892e-01
9.422020802339788892e-01
1.040360940914987209e+00
1.040360940914987209e+00
1.040360940914987209e+00
1.040360940914987209e+00
1.040360940914987209e+00
1.040360940914987209e+00
1.040360940914987209e+00
1.040360940914987209e+00
1.040360940914987209e+00
1.040360940914987209e+00
1.040360940914987209e+00
1.040360940914987209e+00
1.040360940914987209e+00
1.040360940914987209e+00
1.000371961151151901e+00
1.000371961151151901e+00
1.000371961151151901e+00
1.000371961151151901e+00
1.000371961151151901e+00
1.024737298296245047e+00
1.024737298296245047e+00
1.087779522804890320e+00
1.087779522804890320e+00
1.087779522804890320e+00
1.087779522804890320e+00
1.087779522804890320e+00
1.087779522804890320e+00
1.087779522804890320e+00
1.087779522804890320e+00
1.087779522804890320e+00
1.087779522804890320e+00
1.088960053275996653e+00
1.088960053275996653e+00
1.088960053275996653e+00
1.137636988961808537e+00
1.137636988961808537e+00
1.137636988961808537e+00
1.045629506136535714e+00
1.045629506136535714e+00
1.045629506136535714e+00
1.045629506136535714e+00
1.084726355274801657e+00
1.058088911624610828e+00
1.058088911624610828e+00
1.058088911624610828e+00
1.058088911624610828e+00
1.058088911624610828e+00
1.058088911624610828e+00
1.058088911624610828e+00
1.051407231786242624e+00
1.051407231786242624e+00
1.051407231786242624e+00
1.051407231786242624e+00
8.503369380496706986e-01
8.503369380496706986e-01
8.503369380496706986e-01
9.409419047522913360e-01
8.796648065510117576e-01
8.393433438058796048e-01
8.393433438058796048e-01
8.393433438058796048e-01
8.393433438058796048e-01
1.017376096793679796e+00
1.017376096793679796e+00
1.017376096793679796e+00
1.017376096793679796e+00
1.017376096793679796e+00
1.017376096793679796e+00
1.017376096793679796e+00
9.900248216547005153e-01
9.900248216547005153e-01
9.900248216547005153e-01
9.900248216547005153e-01
9.900248216547005153e-01
9.900248216547005153e-01
9.431300984000561272e-01
9.431300984000561272e-01
9.431300984000561272e-01
1.083874682707562265e+00
1.083874682707562265e+00
1.083874682707562265e+00
9.520882903776375361e-01
9.520882903776375361e-01
9.520882903776375361e-01
9.520882903776375361e-01
9.520882903776375361e-01
9.520882903776375361e-01
9.520882903776375361e-01
9.520882903776375361e-01
9.520882903776375361e-01
9.520882903776375361e-01
1.016425030794339435e+00
1.016425030794339435e+00
1.032233168332627349e+00
1.032233168332627349e+00
1.032233168332627349e+00
1.022053238976341039e+00
1.022053238976341039e+00
1.022053238976341039e+00
1.022053238976341039e+00
1.022053238976341039e+00
1.022053238976341039e+00
1.022053238976341039e+00
1.022053238976341039e+00
1.022053238976341039e+00
1.022053238976341039e+00
1.036974247461127430e+00
1.036974247461127430e+00
1.093103188510020418e+00
1.001977041353722120e+00
1.001977041353722120e+00
1.001977041353722120e+00
1.001977041353722120e+00
1.001977041353722120e+00
1.039365602328645943e+00
1.039365602328645943e+00
1.039365602328645943e+00
1.039365602328645943e+00
1.039365602328645943e+00
1.039365602328645943e+00
1.039365602328645943e+00
1.039365602328645943e+00
1.039365602328645943e+00
1.039365602328645943e+00
1.091803769370992327e+00
1.091803769370992327e+00
1.091803769370992327e+00
1.091803769370992327e+00
9.550079369163159138e-01
9.550079369163159138e-01
9.416184327135331822e-01
9.416184327135331822e-01
9.416184327135331822e-01
9.416184327135331822e-01
8.940241423602381943e-01
8.940241423602381943e-01
9.419137838316431477e-01
9.419137838316431477e-01
9.419137838316431477e-01
9.419137838316431477e-01
9.419137838316431477e-01
9.419137838316431477e-01
9.419137838316431477e-01
1.049455730230320238e+00
1.049455730230320238e+00
9.967735019093557636e-01
1.152232562142815109e+00
1.152232562142815109e+00
1.152232562142815109e+00
1.114396277217931219e+00
1.114396277217931219e+00
1.114396277217931219e+00
1.114396277217931219e+00
1.121144739279692937e+00
1.121144739279692937e+00
1.121144739279692937e+00
1.121144739279692937e+00
1.121144739279692937e+00
1.121144739279692937e+00
1.121144739279692937e+00
1.121144739279692937e+00
1.121144739279692937e+00
1.121144739279692937e+00
1.121144739279692937e+00
1.121144739279692937e+00
1.121144739279692937e+00
1.123389655788122887e+00
1.123738434923813090e+00
1.123738434923813090e+00
1.123738434923813090e+00
1.123738434923813090e+00
1.123738434923813090e+00
1.123738434923813090e+00
1.123738434923813090e+00
1.123738434923813090e+00
1.050160431835404529e+00
1.050160431835404529e+00
1.050160431835404529e+00
1.050160431835404529e+00
1.050160431835404529e+00
1.050160431835404529e+00
1.050160431835404529e+00
1.050160431835404529e+00
1.050160431835404529e+00
1.050160431835404529e+00
1.050160431835404529e+00
1.050160431835404529e+00
1.050160431835404529e+00
1.050160431835404529e+00
1.050160431835404529e+00
1.050160431835404529e+00
1.050160431835404529e+00
1.050160431835404529e+00
1.050160431835404529e+00
1.050160431835404529e+00
1.050160431835404529e+00
1.050160431835404529e+00
1.069370915386825827e+00
1.069370915386825827e+00
1.069370915386825827e+00
1.069370915386825827e+00
1.069370915386825827e+00
1.069370915386825827e+00
1.069370915386825827e+00
1.069370915386825827e+00
9.473791186561202338e-01
9.473791186561202338e-01
9.345416042017840041e-01
9.345416042017840041e-01
9.345416042017840041e-01
9.799277287860197472e-01
9.050758054834264765e-01
9.050758054834264765e-01
9.151084827222932816e-01
9.151084827222932816e-01
9.151084827222932816e-01
9.571422281214368999e-01
9.571422281214368999e-01
9.571422281214368999e-01
9.571422281214368999e-01
9.571422281214368999e-01
9.274617203311967817e-01
9.274617203311967817e-01
9.274617203311967817e-01
9.274617203311967817e-01
9.274617203311967817e-01
9.248042774778760799e-01
9.786778568670464473e-01
9.786778568670464473e-01
9.786778568670464473e-01
9.786778568670464473e-01
9.652413399530348492e-01
9.652413399530348492e-01
9.652413399530348492e-01
1.020321408010435027e+00
1.020321408010435027e+00
1.020321408010435027e+00
1.020321408010435027e+00
1.031626969420923912e+00
1.031626969420923912e+00
1.015752644622253786e+00
1.015752644622253786e+00
1.015752644622253786e+00
1.015752644622253786e+00
1.015752644622253786e+00
1.015752644622253786e+00
1.015752644622253786e+00
1.015752644622253786e+00
9.968970983428694366e-01
8.858068949765828259e-01
8.858068949765828259e-01
9.895154353881087106e-01
9.895154353881087106e-01
9.895154353881087106e-01
9.895154353881087106e-01
9.895154353881087106e-01
9.468487268104267551e-01
9.468487268104267551e-01
9.960931690914113235e-01
9.956423492689246979e-01
9.956423492689246979e-01
9.956423492689246979e-01
9.956423492689246979e-01
9.974449592118360686e-01
9.974449592118360686e-01
9.974449592118360686e-01
9.974449592118360686e-01
9.974449592118360686e-01
9.974449592118360686e-01
1.059538566624649292e+00
9.585388015766445058e-01
9.585388015766445058e-01
9.585388015766445058e-01
9.585388015766445058e-01
9.141979972647290564e-01
9.141979972647290564e-01
9.141979972647290564e-01
9.141979972647290564e-01
9.141979972647290564e-01
9.141979972647290564e-01
9.141979972647290564e-01
9.141979972647290564e-01
9.141979972647290564e-01
9.141979972647290564e-01
9.141979972647290564e-01
1.015977543951522621e+00
1.015977543951522621e+00
1.015977543951522621e+00
1.015977543951522621e+00
1.015977543951522621e+00
1.015977543951522621e+00
1.015977543951522621e+00
1.015977543951522621e+00
9.543343900452216921e-01
1.066448042670167240e+00
1.066448042670167240e+00
1.066448042670167240e+00
1.066448042670167240e+00
1.066448042670167240e+00
1.066448042670167240e+00
1.066448042670167240e+00
1.066448042670167240e+00
1.066448042670167240e+00
1.066448042670167240e+00
1.066448042670167240e+00
1.066448042670167240e+00
1.066448042670167240e+00
8.660738989916888508e-01
8.660738989916888508e-01
8.660738989916888508e-01
8.660738989916888508e-01
8.660738989916888508e-01
8.660738989916888508e-01
8.660738989916888508e-01
8.660738989916888508e-01
8.660738989916888508e-01
8.660738989916888508e-01
8.660738989916888508e-01
8.660738989916888508e-01
1.027328060147727706e+00
1.027328060147727706e+00
9.192694185245007255e-01
9.192694185245007255e-01
9.192694185245007255e-01
9.192694185245007255e-01
9.192694185245007255e-01
1.048013389627538983e+00
1.048013389627538983e+00
1.040580863911285014e+00
1.075195363709758434e+00
1.075195363709758434e+00
9.059649132129186100e-01
9.059649132129186100e-01
9.059649132129186100e-01
9.059649132129186100e-01
9.059649132129186100e-01
9.059649132129186100e-01
9.059649132129186100e-01
9.059649132129186100e-01
9.059649132129186100e-01
9.059649132129186100e-01
9.059649132129186100e-01
9.059649132129186100e-01
9.059649132129186100e-01
9.059649132129186100e-01
9.059649132129186100e-01
9.604691842111253708e-01
9.604691842111253708e-01
9.604691842111253708e-01
9.604691842111253708e-01
9.604691842111253708e-01
9.604691842111253708e-01
9.604691842111253708e-01
9.604691842111253708e-01
9.604691842111253708e-01
9.604691842111253708e-01
9.604691842111253708e-01
9.604691842111253708e-01
9.604691842111253708e-01
9.604691842111253708e-01
9.979620955648627056e-01
9.979620955648627056e-01
9.979620955648627056e-01
9.979620955648627056e-01
9.979620955648627056e-01
9.979620955648627056e-01
1.071115400904111503e+00
1.071115400904111503e+00
1.071115400904111503e+00
1.042314575176327862e+00
1.042314575176327862e+00
1.054767893536781909e+00
1.054767893536781909e+00
1.069753387090479846e+00
1.069753387090479846e+00
1.069753387090479846e+00
1.069753387090479846e+00
1.069753387090479846e+00
1.069753387090479846e+00
1.069753387090479846e+00
1.046556574327843769e+00
1.046556574327843769e+00
1.046556574327843769e+00
1.046556574327843769e+00
1.046556574327843769e+00
1.046556574327843769e+00
1.046556574327843769e+00
1.046556574327843769e+00
1.046556574327843769e+00
1.046556574327843769e+00
1.046556574327843769e+00
1.046556574327843769e+00
1.030715887922383223e+00
1.030715887922383223e+00
7.706378561792381898e-01
7.706378561792381898e-01
1.042160411733763503e+00
1.042160411733763503e+00
1.042160411733763503e+00
1.042160411733763503e+00
1.042160411733763503e+00
1.042160411733763503e+00
1.042160411733763503e+00
1.008260511169498885e+00
1.008260511169498885e+00
9.426090486001439395e-01
9.426090486001439395e-01
9.426090486001439395e-01
9.426090486001439395e-01
9.426090486001439395e-01
9.426090486001439395e-01
9.567156305909328973e-01
9.567156305909328973e-01
9.809916899404829138e-01
9.809916899404829138e-01
9.809916899404829138e-01
9.809916899404829138e-01
9.809916899404829138e-01
9.809916899404829138e-01
9.809916899404829138e-01
9.809916899404829138e-01
9.809916899404829138e-01
9.809916899404829138e-01
9.809916899404829138e-01
9.809916899404829138e-01
1.005836529381913813e+00
1.005836529381913813e+00
1.005836529381913813e+00
1.005836529381913813e+00
1.051260347714006782e+00
1.051260347714006782e+00
1.028301730750612597e+00
1.028301730750612597e+00
1.028301730750612597e+00
1.028301730750612597e+00
1.028301730750612597e+00
1.028301730750612597e+00
1.028301730750612597e+00
1.028301730750612597e+00
1.028301730750612597e+00
1.028301730750612597e+00
9.065928066430261056e-01
9.468860264844527475e-01
8.977975726462926742e-01
8.977975726462926742e-01
8.977975726462926742e-01
8.977975726462926742e-01
8.977975726462926742e-01
8.977975726462926742e-01
8.977975726462926742e-01
8.977975726462926742e-01
1.081930825001144791e+00
1.081930825001144791e+00
1.081930825001144791e+00
1.081930825001144791e+00
1.081930825001144791e+00
1.081930825001144791e+00
1.081930825001144791e+00
1.081930825001144791e+00
1.081930825001144791e+00
1.081930825001144791e+00
1.081930825001144791e+00
1.081930825001144791e+00
1.081930825001144791e+00
1.081930825001144791e+00
1.065386727713377280e+00
1.065386727713377280e+00
1.065386727713377280e+00
1.003079493145733192e+00
1.003079493145733192e+00
1.003079493145733192e+00
1.003079493145733192e+00
1.003079493145733192e+00
1.011497250211577326e+00
1.011497250211577326e+00
1.011497250211577326e+00
1.011497250211577326e+00
1.011497250211577326e+00
1.011497250211577326e+00
9.572436608058564333e-01
9.572436608058564333e-01
9.572436608058564333e-01
9.572436608058564333e-01
9.572436608058564333e-01
9.572436608058564333e-01
9.572436608058564333e-01
9.572436608058564333e-01
9.664467811476025183e-01
9.664467811476025183e-01
9.664467811476025183e-01
1.001471009519742772e+00
1.066427771513846823e+00
1.066427771513846823e+00
1.018425388689001787e+00
1.068040612481560458e+00
1.068040612481560458e+00
1.058462472142893018e+00
1.058462472142893018e+00
1.058462472142893018e+00
1.045918412062523339e+00
1.045918412062523339e+00
1.045918412062523339e+00
1.045918412062523339e+00
1.045918412062523339e+00
1.034533237816051443e+00
1.034533237816051443e+00
1.034533237816051443e+00
1.034533237816051443e+00
1.034533237816051443e+00
1.034533237816051443e+00
1.034533237816051443e+00
1.034533237816051443e+00
1.034533237816051443e+00
1.034533237816051443e+00
1.031610037833116555e+00
1.031610037833116555e+00
1.031610037833116555e+00
1.031610037833116555e+00
1.031610037833116555e+00
1.031610037833116555e+00
1.031610037833116555e+00
1.031610037833116555e+00
1.031610037833116555e+00
1.031610037833116555e+00
1.031610037833116555e+00
1.031610037833116555e+00
1.031610037833116555e+00
1.031610037833116555e+00
1.031610037833116555e+00
1.031610037833116555e+00
1.031610037833116555e+00
1.031610037833116555e+00
1.031610037833116555e+00
1.031610037833116555e+00
1.031610037833116555e+00
1.047309818376219726e+00
1.047309818376219726e+00
1.047309818376219726e+00
1.047309818376219726e+00
1.058211857737235473e+00
1.058211857737235473e+00
1.058211857737235473e+00
1.058211857737235473e+00
1.058211857737235473e+00
1.058211857737235473e+00
1.018989748789268290e+00
1.018989748789268290e+00
1.018989748789268290e+00
1.018989748789268290e+00
1.018989748789268290e+00
1.018989748789268290e+00
1.018989748789268290e+00
1.018989748789268290e+00
1.018989748789268290e+00
1.018989748789268290e+00
1.018989748789268290e+00
1.018989748789268290e+00
1.018989748789268290e+00
1.018989748789268290e+00
1.018989748789268290e+00
1.018989748789268290e+00
1.018989748789268290e+00
1.018989748789268290e+00
9.154614932933724525e-01
1.043270655094829191e+00
1.043270655094829191e+00
1.115300479855033666e+00
1.115300479855033666e+00
1.115300479855033666e+00
1.115300479855033666e+00
1.115300479855033666e+00
1.115300479855033666e+00
1.115300479855033666e+00
1.115300479855033666e+00
1.115300479855033666e+00
1.115300479855033666e+00
1.115300479855033666e+00
1.115300479855033666e+00
1.115300479855033666e+00
1.115300479855033666e+00
1.115300479855033666e+00
1.115300479855033666e+00
1.115300479855033666e+00
1.000110015870954827e+00
1.000110015870954827e+00
1.000110015870954827e+00
1.000110015870954827e+00
9.522939814975820427e-01
9.522939814975820427e-01
9.522939814975820427e-01
1.045450105591413159e+00
1.045450105591413159e+00
1.045450105591413159e+00
1.045450105591413159e+00
1.045450105591413159e+00
1.045450105591413159e+00
1.045450105591413159e+00
9.539766926841108940e-01
9.539766926841108940e-01
9.539766926841108940e-01
9.539766926841108940e-01
9.539766926841108940e-01
9.539766926841108940e-01
9.702385616190464246e-01
9.702385616190464246e-01
9.702385616190464246e-01
9.702385616190464246e-01
9.702385616190464246e-01
9.702385616190464246e-01
9.702385616190464246e-01
9.702385616190464246e-01
9.651206375414448368e-01
1.082384518237841320e+00
1.082384518237841320e+00
1.082384518237841320e+00
1.046636020418235669e+00
1.046636020418235669e+00
1.046636020418235669e+00
1.046636020418235669e+00
9.874101552013694327e-01
9.645028255533302231e-01
9.645028255533302231e-01
9.645028255533302231e-01
9.645028255533302231e-01
9.645028255533302231e-01
9.645028255533302231e-01
9.645028255533302231e-01
1.067941656544652895e+00
1.067941656544652895e+00
1.067941656544652895e+00
1.067941656544652895e+00
1.114884072374066504e+00
1.114884072374066504e+00
1.114884072374066504e+00
1.114884072374066504e+00
1.086046001545414974e+00
1.086046001545414974e+00
1.086046001545414974e+00
1.086046001545414974e+00
1.082295384408510364e+00
1.101927177897668697e+00
1.101927177897668697e+00
1.101927177897668697e+00
1.101927177897668697e+00
1.101927177897668697e+00
1.101927177897668697e+00
1.101927177897668697e+00
1.101927177897668697e+00
1.101927177897668697e+00
1.101927177897668697e+00
1.101927177897668697e+00
1.101927177897668697e+00
1.101927177897668697e+00
1.101927177897668697e+00
1.101927177897668697e+00
1.101927177897668697e+00
1.101927177897668697e+00
1.101927177897668697e+00
1.062256390164899145e+00
1.062256390164899145e+00
1.074264107669088419e+00
1.074264107669088419e+00
1.074264107669088419e+00
1.074264107669088419e+00
1.074264107669088419e+00
1.074264107669088419e+00
1.074264107669088419e+00
1.074264107669088419e+00
9.162117229613745417e-01
9.162117229613745417e-01
1.027103644526348392e+00
9.276957570904961203e-01
9.276957570904961203e-01
9.276957570904961203e-01
9.276957570904961203e-01
9.863791378601181048e-01
1.026768051304055351e+00
9.801506908950401442e-01
9.801506908950401442e-01
9.563548327293389661e-01
9.563548327293389661e-01
9.563548327293389661e-01
9.563548327293389661e-01
9.563548327293389661e-01
9.563548327293389661e-01
9.563548327293389661e-01
9.563548327293389661e-01
9.563548327293389661e-01
9.563548327293389661e-01
9.563548327293389661e-01
9.563548327293389661e-01
9.563548327293389661e-01
9.563548327293389661e-01
9.563548327293389661e-01
9.563548327293389661e-01
9.563548327293389661e-01
9.563548327293389661e-01
9.563548327293389661e-01
9.563548327293389661e-01
9.563548327293389661e-01
9.563548327293389661e-01
9.563548327293389661e-01
9.563548327293389661e-01
9.306461149235429886e-01
9.306461149235429886e-01
9.306461149235429886e-01
9.805059031449216977e-01
9.805059031449216977e-01
9.754428077407786279e-01
1.015213735468464495e+00
1.015213735468464495e+00
1.015213735468464495e+00
1.015213735468464495e+00
1.015213735468464495e+00
1.015213735468464495e+00
1.015213735468464495e+00
9.317009230806534426e-01
9.317009230806534426e-01
9.317009230806534426e-01
9.492998803550843911e-01
9.492998803550843911e-01
9.492998803550843911e-01
9.492998803550843911e-01
9.492998803550843911e-01
1.088287808254009725e+00
1.088287808254009725e+00
1.088287808254009725e+00
1.088287808254009725e+00
1.088287808254009725e+00
1.023421431515927793e+00
1.023421431515927793e+00
1.023421431515927793e+00
1.023421431515927793e+00
1.023421431515927793e+00
1.009929300300893118e+00
1.009929300300893118e+00
1.009929300300893118e+00
1.009929300300893118e+00
1.009929300300893118e+00
9.609580924253560141e-01
9.609580924253560141e-01
9.609580924253560141e-01
9.609580924253560141e-01
9.609580924253560141e-01
9.609580924253560141e-01
9.609580924253560141e-01
9.609580924253560141e-01
9.609580924253560141e-01
9.609580924253560141e-01
9.689275638973404714e-01
9.689275638973404714e-01
9.689275638973404714e-01
9.689275638973404714e-01
9.689275638973404714e-01
9.689275638973404714e-01
9.689275638973404714e-01
9.958873202284832526e-01
9.958873202284832526e-01
9.958873202284832526e-01
9.958873202284832526e-01
9.958873202284832526e-01
9.958873202284832526e-01
9.958873202284832526e-01
9.958873202284832526e-01
9.958873202284832526e-01
9.958873202284832526e-01
9.958873202284832526e-01
9.958873202284832526e-01
9.958873202284832526e-01
9.913609655358104344e-01
9.913609655358104344e-01
9.913609655358104344e-01
9.913609655358104344e-01
9.913609655358104344e-01
9.913609655358104344e-01
1.017116983917057071e+00
1.017116983917057071e+00
1.017116983917057071e+00
1.017116983917057071e+00
9.830382023100406874e-01
9.830382023100406874e-01
1.056828977577900286e+00
1.056828977577900286e+00
1.056828977577900286e+00
1.056828977577900286e+00
1.056828977577900286e+00
1.177645668961934344e+00
1.177645668961934344e+00
1.177645668961934344e+00
1.177645668961934344e+00
1.177645668961934344e+00
1.177645668961934344e+00
1.177645668961934344e+00
1.177645668961934344e+00
1.092381831255852198e+00
1.092381831255852198e+00
1.092381831255852198e+00
9.715438109518629295e-01
9.715438109518629295e-01
9.190988972634356324e-01
1.078156811779928281e+00
1.078156811779928281e+00
1.078156811779928281e+00
1.078156811779928281e+00
1.078156811779928281e+00
1.078156811779928281e+00
1.078156811779928281e+00
1.078156811779928281e+00
1.158372470935937981e+00
1.158372470935937981e+00
1.158372470935937981e+00
1.120111985240384467e+00
1.120111985240384467e+00
1.120111985240384467e+00
1.120111985240384467e+00
1.120111985240384467e+00
1.120111985240384467e+00
1.120111985240384467e+00
1.120111985240384467e+00
1.120111985240384467e+00
1.182343707759435647e+00
1.006362153881621646e+00
1.006362153881621646e+00
1.006362153881621646e+00
1.006362153881621646e+00
1.018133758692536972e+00
1.018133758692536972e+00
1.018133758692536972e+00
1.018133758692536972e+00
1.054597174368405499e+00
1.054597174368405499e+00
1.054597174368405499e+00
1.054597174368405499e+00
8.873016855679933812e-01
8.873016855679933812e-01
8.873016855679933812e-01
9.791797872890319887e-01
9.791797872890319887e-01
9.791797872890319887e-01
9.791797872890319887e-01
9.791797872890319887e-01
9.791797872890319887e-01
9.791797872890319887e-01
9.791797872890319887e-01
9.791797872890319887e-01
9.791797872890319887e-01
9.791797872890319887e-01
9.791797872890319887e-01
9.791797872890319887e-01
9.791797872890319887e-01
9.791797872890319887e-01
9.791797872890319887e-01
9.791797872890319887e-01
9.630104662341357757e-01
9.630104662341357757e-01
9.630104662341357757e-01
9.630104662341357757e-01
9.630104662341357757e-01
1.009899243926846157e+00
1.009899243926846157e+00
1.009899243926846157e+00
1.009899243926846157e+00
1.009899243926846157e+00
9.397363204187997310e-01
9.375652223777319882e-01
9.375652223777319882e-01
9.375652223777319882e-01
9.375652223777319882e-01
9.375652223777319882e-01
9.375652223777319882e-01
9.205833143411682462e-01
9.205833143411682462e-01
9.205833143411682462e-01
9.205833143411682462e-01
9.205833143411682462e-01
9.205833143411682462e-01
9.205833143411682462e-01
9.348285756614176378e-01
9.348285756614176378e-01
9.231102175634102736e-01
9.173946043700764719e-01
9.173946043700764719e-01
9.173946043700764719e-01
9.173946043700764719e-01
9.173946043700764719e-01
9.173946043700764719e-01
9.589076673816412377e-01
9.589076673816412377e-01
9.589076673816412377e-01
9.589076673816412377e-01
9.589076673816412377e-01
9.589076673816412377e-01
1.068882332062237595e+00
1.068882332062237595e+00
1.005060820885500750e+00
1.005060820885500750e+00
1.005060820885500750e+00
1.005060820885500750e+00
1.005060820885500750e+00
1.005060820885500750e+00
9.152620368708156429e-01
9.152620368708156429e-01
9.152620368708156429e-01
1.043038494551190576e+00
1.043038494551190576e+00
1.043038494551190576e+00
1.043038494551190576e+00
1.043038494551190576e+00
1.043038494551190576e+00
1.043038494551190576e+00
1.043038494551190576e+00
1.043038494551190576e+00
1.055564484957170812e+00
1.055564484957170812e+00
1.055564484957170812e+00
1.055564484957170812e+00
1.055564484957170812e+00
1.055564484957170812e+00
1.055564484957170812e+00
1.041457771334031612e+00
9.830478697136805222e-01
9.830478697136805222e-01
9.830478697136805222e-01
9.830478697136805222e-01
9.830478697136805222e-01
9.793048361083696030e-01
9.793048361083696030e-01
9.786027226104593302e-01
9.786027226104593302e-01
9.786027226104593302e-01
8.479096310745151133e-01
9.246133129279796581e-01
9.246133129279796581e-01
9.246133129279796581e-01
9.246133129279796581e-01
9.246133129279796581e-01
9.246133129279796581e-01
9.246133129279796581e-01
9.246133129279796581e-01
9.246133129279796581e-01
9.246133129279796581e-01
9.246133129279796581e-01
9.368725612121846513e-01
9.368725612121846513e-01
9.368725612121846513e-01
9.368725612121846513e-01
9.368725612121846513e-01
9.368725612121846513e-01
9.040583020841064243e-01
9.040583020841064243e-01
9.040583020841064243e-01
9.040583020841064243e-01
9.040583020841064243e-01
9.040583020841064243e-01
9.586013451468744506e-01
9.586013451468744506e-01
9.586013451468744506e-01
9.586013451468744506e-01
9.586013451468744506e-01
9.586013451468744506e-01
9.586013451468744506e-01
9.586013451468744506e-01
9.436873547722247624e-01
1.055598002710940397e+00
1.056312309869229749e+00
1.056312309869229749e+00
1.056312309869229749e+00
1.056312309869229749e+00
1.056312309869229749e+00
1.056312309869229749e+00
1.056312309869229749e+00
1.056312309869229749e+00
1.056312309869229749e+00
1.056312309869229749e+00
1.079283926956284834e+00
1.079283926956284834e+00
1.079283926956284834e+00
1.079283926956284834e+00
1.079283926956284834e+00
1.027227853835023463e+00
1.027227853835023463e+00
1.027227853835023463e+00
1.027227853835023463e+00
1.027227853835023463e+00
1.027227853835023463e+00
1.027227853835023463e+00
1.027227853835023463e+00
1.027227853835023463e+00
1.027227853835023463e+00
1.027227853835023463e+00
1.027227853835023463e+00
1.027227853835023463e+00
1.027227853835023463e+00
1.027227853835023463e+00
1.027227853835023463e+00
1.014785347930760251e+00
9.794913259634101532e-01
9.843568403233927677e-01
9.739213773086839998e-01
9.739213773086839998e-01
9.739213773086839998e-01
9.739213773086839998e-01
9.739213773086839998e-01
9.739213773086839998e-01
9.739213773086839998e-01
9.739213773086839998e-01
9.739213773086839998e-01
9.739213773086839998e-01
9.739213773086839998e-01
9.739213773086839998e-01
9.739213773086839998e-01
9.739213773086839998e-01
9.739213773086839998e-01
9.739213773086839998e-01
9.739213773086839998e-01
9.872118471785485960e-01
9.883612209033564300e-01
9.883612209033564300e-01
9.172706238152912306e-01
9.172706238152912306e-01
9.172706238152912306e-01
9.172706238152912306e-01
9.172706238152912306e-01
9.172706238152912306e-01
9.172706238152912306e-01
9.172706238152912306e-01
9.172706238152912306e-01
9.172706238152912306e-01
9.172706238152912306e-01
9.172706238152912306e-01
9.172706238152912306e-01
9.172706238152912306e-01
9.172706238152912306e-01
9.090109195145775756e-01
9.090109195145775756e-01
9.090109195145775756e-01
9.090109195145775756e-01
9.090109195145775756e-01
9.090109195145775756e-01
9.090109195145775756e-01
9.090109195145775756e-01
9.090109195145775756e-01
9.090109195145775756e-01
8.946892778545793012e-01
8.946892778545793012e-01
8.946892778545793012e-01
8.591180106931515237e-01
8.591180106931515237e-01
8.852671934224111139e-01
9.343736797074340128e-01
9.343736797074340128e-01
9.343736797074340128e-01
9.343736797074340128e-01
9.343736797074340128e-01
9.343736797074340128e-01
9.343736797074340128e-01
9.343736797074340128e-01
9.343736797074340128e-01
9.343736797074340128e-01
9.343736797074340128e-01
9.343736797074340128e-01
9.343736797074340128e-01
9.343736797074340128e-01
9.230044435534727754e-01
9.230044435534727754e-01
9.230044435534727754e-01
9.230044435534727754e-01
1.056463954408820571e+00
1.056463954408820571e+00
1.056463954408820571e+00
1.096338394569882357e+00
1.096338394569882357e+00
1.087880874535803510e+00
1.087880874535803510e+00
1.087880874535803510e+00
8.910186594902704815e-01
8.910186594902704815e-01
8.910186594902704815e-01
8.910186594902704815e-01
8.910186594902704815e-01
8.910186594902704815e-01
8.910186594902704815e-01
8.910186594902704815e-01
8.910186594902704815e-01
8.910186594902704815e-01
8.910186594902704815e-01
8.969762478419740503e-01
8.969762478419740503e-01
8.969762478419740503e-01
8.969762478419740503e-01
9.772898534359125700e-01
9.772898534359125700e-01
9.772898534359125700e-01
9.772898534359125700e-01
9.772898534359125700e-01
9.772898534359125700e-01
9.772898534359125700e-01
9.772898534359125700e-01
1.097814655857449306e+00
1.105656021670260003e+00
1.105656021670260003e+00
1.105656021670260003e+00
1.105656021670260003e+00
1.105656021670260003e+00
1.105656021670260003e+00
1.038075702458932881e+00
1.038075702458932881e+00
1.038075702458932881e+00
9.359027233886251240e-01
9.359027233886251240e-01
1.079241550054461207e+00
9.246227587497164446e-01
9.246227587497164446e-01
9.246227587497164446e-01
9.597069885995326288e-01
9.597069885995326288e-01
9.982542565422314329e-01
9.982542565422314329e-01
9.982542565422314329e-01
9.982542565422314329e-01
9.710687684244239115e-01
9.710687684244239115e-01
9.710687684244239115e-01
9.109371841425459859e-01
9.109371841425459859e-01
9.109371841425459859e-01
9.109371841425459859e-01
9.109371841425459859e-01
9.109371841425459859e-01
9.109371841425459859e-01
9.699870952109922451e-01
9.699870952109922451e-01
9.699870952109922451e-01
9.699870952109922451e-01
9.699870952109922451e-01
9.673227572946219155e-01
9.673227572946219155e-01
9.673227572946219155e-01
9.673227572946219155e-01
9.673227572946219155e-01
9.673227572946219155e-01
9.673227572946219155e-01
9.673227572946219155e-01
9.673227572946219155e-01
9.314060153498210370e-01
9.314060153498210370e-01
9.314060153498210370e-01
9.314060153498210370e-01
9.748376943889822677e-01
9.748376943889822677e-01
9.748376943889822677e-01
9.748376943889822677e-01
9.748376943889822677e-01
1.012861151291005068e+00
1.012861151291005068e+00
1.012861151291005068e+00
1.012861151291005068e+00
1.012861151291005068e+00
1.012861151291005068e+00
1.012861151291005068e+00
1.012861151291005068e+00
1.012861151291005068e+00
1.012861151291005068e+00
9.877127306250770289e-01
9.877127306250770289e-01
9.877127306250770289e-01
9.877127306250770289e-01
9.877127306250770289e-01
1.004948914665511728e+00
1.004948914665511728e+00
1.004948914665511728e+00
1.004948914665511728e+00
1.004948914665511728e+00
1.004948914665511728e+00
1.004948914665511728e+00
1.004948914665511728e+00
1.004948914665511728e+00
1.004948914665511728e+00
1.003261487592109757e+00
1.003261487592109757e+00
1.003261487592109757e+00
1.003261487592109757e+00
1.003261487592109757e+00
1.003261487592109757e+00
1.003261487592109757e+00
1.003261487592109757e+00
1.003261487592109757e+00
1.003261487592109757e+00
1.003261487592109757e+00
1.003261487592109757e+00
1.000656958157803311e+00
1.000656958157803311e+00
9.811982810610384576e-01
9.811982810610384576e-01
9.811982810610384576e-01
9.297130542775257078e-01
1.075387590092759416e+00
1.092877767540617162e+00
1.092877767540617162e+00
1.061586522205243632e+00
1.061586522205243632e+00
1.061586522205243632e+00
1.061586522205243632e+00
1.061586522205243632e+00
1.061586522205243632e+00
1.061586522205243632e+00
9.941404137638576444e-01
9.941404137638576444e-01
9.941404137638576444e-01
1.061229201022221735e+00
1.061229201022221735e+00
1.061229201022221735e+00
1.061229201022221735e+00
1.018944202622526385e+00
1.018944202622526385e+00
1.018944202622526385e+00
1.018944202622526385e+00
1.018944202622526385e+00
1.018944202622526385e+00
1.096751244353306509e+00
1.096751244353306509e+00
1.096751244353306509e+00
1.096751244353306509e+00
1.096751244353306509e+00
1.096751244353306509e+00
1.096751244353306509e+00
1.096751244353306509e+00
1.096751244353306509e+00
1.096751244353306509e+00
1.096751244353306509e+00
1.096751244353306509e+00
1.123648620700708367e+00
1.123648620700708367e+00
1.123648620700708367e+00
1.123648620700708367e+00
1.038645292674587717e+00
1.038645292674587717e+00
1.038645292674587717e+00
1.056789117336056849e+00
1.056789117336056849e+00
1.056789117336056849e+00
1.056789117336056849e+00
1.056789117336056849e+00
1.056789117336056849e+00
1.056789117336056849e+00
1.056789117336056849e+00
1.056789117336056849e+00
1.067613187711518252e+00
1.067613187711518252e+00
1.067613187711518252e+00
1.091413476530268545e+00
1.091413476530268545e+00
1.091413476530268545e+00
1.091413476530268545e+00
1.082179013047551042e+00
1.082179013047551042e+00
1.042682871281471302e+00
1.042682871281471302e+00
1.042682871281471302e+00
1.042682871281471302e+00
1.042682871281471302e+00
1.042682871281471302e+00
1.042682871281471302e+00
1.042682871281471302e+00
9.983212265349987735e-01
9.983212265349987735e-01
9.983212265349987735e-01
9.983212265349987735e-01
9.983212265349987735e-01
9.983212265349987735e-01
9.983212265349987735e-01
9.983212265349987735e-01
9.983212265349987735e-01
9.983212265349987735e-01
9.983212265349987735e-01
9.983212265349987735e-01
9.983212265349987735e-01
9.983212265349987735e-01
9.983212265349987735e-01
9.983212265349987735e-01
1.088570682395227696e+00
1.088570682395227696e+00
1.088570682395227696e+00
1.089173231354970017e+00
1.089173231354970017e+00
1.089173231354970017e+00
1.089173231354970017e+00
1.089173231354970017e+00
1.052136894763443964e+00
1.052136894763443964e+00
1.052136894763443964e+00
1.052136894763443964e+00
1.037453503542450806e+00
1.020506409300809159e+00
1.020506409300809159e+00
9.735784273318405235e-01
1.019044940650158493e+00
1.019044940650158493e+00
1.019044940650158493e+00
9.306117230783111927e-01
9.306117230783111927e-01
9.306117230783111927e-01
9.454126975681269585e-01
9.454126975681269585e-01
1.000214138575728606e+00
1.000214138575728606e+00
1.000214138575728606e+00
1.000214138575728606e+00
1.000214138575728606e+00
1.000214138575728606e+00
9.521709989214975911e-01
9.521709989214975911e-01
9.521709989214975911e-01
9.521709989214975911e-01
9.521709989214975911e-01
9.521709989214975911e-01
9.521709989214975911e-01
9.521709989214975911e-01
9.521709989214975911e-01
9.521709989214975911e-01
9.521709989214975911e-01
9.521709989214975911e-01
9.521709989214975911e-01
9.521709989214975911e-01
9.521709989214975911e-01
9.778774799388489924e-01
9.778774799388489924e-01
9.778774799388489924e-01
9.162698518232866851e-01
9.162698518232866851e-01
1.009767361539015473e+00
1.009767361539015473e+00
1.009767361539015473e+00
1.009767361539015473e+00
1.009767361539015473e+00
1.009767361539015473e+00
1.009767361539015473e+00
1.009767361539015473e+00
1.009767361539015473e+00
1.009767361539015473e+00
9.817659192886916131e-01
9.817659192886916131e-01
9.549784245090002788e-01
8.677794056168748327e-01
8.677794056168748327e-01
8.677794056168748327e-01
8.677794056168748327e-01
8.677794056168748327e-01
8.677794056168748327e-01
8.954749453422062855e-01
8.954749453422062855e-01
1.070291646106667383e+00
1.070291646106667383e+00
1.070291646106667383e+00
1.070291646106667383e+00
1.070291646106667383e+00
1.070291646106667383e+00
1.070291646106667383e+00
1.070291646106667383e+00
1.070291646106667383e+00
1.070291646106667383e+00
1.050239954832490552e+00
1.050239954832490552e+00
1.050239954832490552e+00
1.050239954832490552e+00
1.050239954832490552e+00
9.993156118430792656e-01
9.993156118430792656e-01
9.993156118430792656e-01
9.550345044560419883e-01
9.550345044560419883e-01
9.258840005744303214e-01
9.280426589496643119e-01
9.280426589496643119e-01
9.060705024253014050e-01
9.060705024253014050e-01
9.060705024253014050e-01
9.060705024253014050e-01
8.974580462502113054e-01
8.928870700749924616e-01
8.928870700749924616e-01
8.928870700749924616e-01
8.928870700749924616e-01
8.928870700749924616e-01
8.928870700749924616e-01
9.210462558138071687e-01
9.210462558138071687e-01
9.210462558138071687e-01
1.051569690394286161e+00
1.037727214579415858e+00
1.037727214579415858e+00
1.037727214579415858e+00
1.037727214579415858e+00
1.037727214579415858e+00
9.535286964928284537e-01
9.535286964928284537e-01
9.830887913769433828e-01
9.830887913769433828e-01
9.830887913769433828e-01
1.071302258255943274e+00
1.071302258255943274e+00
1.071302258255943274e+00
9.921660511685936878e-01
9.921660511685936878e-01
9.921660511685936878e-01
9.921660511685936878e-01
1.074242110487365398e+00
1.074242110487365398e+00
1.074242110487365398e+00
1.074242110487365398e+00
1.116962528037378055e+00
1.116962528037378055e+00
1.116962528037378055e+00
1.116962528037378055e+00
1.116962528037378055e+00
1.116962528037378055e+00
1.116962528037378055e+00
1.116962528037378055e+00
1.116962528037378055e+00
1.116962528037378055e+00
1.116962528037378055e+00
1.116962528037378055e+00
1.059446169382596503e+00
1.059446169382596503e+00
1.059446169382596503e+00
1.034625114354255748e+00
1.034625114354255748e+00
1.034625114354255748e+00
1.034625114354255748e+00
1.034625114354255748e+00
1.034625114354255748e+00
1.034625114354255748e+00
1.034625114354255748e+00
1.034625114354255748e+00
1.034625114354255748e+00
1.089813207520276883e+00
1.087877040376802773e+00
1.087877040376802773e+00
1.087877040376802773e+00
1.087877040376802773e+00
1.087877040376802773e+00
1.085240802856840325e+00
1.085240802856840325e+00
1.085240802856840325e+00
1.085240802856840325e+00
1.085240802856840325e+00
1.085240802856840325e+00
1.085240802856840325e+00
1.085240802856840325e+00
1.075723962185203497e+00
1.075723962185203497e+00
1.075723962185203497e+00
1.075723962185203497e+00
9.675125286611724329e-01
9.675125286611724329e-01
9.675125286611724329e-01
9.675125286611724329e-01
9.675125286611724329e-01
9.675125286611724329e-01
1.017675199817684950e+00
1.055725357082608173e+00
1.055725357082608173e+00
1.055725357082608173e+00
1.055725357082608173e+00
9.757280197194485583e-01
9.757280197194485583e-01
9.874167794298340795e-01
1.092604220900946332e+00
1.092604220900946332e+00
1.092604220900946332e+00
1.092604220900946332e+00
1.092604220900946332e+00
1.092604220900946332e+00
1.101304596045893813e+00
1.101304596045893813e+00
1.101304596045893813e+00
1.038660228829303867e+00
1.038660228829303867e+00
1.012159483457051312e+00
1.012159483457051312e+00
1.012159483457051312e+00
1.012159483457051312e+00
9.360844724565264841e-01
9.021576523655284729e-01
9.021576523655284729e-01
9.640300071464825704e-01
9.731678998609425424e-01
9.731678998609425424e-01
9.731678998609425424e-01
9.731678998609425424e-01
1.007931965591717827e+00
9.412296743329189308e-01
9.412296743329189308e-01
9.412296743329189308e-01
9.412296743329189308e-01
9.412296743329189308e-01
9.412296743329189308e-01
9.412296743329189308e-01
9.412296743329189308e-01
9.412296743329189308e-01
9.412296743329189308e-01
9.412296743329189308e-01
9.412296743329189308e-01
1.136067043747004845e+00
1.100868713858398795e+00
1.100868713858398795e+00
1.100868713858398795e+00
1.029049806068385697e+00
1.014587518402767952e+00
9.797053380156525160e-01
9.797053380156525160e-01
9.797053380156525160e-01
1.010443986495629165e+00
1.010443986495629165e+00
1.010443986495629165e+00
1.010443986495629165e+00
1.092928779583316024e+00
1.092928779583316024e+00
1.092928779583316024e+00
1.092928779583316024e+00
1.045987360103293851e+00
1.027699098701300606e+00
1.027699098701300606e+00
1.027699098701300606e+00
1.027699098701300606e+00
1.027699098701300606e+00
1.027699098701300606e+00
8.787888252728822680e-01
8.806347753651494470e-01
8.806347753651494470e-01
9.876368695309570844e-01
9.461518086051005083e-01
9.461518086051005083e-01
9.461518086051005083e-01
9.461518086051005083e-01
9.001639718949649982e-01
9.001639718949649982e-01
8.913348055949551485e-01
9.793900103627063425e-01
9.793900103627063425e-01
9.793900103627063425e-01
9.793900103627063425e-01
9.793900103627063425e-01
9.793900103627063425e-01
9.522160257461497190e-01
9.522160257461497190e-01
9.522160257461497190e-01
9.751766531854694220e-01
9.751766531854694220e-01
9.751766531854694220e-01
9.751766531854694220e-01
9.751766531854694220e-01
9.751766531854694220e-01
1.059888753477667978e+00
1.059888753477667978e+00
1.059888753477667978e+00
1.059888753477667978e+00
1.059888753477667978e+00
1.036807196722726365e+00
1.036807196722726365e+00
1.036807196722726365e+00
1.037787867317984114e+00
1.037787867317984114e+00
1.038912433531673951e+00
1.038912433531673951e+00
1.038912433531673951e+00
1.038912433531673951e+00
1.025805836064741294e+00
1.001683109955794793e+00
1.001683109955794793e+00
1.001683109955794793e+00
1.001683109955794793e+00
1.001683109955794793e+00
1.001683109955794793e+00
1.001683109955794793e+00
1.001683109955794793e+00
1.001683109955794793e+00
1.001683109955794793e+00
1.001683109955794793e+00
1.013915927874968093e+00
9.971123303075025701e-01
9.971123303075025701e-01
9.971123303075025701e-01
9.971123303075025701e-01
9.971123303075025701e-01
9.971123303075025701e-01
9.971123303075025701e-01
1.026680440126472860e+00
1.026680440126472860e+00
1.026680440126472860e+00
1.026680440126472860e+00
1.026680440126472860e+00
1.026680440126472860e+00
1.007715899511415936e+00
1.007715899511415936e+00
1.007715899511415936e+00
1.006590680764488432e+00
1.006590680764488432e+00
9.897202081156178943e-01
9.897202081156178943e-01
9.897202081156178943e-01
1.032951845365351007e+00
1.032951845365351007e+00
1.032951845365351007e+00
1.032951845365351007e+00
1.032951845365351007e+00
1.032951845365351007e+00
1.032951845365351007e+00
1.032951845365351007e+00
1.032951845365351007e+00
1.032951845365351007e+00
1.032951845365351007e+00
8.830390557901223181e-01
8.830390557901223181e-01
8.830390557901223181e-01
8.830390557901223181e-01
8.830390557901223181e-01
8.830390557901223181e-01
8.830390557901223181e-01
8.830390557901223181e-01
8.830390557901223181e-01
8.830390557901223181e-01
8.830390557901223181e-01
8.830390557901223181e-01
8.830390557901223181e-01
8.830390557901223181e-01
8.889605706965099108e-01
1.038933694278627806e+00
1.038933694278627806e+00
1.038933694278627806e+00
1.000056499246087638e+00
1.000056499246087638e+00
1.000056499246087638e+00
9.453882095431117571e-01
9.453882095431117571e-01
9.453882095431117571e-01
9.453882095431117571e-01
9.453882095431117571e-01
9.453882095431117571e-01
9.453882095431117571e-01
9.453882095431117571e-01
9.453882095431117571e-01
9.453882095431117571e-01
9.474720985659943473e-01
9.614963708240921170e-01
9.614963708240921170e-01
9.614963708240921170e-01
9.614963708240921170e-01
9.614963708240921170e-01
9.614963708240921170e-01
9.614963708240921170e-01
9.614963708240921170e-01
9.614963708240921170e-01
9.614963708240921170e-01
9.598137163962600082e-01
9.598137163962600082e-01
9.598137163962600082e-01
9.598137163962600082e-01
9.598137163962600082e-01
9.598137163962600082e-01
9.598137163962600082e-01
9.483515498921821774e-01
9.483515498921821774e-01
9.483515498921821774e-01
9.483515498921821774e-01
9.483515498921821774e-01
9.483515498921821774e-01
9.483515498921821774e-01
9.483515498921821774e-01
9.483515498921821774e-01
9.483515498921821774e-01
9.483515498921821774e-01
9.645821636804842170e-01
9.644730909721691559e-01
9.644730909721691559e-01
9.644730909721691559e-01
9.644730909721691559e-01
9.644730909721691559e-01
9.644730909721691559e-01
9.644730909721691559e-01
9.644730909721691559e-01
9.644730909721691559e-01
9.868800775757670118e-01
1.058788695559338189e+00
1.058788695559338189e+00
1.058788695559338189e+00
1.058788695559338189e+00
1.052854212316729265e+00
1.005772909514243363e+00
1.005772909514243363e+00
1.032735199041355356e+00
1.032735199041355356e+00
1.015688450712368240e+00
1.015688450712368240e+00
1.015688450712368240e+00
1.015688450712368240e+00
1.015688450712368240e+00
9.811233386387619992e-01
9.811233386387619992e-01
9.811233386387619992e-01
9.811233386387619992e-01
9.811233386387619992e-01
9.811233386387619992e-01
1.033661364263751992e+00
1.033661364263751992e+00
9.492893168028787576e-01
9.492893168028787576e-01
1.007838633025309738e+00
1.007838633025309738e+00
1.007838633025309738e+00
1.007838633025309738e+00
1.012731817881719287e+00
1.012731817881719287e+00
1.012731817881719287e+00
1.031237889286345411e+00
1.031237889286345411e+00
1.027143430178130368e+00
1.027143430178130368e+00
1.027143430178130368e+00
1.027143430178130368e+00
1.027143430178130368e+00
1.037890200184237388e+00
1.037890200184237388e+00
1.037890200184237388e+00
1.037890200184237388e+00
1.037890200184237388e+00
9.949801452000168744e-01
9.999841895746034437e-01
9.999841895746034437e-01
9.999841895746034437e-01
1.037050121311452688e+00
1.037050121311452688e+00
1.037050121311452688e+00
1.037050121311452688e+00
1.037050121311452688e+00
9.879119142524466213e-01
9.879119142524466213e-01
9.879119142524466213e-01
9.879119142524466213e-01
9.879119142524466213e-01
9.879119142524466213e-01
9.879119142524466213e-01
9.879119142524466213e-01
9.879119142524466213e-01
9.879119142524466213e-01
9.879119142524466213e-01
9.879119142524466213e-01
9.879119142524466213e-01
9.879119142524466213e-01
9.879119142524466213e-01
9.879119142524466213e-01
9.879119142524466213e-01
9.435139293016669981e-01
9.435139293016669981e-01
9.435139293016669981e-01
9.435139293016669981e-01
9.435139293016669981e-01
9.435139293016669981e-01
9.540066683653118940e-01
9.540066683653118940e-01
9.540066683653118940e-01
9.540066683653118940e-01
9.540066683653118940e-01
9.540066683653118940e-01
9.492454860476013945e-01
9.390788726032144318e-01
9.390788726032144318e-01
9.390788726032144318e-01
9.390788726032144318e-01
9.390788726032144318e-01
9.070899151675388961e-01
9.070899151675388961e-01
1.001517380350846809e+00
1.001517380350846809e+00
1.001517380350846809e+00
9.789887423482472872e-01
9.789887423482472872e-01
9.789887423482472872e-01
9.789887423482472872e-01
9.789887423482472872e-01
9.789887423482472872e-01
9.789887423482472872e-01
9.789887423482472872e-01
9.789887423482472872e-01
9.789887423482472872e-01
9.789887423482472872e-01
9.789887423482472872e-01
9.641231522912682150e-01
9.726236486856830732e-01
9.726236486856830732e-01
9.529888866588941410e-01
9.529888866588941410e-01
9.529888866588941410e-01
9.529888866588941410e-01
9.529888866588941410e-01
9.529888866588941410e-01
9.529888866588941410e-01
9.157745716350846887e-01
9.157745716350846887e-01
9.157745716350846887e-01
9.184072455625174047e-01
9.184072455625174047e-01
9.184072455625174047e-01
9.387982787516033767e-01
9.387982787516033767e-01
9.387982787516033767e-01
9.387982787516033767e-01
9.387982787516033767e-01
9.987707660788787134e-01
9.987707660788787134e-01
9.987707660788787134e-01
9.987707660788787134e-01
9.987707660788787134e-01
9.987707660788787134e-01
9.987707660788787134e-01
9.987707660788787134e-01
9.986169951458641059e-01
9.986169951458641059e-01
9.986169951458641059e-01
9.986169951458641059e-01
9.986169951458641059e-01
9.986169951458641059e-01
9.986169951458641059e-01
1.024076279128221634e+00
1.004769909487093882e+00
1.004769909487093882e+00
1.004769909487093882e+00
1.004769909487093882e+00
1.004769909487093882e+00
1.019857891115831361e+00
1.019857891115831361e+00
1.019857891115831361e+00
1.019857891115831361e+00
1.019857891115831361e+00
1.019857891115831361e+00
1.019857891115831361e+00
1.019857891115831361e+00
1.043999877274672805e+00
1.027120953464341291e+00
1.027120953464341291e+00
1.093412112434472450e+00
1.093412112434472450e+00
1.093412112434472450e+00
1.093412112434472450e+00
1.093412112434472450e+00
1.093187724986598219e+00
1.093187724986598219e+00
1.093187724986598219e+00
1.093187724986598219e+00
1.017511375064742873e+00
1.017511375064742873e+00
1.017511375064742873e+00
1.017511375064742873e+00
1.017511375064742873e+00
1.017511375064742873e+00
1.083997472184486721e+00
1.083997472184486721e+00
1.083997472184486721e+00
1.022401887114188890e+00
1.022401887114188890e+00
1.022401887114188890e+00
1.022401887114188890e+00
1.022401887114188890e+00
1.022401887114188890e+00
1.020912149041766970e+00
1.023011799063690885e+00
1.023011799063690885e+00
1.023011799063690885e+00
1.023011799063690885e+00
1.023011799063690885e+00
1.023011799063690885e+00
1.023011799063690885e+00
1.023011799063690885e+00
1.154168441941915813e+00
1.036057513689568443e+00
1.036057513689568443e+00
1.041220447067288335e+00
1.041220447067288335e+00
1.041220447067288335e+00
1.041220447067288335e+00
1.033583640419949434e+00
1.023827507369596601e+00
1.023827507369596601e+00
1.023827507369596601e+00
1.023827507369596601e+00
1.023827507369596601e+00
1.023827507369596601e+00
1.023827507369596601e+00
1.056930846077749342e+00
1.056930846077749342e+00
1.056930846077749342e+00
1.018416608630197784e+00
1.018416608630197784e+00
1.018416608630197784e+00
1.018416608630197784e+00
1.018416608630197784e+00
1.062758303254138115e+00
1.062758303254138115e+00
1.042715155555540507e+00
1.083440899023771831e+00
1.005476936441635827e+00
1.005476936441635827e+00
1.124617773118405273e+00
1.124617773118405273e+00
1.138009829974390819e+00
1.168386698149959546e+00
1.168386698149959546e+00
1.062931356852800047e+00
1.062931356852800047e+00
1.062931356852800047e+00
1.036585152176861202e+00
1.036585152176861202e+00
1.036585152176861202e+00
1.036585152176861202e+00
1.058510252761758474e+00
1.058510252761758474e+00
1.058510252761758474e+00
1.058510252761758474e+00
1.063266229969231258e+00
1.013205513651337597e+00
1.013205513651337597e+00
1.013205513651337597e+00
1.013205513651337597e+00
1.013205513651337597e+00
1.013205513651337597e+00
1.013205513651337597e+00
1.065175879983788265e+00
1.065175879983788265e+00
1.065175879983788265e+00
1.065175879983788265e+00
1.065175879983788265e+00
1.065175879983788265e+00
1.065175879983788265e+00
1.065175879983788265e+00
1.065175879983788265e+00
1.065175879983788265e+00
1.065175879983788265e+00
1.065175879983788265e+00
1.065175879983788265e+00
1.065175879983788265e+00
1.065175879983788265e+00
1.065175879983788265e+00
1.065175879983788265e+00
1.065175879983788265e+00
1.065175879983788265e+00
1.065175879983788265e+00
1.065175879983788265e+00
1.065175879983788265e+00
1.065175879983788265e+00
1.065175879983788265e+00
1.065175879983788265e+00
1.065481484628987063e+00
1.065481484628987063e+00
1.065481484628987063e+00
1.065481484628987063e+00
1.065481484628987063e+00
1.065481484628987063e+00
1.057129424031255205e+00
1.057129424031255205e+00
1.057129424031255205e+00
1.057129424031255205e+00
1.057129424031255205e+00
1.055260299595164764e+00
1.055260299595164764e+00
1.055260299595164764e+00
1.055260299595164764e+00
1.055260299595164764e+00
1.030324588610051384e+00
1.028388620962329858e+00
1.028388620962329858e+00
1.028388620962329858e+00
1.119881630412666640e+00
1.119881630412666640e+00
1.119881630412666640e+00
1.120231312555771686e+00
1.120231312555771686e+00
1.120231312555771686e+00
1.120231312555771686e+00
1.120231312555771686e+00
1.108350340596554240e+00
1.108350340596554240e+00
1.108350340596554240e+00
1.108350340596554240e+00
1.108350340596554240e+00
9.595998296319858678e-01
9.595998296319858678e-01
9.595998296319858678e-01
9.595998296319858678e-01
9.595998296319858678e-01
9.595998296319858678e-01
9.418739337491873753e-01
9.418739337491873753e-01
9.418739337491873753e-01
9.418739337491873753e-01
9.418739337491873753e-01
9.418739337491873753e-01
9.418739337491873753e-01
9.418739337491873753e-01
9.418739337491873753e-01
9.418739337491873753e-01
9.418739337491873753e-01
9.418739337491873753e-01
9.418739337491873753e-01
9.418739337491873753e-01
9.517074191812092687e-01
9.723048636500777331e-01
9.723048636500777331e-01
9.723048636500777331e-01
9.723048636500777331e-01
9.723048636500777331e-01
9.664291741800493662e-01
9.619760272949334778e-01
9.619760272949334778e-01
9.619760272949334778e-01
9.619760272949334778e-01
9.638695675122029849e-01
9.638695675122029849e-01
9.638695675122029849e-01
9.638695675122029849e-01
9.571515370396792566e-01
9.571515370396792566e-01
9.571515370396792566e-01
1.017050863107308967e+00
1.017050863107308967e+00
8.953425590147234825e-01
1.005945240397852158e+00
1.005945240397852158e+00
1.005945240397852158e+00
1.005945240397852158e+00
1.005945240397852158e+00
1.005945240397852158e+00
9.896449978695986971e-01
9.896449978695986971e-01
9.896449978695986971e-01
9.896449978695986971e-01
9.896449978695986971e-01
9.896449978695986971e-01
9.896449978695986971e-01
9.896449978695986971e-01
9.199240366669584335e-01
9.199240366669584335e-01
8.845719416056874174e-01
8.845719416056874174e-01
8.845719416056874174e-01
8.845719416056874174e-01
8.845719416056874174e-01
8.959689329221900422e-01
8.959689329221900422e-01
8.959689329221900422e-01
8.959689329221900422e-01
1.001585898825952281e+00
1.001585898825952281e+00
1.001585898825952281e+00
1.004369719618117163e+00
1.004369719618117163e+00
1.004369719618117163e+00
1.077863926148135532e+00
1.077863926148135532e+00
1.077863926148135532e+00
1.077863926148135532e+00
1.077863926148135532e+00
1.002018370147790716e+00
1.038808418302108461e+00
1.038808418302108461e+00
1.038808418302108461e+00
1.038808418302108461e+00
1.038808418302108461e+00
1.038808418302108461e+00
1.038808418302108461e+00
1.038808418302108461e+00
1.038808418302108461e+00
1.038808418302108461e+00
1.038808418302108461e+00
1.038808418302108461e+00
1.038808418302108461e+00
1.038808418302108461e+00
1.038808418302108461e+00
1.038808418302108461e+00
1.038808418302108461e+00
1.034500502689487567e+00
1.034500502689487567e+00
9.872448829568563067e-01
9.247446439862131440e-01
9.247446439862131440e-01
9.247446439862131440e-01
9.247446439862131440e-01
9.247446439862131440e-01
9.298587038225538670e-01
9.298587038225538670e-01
9.298587038225538670e-01
9.298587038225538670e-01
9.298587038225538670e-01
9.298587038225538670e-01
9.298587038225538670e-01
9.298587038225538670e-01
9.298587038225538670e-01
9.298587038225538670e-01
9.298587038225538670e-01
9.298587038225538670e-01
9.476702991429635237e-01
9.476702991429635237e-01
9.476702991429635237e-01
9.476702991429635237e-01
9.476702991429635237e-01
8.874499706710031743e-01
8.874499706710031743e-01
8.874499706710031743e-01
8.766512530122080316e-01
8.766512530122080316e-01
8.766512530122080316e-01
8.766512530122080316e-01
8.766512530122080316e-01
9.483237192329049270e-01
9.483237192329049270e-01
9.483237192329049270e-01
9.483237192329049270e-01
9.483237192329049270e-01
9.483237192329049270e-01
9.483237192329049270e-01
9.573594925835083869e-01
9.573594925835083869e-01
9.737088858396607538e-01
9.737088858396607538e-01
9.737088858396607538e-01
9.737088858396607538e-01
9.737088858396607538e-01
9.737088858396607538e-01
9.737088858396607538e-01
9.737088858396607538e-01
9.737088858396607538e-01
9.737088858396607538e-01
9.737088858396607538e-01
9.092181398922360991e-01
9.092181398922360991e-01
9.092181398922360991e-01
9.092181398922360991e-01
9.092181398922360991e-01
9.092181398922360991e-01
9.092181398922360991e-01
9.092181398922360991e-01
9.092181398922360991e-01
9.092181398922360991e-01
9.092181398922360991e-01
9.092181398922360991e-01
9.092181398922360991e-01
9.092181398922360991e-01
9.092181398922360991e-01
9.092181398922360991e-01
9.092181398922360991e-01
9.548999563357687403e-01
9.548999563357687403e-01
9.461559255350179276e-01
9.461559255350179276e-01
9.461559255350179276e-01
9.461559255350179276e-01
9.461559255350179276e-01
9.461559255350179276e-01
9.461559255350179276e-01
9.461559255350179276e-01
9.461559255350179276e-01
9.461559255350179276e-01
9.461559255350179276e-01
9.927055726107143485e-01
9.927055726107143485e-01
9.927055726107143485e-01
9.927055726107143485e-01
9.896446218695830188e-01
9.896446218695830188e-01
9.896446218695830188e-01
1.007797986845637705e+00
9.819764191123129260e-01
9.819764191123129260e-01
9.819764191123129260e-01
9.819764191123129260e-01
9.819764191123129260e-01
9.819764191123129260e-01
9.819764191123129260e-01
9.840703358994942196e-01
9.840703358994942196e-01
9.840703358994942196e-01
9.840703358994942196e-01
1.008243771459651272e+00
1.008243771459651272e+00
1.008243771459651272e+00
1.008243771459651272e+00
1.008243771459651272e+00
9.391816817588278798e-01
9.391816817588278798e-01
9.391816817588278798e-01
9.391816817588278798e-01
9.391816817588278798e-01
9.944252935766946244e-01
9.944252935766946244e-01
9.944252935766946244e-01
9.944252935766946244e-01
9.944252935766946244e-01
9.944252935766946244e-01
9.944252935766946244e-01
9.344361874930460221e-01
9.344361874930460221e-01
9.344361874930460221e-01
9.344361874930460221e-01
9.344361874930460221e-01
9.344361874930460221e-01
9.344361874930460221e-01
9.344361874930460221e-01
9.344361874930460221e-01
9.344361874930460221e-01
9.344361874930460221e-01
8.479797903937982273e-01
9.222555363415205765e-01
9.167277561271429676e-01
9.167277561271429676e-01
9.167277561271429676e-01
9.167277561271429676e-01
9.167277561271429676e-01
9.167277561271429676e-01
9.167277561271429676e-01
9.816291848706413248e-01
9.816291848706413248e-01
9.816291848706413248e-01
9.816291848706413248e-01
9.816291848706413248e-01
9.816291848706413248e-01
9.816291848706413248e-01
9.816291848706413248e-01
9.816291848706413248e-01
9.852628710461985850e-01
9.852628710461985850e-01
9.852628710461985850e-01
9.852628710461985850e-01
9.852628710461985850e-01
9.852628710461985850e-01
9.456344625795003456e-01
1.050771516675763850e+00
1.050771516675763850e+00
1.050771516675763850e+00
1.050771516675763850e+00
1.050771516675763850e+00
1.050771516675763850e+00
9.887105957550168522e-01
9.887105957550168522e-01
9.887105957550168522e-01
9.887105957550168522e-01
9.554220489575049324e-01
9.554220489575049324e-01
9.554220489575049324e-01
9.554220489575049324e-01
9.554220489575049324e-01
9.365558676786480685e-01
9.365558676786480685e-01
9.365558676786480685e-01
9.365558676786480685e-01
9.365558676786480685e-01
9.365558676786480685e-01
9.376123507213516284e-01
9.376123507213516284e-01
9.585244726638310064e-01
9.585244726638310064e-01
9.585244726638310064e-01
9.585244726638310064e-01
9.585244726638310064e-01
9.585244726638310064e-01
9.585244726638310064e-01
9.585244726638310064e-01
9.585244726638310064e-01
9.585244726638310064e-01
9.783818179927886716e-01
9.659776774740184146e-01
9.659776774740184146e-01
9.659776774740184146e-01
9.659776774740184146e-01
9.659776774740184146e-01
9.659776774740184146e-01
9.659776774740184146e-01
9.659776774740184146e-01
9.797272309503167742e-01
9.797272309503167742e-01
9.797272309503167742e-01
9.797272309503167742e-01
9.797272309503167742e-01
9.797272309503167742e-01
9.797272309503167742e-01
9.797272309503167742e-01
9.797272309503167742e-01
9.797272309503167742e-01
1.056680987794953896e+00
9.622713901158277405e-01
9.622713901158277405e-01
9.622713901158277405e-01
1.006288719149551980e+00
1.006288719149551980e+00
9.294297814211268660e-01
9.294297814211268660e-01
1.013521772207434113e+00
1.013521772207434113e+00
1.013521772207434113e+00
1.013521772207434113e+00
1.013521772207434113e+00
1.013521772207434113e+00
1.013521772207434113e+00
9.615892630935717333e-01
9.615892630935717333e-01
9.615892630935717333e-01
9.615892630935717333e-01
9.615892630935717333e-01
9.615892630935717333e-01
9.059678881299991771e-01
9.059678881299991771e-01
9.059678881299991771e-01
8.687396679316725656e-01
8.687396679316725656e-01
9.104669027619726185e-01
9.104669027619726185e-01
9.589239386531237530e-01
9.589239386531237530e-01
9.589239386531237530e-01
9.589239386531237530e-01
9.935651133934833013e-01
1.036100363582002748e+00
1.028850960299031669e+00
1.028850960299031669e+00
1.028850960299031669e+00
1.028850960299031669e+00
1.017403797497918649e+00
1.017403797497918649e+00
1.017403797497918649e+00
1.017403797497918649e+00
1.017403797497918649e+00
1.017403797497918649e+00
1.017403797497918649e+00
1.041322369932449865e+00
1.027023741667599577e+00
1.027023741667599577e+00
1.027023741667599577e+00
1.027023741667599577e+00
1.027023741667599577e+00
1.037451337148374453e+00
1.037451337148374453e+00
1.037451337148374453e+00
9.540819791166528230e-01
9.540819791166528230e-01
9.540819791166528230e-01
8.899931158570305589e-01
8.899931158570305589e-01
8.899931158570305589e-01
8.899931158570305589e-01
8.899931158570305589e-01
9.649845109145546163e-01
8.554605327588798991e-01
8.554605327588798991e-01
8.554605327588798991e-01
7.962566440279282842e-01
7.962566440279282842e-01
7.962566440279282842e-01
7.962566440279282842e-01
8.615831907720866711e-01
8.615831907720866711e-01
9.445731562272210446e-01
9.445731562272210446e-01
