# Variable: dg_gbvi_00000162
# Sample shape: (2565,)
# Date: 2013-03-08 06:18:13.822092
-7.236746732183287456e+00
-5.352437096811814676e+00
-3.152014963852219243e+00
-3.486662519062836196e+00
-5.731268548382788097e+00
-5.729325538268551732e+00
-5.671644062663150798e+00
-4.078616065464204965e+00
-3.809980327546651946e+00
-3.703038002318429278e+00
-3.703038002318429278e+00
-3.703038002318429278e+00
-3.703038002318429278e+00
-3.808564911194513680e+00
-3.787592181931393576e+00
-3.801627832503949200e+00
-3.783007471727636961e+00
-3.783007471727636961e+00
-3.783007471727636961e+00
-3.762577840942249008e+00
-3.723739535675235857e+00
-3.595873763961527469e+00
-3.595873763961527469e+00
-3.638411287023018748e+00
-3.543882756084971497e+00
-3.535707013760583717e+00
-3.535707013760583717e+00
-3.366240762112000962e+00
-3.741492647791786919e+00
-3.672850711161128601e+00
-3.685529884109278065e+00
-3.685529884109278065e+00
-3.685529884109278065e+00
-3.685529884109278065e+00
-3.685529884109278065e+00
-3.685529884109278065e+00
-3.685529884109278065e+00
-3.653754505268172359e+00
-3.680794929408873095e+00
-3.657225546243744407e+00
-3.669398802574945329e+00
-3.631152967540104193e+00
-3.762231261416422168e+00
-3.762231261416422168e+00
-3.799146979169532479e+00
-3.509354492329328945e+00
-3.507248588086822494e+00
-3.858848803099933722e+00
-3.866192910279989459e+00
-3.866192910279989459e+00
-3.866192910279989459e+00
-3.866192910279989459e+00
-3.866192910279989459e+00
-3.866192910279989459e+00
-3.866192910279989459e+00
-3.699691635387978739e+00
-3.949898274430638345e+00
-3.949898274430638345e+00
-3.949898274430638345e+00
-3.949898274430638345e+00
-3.742758130266957028e+00
-3.742758130266957028e+00
-3.742758130266957028e+00
-3.802790782458505880e+00
-3.802790782458505880e+00
-3.802790782458505880e+00
-3.802790782458505880e+00
-3.802790782458505880e+00
-3.802790782458505880e+00
-3.637356815085341033e+00
-3.637356815085341033e+00
-3.637356815085341033e+00
-3.627162782928318396e+00
-3.584192215132186554e+00
-3.584192215132186554e+00
-3.584192215132186554e+00
-3.584192215132186554e+00
-3.846533967293092715e+00
-3.857504031537413169e+00
-3.850936910547925862e+00
-3.612918274158702037e+00
-3.622666458581408566e+00
-3.622666458581408566e+00
-3.622666458581408566e+00
-3.721921870395773713e+00
-3.941698556382142726e+00
-3.578979065182120056e+00
-3.607091081001307042e+00
-3.607091081001307042e+00
-3.607091081001307042e+00
-3.488746734873216404e+00
-3.488746734873216404e+00
-3.579401920296837236e+00
-3.579401920296837236e+00
-3.579401920296837236e+00
-3.488061822610454943e+00
-3.488061822610454943e+00
-3.488061822610454943e+00
-3.488061822610454943e+00
-3.434435683145564688e+00
-3.455554344646782905e+00
-3.474771939574064827e+00
-3.474771939574064827e+00
-3.474771939574064827e+00
-3.474771939574064827e+00
-3.474771939574064827e+00
-3.602336419342066165e+00
-3.602336419342066165e+00
-3.602336419342066165e+00
-3.602336419342066165e+00
-3.602336419342066165e+00
-3.602336419342066165e+00
-3.602336419342066165e+00
-3.602336419342066165e+00
-3.602336419342066165e+00
-3.602336419342066165e+00
-3.602336419342066165e+00
-3.602336419342066165e+00
-3.656624413765537263e+00
-3.656624413765537263e+00
-3.660529577756688191e+00
-3.578588617084829338e+00
-3.578588617084829338e+00
-3.603547584962053296e+00
-3.603547584962053296e+00
-3.603547584962053296e+00
-3.599659971864477725e+00
-3.599659971864477725e+00
-3.599659971864477725e+00
-3.585552763526278053e+00
-3.585552763526278053e+00
-3.560671713223931611e+00
-3.560671713223931611e+00
-3.576585307376952017e+00
-3.576585307376952017e+00
-3.576585307376952017e+00
-3.576585307376952017e+00
-3.576585307376952017e+00
-3.568161094566202340e+00
-3.635462935857798783e+00
-3.406517139090246893e+00
-3.691747916399648943e+00
-3.676221467728531866e+00
-3.676221467728531866e+00
-3.671903694292538045e+00
-3.671903694292538045e+00
-3.830775243803910879e+00
-3.818452692666662429e+00
-3.788441456646012728e+00
-3.788441456646012728e+00
-3.788441456646012728e+00
-3.724319608186964281e+00
-3.746544368286166993e+00
-3.742133749912127882e+00
-3.742133749912127882e+00
-3.742133749912127882e+00
-3.739367503943223703e+00
-3.739367503943223703e+00
-3.739367503943223703e+00
-3.543746228273030763e+00
-3.543746228273030763e+00
-3.543746228273030763e+00
-3.543746228273030763e+00
-3.534876927204686492e+00
-3.534876927204686492e+00
-3.534876927204686492e+00
-3.534876927204686492e+00
-3.668228797653571682e+00
-3.668228797653571682e+00
-3.668228797653571682e+00
-3.668228797653571682e+00
-3.668228797653571682e+00
-3.668228797653571682e+00
-3.615798823214145141e+00
-3.615798823214145141e+00
-3.595729000268661046e+00
-3.575914490948141289e+00
-3.589391759855919517e+00
-3.565332485038034793e+00
-3.565332485038034793e+00
-3.565332485038034793e+00
-3.565332485038034793e+00
-3.550301618852376162e+00
-3.550301618852376162e+00
-3.549063466946712708e+00
-3.557009277736343567e+00
-3.557009277736343567e+00
-3.624482142317196232e+00
-3.624482142317196232e+00
-3.585787769152213755e+00
-3.585787769152213755e+00
-3.587236866075653730e+00
-3.587236866075653730e+00
-3.587236866075653730e+00
-3.587236866075653730e+00
-3.587236866075653730e+00
-3.587236866075653730e+00
-3.551816703367673078e+00
-3.323969795593571419e+00
-3.320458509584441220e+00
-3.320458509584441220e+00
-3.320458509584441220e+00
-3.320458509584441220e+00
-3.320458509584441220e+00
-3.320458509584441220e+00
-3.246100083447831519e+00
-3.246100083447831519e+00
-3.470410436316448077e+00
-3.470410436316448077e+00
-3.466182994612328372e+00
-3.466182994612328372e+00
-3.574367551407534371e+00
-3.574367551407534371e+00
-3.574367551407534371e+00
-3.672223919714548757e+00
-3.672223919714548757e+00
-3.648509685465249675e+00
-3.648509685465249675e+00
-3.554251083343989759e+00
-3.584757048280708958e+00
-3.584757048280708958e+00
-3.630437121214534990e+00
-3.630437121214534990e+00
-3.622818655409428157e+00
-3.630532648186244327e+00
-3.630532648186244327e+00
-3.571582266879726575e+00
-3.571582266879726575e+00
-3.571582266879726575e+00
-3.568358698458366618e+00
-3.568358698458366618e+00
-3.560238542035061293e+00
-3.571678508391355145e+00
-3.571678508391355145e+00
-3.571678508391355145e+00
-3.545497943965126630e+00
-3.548095402945969923e+00
-3.548095402945969923e+00
-3.550490202821473318e+00
-3.518765802081048388e+00
-3.518765802081048388e+00
-3.518765802081048388e+00
-3.588975083372836217e+00
-3.593819666695389881e+00
-3.463044750378827974e+00
-3.502457310598534601e+00
-3.416951263979670639e+00
-3.415339725606484134e+00
-3.415339725606484134e+00
-3.434144398981709312e+00
-3.434144398981709312e+00
-3.434144398981709312e+00
-3.434144398981709312e+00
-3.434144398981709312e+00
-3.427514124109589666e+00
-3.427514124109589666e+00
-3.427514124109589666e+00
-3.398192357860809754e+00
-3.530080557731276603e+00
-3.544024216337617439e+00
-3.544024216337617439e+00
-3.412090978319764378e+00
-3.492447874537269126e+00
-3.518302056319455140e+00
-3.522225511405630005e+00
-3.604149708174368971e+00
-3.604149708174368971e+00
-3.489994842612469839e+00
-3.489994842612469839e+00
-3.604498025839668607e+00
-3.635978872816287399e+00
-3.578110356241885004e+00
-3.578110356241885004e+00
-3.578110356241885004e+00
-3.595647910208894515e+00
-3.595647910208894515e+00
-3.573644601526984932e+00
-3.573644601526984932e+00
-3.573644601526984932e+00
-3.542999416619725395e+00
-3.595054341025710976e+00
-3.595054341025710976e+00
-3.616700685324578224e+00
-3.597934849621403863e+00
-3.597934849621403863e+00
-3.597934849621403863e+00
-3.772329885945757688e+00
-3.789940560428323391e+00
-3.789940560428323391e+00
-3.783337403298503432e+00
-3.783337403298503432e+00
-3.783337403298503432e+00
-3.783337403298503432e+00
-3.785109755561101075e+00
-3.785033868065264429e+00
-3.777619663109914150e+00
-3.726878725608855358e+00
-3.726878725608855358e+00
-3.569798533341827174e+00
-3.569798533341827174e+00
-3.670505161876068900e+00
-3.688860197789158857e+00
-3.688860197789158857e+00
-3.688860197789158857e+00
-3.688860197789158857e+00
-3.688860197789158857e+00
-3.678823617644563004e+00
-3.678823617644563004e+00
-3.686480877684882529e+00
-3.686480877684882529e+00
-3.707348768714903819e+00
-3.715966616760449703e+00
-3.715966616760449703e+00
-3.681345021447601340e+00
-3.738021237172612921e+00
-3.738021237172612921e+00
-3.734355144842999241e+00
-3.734355144842999241e+00
-3.731714607129851924e+00
-3.839008470978935605e+00
-3.839008470978935605e+00
-3.839008470978935605e+00
-3.839008470978935605e+00
-3.839008470978935605e+00
-3.761914817173519054e+00
-3.761914817173519054e+00
-3.776533401383801447e+00
-3.776533401383801447e+00
-3.776533401383801447e+00
-3.813933006625119582e+00
-3.747008555250331163e+00
-3.516724344818822789e+00
-3.518761311109530610e+00
-3.571368509830714633e+00
-3.571368509830714633e+00
-3.564194902915614360e+00
-3.435171717613284770e+00
-3.571277693810897880e+00
-3.571277693810897880e+00
-3.600628990448152766e+00
-3.600628990448152766e+00
-3.571095551410717661e+00
-3.674844559250969755e+00
-3.682753697101714963e+00
-3.682753697101714963e+00
-3.692624898056598770e+00
-3.692624898056598770e+00
-3.692624898056598770e+00
-3.635086948404513851e+00
-3.616481713541385812e+00
-3.717522314872890199e+00
-3.688464006392439209e+00
-3.688464006392439209e+00
-3.682175877513308659e+00
-3.711628688181872082e+00
-3.711628688181872082e+00
-3.711628688181872082e+00
-3.729057267005503995e+00
-3.723804077486404740e+00
-3.723804077486404740e+00
-3.723804077486404740e+00
-3.723804077486404740e+00
-3.707452936357037654e+00
-3.707452936357037654e+00
-3.694953291608369828e+00
-3.694953291608369828e+00
-3.694953291608369828e+00
-3.694953291608369828e+00
-3.694953291608369828e+00
-3.692980714694940048e+00
-3.692980714694940048e+00
-3.691589044308908996e+00
-3.709268504799733357e+00
-3.709268504799733357e+00
-3.709268504799733357e+00
-3.709268504799733357e+00
-3.709268504799733357e+00
-3.709268504799733357e+00
-3.709268504799733357e+00
-3.711717803147547290e+00
-3.758114688022980321e+00
-3.758114688022980321e+00
-3.758114688022980321e+00
-3.758114688022980321e+00
-3.758114688022980321e+00
-3.758114688022980321e+00
-3.754576939541668601e+00
-3.754576939541668601e+00
-3.754576939541668601e+00
-3.743586927023356381e+00
-3.769558594842098209e+00
-3.760871234244376193e+00
-3.760871234244376193e+00
-3.853457962615154830e+00
-3.853457962615154830e+00
-3.894704330512395174e+00
-3.845297275974043583e+00
-3.845297275974043583e+00
-3.845297275974043583e+00
-3.779280549447833870e+00
-3.780237931749824032e+00
-3.796345406364629582e+00
-3.781400419031917703e+00
-3.782814049483651520e+00
-3.782814049483651520e+00
-3.774324420488484932e+00
-3.774324420488484932e+00
-3.774324420488484932e+00
-3.856133938752230428e+00
-3.856133938752230428e+00
-3.943963972125628992e+00
-3.968387411201978576e+00
-3.978374483645522819e+00
-3.961794333164495363e+00
-3.961794333164495363e+00
-3.933636055914421004e+00
-3.787026349400009817e+00
-3.787026349400009817e+00
-3.780958065315807914e+00
-3.839203609491168123e+00
-3.726516084198039813e+00
-3.692875240527491165e+00
-3.568893197983524335e+00
-3.568893197983524335e+00
-3.593821970827371981e+00
-3.593821970827371981e+00
-3.611721434345223081e+00
-3.805590897779861592e+00
-3.544423109905204150e+00
-3.544423109905204150e+00
-3.799774445828449032e+00
-3.801377073443175991e+00
-3.789151532456399796e+00
-3.789151532456399796e+00
-3.789151532456399796e+00
-3.789151532456399796e+00
-3.791958869767608764e+00
-3.791958869767608764e+00
-3.791958869767608764e+00
-3.747839805577637851e+00
-3.775402454737523339e+00
-3.775402454737523339e+00
-3.775402454737523339e+00
-3.768564955730141275e+00
-3.761601136928059308e+00
-3.774461597965734772e+00
-3.774461597965734772e+00
-3.774461597965734772e+00
-3.792606181199707827e+00
-3.792606181199707827e+00
-3.792606181199707827e+00
-3.792606181199707827e+00
-3.792606181199707827e+00
-3.681086931956975228e+00
-3.770123595229096569e+00
-3.772364117563719699e+00
-3.689243715302700899e+00
-3.689243715302700899e+00
-3.689243715302700899e+00
-3.689243715302700899e+00
-3.659432291166047957e+00
-3.769890771176969579e+00
-3.769890771176969579e+00
-3.756080040820664045e+00
-3.756441710617431706e+00
-3.777124857339788644e+00
-3.777124857339788644e+00
-3.777124857339788644e+00
-3.775678715135776464e+00
-3.775678715135776464e+00
-3.775678715135776464e+00
-3.672418334257654404e+00
-3.672418334257654404e+00
-3.672418334257654404e+00
-3.649538314774725567e+00
-3.709213376429787434e+00
-3.697983763046524874e+00
-3.659956511950573699e+00
-3.659956511950573699e+00
-3.819516776903426170e+00
-3.834357031941768579e+00
-3.823414380784623035e+00
-3.823414380784623035e+00
-3.823414380784623035e+00
-3.823414380784623035e+00
-3.804792017299253537e+00
-3.835010425984645366e+00
-3.835010425984645366e+00
-3.890384471424326751e+00
-3.890384471424326751e+00
-3.874251150569374413e+00
-3.874251150569374413e+00
-3.874251150569374413e+00
-3.874251150569374413e+00
-3.874251150569374413e+00
-3.874251150569374413e+00
-3.874251150569374413e+00
-3.869638664663736627e+00
-3.855466149302651413e+00
-3.766266723029674246e+00
-3.766266723029674246e+00
-3.766266723029674246e+00
-3.766266723029674246e+00
-3.766266723029674246e+00
-3.766266723029674246e+00
-3.766266723029674246e+00
-3.764761370078998137e+00
-3.768407924846793211e+00
-3.749594377185302640e+00
-3.724319725546527682e+00
-3.724319725546527682e+00
-3.723872095854999120e+00
-3.862551092535482677e+00
-3.862551092535482677e+00
-3.862551092535482677e+00
-3.862551092535482677e+00
-3.862551092535482677e+00
-3.862551092535482677e+00
-3.840222761257963580e+00
-3.905262587342362757e+00
-3.905262587342362757e+00
-3.769258090613161194e+00
-3.830133625380321316e+00
-3.830133625380321316e+00
-3.710007317133111382e+00
-3.711038539741021491e+00
-3.792570849611773820e+00
-3.792570849611773820e+00
-3.792570849611773820e+00
-3.792570849611773820e+00
-3.792570849611773820e+00
-3.699971629791282801e+00
-3.699971629791282801e+00
-3.694271728016116363e+00
-3.672660839293141688e+00
-3.672660839293141688e+00
-3.689767922243348597e+00
-3.689767922243348597e+00
-3.689767922243348597e+00
-3.711419499679549538e+00
-3.711419499679549538e+00
-3.711419499679549538e+00
-3.683557493802752436e+00
-3.805616288604527497e+00
-3.805616288604527497e+00
-3.805616288604527497e+00
-3.805616288604527497e+00
-3.805616288604527497e+00
-3.822192047606954635e+00
-3.822192047606954635e+00
-3.822192047606954635e+00
-3.655893015000430513e+00
-3.655893015000430513e+00
-3.655893015000430513e+00
-3.655893015000430513e+00
-3.707909340192631742e+00
-3.693634119468044652e+00
-3.705513396770521162e+00
-3.705513396770521162e+00
-3.705513396770521162e+00
-3.705513396770521162e+00
-3.705513396770521162e+00
-3.782414173302995675e+00
-3.727053478986801949e+00
-3.727053478986801949e+00
-3.697098742437058494e+00
-3.737144885838905584e+00
-3.737144885838905584e+00
-3.753093733099015061e+00
-3.753093733099015061e+00
-3.753093733099015061e+00
-3.700909720336626574e+00
-3.700909720336626574e+00
-3.700909720336626574e+00
-3.719126593538057080e+00
-3.690070851833947341e+00
-3.680121347856035730e+00
-3.680121347856035730e+00
-3.670642840590002010e+00
-3.669466963339905519e+00
-3.669466963339905519e+00
-3.669466963339905519e+00
-3.669466963339905519e+00
-3.669466963339905519e+00
-3.669466963339905519e+00
-3.559346935390448330e+00
-3.489341098547364961e+00
-3.489341098547364961e+00
-3.489341098547364961e+00
-3.489341098547364961e+00
-3.489341098547364961e+00
-3.489341098547364961e+00
-3.489341098547364961e+00
-3.489341098547364961e+00
-3.499982479325742357e+00
-3.499982479325742357e+00
-3.499982479325742357e+00
-3.464656779316115376e+00
-3.464656779316115376e+00
-3.629159303359099198e+00
-3.629159303359099198e+00
-3.498231735693862365e+00
-3.498231735693862365e+00
-3.498231735693862365e+00
-3.504834012278388755e+00
-3.523332562315908856e+00
-3.540677792994935125e+00
-3.526086126323372927e+00
-3.533338890013461242e+00
-3.533338890013461242e+00
-3.586804903173552272e+00
-3.588458616390723499e+00
-3.619866213021929457e+00
-3.577091785505887689e+00
-3.840536373298458539e+00
-3.817423474886179058e+00
-3.806154223779743440e+00
-3.806154223779743440e+00
-3.593431944275842227e+00
-3.593431944275842227e+00
-3.735244200308807994e+00
-3.735244200308807994e+00
-3.735244200308807994e+00
-3.768249632108183089e+00
-3.728171870591714843e+00
-3.706847734035743525e+00
-3.706847734035743525e+00
-3.746892040700890547e+00
-3.741762774167223249e+00
-3.741762774167223249e+00
-3.714780902032698506e+00
-3.714780902032698506e+00
-3.714780902032698506e+00
-3.802012133886232714e+00
-3.731322285017121043e+00
-3.731322285017121043e+00
-3.703545734074140672e+00
-3.703545734074140672e+00
-3.722717077967021115e+00
-3.722717077967021115e+00
-3.723516652000468330e+00
-3.723516652000468330e+00
-3.730894646696301997e+00
-3.730894646696301997e+00
-3.690617360397615787e+00
-3.690617360397615787e+00
-3.788487529437554180e+00
-3.752341571152801425e+00
-3.910929576386001472e+00
-3.886203368939416869e+00
-3.886203368939416869e+00
-3.921146279793106260e+00
-3.902926903235869549e+00
-3.902926903235869549e+00
-3.902926903235869549e+00
-3.780284629630234594e+00
-3.653795496494449235e+00
-3.667005923181861693e+00
-3.667005923181861693e+00
-3.766707316668842065e+00
-3.766707316668842065e+00
-3.766707316668842065e+00
-3.766707316668842065e+00
-3.766707316668842065e+00
-3.766707316668842065e+00
-3.766707316668842065e+00
-3.766707316668842065e+00
-3.774031248135664374e+00
-3.801225432710193086e+00
-3.801225432710193086e+00
-3.804191221422485558e+00
-3.819918457180109694e+00
-3.819918457180109694e+00
-3.873428615043048584e+00
-3.873428615043048584e+00
-3.873428615043048584e+00
-3.873428615043048584e+00
-3.868489855155756718e+00
-3.878832199202379982e+00
-3.878832199202379982e+00
-3.878832199202379982e+00
-3.748662003997831338e+00
-3.659565364967153123e+00
-3.619655422703873082e+00
-3.576857926307708269e+00
-3.576857926307708269e+00
-3.576857926307708269e+00
-3.800708481205400613e+00
-3.792674828054627856e+00
-3.792674828054627856e+00
-3.792674828054627856e+00
-3.792674828054627856e+00
-3.784827330132624734e+00
-3.656851571990114458e+00
-3.656851571990114458e+00
-3.678132643674001834e+00
-3.660352184180153845e+00
-3.660352184180153845e+00
-3.693352857501052355e+00
-3.659497741759244249e+00
-3.659497741759244249e+00
-3.681799368053816579e+00
-3.542060552710904808e+00
-3.542060552710904808e+00
-3.667859483281086685e+00
-3.667859483281086685e+00
-3.646126201540147882e+00
-3.646126201540147882e+00
-3.646126201540147882e+00
-3.693328932411244381e+00
-3.693328932411244381e+00
-3.693328932411244381e+00
-3.690844946615159827e+00
-3.690844946615159827e+00
-3.829781126196521335e+00
-3.829781126196521335e+00
-3.829781126196521335e+00
-3.808137551287029687e+00
-3.816436242434341430e+00
-3.818757278625349194e+00
-3.818757278625349194e+00
-3.818757278625349194e+00
-3.818757278625349194e+00
-3.564008085783784807e+00
-3.557545694019824012e+00
-3.557545694019824012e+00
-3.781631059968934228e+00
-3.503063474179175962e+00
-3.503063474179175962e+00
-3.404279843854157939e+00
-3.645489872662975639e+00
-3.655501150897325857e+00
-3.655501150897325857e+00
-3.628665105552459913e+00
-3.655187298868324497e+00
-3.655187298868324497e+00
-3.655187298868324497e+00
-3.655187298868324497e+00
-3.551647401273036575e+00
-3.551647401273036575e+00
-3.580569648994722076e+00
-3.631659048128301315e+00
-3.627442433472906291e+00
-3.627442433472906291e+00
-3.602699622094875931e+00
-3.590718925349998258e+00
-3.599156033507805219e+00
-3.401941376005660267e+00
-3.401941376005660267e+00
-3.527404807901151518e+00
-3.476205558275514473e+00
-3.476205558275514473e+00
-3.476205558275514473e+00
-3.511605781195923814e+00
-3.511605781195923814e+00
-3.495663392692374138e+00
-3.534731765006041027e+00
-3.551449928256091848e+00
-3.551449928256091848e+00
-3.551449928256091848e+00
-3.717742068785069076e+00
-3.717742068785069076e+00
-3.701447504403350131e+00
-3.701447504403350131e+00
-3.584675627315290658e+00
-3.584675627315290658e+00
-3.554362820486706820e+00
-3.561203017532701409e+00
-3.644956254751051894e+00
-3.541560027356297713e+00
-3.541560027356297713e+00
-3.483288679393936160e+00
-3.483288679393936160e+00
-3.476767485940440938e+00
-3.476767485940440938e+00
-3.464137476614184141e+00
-3.409590013440795708e+00
-3.365497594772318912e+00
-3.521656320200913015e+00
-3.545984120567072573e+00
-3.545984120567072573e+00
-3.530299096639061052e+00
-3.530299096639061052e+00
-3.530299096639061052e+00
-3.530299096639061052e+00
-3.530299096639061052e+00
-3.530299096639061052e+00
-3.530299096639061052e+00
-3.623486934192576392e+00
-3.562552930448569022e+00
-3.507400307357857905e+00
-3.507400307357857905e+00
-3.544602939844554879e+00
-3.557951352578708093e+00
-3.497199803135697671e+00
-3.421837507864703198e+00
-3.411091202242091391e+00
-3.411091202242091391e+00
-3.421218722914851185e+00
-3.421218722914851185e+00
-3.641868240489535058e+00
-3.624626636571463667e+00
-3.690866821336105108e+00
-3.690866821336105108e+00
-3.690866821336105108e+00
-3.680510597726594835e+00
-3.680510597726594835e+00
-3.699708898060078521e+00
-3.668276675574112744e+00
-3.496034532794080718e+00
-3.551758229169513115e+00
-3.551758229169513115e+00
-3.551758229169513115e+00
-3.551758229169513115e+00
-3.565907187840345660e+00
-3.565907187840345660e+00
-3.574547699961708069e+00
-3.669926504105494924e+00
-3.658701483636858764e+00
-3.658701483636858764e+00
-3.657720435168694717e+00
-3.640894938998031627e+00
-3.640894938998031627e+00
-3.640894938998031627e+00
-3.688228042077622337e+00
-3.706535499326892413e+00
-3.706535499326892413e+00
-3.706535499326892413e+00
-3.706535499326892413e+00
-3.711753391862230078e+00
-3.711753391862230078e+00
-3.711753391862230078e+00
-3.734839899448471279e+00
-3.734839899448471279e+00
-3.734839899448471279e+00
-3.751352727326963787e+00
-3.719720409577712328e+00
-3.726765359620229479e+00
-3.726765359620229479e+00
-3.726765359620229479e+00
-3.749816658886807819e+00
-3.749816658886807819e+00
-3.749816658886807819e+00
-3.749816658886807819e+00
-3.752814661026786069e+00
-3.795538551234412861e+00
-3.724054248925174448e+00
-3.708266052063464713e+00
-3.706023664271556495e+00
-3.715204936949100478e+00
-3.649260836840023892e+00
-3.783505793673148432e+00
-3.757788280736755304e+00
-3.757788280736755304e+00
-3.757788280736755304e+00
-3.776940839962085850e+00
-3.776940839962085850e+00
-3.776940839962085850e+00
-3.776940839962085850e+00
-3.776940839962085850e+00
-3.790518555306441773e+00
-3.790518555306441773e+00
-3.790780708264906540e+00
-3.740579934097912673e+00
-3.740579934097912673e+00
-3.730729576926370861e+00
-3.616377665141171871e+00
-3.616377665141171871e+00
-3.641039039235006491e+00
-3.641039039235006491e+00
-3.624984963189412213e+00
-3.624984963189412213e+00
-3.624984963189412213e+00
-3.755146427182039393e+00
-3.755146427182039393e+00
-3.665067794313530580e+00
-3.745817829755215378e+00
-3.745817829755215378e+00
-3.745817829755215378e+00
-3.745817829755215378e+00
-3.718859212344761467e+00
-3.708641898983205731e+00
-3.761861735152480346e+00
-3.758295202512387245e+00
-3.775361913808247039e+00
-3.803212904209678502e+00
-3.803212904209678502e+00
-3.768175216193670352e+00
-3.962532429065086959e+00
-3.962532429065086959e+00
-3.962532429065086959e+00
-3.963962501110038339e+00
-3.733114064643690888e+00
-3.733114064643690888e+00
-3.733114064643690888e+00
-3.733114064643690888e+00
-3.710258000734428574e+00
-3.713439227342282045e+00
-3.713439227342282045e+00
-3.510980291746365278e+00
-3.710122977580807113e+00
-3.710122977580807113e+00
-3.710122977580807113e+00
-3.710122977580807113e+00
-3.710122977580807113e+00
-3.710122977580807113e+00
-3.710122977580807113e+00
-3.710122977580807113e+00
-3.653703811574323446e+00
-3.640947891514901169e+00
-3.658485270657815924e+00
-3.566342712572344809e+00
-3.566342712572344809e+00
-3.597197512762802418e+00
-3.556870614277412024e+00
-3.617803311080477702e+00
-3.497023064338575349e+00
-3.497023064338575349e+00
-3.518771021044706515e+00
-3.518771021044706515e+00
-3.520451411862685287e+00
-3.576226245660234060e+00
-3.596872156083451788e+00
-3.575609701672868734e+00
-3.608923018616978062e+00
-3.608923018616978062e+00
-3.830807450733756170e+00
-3.830807450733756170e+00
-3.830807450733756170e+00
-3.718766000320094189e+00
-3.718686252771849166e+00
-3.718686252771849166e+00
-3.718686252771849166e+00
-3.718686252771849166e+00
-3.764339722649427511e+00
-3.764339722649427511e+00
-3.764339722649427511e+00
-3.736543809913591474e+00
-3.798147439654201207e+00
-3.779013241756700836e+00
-3.779013241756700836e+00
-3.779013241756700836e+00
-3.863996302316217157e+00
-3.863996302316217157e+00
-3.876720552714392198e+00
-3.864152474424292993e+00
-3.864152474424292993e+00
-3.847937166424361788e+00
-3.883958760649862008e+00
-3.670315916840674486e+00
-3.670315916840674486e+00
-3.670315916840674486e+00
-3.670315916840674486e+00
-3.670315916840674486e+00
-3.664949753791061582e+00
-3.664949753791061582e+00
-3.648120555484974492e+00
-3.648120555484974492e+00
-3.648120555484974492e+00
-3.648120555484974492e+00
-3.623268011893779228e+00
-3.601536448329778040e+00
-3.601536448329778040e+00
-3.614044797026866540e+00
-3.614044797026866540e+00
-3.614044797026866540e+00
-3.607580115139917165e+00
-3.746130413166607553e+00
-3.746130413166607553e+00
-3.746130413166607553e+00
-3.746130413166607553e+00
-3.642854054094780025e+00
-3.642854054094780025e+00
-3.747121298177281457e+00
-3.763812388003583642e+00
-3.763812388003583642e+00
-3.761776582031870042e+00
-3.761776582031870042e+00
-3.761776582031870042e+00
-3.755599537675412769e+00
-3.735162986744900770e+00
-3.804196317048223364e+00
-3.804196317048223364e+00
-3.804196317048223364e+00
-3.827169022973905932e+00
-3.827169022973905932e+00
-3.777426229942018931e+00
-3.777426229942018931e+00
-3.777426229942018931e+00
-3.777426229942018931e+00
-3.777426229942018931e+00
-3.681562170902381581e+00
-3.681562170902381581e+00
-3.690507634185961727e+00
-3.690507634185961727e+00
-3.690507634185961727e+00
-3.690507634185961727e+00
-3.715018720930788554e+00
-3.739260093975180776e+00
-3.771039621863290225e+00
-3.771039621863290225e+00
-3.771039621863290225e+00
-3.852497237839610733e+00
-3.778679334723161976e+00
-3.747559221832371001e+00
-3.608988873854783730e+00
-3.608988873854783730e+00
-3.608988873854783730e+00
-3.608988873854783730e+00
-3.623699029112432246e+00
-3.623699029112432246e+00
-3.712740474769125942e+00
-3.809864096300463299e+00
-3.746665001891377855e+00
-3.746665001891377855e+00
-3.777468463487099637e+00
-3.739368873417924011e+00
-3.739368873417924011e+00
-3.739368873417924011e+00
-3.853538841003207427e+00
-3.851500105207063207e+00
-3.851500105207063207e+00
-3.859731826499874341e+00
-3.832692231575481667e+00
-3.832692231575481667e+00
-3.793487236126761086e+00
-3.931113235917543136e+00
-3.690690150023739236e+00
-3.479710012653217444e+00
-3.470987974109349672e+00
-3.483069869177012556e+00
-3.484151355221770441e+00
-3.484151355221770441e+00
-3.484151355221770441e+00
-3.518507095184622901e+00
-3.518507095184622901e+00
-3.518507095184622901e+00
-3.516722962970086019e+00
-3.710431788834029021e+00
-3.696321048275875931e+00
-3.696321048275875931e+00
-3.640414888399487570e+00
-3.828196614741485426e+00
-3.828196614741485426e+00
-3.828196614741485426e+00
-3.835234240087460389e+00
-3.835234240087460389e+00
-3.835234240087460389e+00
-3.802419276468299802e+00
-3.591273573384837992e+00
-3.612680020516200852e+00
-3.612680020516200852e+00
-3.725575003617077829e+00
-3.671857136973236901e+00
-3.671857136973236901e+00
-3.671857136973236901e+00
-3.671857136973236901e+00
-3.775480766104947428e+00
-3.787979002195302147e+00
-3.790107989649786013e+00
-3.790107989649786013e+00
-3.790107989649786013e+00
-3.790107989649786013e+00
-3.766056651436902047e+00
-3.790247355919533323e+00
-3.740557411060530857e+00
-3.625600951679556871e+00
-3.625600951679556871e+00
-3.617026458341861428e+00
-3.618396303788481205e+00
-3.636165321910294512e+00
-3.629211259631643038e+00
-3.629211259631643038e+00
-3.629211259631643038e+00
-3.629211259631643038e+00
-3.627061850616602356e+00
-3.627061850616602356e+00
-3.692635293263337282e+00
-3.692635293263337282e+00
-3.681653349983618373e+00
-3.643242821682778576e+00
-3.643242821682778576e+00
-3.375556230701574290e+00
-3.375556230701574290e+00
-3.386253944360990698e+00
-3.391881720220249807e+00
-3.391881720220249807e+00
-3.391881720220249807e+00
-3.391881720220249807e+00
-3.391881720220249807e+00
-3.409536963688977185e+00
-3.319744231604929485e+00
-3.423625592054413413e+00
-3.557063065526829160e+00
-3.578221093440764555e+00
-3.620015328248762820e+00
-3.620015328248762820e+00
-3.518985811336403646e+00
-3.530009102314385583e+00
-3.590289788631173540e+00
-3.599946592458055150e+00
-3.506502115772573092e+00
-3.621867539558208282e+00
-3.658989690057749211e+00
-3.477217709341662299e+00
-3.545984632224241651e+00
-3.547077383179649157e+00
-3.547077383179649157e+00
-3.497850828281175772e+00
-3.531689653132807027e+00
-3.531689653132807027e+00
-3.531689653132807027e+00
-3.432357911862398581e+00
-3.432357911862398581e+00
-3.410628034514142648e+00
-3.375042757629691970e+00
-3.375042757629691970e+00
-3.362760118969648548e+00
-3.362760118969648548e+00
-3.362760118969648548e+00
-3.405764254851731732e+00
-3.449301318120773896e+00
-3.334209606764752198e+00
-3.334209606764752198e+00
-3.309773039694843710e+00
-3.362672898450815850e+00
-3.379340186722258998e+00
-3.379340186722258998e+00
-3.379340186722258998e+00
-3.379340186722258998e+00
-3.382978871235904794e+00
-3.336441505091823245e+00
-3.333061447805012456e+00
-3.322007292393304390e+00
-3.321919723638028898e+00
-3.423767881007372615e+00
-3.286570653428871669e+00
-3.286570653428871669e+00
-3.286570653428871669e+00
-3.347051358188598336e+00
-3.347051358188598336e+00
-3.464445849747732176e+00
-3.602101771983575063e+00
-3.448568202291870666e+00
-3.448568202291870666e+00
-3.448568202291870666e+00
-3.448568202291870666e+00
-3.425476406273242791e+00
-3.425476406273242791e+00
-3.425476406273242791e+00
-3.425476406273242791e+00
-3.425476406273242791e+00
-3.425476406273242791e+00
-3.455593716589500097e+00
-3.455593716589500097e+00
-3.455593716589500097e+00
-3.455593716589500097e+00
-3.455593716589500097e+00
-3.455593716589500097e+00
-3.402154509092318424e+00
-3.402154509092318424e+00
-3.402154509092318424e+00
-3.402154509092318424e+00
-3.352214184340571279e+00
-3.297833988873519306e+00
-3.297833988873519306e+00
-3.297833988873519306e+00
-3.543755243808617728e+00
-3.433823128741901876e+00
-3.429917976639365929e+00
-3.429917976639365929e+00
-3.489105380905860532e+00
-3.489105380905860532e+00
-3.489105380905860532e+00
-3.466125401920839177e+00
-3.451384527771527377e+00
-3.451384527771527377e+00
-3.451384527771527377e+00
-3.451384527771527377e+00
-3.508288825313571557e+00
-3.508288825313571557e+00
-3.508288825313571557e+00
-3.478865210097659588e+00
-3.478025460786501100e+00
-3.384575333190316559e+00
-3.414354072491884384e+00
-3.414354072491884384e+00
-3.397257656412003612e+00
-3.397257656412003612e+00
-3.397257656412003612e+00
-3.397257656412003612e+00
-3.397257656412003612e+00
-3.397257656412003612e+00
-3.397257656412003612e+00
-3.373837603028845500e+00
-3.373837603028845500e+00
-3.373837603028845500e+00
-3.373837603028845500e+00
-3.373837603028845500e+00
-3.326082806203967568e+00
-3.337735903018145489e+00
-3.370790711921737959e+00
-3.366233887892566834e+00
-3.330879073249970457e+00
-3.327706082701569201e+00
-3.327706082701569201e+00
-3.334242363907317319e+00
-3.334242363907317319e+00
-3.334242363907317319e+00
-3.334242363907317319e+00
-3.316905792580133294e+00
-3.316905792580133294e+00
-3.175610315568156317e+00
-3.175610315568156317e+00
-3.175610315568156317e+00
-3.203509177630663007e+00
-3.319029564209028393e+00
-3.319029564209028393e+00
-3.299390256547670486e+00
-3.299390256547670486e+00
-3.286929360307331738e+00
-3.406140831701276017e+00
-3.406140831701276017e+00
-3.419801007427082151e+00
-3.315018881116853944e+00
-3.400059259504185416e+00
-3.400059259504185416e+00
-3.370486514018484758e+00
-3.385641607380915019e+00
-3.385641607380915019e+00
-3.344231145609210643e+00
-3.378680032460059213e+00
-3.378680032460059213e+00
-3.378680032460059213e+00
-3.378680032460059213e+00
-3.378680032460059213e+00
-3.378680032460059213e+00
-3.378680032460059213e+00
-3.410649299901166831e+00
-3.410649299901166831e+00
-3.410649299901166831e+00
-3.350050598056243167e+00
-3.342021147363646083e+00
-3.342021147363646083e+00
-3.377396615434417715e+00
-3.296642861921095680e+00
-3.296642861921095680e+00
-3.296642861921095680e+00
-3.385709590738779529e+00
-3.382678553984016734e+00
-3.207412342781926551e+00
-3.297488240896124356e+00
-3.297488240896124356e+00
-3.460946414310478225e+00
-3.415960858639162545e+00
-3.453517445278853071e+00
-3.453517445278853071e+00
-3.407244240146077630e+00
-3.479659079139810096e+00
-3.479659079139810096e+00
-3.523369930792148441e+00
-3.523369930792148441e+00
-3.415644948283505844e+00
-3.415644948283505844e+00
-3.355824550695396979e+00
-3.355824550695396979e+00
-3.371608083671354894e+00
-3.371608083671354894e+00
-3.382106899941478062e+00
-3.382106899941478062e+00
-3.382106899941478062e+00
-3.382106899941478062e+00
-3.256161259487650561e+00
-3.256161259487650561e+00
-3.256161259487650561e+00
-3.208157027104555414e+00
-3.169988036784646468e+00
-3.179312547337906913e+00
-3.179312547337906913e+00
-3.179312547337906913e+00
-3.360742594634250402e+00
-3.385023179464253573e+00
-3.354297311403105386e+00
-3.327528564643889464e+00
-3.327528564643889464e+00
-3.364104304238557219e+00
-3.388176544391741984e+00
-3.294921526502219589e+00
-3.294921526502219589e+00
-3.300134476667199390e+00
-3.238960657796709164e+00
-3.252540459836351872e+00
-3.252540459836351872e+00
-3.252540459836351872e+00
-3.365229643270855941e+00
-3.553561902713000986e+00
-3.553561902713000986e+00
-3.553561902713000986e+00
-3.542294533483015595e+00
-3.542294533483015595e+00
-3.542294533483015595e+00
-3.542294533483015595e+00
-3.542294533483015595e+00
-3.423462844094850688e+00
-3.416280059761762189e+00
-3.416280059761762189e+00
-3.435269600923688493e+00
-3.429243861080138789e+00
-3.460011730495842652e+00
-3.460011730495842652e+00
-3.526642692255780087e+00
-3.429867115605457428e+00
-3.429867115605457428e+00
-3.523373495860826488e+00
-3.485737143149486350e+00
-3.354556718016231898e+00
-3.515152942702433059e+00
-3.425618641708392698e+00
-3.450312330024849050e+00
-3.415686816402607739e+00
-3.415686816402607739e+00
-3.377643542915814034e+00
-3.351422292345418441e+00
-3.453394472715169528e+00
-3.496975924087846632e+00
-3.409807676715585156e+00
-3.189148015426483962e+00
-3.185852060270244479e+00
-3.090804411751163716e+00
-3.090804411751163716e+00
-3.124821381234970108e+00
-3.124821381234970108e+00
-3.124821381234970108e+00
-3.259172958412763332e+00
-3.048070596768816642e+00
-3.179532647726811767e+00
-3.445557738869188480e+00
-3.449149099346702663e+00
-3.411303972201120693e+00
-3.442947578127946606e+00
-3.496433988359767930e+00
-3.441071810012006349e+00
-3.441071810012006349e+00
-3.441071810012006349e+00
-3.441071810012006349e+00
-3.441071810012006349e+00
-3.335848869267617367e+00
-3.335848869267617367e+00
-3.389233512496454104e+00
-3.313771073774569587e+00
-3.313771073774569587e+00
-3.313771073774569587e+00
-3.257386835421013149e+00
-3.217614746271276527e+00
-3.412313699133651124e+00
-3.412313699133651124e+00
-3.412313699133651124e+00
-3.412313699133651124e+00
-3.505399139989701762e+00
-3.476663021957499211e+00
-3.457076670673863372e+00
-3.457076670673863372e+00
-3.337812564742578925e+00
-3.337812564742578925e+00
-3.323125857750607093e+00
-3.356483635211891414e+00
-3.365148277882988648e+00
-3.365148277882988648e+00
-3.389972955578983704e+00
-3.378373350715645707e+00
-3.378373350715645707e+00
-3.378373350715645707e+00
-3.381095711224846756e+00
-3.266764076036803743e+00
-3.266764076036803743e+00
-3.266764076036803743e+00
-3.274030005745573124e+00
-3.171923516682829458e+00
-3.230392892010609529e+00
-3.230392892010609529e+00
-3.184073874844809193e+00
-3.184073874844809193e+00
-3.184073874844809193e+00
-3.189968878095986060e+00
-3.189968878095986060e+00
-3.204857034303390417e+00
-3.252679403478276665e+00
-3.252679403478276665e+00
-3.252679403478276665e+00
-3.252679403478276665e+00
-3.242919031822562470e+00
-3.242919031822562470e+00
-3.242919031822562470e+00
-3.242919031822562470e+00
-3.242919031822562470e+00
-3.252320170270525335e+00
-3.252320170270525335e+00
-3.190985959145171247e+00
-3.151969079311252919e+00
-3.151969079311252919e+00
-3.297324566386749201e+00
-3.164642629868793744e+00
-3.148712387834125881e+00
-3.148712387834125881e+00
-3.177212791174498729e+00
-3.177212791174498729e+00
-3.412698402048047086e+00
-3.412698402048047086e+00
-3.412698402048047086e+00
-3.442690388289376013e+00
-3.442690388289376013e+00
-3.300530317220081056e+00
-3.300530317220081056e+00
-3.300530317220081056e+00
-3.267341466913143311e+00
-3.294033867323739262e+00
-3.288967765600404825e+00
-3.288967765600404825e+00
-3.207308418005017536e+00
-3.195887013403019505e+00
-3.195887013403019505e+00
-3.338027013980202629e+00
-3.338027013980202629e+00
-3.338027013980202629e+00
-3.195661870276143013e+00
-3.195661870276143013e+00
-3.195661870276143013e+00
-3.195661870276143013e+00
-3.195661870276143013e+00
-3.267038471321804582e+00
-3.267038471321804582e+00
-3.267038471321804582e+00
-3.267038471321804582e+00
-3.267038471321804582e+00
-3.267038471321804582e+00
-3.346599780870052943e+00
-3.320141477665095042e+00
-3.320141477665095042e+00
-3.172657065255826581e+00
-3.028059014483608369e+00
-3.106168305466425306e+00
-3.106168305466425306e+00
-3.075779389687573140e+00
-3.103579394956846205e+00
-3.347852599362984627e+00
-3.332729078749811613e+00
-3.332729078749811613e+00
-3.332729078749811613e+00
-3.325760138453194070e+00
-3.325760138453194070e+00
-3.325760138453194070e+00
-3.370556056901544917e+00
-3.395989548448436146e+00
-3.338103763539125080e+00
-3.338103763539125080e+00
-3.387801136940014946e+00
-3.367892250094045359e+00
-3.347827201460066959e+00
-3.347827201460066959e+00
-3.328550257519925726e+00
-3.351649110177410407e+00
-3.269588069212124637e+00
-3.246116513172593088e+00
-3.246116513172593088e+00
-3.246116513172593088e+00
-3.246116513172593088e+00
-3.246116513172593088e+00
-3.267602834187844252e+00
-3.267602834187844252e+00
-3.166186699707737695e+00
-3.144096576334268978e+00
-3.253136254184278098e+00
-3.253136254184278098e+00
-3.253136254184278098e+00
-3.253136254184278098e+00
-3.288328415398668714e+00
-3.288328415398668714e+00
-3.288328415398668714e+00
-3.288328415398668714e+00
-3.281665124761517394e+00
-3.281665124761517394e+00
-3.281665124761517394e+00
-3.270377530771120700e+00
-3.278805691717175730e+00
-3.278805691717175730e+00
-3.465852363403182590e+00
-3.465852363403182590e+00
-3.369578499235432290e+00
-3.369025630587534348e+00
-3.361852599863620839e+00
-3.357175962218789778e+00
-3.278146036931644414e+00
-3.278146036931644414e+00
-3.207462505343643855e+00
-3.207462505343643855e+00
-3.176952998214851220e+00
-3.138007751361055586e+00
-3.333347225297430327e+00
-3.348846522899989964e+00
-3.348846522899989964e+00
-3.391765429708060164e+00
-3.222044307632210725e+00
-3.266937074406918828e+00
-3.222664607269394743e+00
-3.313168715713627144e+00
-3.313168715713627144e+00
-3.417311956193371358e+00
-3.402164378879244389e+00
-3.402164378879244389e+00
-3.369884946778711310e+00
-3.416012438145153762e+00
-3.425401696185655709e+00
-3.425401696185655709e+00
-3.372143926751258736e+00
-3.372143926751258736e+00
-3.309684238519538635e+00
-3.249959063295564388e+00
-3.251486081978796072e+00
-3.561527006843306697e+00
-3.486429587066348201e+00
-3.508247900301160627e+00
-3.508247900301160627e+00
-3.508247900301160627e+00
-3.508247900301160627e+00
-3.508247900301160627e+00
-3.508247900301160627e+00
-3.440466537707788763e+00
-3.400761218234086058e+00
-3.400761218234086058e+00
-3.400761218234086058e+00
-3.382017285545189988e+00
-3.382017285545189988e+00
-3.382017285545189988e+00
-3.439135486686514920e+00
-3.439135486686514920e+00
-3.343297969475782505e+00
-3.343297969475782505e+00
-3.252148489481331062e+00
-3.444437870632711896e+00
-3.368366063105365793e+00
-3.367942033351201125e+00
-3.367942033351201125e+00
-3.373157435987221842e+00
-3.373157435987221842e+00
-3.349147598958433836e+00
-3.273302681829625804e+00
-3.273302681829625804e+00
-3.272872383387559481e+00
-3.174679318940663908e+00
-3.174679318940663908e+00
-3.176135819870303134e+00
-3.176135819870303134e+00
-3.417169637648594271e+00
-3.417169637648594271e+00
-3.497305808460141385e+00
-3.469459541064960906e+00
-3.306415891283868369e+00
-3.314893826815285660e+00
-3.314893826815285660e+00
-3.326485956515541353e+00
-3.299678740755062289e+00
-3.338805241892923714e+00
-3.338805241892923714e+00
-3.330687468397278472e+00
-3.194384510702630298e+00
-3.245618004825936431e+00
-3.318983931110169205e+00
-3.309701065384286878e+00
-3.323610669001035411e+00
-3.323610669001035411e+00
-3.323610669001035411e+00
-3.370878324761980682e+00
-3.385669943948744542e+00
-3.289034481104192054e+00
-3.330091484584814854e+00
-3.525402370829121335e+00
-3.384289637520179639e+00
-3.399718005781416696e+00
-3.399718005781416696e+00
-3.259667640718468817e+00
-3.259667640718468817e+00
-3.259667640718468817e+00
-3.175137946825613788e+00
-3.338730859303379983e+00
-3.343149693269488854e+00
-3.411583815028496058e+00
-3.411583815028496058e+00
-3.376806529179332994e+00
-3.376806529179332994e+00
-3.304928180622145106e+00
-3.349665352478875313e+00
-3.316694214547960318e+00
-3.316694214547960318e+00
-3.195303333494607489e+00
-3.231348749496889106e+00
-3.093380652308916900e+00
-3.093380652308916900e+00
-3.079950042699996615e+00
-3.275184233736736061e+00
-3.356832477187536412e+00
-3.356832477187536412e+00
-3.405244381566304490e+00
-3.324734175353122545e+00
-3.324734175353122545e+00
-3.243040503090762083e+00
-3.243040503090762083e+00
-3.243040503090762083e+00
-3.405655641772892928e+00
-3.405655641772892928e+00
-3.405655641772892928e+00
-3.405655641772892928e+00
-3.329645765641722654e+00
-3.304252339778061209e+00
-3.304252339778061209e+00
-3.303968015308710093e+00
-3.262170207772120634e+00
-3.262170207772120634e+00
-3.262170207772120634e+00
-3.504756993866532166e+00
-3.553731248901086381e+00
-3.553731248901086381e+00
-3.553731248901086381e+00
-3.553731248901086381e+00
-3.548946811835789639e+00
-3.525307859272142963e+00
-3.382957055691683035e+00
-3.382957055691683035e+00
-3.436453854724005108e+00
-3.436453854724005108e+00
-3.505045018817608327e+00
-3.569428223077948825e+00
-3.548317795995852286e+00
-3.548317795995852286e+00
-3.548317795995852286e+00
-3.548317795995852286e+00
-3.548317795995852286e+00
-3.397348144200488473e+00
-3.397348144200488473e+00
-3.397348144200488473e+00
-3.397348144200488473e+00
-3.357128721211272371e+00
-3.361959129898741683e+00
-3.361959129898741683e+00
-3.361959129898741683e+00
-3.361959129898741683e+00
-3.361959129898741683e+00
-3.380945132982754675e+00
-3.339004687364878432e+00
-3.339004687364878432e+00
-3.460963007171677042e+00
-3.482090691027082130e+00
-3.494758940434851802e+00
-3.495697579605215655e+00
-3.485272278367280929e+00
-3.469027890723561658e+00
-3.469027890723561658e+00
-3.064379184585045657e+00
-3.064379184585045657e+00
-3.169436737108827451e+00
-3.169436737108827451e+00
-3.158666363153480372e+00
-3.189233196432604167e+00
-3.046038607674785403e+00
-3.046038607674785403e+00
-3.118695023210661610e+00
-3.175862587419276295e+00
-3.252249237549423189e+00
-3.252249237549423189e+00
-3.252249237549423189e+00
-3.136423979946823426e+00
-3.136423979946823426e+00
-3.130562345366617372e+00
-3.287267990623539582e+00
-3.290320827361351785e+00
-3.290320827361351785e+00
-3.290320827361351785e+00
-3.290320827361351785e+00
-3.290320827361351785e+00
-3.253087591871194562e+00
-3.253087591871194562e+00
-3.253087591871194562e+00
-3.310753792809498997e+00
-3.310753792809498997e+00
-3.376178623651685307e+00
-3.376178623651685307e+00
-3.358135698828977667e+00
-3.358135698828977667e+00
-3.428165249220512578e+00
-3.381967463218838787e+00
-3.427560722441649776e+00
-3.365321548544058849e+00
-3.495695001126147172e+00
-3.495695001126147172e+00
-3.495695001126147172e+00
-3.481719385158221325e+00
-3.543047078973020625e+00
-3.427665550912859072e+00
-3.427665550912859072e+00
-3.415019642515766840e+00
-3.415019642515766840e+00
-3.435185078074908027e+00
-3.435185078074908027e+00
-3.435185078074908027e+00
-3.435185078074908027e+00
-3.422404229805852793e+00
-3.422404229805852793e+00
-3.422404229805852793e+00
-3.422404229805852793e+00
-3.233410777278739712e+00
-3.155828727511412524e+00
-3.203010116831868537e+00
-3.136459778050205038e+00
-3.165362769878793170e+00
-3.132276251425766045e+00
-3.058049376823352539e+00
-3.059824869969140604e+00
-3.086249344924426818e+00
-3.057661584333804417e+00
-3.046705850923022041e+00
-3.122251332474849317e+00
-3.122251332474849317e+00
-3.303279203233464578e+00
-3.131215762386322599e+00
-3.131215762386322599e+00
-3.144368506402269503e+00
-3.288017475569755543e+00
-3.246543931409510808e+00
-3.251461653420039788e+00
-3.211408713463194786e+00
-3.211408713463194786e+00
-3.211408713463194786e+00
-3.196330096172659729e+00
-3.333581735039070626e+00
-3.343557030886559645e+00
-3.349679151896458595e+00
-3.280269183183065707e+00
-3.309512157194637982e+00
-3.324410317023149819e+00
-3.325058092245507080e+00
-3.330826054845487771e+00
-3.373236156761917126e+00
-3.373236156761917126e+00
-3.357873339978740379e+00
-3.270601035820598135e+00
-3.300918201703181065e+00
-3.300918201703181065e+00
-3.300918201703181065e+00
-3.230888969702806257e+00
-3.330374784169046531e+00
-3.262014538346036829e+00
-3.262014538346036829e+00
-3.362597967895158302e+00
-3.216329732635824001e+00
-3.232564220274051436e+00
-3.210228805964115306e+00
-3.210228805964115306e+00
-3.232264352767468818e+00
-3.232264352767468818e+00
-3.242138135778184438e+00
-3.257869119095305965e+00
-3.080876501632106468e+00
-3.080876501632106468e+00
-3.233663672019070123e+00
-3.422453514378969608e+00
-3.422453514378969608e+00
-3.422453514378969608e+00
-3.205781105190209868e+00
-3.341946896419875301e+00
-3.345629543313551668e+00
-3.345629543313551668e+00
-3.345629543313551668e+00
-3.345629543313551668e+00
-3.357661295730219653e+00
-3.278454396276337057e+00
-3.317977269591294576e+00
-3.294972778642833777e+00
-3.294972778642833777e+00
-3.294972778642833777e+00
-3.294972778642833777e+00
-3.294254112243404808e+00
-3.294254112243404808e+00
-3.281351619632728589e+00
-3.257637794072322013e+00
-3.257637794072322013e+00
-3.200112126042891525e+00
-3.233323718162424143e+00
-3.300011360605242139e+00
-3.300011360605242139e+00
-3.235027173091348907e+00
-3.199502989139415554e+00
-3.197256450344971856e+00
-3.202296503008794204e+00
-3.215861092441133717e+00
-3.215861092441133717e+00
-3.215861092441133717e+00
-3.190196782072614035e+00
-3.190196782072614035e+00
-3.190196782072614035e+00
-3.208748769492313357e+00
-3.200527952017928612e+00
-3.385011210767812084e+00
-3.391060139753219627e+00
-3.322583192541280983e+00
-3.263152399334761089e+00
-3.263152399334761089e+00
-3.263152399334761089e+00
-3.323712373178333568e+00
-3.333754864634246751e+00
-3.333754864634246751e+00
-3.333754864634246751e+00
-3.333754864634246751e+00
-3.333754864634246751e+00
-3.333754864634246751e+00
-3.311726910339154895e+00
-3.332783828018596406e+00
-3.332783828018596406e+00
-3.235905250939703048e+00
-3.323266881093400293e+00
-3.323266881093400293e+00
-3.323266881093400293e+00
-3.281824311876437861e+00
-3.281824311876437861e+00
-3.295066796017520172e+00
-3.341524623909532643e+00
-3.335174975672784203e+00
-3.329900878507627837e+00
-3.425323600418099357e+00
-3.275003516038667684e+00
-3.275003516038667684e+00
-3.275003516038667684e+00
-3.264871936612258274e+00
-3.305650362406155285e+00
-3.155142043306688571e+00
-3.155142043306688571e+00
-3.306692793160273425e+00
-3.345708725721322274e+00
-3.345708725721322274e+00
-3.336893990928013753e+00
-3.391757370410353634e+00
-3.391757370410353634e+00
-3.391757370410353634e+00
-3.391757370410353634e+00
-3.301331736049582410e+00
-3.301331736049582410e+00
-3.301331736049582410e+00
-3.301331736049582410e+00
-3.301331736049582410e+00
-3.301331736049582410e+00
-3.309551995392530976e+00
-3.295450659812299232e+00
-3.426948105756109531e+00
-3.426948105756109531e+00
-3.372961953673604185e+00
-3.372961953673604185e+00
-3.372961953673604185e+00
-3.372961953673604185e+00
-3.372961953673604185e+00
-3.386647993745872665e+00
-3.386647993745872665e+00
-3.422279839199668494e+00
-3.358499389123034806e+00
-3.363439311824001354e+00
-3.363439311824001354e+00
-3.336083894940293781e+00
-3.336083894940293781e+00
-3.304728580778148128e+00
-3.280171579194524956e+00
-3.322576865685081149e+00
-3.347231527778910642e+00
-3.347231527778910642e+00
-3.347231527778910642e+00
-3.347231527778910642e+00
-3.347231527778910642e+00
-3.345503230967748376e+00
-3.345503230967748376e+00
-3.345503230967748376e+00
-3.252366056684433016e+00
-3.316918323429989268e+00
-3.330955537465268179e+00
-3.330955537465268179e+00
-3.212499165955803537e+00
-3.212499165955803537e+00
-3.212499165955803537e+00
-3.212499165955803537e+00
-3.442370601602756874e+00
-3.442370601602756874e+00
-3.442370601602756874e+00
-3.408385231788422232e+00
-3.341892083277681724e+00
-3.438902227726740257e+00
-3.438902227726740257e+00
-3.438902227726740257e+00
-3.444389782440633319e+00
-3.261118716497596104e+00
-3.261118716497596104e+00
-3.322182852542569176e+00
-3.322182852542569176e+00
-3.401969661780508414e+00
-3.394402394839563186e+00
-3.394402394839563186e+00
-3.315588809783221791e+00
-3.294042797180567028e+00
-3.328166885572604539e+00
-3.328166885572604539e+00
-3.316150524150130785e+00
-3.316150524150130785e+00
-3.387512921720274850e+00
-3.382515044714477614e+00
-3.323705595967591186e+00
-3.247189072472804749e+00
-3.325687642502455077e+00
-3.325687642502455077e+00
-3.271214179572614178e+00
-3.171062490062860562e+00
-3.259645389184228303e+00
-3.259645389184228303e+00
-3.308556055981220823e+00
-3.308556055981220823e+00
-3.308556055981220823e+00
-3.291365331583333109e+00
-3.181514219273280819e+00
-3.217380135641170646e+00
-3.311610182260936508e+00
-3.311610182260936508e+00
-3.309568196349351066e+00
-3.309568196349351066e+00
-3.291440565986046174e+00
-3.291440565986046174e+00
-3.291440565986046174e+00
-3.291440565986046174e+00
-3.291095157983447539e+00
-3.302952556530317718e+00
-3.265107132910131327e+00
-3.265107132910131327e+00
-3.288878919445879845e+00
-3.251567032433794413e+00
-3.251567032433794413e+00
-3.251567032433794413e+00
-3.251567032433794413e+00
-3.263587716482808432e+00
-3.362767964544715049e+00
-3.281901397959240629e+00
-3.283598733852004958e+00
-3.264527559082919694e+00
-3.264527559082919694e+00
-3.222308530807789229e+00
-3.222308530807789229e+00
-3.143022705885905044e+00
-3.109770504471919494e+00
-3.109770504471919494e+00
-3.109770504471919494e+00
-3.109770504471919494e+00
-3.030108219688996130e+00
-3.061971572860661350e+00
-3.113006084077355240e+00
-3.113006084077355240e+00
-3.154993888836462368e+00
-3.223123246717546575e+00
-3.223123246717546575e+00
-3.223123246717546575e+00
-3.194516513083295983e+00
-3.174927531932530300e+00
-3.175138631854280025e+00
-3.207976681684974185e+00
-3.069035978518333874e+00
-3.108292103229838510e+00
-3.064605294802523527e+00
-3.141568396879977243e+00
-3.141568396879977243e+00
-3.164591695132850102e+00
-3.108575493044691385e+00
-3.108575493044691385e+00
-3.130045076817512317e+00
-3.130045076817512317e+00
-3.130045076817512317e+00
-3.161610184163242021e+00
-3.161610184163242021e+00
-3.065702154643196842e+00
-3.065702154643196842e+00
-3.191200172495264997e+00
-3.100036461461261439e+00
-3.100036461461261439e+00
-3.100036461461261439e+00
-3.100036461461261439e+00
-3.273232347294148248e+00
-3.282366146959087239e+00
-3.282366146959087239e+00
-3.282366146959087239e+00
-3.139961099864111649e+00
-3.171408484470297662e+00
-3.168118071889855614e+00
-3.077924842495087354e+00
-3.139318085462801999e+00
-3.190878108848398842e+00
-3.137337449625227759e+00
-3.108549990778148864e+00
-3.096244986288687606e+00
-3.093335512279628219e+00
-3.093335512279628219e+00
-3.070833811170124772e+00
-3.023392638156985335e+00
-3.088117643611086205e+00
-3.076404050537077772e+00
-3.076404050537077772e+00
-3.076404050537077772e+00
-3.073885803231039660e+00
-3.073885803231039660e+00
-3.116206235618316889e+00
-3.239461808984433588e+00
-3.239461808984433588e+00
-3.239461808984433588e+00
-3.128544937163895145e+00
-3.224250698200453513e+00
-3.197423916302224001e+00
-3.233405529614312268e+00
-3.193603498091777571e+00
-3.193603498091777571e+00
-3.187069555071760263e+00
-3.152946457308363204e+00
-3.152946457308363204e+00
-3.132949457264563975e+00
-3.105829138297869108e+00
-3.045447149084714589e+00
-3.008609393359324535e+00
-3.076555092915821632e+00
-3.076555092915821632e+00
-3.231666850400413349e+00
-3.193084724965429277e+00
-3.214588735158426580e+00
-3.154526157950958254e+00
-3.154687205424010266e+00
-3.144696471143266781e+00
-3.144696471143266781e+00
-3.162481320897746695e+00
-3.090616463086031551e+00
-3.115203954262423025e+00
-3.115203954262423025e+00
-3.123351224618771571e+00
-3.146245665963971927e+00
-3.146245665963971927e+00
-3.144296383313446075e+00
-3.114259800080460217e+00
-3.174440584511633467e+00
-3.269550763154885686e+00
-3.269550763154885686e+00
-3.247737843259773438e+00
-3.218973193677924449e+00
-3.219399226949694270e+00
-3.219399226949694270e+00
-3.070933226127536386e+00
-3.041786857870290905e+00
-3.041786857870290905e+00
-3.041786857870290905e+00
-3.041786857870290905e+00
-3.113222472723653933e+00
-3.171747789693072583e+00
-3.171747789693072583e+00
-3.174573931098847446e+00
-3.174573931098847446e+00
-3.174573931098847446e+00
-3.111813567631876332e+00
-3.151784988739595672e+00
-3.151784988739595672e+00
-3.209928893622600476e+00
-3.204290283813996165e+00
-3.205548987593646704e+00
-3.193363979232867855e+00
-3.211989765640921313e+00
-3.198119040127263002e+00
-3.203035333882849223e+00
-3.106108169966196986e+00
-3.101187026035776118e+00
-3.077218723059892191e+00
-3.094745856639147252e+00
-3.094745856639147252e+00
-3.094745856639147252e+00
-3.132945279038958475e+00
-3.132945279038958475e+00
-3.006097501395740945e+00
-3.127827256673469059e+00
-3.097428191705761780e+00
-3.114861346565659161e+00
-3.110496145294593173e+00
-3.120762843981734758e+00
-3.109954009470748737e+00
-3.195579322579576331e+00
-3.161932024615335290e+00
-3.161932024615335290e+00
-3.336338856322505375e+00
-3.308670881069223135e+00
-3.268664083758016758e+00
-3.237148039511172914e+00
-3.204997191434149517e+00
-3.173743670315991139e+00
-3.173743670315991139e+00
-3.173743670315991139e+00
-3.211095221826651080e+00
-3.213108106873789449e+00
-3.213108106873789449e+00
-3.219786562840865063e+00
-3.178296237432640226e+00
-3.310865240216084526e+00
-3.349369330622000707e+00
-3.289872813180359845e+00
-3.159910546700265499e+00
-3.405037537839235018e+00
-3.404151340007494309e+00
-3.243574216142995237e+00
-3.187050561265415638e+00
-3.263061858951333161e+00
-3.350921583535458215e+00
-3.402212252650386404e+00
-3.087044925540876950e+00
-3.087044925540876950e+00
-3.087044925540876950e+00
-3.112302935652540015e+00
-3.112302935652540015e+00
-3.176333654419992492e+00
-3.160498705833315825e+00
-3.225921830165597193e+00
-3.225921830165597193e+00
-3.204320235069879619e+00
-3.204320235069879619e+00
-3.184268749564484580e+00
-3.231596015555547208e+00
-3.231596015555547208e+00
-3.219587963431871813e+00
-3.004801739109212999e+00
-3.004801739109212999e+00
-3.035589874589904369e+00
-3.035589874589904369e+00
-3.155572663662772115e+00
-3.155572663662772115e+00
-3.254461438204571788e+00
-3.254461438204571788e+00
-3.254461438204571788e+00
-3.171194827151316176e+00
-3.171194827151316176e+00
-3.171010435650312154e+00
-3.232596925873262972e+00
-3.238112025460340604e+00
-3.219191461495417794e+00
-3.219191461495417794e+00
-3.147820499775880521e+00
-3.304698132123846221e+00
-3.304698132123846221e+00
-3.304698132123846221e+00
-3.304698132123846221e+00
-3.304698132123846221e+00
-3.304698132123846221e+00
-3.302651460115145987e+00
-3.294113529055883394e+00
-3.299217149046941522e+00
-3.298485823022169861e+00
-3.284398087992519866e+00
-3.103091606820666648e+00
-3.210561944482914321e+00
-3.210561944482914321e+00
-3.210561944482914321e+00
-3.233021663713796290e+00
-3.140148527917426158e+00
-3.270251018413375732e+00
-3.246021275176157683e+00
-3.019553663093009099e+00
-3.001535922299427117e+00
-3.001535922299427117e+00
-3.109289588287250439e+00
-3.119452260942710442e+00
-3.119452260942710442e+00
-3.116010744357596618e+00
-3.116010744357596618e+00
-3.456827615644505691e+00
-3.485610837514482974e+00
-3.495146544648895848e+00
-3.495146544648895848e+00
-3.495146544648895848e+00
-3.408687515724021733e+00
-3.408687515724021733e+00
-3.408687515724021733e+00
-3.437514668244378235e+00
-3.462531630634606117e+00
-3.171334176561762863e+00
-3.164924847478164605e+00
-3.164924847478164605e+00
-3.127575699790013264e+00
-3.153326999657075635e+00
-3.216096808315326960e+00
-3.206993632112702830e+00
-3.195301032434817223e+00
-3.289478755378424157e+00
-3.289478755378424157e+00
-3.289478755378424157e+00
-3.275583254205229888e+00
-3.280455509206138487e+00
-3.297461127559878857e+00
-3.237733692102477523e+00
-3.125059521775279237e+00
-3.125059521775279237e+00
-3.121923810924343012e+00
-3.121923810924343012e+00
-3.114626619652031358e+00
-3.187681946129674593e+00
-3.187681946129674593e+00
-3.164998681583528040e+00
-3.164998681583528040e+00
-3.090857808202399415e+00
-3.090857808202399415e+00
-3.090857808202399415e+00
-3.202901040349850792e+00
-3.248759830409676752e+00
-3.160274426988180174e+00
-3.160274426988180174e+00
-3.160274426988180174e+00
-3.160274426988180174e+00
-3.100372639157375154e+00
-3.127194630190377467e+00
-3.145916899060776650e+00
-3.151478339182652633e+00
-3.151478339182652633e+00
-3.145119659903639509e+00
-3.137314220710425872e+00
-3.137314220710425872e+00
-3.137314220710425872e+00
-3.136884508058062959e+00
-3.163650944273401322e+00
-3.138713153374550480e+00
-3.134439722514894999e+00
-3.256296791828510617e+00
-3.141163148193933718e+00
-3.262858939029940508e+00
-3.156085871984957603e+00
-3.189678533032200392e+00
-3.097960794912429705e+00
-3.078121350845555604e+00
-3.269799387199233909e+00
-3.296764724491003218e+00
-3.258879533265259365e+00
-3.279335094442072940e+00
-3.150791374684613455e+00
-3.150791374684613455e+00
-3.144545768737008196e+00
-3.144545768737008196e+00
-3.144545768737008196e+00
-3.161283846746536508e+00
-3.227132419262237928e+00
-3.272519497240311992e+00
-3.261240305646152748e+00
-3.261240305646152748e+00
-3.261240305646152748e+00
-3.083827318364738002e+00
-3.083827318364738002e+00
-3.101278823663754736e+00
-3.140919773310325347e+00
-3.152481392395992454e+00
-3.226138680747903109e+00
-3.094531529669453995e+00
-3.094531529669453995e+00
-3.055324822582229150e+00
-3.314251853968782413e+00
-3.314251853968782413e+00
-3.314251853968782413e+00
-3.307240543269618804e+00
-3.307240543269618804e+00
-3.307240543269618804e+00
-3.307240543269618804e+00
-3.308664139481226396e+00
-3.491282865469112373e+00
-3.485167507126838427e+00
-3.485167507126838427e+00
-3.358084021652004036e+00
-3.365616246067057116e+00
-3.365616246067057116e+00
-3.363230882274292011e+00
-3.283783689004829753e+00
-3.236891022736202661e+00
-3.236891022736202661e+00
-3.157824390684623062e+00
-3.157824390684623062e+00
-3.157824390684623062e+00
-3.344422984026157675e+00
-3.387541503879034632e+00
-3.387541503879034632e+00
-3.464418054542732772e+00
-3.452901269201595014e+00
-3.457186345629938096e+00
-3.363093981694148304e+00
-3.408247580204542437e+00
-3.265455082872144921e+00
-3.266532018983891561e+00
-3.266532018983891561e+00
-3.285905536660878035e+00
-3.285905536660878035e+00
-3.302184769368939232e+00
-3.342306883695260300e+00
-3.342306883695260300e+00
-3.289309187894814634e+00
-3.289309187894814634e+00
-3.296338520612189793e+00
-3.247339672997149762e+00
-3.247339672997149762e+00
-3.247339672997149762e+00
-3.247339672997149762e+00
-3.247339672997149762e+00
-3.279419147001477963e+00
-3.336976513812623502e+00
-3.336976513812623502e+00
-3.311303530759722502e+00
-3.311303530759722502e+00
-3.308387800010037960e+00
-3.364863533957035635e+00
-3.364863533957035635e+00
-3.364863533957035635e+00
-3.328931891554291589e+00
-3.271035948323214537e+00
-3.271035948323214537e+00
-3.183310199021610387e+00
-3.183310199021610387e+00
-3.115995841290871482e+00
-3.151653137609934152e+00
-3.250852320850525778e+00
-3.127553538092627594e+00
-3.127553538092627594e+00
-3.127553538092627594e+00
-3.127553538092627594e+00
-3.135714831597760544e+00
-3.167565272775218155e+00
-3.096007702403940520e+00
-3.139908733064936008e+00
-3.139908733064936008e+00
-3.139908733064936008e+00
-3.211676053901588723e+00
-3.211676053901588723e+00
-3.211676053901588723e+00
-3.248433456157992172e+00
-3.195394380337785112e+00
-3.160347183598267495e+00
-3.160347183598267495e+00
-3.220764540593685776e+00
-3.220764540593685776e+00
-3.201441421477472016e+00
-3.208938278462101223e+00
-3.154146565882548714e+00
-3.121652432366169183e+00
-3.173058296148798529e+00
-3.173058296148798529e+00
-3.175654872210209589e+00
-3.163548893981555032e+00
-3.163548893981555032e+00
-3.163548893981555032e+00
-3.286417034363521061e+00
-3.286417034363521061e+00
-3.286417034363521061e+00
-3.286417034363521061e+00
-3.286417034363521061e+00
-3.182670192569454493e+00
-3.242060285342397208e+00
-3.222129471220673835e+00
-3.410670383519199600e+00
-3.410670383519199600e+00
-3.480747827861049526e+00
-3.263198924508408982e+00
-3.263198924508408982e+00
-3.301593129750068467e+00
-3.297171368934805891e+00
-3.399434889917739344e+00
-3.399434889917739344e+00
-3.399434889917739344e+00
-3.354044931715171263e+00
-3.354044931715171263e+00
-3.354044931715171263e+00
-3.354044931715171263e+00
-3.404702737715495253e+00
-3.403241834143432509e+00
-3.403241834143432509e+00
-3.465972050622518452e+00
-3.315934853538712535e+00
-3.315934853538712535e+00
-3.324550571808732702e+00
-3.298129828044431555e+00
-3.298129828044431555e+00
-3.298129828044431555e+00
-3.287268977272521209e+00
-3.377435871488570385e+00
-3.456619639664063381e+00
-3.457481620089727592e+00
-3.457481620089727592e+00
-3.347238635432808973e+00
-3.125720211121318481e+00
-3.125720211121318481e+00
-3.155442619367974100e+00
-3.153681370533004014e+00
-3.210413008539957147e+00
-3.210413008539957147e+00
-3.210413008539957147e+00
-3.210413008539957147e+00
-3.210413008539957147e+00
-3.156048893256482302e+00
-3.281717613195240357e+00
-3.281717613195240357e+00
-3.277512175774343728e+00
-3.140610402229910836e+00
-3.140610402229910836e+00
-3.252296991058549303e+00
-3.308692825544097271e+00
-3.308692825544097271e+00
-3.202969012381220892e+00
-3.094191704801194209e+00
-3.094191704801194209e+00
-3.094191704801194209e+00
-3.094191704801194209e+00
-3.093204890918424876e+00
-3.093204890918424876e+00
-3.093204890918424876e+00
-3.006075210753716309e+00
-3.065599696153730402e+00
-2.995759477521476200e+00
-3.001286765538377033e+00
-3.053215928005000190e+00
-3.053215928005000190e+00
-3.053215928005000190e+00
-2.998437734323754267e+00
-3.157917540367841003e+00
-3.110759485500249166e+00
-3.046572072462889302e+00
-3.072846924566354776e+00
-3.072846924566354776e+00
-3.072846924566354776e+00
-3.167518177728322115e+00
-3.163387485811692823e+00
-3.163387485811692823e+00
-3.163387485811692823e+00
-3.151166223857147841e+00
-3.151716852596260221e+00
-3.139865789842796406e+00
-3.151684469480925621e+00
-3.151684469480925621e+00
-3.137076134872261779e+00
-3.137076134872261779e+00
-3.036184536003417200e+00
-2.980308519376209997e+00
-3.002578250204636756e+00
-3.002578250204636756e+00
-2.997626379312961831e+00
-2.997626379312961831e+00
-2.985032666367477550e+00
-3.049711570790818893e+00
-3.049711570790818893e+00
-3.057619991661387093e+00
-3.057619991661387093e+00
-3.120881419274491808e+00
-3.081118975139781391e+00
-3.106222719376144692e+00
-3.106222719376144692e+00
-3.106222719376144692e+00
-3.291798653396548424e+00
-3.291798653396548424e+00
-3.291798653396548424e+00
-3.291798653396548424e+00
-3.291798653396548424e+00
-3.291798653396548424e+00
-3.208958127270213012e+00
-3.208958127270213012e+00
-3.293630621696209904e+00
-3.293630621696209904e+00
-3.293630621696209904e+00
-3.293630621696209904e+00
-3.293630621696209904e+00
-3.298232867259453194e+00
-3.298232867259453194e+00
-3.298232867259453194e+00
-3.298232867259453194e+00
-3.298232867259453194e+00
-3.278216906321095969e+00
-3.226001523135538118e+00
-3.015130214235905992e+00
-3.317969285162752247e+00
-3.220611431904495614e+00
-3.220611431904495614e+00
-3.465369220564236574e+00
-3.465369220564236574e+00
-3.489232847599101461e+00
-3.477727175604606202e+00
-3.330738958264962690e+00
-3.330738958264962690e+00
-3.334507783870578557e+00
-3.212784454654646904e+00
-3.180767418742454389e+00
-3.095649960850637594e+00
-3.112608702541179273e+00
-3.249727563155527577e+00
-3.249727563155527577e+00
-3.266179712959851766e+00
-3.360662879491403299e+00
-3.294476209465508454e+00
-3.284091245927012626e+00
-3.254859749942436320e+00
-3.247584740567204253e+00
-3.388078529887192047e+00
-3.388078529887192047e+00
-3.304021816490819052e+00
-3.325843973813245924e+00
-3.250391415594382938e+00
-3.250391415594382938e+00
-3.250391415594382938e+00
-3.276016720589791653e+00
-3.148093887746990838e+00
-3.200004610679350048e+00
-3.184862265087335942e+00
-3.184862265087335942e+00
-3.196696061491827834e+00
-3.227511221024666810e+00
-3.273328928674327454e+00
-3.209527207866417875e+00
-3.209527207866417875e+00
-3.319149170341824107e+00
-3.385089664345746208e+00
-3.385089664345746208e+00
-3.345760186717349427e+00
-3.328246805652436358e+00
-2.975587351316365314e+00
-3.022357563802883007e+00
-3.247009711465079551e+00
-3.247009711465079551e+00
-3.424389391514879311e+00
-3.357331849495269083e+00
-3.364734045499981896e+00
-3.364734045499981896e+00
-3.378848978646270318e+00
-3.378848978646270318e+00
-3.389604522035441381e+00
-3.198278294284155887e+00
-3.198278294284155887e+00
-3.217386015595172122e+00
-3.217386015595172122e+00
-3.237562826010462746e+00
-3.237562826010462746e+00
-3.213182233753078432e+00
-3.226585915728672038e+00
-3.226585915728672038e+00
-3.226585915728672038e+00
-3.205217594488643407e+00
-3.159389745610715394e+00
-3.025135990427060939e+00
-3.023720736587053981e+00
-3.023720736587053981e+00
-3.081851811730747404e+00
-3.200512025985096098e+00
-3.200512025985096098e+00
-3.260624655792960347e+00
-3.215281649832187227e+00
-3.229682163127730377e+00
-3.229682163127730377e+00
-3.229682163127730377e+00
-2.981781048780041132e+00
-3.097878309263283558e+00
-3.095483097122126992e+00
-3.073066009770965668e+00
-3.170805657952596501e+00
-3.170805657952596501e+00
-3.170805657952596501e+00
-3.170805657952596501e+00
-3.108967776188609200e+00
-3.247442440155519972e+00
-3.160765731149384195e+00
-3.160765731149384195e+00
