# Variable: dg_gbvi_00000274
# Sample shape: (2565,)
# Date: 2013-03-08 06:18:12.970847
-1.377472932748827983e+00
-9.780676098407751207e-01
-1.109976848835641183e+00
-1.031769707266754654e+00
-1.453528768080151190e+00
-1.380027318161402006e+00
-1.380027318161402006e+00
-1.221784525264686616e+00
-1.221784525264686616e+00
-2.588599269974727890e-01
-2.588599269974727890e-01
-2.588599269974727890e-01
-2.588599269974727890e-01
-2.588599269974727890e-01
-1.942315431615958266e-01
-2.094831280915177008e-01
-9.922552880377516482e-02
-9.922552880377516482e-02
-9.922552880377516482e-02
-1.831343094719359021e-01
-3.312643598752449403e-01
-1.324082934483190310e-01
-1.324082934483190310e-01
-1.793694977532623858e-01
-2.473394639941640105e-01
-2.473394639941640105e-01
-2.473394639941640105e-01
-3.751076525146051967e-03
-3.751076525146051967e-03
-3.751076525146051967e-03
-7.849889700419707128e-02
-7.849889700419707128e-02
-7.849889700419707128e-02
-7.849889700419707128e-02
-7.849889700419707128e-02
-7.849889700419707128e-02
-7.849889700419707128e-02
2.492332338371430062e-02
2.492332338371430062e-02
2.492332338371430062e-02
-4.686656644640076891e-02
1.786823096234042008e-01
3.272731969310066491e-02
3.272731969310066491e-02
-8.378137614798650268e-03
1.550874778892969985e-01
1.675067213069197092e-01
-1.577502001833309964e-02
-1.106780210093379624e-01
-1.106780210093379624e-01
-1.106780210093379624e-01
-1.106780210093379624e-01
-1.106780210093379624e-01
-1.106780210093379624e-01
-1.106780210093379624e-01
-3.082825225265776667e-02
-2.262817941464461812e-03
-2.262817941464461812e-03
-2.262817941464461812e-03
-2.262817941464461812e-03
2.510134975444069938e-03
2.510134975444069938e-03
2.510134975444069938e-03
-1.629006756552766125e-02
-1.629006756552766125e-02
-1.629006756552766125e-02
-1.629006756552766125e-02
-1.629006756552766125e-02
-1.629006756552766125e-02
-1.629006756552766125e-02
-1.629006756552766125e-02
-1.629006756552766125e-02
-4.855153154178770518e-03
4.334606471399651134e-02
4.334606471399651134e-02
4.334606471399651134e-02
4.334606471399651134e-02
4.334606471399651134e-02
-2.158800458029254757e-02
-7.311859642342685706e-02
1.480944687417546091e-01
1.480944687417546091e-01
1.480944687417546091e-01
1.480944687417546091e-01
5.541462930736681253e-02
5.541462930736681253e-02
5.541462930736681253e-02
-1.098173264906267266e-01
-1.098173264906267266e-01
-1.098173264906267266e-01
1.156769538772979555e-01
1.156769538772979555e-01
1.156769538772979555e-01
1.156769538772979555e-01
1.156769538772979555e-01
-2.209455213344917526e-02
-2.209455213344917526e-02
-2.209455213344917526e-02
-2.209455213344917526e-02
-3.303090734201807877e-02
-1.583808618705806470e-01
-1.795338481694276900e-01
-1.795338481694276900e-01
-1.795338481694276900e-01
-1.795338481694276900e-01
-1.795338481694276900e-01
-1.795338481694276900e-01
-1.795338481694276900e-01
-1.795338481694276900e-01
-1.795338481694276900e-01
-1.795338481694276900e-01
-1.795338481694276900e-01
-1.795338481694276900e-01
-1.795338481694276900e-01
-1.795338481694276900e-01
-1.795338481694276900e-01
-1.795338481694276900e-01
-1.795338481694276900e-01
-1.795338481694276900e-01
-1.795338481694276900e-01
-1.383333314876920017e-01
-1.383333314876920017e-01
-1.383333314876920017e-01
-2.056315922660401363e-01
-2.056315922660401363e-01
-2.056315922660401363e-01
-1.825566391030483404e-01
-1.825566391030483404e-01
-1.825566391030483404e-01
-1.825566391030483404e-01
-1.825566391030483404e-01
-1.877752914176517018e-01
-1.877752914176517018e-01
-2.052915331928585607e-01
-2.052915331928585607e-01
-2.052915331928585607e-01
-2.052915331928585607e-01
-2.052915331928585607e-01
-1.594353499272491703e-01
-9.713220812059070175e-02
9.550699290681390063e-02
9.550699290681390063e-02
1.120173376539757432e-01
1.120173376539757432e-01
1.378179511288672165e-01
1.378179511288672165e-01
-1.767322144802502548e-01
-1.030994999273228407e-01
7.623096100371347383e-02
7.623096100371347383e-02
7.623096100371347383e-02
1.444161491500239869e-01
1.161333923144943804e-02
3.796874243654031061e-02
3.796874243654031061e-02
3.796874243654031061e-02
3.796874243654031061e-02
3.796874243654031061e-02
3.796874243654031061e-02
1.450919562273477459e-01
1.450919562273477459e-01
1.450919562273477459e-01
1.450919562273477459e-01
1.985274134408931412e-01
1.985274134408931412e-01
1.985274134408931412e-01
1.985274134408931412e-01
-2.150330503329151918e-02
-2.150330503329151918e-02
-2.150330503329151918e-02
-2.150330503329151918e-02
-2.150330503329151918e-02
-2.150330503329151918e-02
3.312687863772698083e-02
3.312687863772698083e-02
3.312687863772698083e-02
8.320588380009023843e-02
1.669867841975410192e-03
1.669867841975410192e-03
1.669867841975410192e-03
1.669867841975410192e-03
1.669867841975410192e-03
1.669867841975410192e-03
1.669867841975410192e-03
-2.931764996030044798e-02
-3.759690448013991437e-02
-3.759690448013991437e-02
-3.759690448013991437e-02
-3.759690448013991437e-02
-3.759690448013991437e-02
-3.759690448013991437e-02
-4.636378378505664338e-02
-4.636378378505664338e-02
-4.636378378505664338e-02
-4.636378378505664338e-02
-4.636378378505664338e-02
-4.636378378505664338e-02
1.679243610578572132e-01
8.089896359509302082e-02
1.021418633274530641e-01
1.021418633274530641e-01
1.021418633274530641e-01
1.021418633274530641e-01
1.021418633274530641e-01
1.021418633274530641e-01
1.770017085747744856e-01
1.770017085747744856e-01
-3.399867828763193656e-02
-3.399867828763193656e-02
-8.423114231762365151e-03
-8.423114231762365151e-03
-8.423114231762365151e-03
-8.423114231762365151e-03
-8.423114231762365151e-03
-8.423114231762365151e-03
-8.423114231762365151e-03
-8.423114231762365151e-03
-8.423114231762365151e-03
-8.423114231762365151e-03
-4.020925346553238383e-02
-4.020925346553238383e-02
-4.020925346553238383e-02
-4.020925346553238383e-02
5.881638814807334248e-03
-1.338711404309591568e-01
-1.338711404309591568e-01
5.727215191083669110e-02
5.727215191083669110e-02
5.727215191083669110e-02
7.677439142572457798e-02
7.677439142572457798e-02
7.677439142572457798e-02
7.563835060797967011e-03
7.563835060797967011e-03
7.563835060797967011e-03
1.659534118701912475e-01
-2.470571175370204348e-02
-2.470571175370204348e-02
-2.470571175370204348e-02
3.946691506884040385e-02
3.946691506884040385e-02
3.946691506884040385e-02
-3.367037600767793654e-02
-6.298294572386242685e-02
-6.298294572386242685e-02
-6.298294572386242685e-02
1.350690374394437621e-01
8.966338868546026852e-02
8.966338868546026852e-02
-2.488236572073666136e-02
-2.488236572073666136e-02
-2.488236572073666136e-02
-2.488236572073666136e-02
-2.488236572073666136e-02
-3.020299154829483856e-02
-3.020299154829483856e-02
-3.020299154829483856e-02
1.484060046554769585e-01
-1.203385959392864191e-01
-2.052742320110123586e-01
-2.052742320110123586e-01
-1.078210300575379588e-01
-1.026817196464974574e-01
-1.588553688266870212e-01
-1.828575598520977286e-01
-1.049670361995726914e-01
-1.049670361995726914e-01
1.430584253798799221e-01
1.430584253798799221e-01
1.430584253798799221e-01
1.430584253798799221e-01
1.015678547600078890e-01
1.015678547600078890e-01
1.015678547600078890e-01
6.346355918919885375e-02
6.346355918919885375e-02
1.980186034752606794e-01
1.980186034752606794e-01
1.980186034752606794e-01
1.980186034752606794e-01
-6.021282472901979405e-02
-6.021282472901979405e-02
-6.021282472901979405e-02
1.381557103839835821e-01
1.381557103839835821e-01
1.381557103839835821e-01
9.762127288454029717e-02
9.762127288454029717e-02
9.762127288454029717e-02
1.379734925511168775e-01
1.379734925511168775e-01
1.379734925511168775e-01
1.379734925511168775e-01
1.271425602529999699e-01
1.276063124917818925e-01
1.729148855166713905e-01
2.242625920199360912e-01
2.242625920199360912e-01
2.368792027064876848e-01
2.368792027064876848e-01
3.504802958118569678e-01
2.627793562933390947e-01
2.627793562933390947e-01
2.627793562933390947e-01
2.627793562933390947e-01
2.627793562933390947e-01
3.241133937444446445e-01
3.241133937444446445e-01
2.773194990791688630e-01
2.773194990791688630e-01
1.497947853299262111e-01
2.143652840586697805e-01
2.143652840586697805e-01
2.957273844056225731e-01
1.654085837432649475e-01
1.654085837432649475e-01
1.878022074177044809e-01
1.878022074177044809e-01
2.039314269053698059e-01
2.745793035436694951e-01
2.745793035436694951e-01
2.745793035436694951e-01
2.745793035436694951e-01
2.745793035436694951e-01
3.337981452834077878e-01
3.337981452834077878e-01
2.446143604903361357e-01
2.446143604903361357e-01
2.446143604903361357e-01
3.201504253981566350e-01
3.201504253981566350e-01
3.201504253981566350e-01
3.077234789382215507e-01
1.106719902568693153e-01
1.106719902568693153e-01
8.609883244939756097e-02
8.609883244939756097e-02
2.272663821478576318e-01
2.272663821478576318e-01
1.588690089136771122e-01
1.588690089136771122e-01
2.276908288726761098e-01
2.276908288726761098e-01
1.794191060482591138e-01
1.794191060482591138e-01
1.794191060482591138e-01
1.794191060482591138e-01
1.794191060482591138e-01
9.878525324125084217e-02
2.123383050838748842e-01
1.486493728721153540e-01
2.723617649198509794e-01
2.723617649198509794e-01
3.104539542142186193e-01
2.803443079367508584e-01
2.803443079367508584e-01
2.803443079367508584e-01
1.747655679899595971e-01
1.801359104006889922e-01
1.801359104006889922e-01
1.801359104006889922e-01
1.801359104006889922e-01
2.791877547650722380e-01
2.791877547650722380e-01
3.549080275252084471e-01
3.549080275252084471e-01
3.549080275252084471e-01
3.549080275252084471e-01
3.549080275252084471e-01
3.549080275252084471e-01
3.549080275252084471e-01
3.580199949496322143e-01
2.500951646068641510e-01
2.500951646068641510e-01
2.500951646068641510e-01
2.500951646068641510e-01
2.500951646068641510e-01
2.500951646068641510e-01
2.500951646068641510e-01
2.352578198105531315e-01
1.332618890463446171e-01
1.332618890463446171e-01
1.332618890463446171e-01
1.332618890463446171e-01
1.332618890463446171e-01
1.332618890463446171e-01
1.546928405132046436e-01
1.546928405132046436e-01
1.546928405132046436e-01
1.546928405132046436e-01
1.546928405132046436e-01
1.546928405132046436e-01
1.546928405132046436e-01
2.422420995466665894e-01
2.422420995466665894e-01
-7.619899761493114515e-03
2.916778579861826759e-01
2.916778579861826759e-01
2.916778579861826759e-01
2.916778579861826759e-01
2.858704439699268907e-01
1.881636306623178656e-01
2.034510952138921802e-01
2.005182925260204918e-01
2.005182925260204918e-01
2.005182925260204918e-01
2.005182925260204918e-01
2.005182925260204918e-01
2.005182925260204918e-01
2.005182925260204918e-01
1.463533803994928051e-01
-1.797491120063205491e-03
-1.201342590513303221e-02
8.856060611430803531e-02
8.856060611430803531e-02
1.514761491630527146e-01
3.641653670740808979e-02
3.641653670740808979e-02
5.159243433886215313e-02
5.159243433886215313e-02
5.159243433886215313e-02
8.518649314171038156e-02
2.058663818821917235e-01
2.058663818821917235e-01
2.058663818821917235e-01
2.058663818821917235e-01
1.609702552402129949e-01
1.961128361209655557e-01
1.768020673922431896e-01
1.768020673922431896e-01
1.768020673922431896e-01
1.727822948287242866e-01
1.297134911762590770e-01
1.297134911762590770e-01
1.297134911762590770e-01
1.297134911762590770e-01
1.062711745636577970e-01
1.062711745636577970e-01
1.062711745636577970e-01
1.503035970040831615e-01
1.503035970040831615e-01
1.503035970040831615e-01
1.503035970040831615e-01
1.673473297285024142e-01
2.099663193650151971e-01
1.976967278904777636e-01
1.976967278904777636e-01
1.976967278904777636e-01
8.665078789899231804e-02
8.665078789899231804e-02
8.665078789899231804e-02
8.665078789899231804e-02
8.665078789899231804e-02
7.157717945221965528e-02
-1.723118510026309946e-02
-3.098832150675090435e-02
5.191895190695262202e-02
5.191895190695262202e-02
5.191895190695262202e-02
5.191895190695262202e-02
2.349654772558970039e-01
2.008566135145316012e-01
2.008566135145316012e-01
2.875923550611372836e-01
2.872323237426623321e-01
1.606255724392270934e-01
1.606255724392270934e-01
1.606255724392270934e-01
1.620651631627726130e-01
1.620651631627726130e-01
1.620651631627726130e-01
1.620651631627726130e-01
1.620651631627726130e-01
1.620651631627726130e-01
1.721476832013014435e-01
1.790525223396394194e-02
8.682704302361049509e-02
3.202194275064892959e-01
3.202194275064892959e-01
8.040809635058653038e-02
8.040809635058653038e-02
8.040809635058653038e-02
8.040809635058653038e-02
8.040809635058653038e-02
8.040809635058653038e-02
1.935645746772038100e-01
9.946168229508427910e-03
9.946168229508427910e-03
9.946168229508427910e-03
9.946168229508427910e-03
1.598212258187522161e-01
1.598212258187522161e-01
1.598212258187522161e-01
1.598212258187522161e-01
1.598212258187522161e-01
1.598212258187522161e-01
1.598212258187522161e-01
1.598212258187522161e-01
4.548910590516058727e-02
1.349899606969027777e-01
1.349899606969027777e-01
1.349899606969027777e-01
1.349899606969027777e-01
1.349899606969027777e-01
1.349899606969027777e-01
1.349899606969027777e-01
1.441520997371298629e-01
1.219578085010809554e-01
1.219578085010809554e-01
2.758777374982256947e-01
2.758777374982256947e-01
2.786037545101216484e-01
1.186441356991933399e-01
1.186441356991933399e-01
1.186441356991933399e-01
1.186441356991933399e-01
1.186441356991933399e-01
1.186441356991933399e-01
1.186441356991933399e-01
7.919334439904929246e-02
7.919334439904929246e-02
7.919334439904929246e-02
7.919334439904929246e-02
7.919334439904929246e-02
2.394198202850075785e-01
2.331506796741641685e-01
-9.682902495048138075e-03
-9.682902495048138075e-03
-9.682902495048138075e-03
-9.682902495048138075e-03
-9.682902495048138075e-03
2.520319635751961385e-01
2.520319635751961385e-01
2.387396580369642030e-01
2.890343232945296048e-01
2.890343232945296048e-01
1.539170554364128474e-01
1.539170554364128474e-01
1.539170554364128474e-01
2.226431445998243094e-02
2.226431445998243094e-02
2.226431445998243094e-02
2.226431445998243094e-02
2.226431445998243094e-02
2.226431445998243094e-02
2.226431445998243094e-02
2.226431445998243094e-02
2.226431445998243094e-02
2.226431445998243094e-02
2.226431445998243094e-02
2.226431445998243094e-02
1.014587006542710806e-01
1.014587006542710806e-01
1.014587006542710806e-01
1.014587006542710806e-01
1.536511857401540726e-01
1.536511857401540726e-01
1.536511857401540726e-01
1.536511857401540726e-01
1.536511857401540726e-01
1.536511857401540726e-01
1.536511857401540726e-01
1.536511857401540726e-01
1.570326272744090312e-01
1.570326272744090312e-01
1.869677821551681274e-01
1.869677821551681274e-01
1.869677821551681274e-01
9.049639439784690209e-02
9.049639439784690209e-02
9.049639439784690209e-02
1.489035824849250234e-01
1.489035824849250234e-01
1.489035824849250234e-01
1.070561515656939799e-01
1.070561515656939799e-01
1.169991514672587274e-01
1.169991514672587274e-01
1.387729857387534349e-01
1.458856320823414821e-01
1.458856320823414821e-01
1.458856320823414821e-01
1.458856320823414821e-01
1.458856320823414821e-01
1.458856320823414821e-01
1.273647928698838638e-01
1.273647928698838638e-01
1.273647928698838638e-01
1.273647928698838638e-01
1.273647928698838638e-01
1.273647928698838638e-01
1.273647928698838638e-01
1.273647928698838638e-01
1.273647928698838638e-01
6.299720851713891401e-02
6.299720851713891401e-02
6.299720851713891401e-02
3.142643905806053461e-01
3.142643905806053461e-01
-6.362746466858476557e-02
-6.362746466858476557e-02
8.401896125969041118e-02
8.401896125969041118e-02
8.401896125969041118e-02
4.408311046876873390e-02
1.209622000984402618e-01
1.604436827734497667e-02
1.043064420523334562e-01
1.408785441688048257e-01
1.408785441688048257e-01
8.232647224118407048e-02
8.232647224118407048e-02
-1.018564409494300549e-01
1.576717728203228808e-01
1.502062714767316010e-01
1.502062714767316010e-01
1.614795539733222540e-01
1.614795539733222540e-01
2.058533751028595316e-01
2.058533751028595316e-01
2.479540919753246142e-01
2.479540919753246142e-01
2.479540919753246142e-01
4.771893675436315874e-02
9.583121890438951740e-02
2.251990702081501650e-01
2.251990702081501650e-01
2.251990702081501650e-01
2.563169627654012794e-01
2.563169627654012794e-01
3.194505780961831021e-01
3.194505780961831021e-01
3.194505780961831021e-01
3.194505780961831021e-01
3.859495046171534938e-01
3.859495046171534938e-01
3.676113938026558947e-01
3.676113938026558947e-01
3.676113938026558947e-01
3.676113938026558947e-01
3.628917561011231752e-01
3.628917561011231752e-01
3.193417401281971046e-01
3.193417401281971046e-01
1.596307589936558913e-01
1.596307589936558913e-01
6.241620373726291388e-02
9.460026481128720743e-02
2.367096850175722314e-02
1.638238855211108236e-01
1.638238855211108236e-01
-4.568813280749102479e-03
-4.568813280749102479e-03
-4.568813280749102479e-03
-4.568813280749102479e-03
-4.568813280749102479e-03
2.691298989572676326e-01
2.691298989572676326e-01
2.691298989572676326e-01
2.691298989572676326e-01
2.691298989572676326e-01
2.691298989572676326e-01
2.691298989572676326e-01
2.691298989572676326e-01
2.691298989572676326e-01
2.691298989572676326e-01
2.691298989572676326e-01
2.249083836705068895e-01
2.249083836705068895e-01
2.249083836705068895e-01
2.968997636041315613e-01
2.004971215224958803e-01
2.004971215224958803e-01
1.337204800499091628e-01
1.337204800499091628e-01
1.337204800499091628e-01
1.337204800499091628e-01
1.337204800499091628e-01
1.505621712684585001e-01
1.505621712684585001e-01
1.505621712684585001e-01
1.505621712684585001e-01
1.505621712684585001e-01
1.505621712684585001e-01
-6.523532575796676253e-03
-6.523532575796676253e-03
-6.523532575796676253e-03
-6.523532575796676253e-03
-6.523532575796676253e-03
-6.523532575796676253e-03
-6.523532575796676253e-03
-6.523532575796676253e-03
9.119625723983130951e-04
9.119625723983130951e-04
9.119625723983130951e-04
6.779064688340373512e-02
1.637303190487957860e-01
1.637303190487957860e-01
9.283188245814014139e-02
1.645358578430878571e-01
1.645358578430878571e-01
1.034793760133193158e-01
1.034793760133193158e-01
1.034793760133193158e-01
8.529469610026260695e-02
8.529469610026260695e-02
2.197979131498778993e-01
2.197979131498778993e-01
2.197979131498778993e-01
-6.481998214397835523e-02
-6.481998214397835523e-02
-6.481998214397835523e-02
-4.809342966279164799e-02
-4.809342966279164799e-02
-4.809342966279164799e-02
-4.809342966279164799e-02
-4.809342966279164799e-02
9.764910726105081873e-02
9.764910726105081873e-02
9.524593969469791199e-02
9.524593969469791199e-02
9.524593969469791199e-02
9.524593969469791199e-02
9.524593969469791199e-02
1.387621043862472259e-01
1.387621043862472259e-01
1.387621043862472259e-01
1.387621043862472259e-01
1.387621043862472259e-01
1.387621043862472259e-01
1.387621043862472259e-01
7.292161974239595723e-02
7.292161974239595723e-02
2.494123924558965255e-01
7.498570878399625494e-02
7.498570878399625494e-02
7.498570878399625494e-02
7.498570878399625494e-02
7.498570878399625494e-02
7.498570878399625494e-02
3.148857592555166091e-02
3.148857592555166091e-02
5.858173885918254581e-02
5.858173885918254581e-02
9.823600079082667191e-02
1.754643830974584873e-01
1.210782127228453853e-01
1.210782127228453853e-01
1.210782127228453853e-01
1.210782127228453853e-01
1.206736627338879930e-01
1.206736627338879930e-01
1.206736627338879930e-01
-1.095908273063499055e-01
-1.095908273063499055e-01
-5.891876962260556710e-03
-5.891876962260556710e-03
-1.081914617090267150e-01
-1.081914617090267150e-01
-1.081914617090267150e-01
-4.175632242653255777e-02
-4.175632242653255777e-02
5.739354663781436744e-02
5.739354663781436744e-02
5.739354663781436744e-02
5.739354663781436744e-02
5.739354663781436744e-02
2.593921605199197081e-02
-5.921268446736460689e-02
4.591024046795806612e-02
4.591024046795806612e-02
1.051547089758889247e-01
1.051547089758889247e-01
1.481496569230953131e-01
1.481496569230953131e-01
1.481496569230953131e-01
1.481496569230953131e-01
2.363969152423181230e-01
2.363969152423181230e-01
7.600104324860459948e-02
7.600104324860459948e-02
1.794141365949008804e-01
1.794141365949008804e-01
1.794141365949008804e-01
1.794141365949008804e-01
1.794141365949008804e-01
1.794141365949008804e-01
1.794141365949008804e-01
8.467007969016883406e-02
8.467007969016883406e-02
8.467007969016883406e-02
8.467007969016883406e-02
5.509937687326044164e-02
-3.290818106464223763e-02
-3.290818106464223763e-02
4.371265035583080799e-02
1.145642290068711738e-01
1.145642290068711738e-01
4.779236780312427768e-02
4.779236780312427768e-02
-3.726295773612484531e-03
1.099495011905929354e-01
-2.212779912138087765e-02
-2.212779912138087765e-02
-2.212779912138087765e-02
4.615192577803413354e-02
4.615192577803413354e-02
-8.042458654281429975e-02
5.345007533152649343e-02
5.345007533152649343e-02
5.345007533152649343e-02
5.345007533152649343e-02
5.345007533152649343e-02
5.345007533152649343e-02
-4.100779056129539440e-02
-4.100779056129539440e-02
-4.772494116848891715e-02
1.480702176016839844e-01
1.480702176016839844e-01
1.480702176016839844e-01
3.148847780852940814e-01
3.148847780852940814e-01
3.148847780852940814e-01
3.148847780852940814e-01
2.661968196429261302e-01
2.473653325916951584e-01
2.473653325916951584e-01
2.473653325916951584e-01
2.473653325916951584e-01
2.269957426745876639e-01
2.269957426745876639e-01
2.269957426745876639e-01
3.121257809988811083e-01
3.121257809988811083e-01
3.121257809988811083e-01
2.018368126165522303e-01
2.712592958011695865e-01
2.242061636416425585e-01
2.242061636416425585e-01
2.242061636416425585e-01
2.004724646882219408e-01
2.004724646882219408e-01
2.004724646882219408e-01
2.004724646882219408e-01
1.973857111204905534e-01
1.815627965243335196e-01
1.815627965243335196e-01
2.869180197028463608e-01
2.869180197028463608e-01
2.256510466293572825e-01
2.256510466293572825e-01
2.256510466293572825e-01
3.972649642123777247e-01
3.972649642123777247e-01
3.972649642123777247e-01
2.694592262108386205e-01
2.694592262108386205e-01
2.694592262108386205e-01
2.694592262108386205e-01
2.694592262108386205e-01
1.788546281754506972e-01
1.788546281754506972e-01
1.771052717614202687e-01
3.857248138699708173e-01
3.857248138699708173e-01
3.956053777449939912e-01
3.956053777449939912e-01
3.956053777449939912e-01
2.377718520809861957e-01
2.377718520809861957e-01
3.405184149413161276e-01
3.405184149413161276e-01
3.405184149413161276e-01
2.104648321384667564e-01
2.104648321384667564e-01
3.017123747180219251e-01
2.199144825583856933e-01
2.199144825583856933e-01
2.199144825583856933e-01
2.199144825583856933e-01
1.335480131076395571e-01
1.935563020290919645e-01
5.538195263791629436e-02
7.857061133120596397e-02
4.321564358929248784e-02
4.321564358929248784e-02
4.321564358929248784e-02
4.321564358929248784e-02
4.321564358929248784e-02
4.321564358929248784e-02
4.321564358929248784e-02
3.362130944693710044e-02
3.362130944693710044e-02
3.362130944693710044e-02
3.362130944693710044e-02
3.362130944693710044e-02
1.869623352355195833e-01
1.656195286503289732e-01
1.656195286503289732e-01
1.749594611580293502e-01
1.749594611580293502e-01
1.749594611580293502e-01
1.749594611580293502e-01
1.749594611580293502e-01
1.749594611580293502e-01
1.749594611580293502e-01
1.749594611580293502e-01
1.749594611580293502e-01
1.317986678780620202e-01
1.836234778097400322e-01
6.651376339335104970e-02
1.341723254419275591e-01
1.341723254419275591e-01
-2.464312241728584471e-02
1.251827277212128886e-01
1.251827277212128886e-01
2.333426201848667891e-01
2.333426201848667891e-01
8.834181194439544305e-02
8.834181194439544305e-02
7.713809151864735314e-02
-4.475102334013832117e-02
-4.475102334013832117e-02
9.389436379056911863e-02
1.236389954515195455e-01
1.236389954515195455e-01
1.236389954515195455e-01
1.236389954515195455e-01
1.236389954515195455e-01
2.376500740769233178e-01
2.381651724497100275e-01
2.381651724497100275e-01
2.381651724497100275e-01
2.381651724497100275e-01
1.431641866958275611e-01
1.431641866958275611e-01
1.431641866958275611e-01
1.431641866958275611e-01
1.431641866958275611e-01
1.209266490240396008e-01
1.209266490240396008e-01
1.209266490240396008e-01
1.209266490240396008e-01
1.209266490240396008e-01
1.379507363513433615e-01
1.379507363513433615e-01
1.379507363513433615e-01
2.392884885138630013e-01
1.417112483886287869e-02
1.417112483886287869e-02
1.417112483886287869e-02
1.417112483886287869e-02
1.417112483886287869e-02
1.417112483886287869e-02
2.549095051764992820e-02
2.549095051764992820e-02
1.545325253967103074e-01
1.545325253967103074e-01
1.545325253967103074e-01
1.545325253967103074e-01
1.545325253967103074e-01
1.747863961620863271e-01
1.747863961620863271e-01
9.661532841343269118e-02
9.661532841343269118e-02
9.661532841343269118e-02
1.370164315483216599e-01
1.370164315483216599e-01
1.370164315483216599e-01
1.370164315483216599e-01
1.370164315483216599e-01
1.370164315483216599e-01
1.370164315483216599e-01
2.023049986026403679e-01
1.182915975609648146e-01
1.182915975609648146e-01
1.307804381902761270e-01
1.307804381902761270e-01
1.307804381902761270e-01
1.307804381902761270e-01
1.515659097520341281e-01
1.515659097520341281e-01
1.515659097520341281e-01
1.515659097520341281e-01
1.037130634357349424e-01
1.037130634357349424e-01
2.073288167561673778e-01
2.073288167561673778e-01
2.073288167561673778e-01
2.073288167561673778e-01
2.073288167561673778e-01
3.048295975747217779e-01
3.048295975747217779e-01
2.499528230410595075e-01
2.499528230410595075e-01
2.499528230410595075e-01
2.499528230410595075e-01
2.499528230410595075e-01
2.499528230410595075e-01
1.811436986005926786e-01
1.811436986005926786e-01
1.811436986005926786e-01
1.146500288154794246e-02
1.146500288154794246e-02
2.071258342061386148e-01
3.425327627132725428e-01
3.425327627132725428e-01
3.425327627132725428e-01
3.425327627132725428e-01
3.425327627132725428e-01
3.425327627132725428e-01
3.425327627132725428e-01
3.425327627132725428e-01
4.073038020092633604e-01
4.073038020092633604e-01
2.152874198389275184e-01
2.248477182242653583e-01
2.248477182242653583e-01
2.248477182242653583e-01
2.248477182242653583e-01
2.375751906060308283e-01
2.375751906060308283e-01
1.861859887257270307e-01
1.861859887257270307e-01
1.861859887257270307e-01
2.740491911627158661e-01
1.318775269807558326e-01
1.318775269807558326e-01
5.496463240202491968e-02
8.880458304005051096e-02
1.101529694531980658e-01
1.033571967212702919e-01
1.033571967212702919e-01
1.033571967212702919e-01
1.699967512981519491e-01
1.699967512981519491e-01
1.699967512981519491e-01
1.699967512981519491e-01
3.530224915668229990e-02
1.245596023364991395e-01
1.245596023364991395e-01
2.542809301955888945e-01
2.542809301955888945e-01
2.542809301955888945e-01
2.542809301955888945e-01
2.097644990087135786e-01
2.097644990087135786e-01
2.097644990087135786e-01
3.153389548358654371e-01
3.153389548358654371e-01
3.153389548358654371e-01
3.153389548358654371e-01
3.153389548358654371e-01
3.153389548358654371e-01
3.153389548358654371e-01
3.153389548358654371e-01
3.153389548358654371e-01
3.153389548358654371e-01
3.024401064689417606e-01
2.894276363958879772e-01
2.894276363958879772e-01
2.894276363958879772e-01
2.894276363958879772e-01
3.261614666420349362e-01
1.783067587792098174e-01
1.783067587792098174e-01
1.783067587792098174e-01
1.783067587792098174e-01
1.498676176867486942e-01
1.469225071901905100e-01
3.942963997267350668e-02
5.690372619499663859e-02
5.690372619499663859e-02
5.690372619499663859e-02
5.690372619499663859e-02
2.384405487001464707e-02
2.384405487001464707e-02
2.384405487001464707e-02
2.384405487001464707e-02
8.784976581607437107e-02
8.784976581607437107e-02
8.784976581607437107e-02
1.098951875406089101e-01
1.098951875406089101e-01
1.005989710503977785e-01
9.291966595194921241e-02
9.291966595194921241e-02
9.291966595194921241e-02
9.291966595194921241e-02
9.291966595194921241e-02
9.291966595194921241e-02
1.258521312085711386e-01
1.258521312085711386e-01
1.258521312085711386e-01
2.130739644193851284e-02
2.130739644193851284e-02
2.130739644193851284e-02
1.547495148092814798e-01
9.925539359917169568e-02
1.350696388705564105e-02
-3.510790468002129849e-02
-3.510790468002129849e-02
9.533553418552909164e-02
-9.174479089282096267e-02
-2.972059620835655874e-03
-7.420976457714446861e-02
-7.420976457714446861e-02
-7.420976457714446861e-02
9.746637405152755451e-02
-7.306734418202648351e-02
-7.306734418202648351e-02
-7.306734418202648351e-02
-5.933054651753352782e-02
-5.933054651753352782e-02
5.031312509488047174e-02
5.031312509488047174e-02
5.031312509488047174e-02
6.714262330164420811e-02
6.714262330164420811e-02
6.714262330164420811e-02
-6.620652708970121980e-02
-6.620652708970121980e-02
-5.615301654717416019e-02
-5.615301654717416019e-02
-8.633130927168262969e-02
-1.670136491494055853e-01
-1.651423874744841480e-01
-1.651423874744841480e-01
-1.651423874744841480e-01
-1.651423874744841480e-01
-1.703126873917883144e-01
6.559397549343018441e-02
7.584764046541588034e-02
1.318864404849329763e-01
1.318864404849329763e-01
2.674397819915971461e-02
8.845201403852782918e-02
8.845201403852782918e-02
8.845201403852782918e-02
-2.153163378723191856e-01
-2.153163378723191856e-01
4.984060037951587585e-02
4.984060037951587585e-02
4.984060037951587585e-02
4.984060037951587585e-02
4.984060037951587585e-02
4.984060037951587585e-02
1.013847021413408905e-01
1.013847021413408905e-01
1.013847021413408905e-01
1.013847021413408905e-01
1.013847021413408905e-01
1.013847021413408905e-01
7.506735015017473867e-02
7.506735015017473867e-02
7.506735015017473867e-02
7.506735015017473867e-02
7.506735015017473867e-02
7.506735015017473867e-02
1.498958709596363847e-01
1.498958709596363847e-01
1.498958709596363847e-01
1.498958709596363847e-01
1.498958709596363847e-01
1.498958709596363847e-01
1.498958709596363847e-01
1.498958709596363847e-01
1.379347069805700599e-01
2.914668125956839106e-01
2.929101199805286271e-01
2.929101199805286271e-01
2.929101199805286271e-01
2.929101199805286271e-01
2.929101199805286271e-01
-3.955524291789391106e-02
3.247373293211860967e-02
3.247373293211860967e-02
3.247373293211860967e-02
3.247373293211860967e-02
8.732416251774445526e-02
8.732416251774445526e-02
8.732416251774445526e-02
1.787692592544490311e-01
1.828619219792322337e-01
-7.098145851437266673e-02
-7.098145851437266673e-02
-7.098145851437266673e-02
1.281826560777253252e-02
1.281826560777253252e-02
1.281826560777253252e-02
1.281826560777253252e-02
1.281826560777253252e-02
1.281826560777253252e-02
1.281826560777253252e-02
1.281826560777253252e-02
1.281826560777253252e-02
1.281826560777253252e-02
1.281826560777253252e-02
1.281826560777253252e-02
1.281826560777253252e-02
2.834166067262505403e-03
-2.548641752082644873e-02
-2.158223776317766060e-02
9.451757002627949808e-03
2.502118834988568269e-02
2.502118834988568269e-02
-7.051450993629032257e-03
-7.051450993629032257e-03
-7.051450993629032257e-03
-7.051450993629032257e-03
7.801673718972711169e-02
7.801673718972711169e-02
7.801673718972711169e-02
7.801673718972711169e-02
7.801673718972711169e-02
7.801673718972711169e-02
-2.628566212152386519e-02
-2.628566212152386519e-02
7.008173881361047519e-02
7.008173881361047519e-02
8.074705329718984137e-02
8.341327529164736798e-02
8.341327529164736798e-02
-1.337236845464896337e-02
-1.337236845464896337e-02
-1.337236845464896337e-02
-1.337236845464896337e-02
1.319566771060238231e-01
5.748015429518943398e-02
5.748015429518943398e-02
5.748015429518943398e-02
5.748015429518943398e-02
5.748015429518943398e-02
5.748015429518943398e-02
5.748015429518943398e-02
5.748015429518943398e-02
5.748015429518943398e-02
5.748015429518943398e-02
4.446721775580362440e-02
4.446721775580362440e-02
4.446721775580362440e-02
4.446721775580362440e-02
8.410318464943332406e-02
8.410318464943332406e-02
-9.052157300584035005e-02
-9.052157300584035005e-02
-9.052157300584035005e-02
-9.052157300584035005e-02
-1.174998840802206519e-02
-1.174998840802206519e-02
-1.174998840802206519e-02
-5.280646386137056308e-02
-5.280646386137056308e-02
-3.640912124063185734e-02
2.461048607596854308e-03
2.461048607596854308e-03
2.461048607596854308e-03
3.284972027068366190e-02
5.064567576016960199e-02
5.064567576016960199e-02
-1.577645538092678490e-01
-1.577645538092678490e-01
-1.619870548476586569e-01
-1.619870548476586569e-01
-1.619870548476586569e-01
-1.619870548476586569e-01
-1.462992105422771805e-01
-1.462992105422771805e-01
-1.552985133591003875e-01
-1.552985133591003875e-01
-1.552985133591003875e-01
-1.552985133591003875e-01
-3.674835479243039604e-02
-3.674835479243039604e-02
-3.674835479243039604e-02
3.751975224750301457e-02
3.751975224750301457e-02
3.717053197641631557e-02
3.717053197641631557e-02
3.717053197641631557e-02
-1.182327302982112971e-01
-2.338452988749445127e-01
-2.338452988749445127e-01
-1.063852894855083775e-01
-1.063852894855083775e-01
-1.063852894855083775e-01
-1.063852894855083775e-01
-1.063852894855083775e-01
-1.063852894855083775e-01
-1.312068727651286015e-01
-1.312068727651286015e-01
-1.187898899985654344e-01
-1.187898899985654344e-01
-1.187898899985654344e-01
-1.187898899985654344e-01
4.883874254446341628e-02
4.883874254446341628e-02
4.883874254446341628e-02
4.883874254446341628e-02
4.883874254446341628e-02
4.883874254446341628e-02
4.883874254446341628e-02
4.883874254446341628e-02
2.025474673159065597e-01
2.087270183957726510e-01
2.087270183957726510e-01
2.032858565925588779e-01
2.316482824523116435e-01
3.032526918385908821e-01
3.032526918385908821e-01
2.170655795022512213e-01
2.170655795022512213e-01
2.170655795022512213e-01
1.365460426996769339e-01
1.365460426996769339e-01
2.495071801156232005e-01
5.419717903027632122e-02
5.419717903027632122e-02
-6.216623013460127051e-02
-1.743116485536308838e-02
-1.743116485536308838e-02
3.171953775759301514e-02
4.676096119699942044e-02
4.676096119699942044e-02
1.400614097516629519e-01
1.053978417952340790e-01
1.053978417952340790e-01
1.209416043029232501e-01
-1.453411037472516765e-01
-1.453411037472516765e-01
-1.453411037472516765e-01
-1.453411037472516765e-01
-1.453411037472516765e-01
-1.453411037472516765e-01
-1.453411037472516765e-01
-5.328144737091807664e-02
-5.328144737091807664e-02
-5.328144737091807664e-02
1.252063211801944242e-01
-2.403341024053267869e-02
3.279061769615843058e-02
9.650119236081367013e-02
9.650119236081367013e-02
9.650119236081367013e-02
9.650119236081367013e-02
9.650119236081367013e-02
9.650119236081367013e-02
9.650119236081367013e-02
9.650119236081367013e-02
2.418045249340953357e-02
2.418045249340953357e-02
2.418045249340953357e-02
2.418045249340953357e-02
5.843661707685306878e-02
5.843661707685306878e-02
5.843661707685306878e-02
5.843661707685306878e-02
5.843661707685306878e-02
7.716226862131564390e-02
7.716226862131564390e-02
7.716226862131564390e-02
7.716226862131564390e-02
7.716226862131564390e-02
7.716226862131564390e-02
1.464392018456890654e-01
1.464392018456890654e-01
1.055682379143767363e-01
1.055682379143767363e-01
7.350395036701559692e-02
1.282190782704891174e-01
1.282190782704891174e-01
1.282190782704891174e-01
1.153777526205887333e-01
1.426363025204059887e-01
1.426363025204059887e-01
1.426363025204059887e-01
1.426363025204059887e-01
1.750765418477887303e-01
9.832332337382666820e-02
9.832332337382666820e-02
9.832332337382666820e-02
9.832332337382666820e-02
9.832332337382666820e-02
9.557881103513650445e-02
9.557881103513650445e-02
2.508751094769837153e-02
2.508751094769837153e-02
2.508751094769837153e-02
2.508751094769837153e-02
2.508751094769837153e-02
2.508751094769837153e-02
2.508751094769837153e-02
2.508751094769837153e-02
2.508751094769837153e-02
2.508751094769837153e-02
2.084040964221070200e-02
2.084040964221070200e-02
-1.857503711633349056e-02
1.658795592543100272e-01
1.658795592543100272e-01
9.116849547623148697e-02
2.057504910212220595e-01
2.195075929278547111e-01
2.195075929278547111e-01
1.948951010221828817e-01
1.948951010221828817e-01
1.948951010221828817e-01
1.948951010221828817e-01
1.948951010221828817e-01
5.462363956897776929e-02
5.462363956897776929e-02
-7.161365284555963606e-02
-7.161365284555963606e-02
-7.161365284555963606e-02
3.524303549389057322e-02
2.167135181132882199e-02
4.573886122122177572e-02
4.573886122122177572e-02
-3.698845614525120978e-02
-9.818423470189916250e-03
-9.818423470189916250e-03
-9.818423470189916250e-03
-9.818423470189916250e-03
-9.818423470189916250e-03
5.139071143906609462e-02
5.139071143906609462e-02
5.139071143906609462e-02
5.139071143906609462e-02
5.139071143906609462e-02
5.139071143906609462e-02
5.139071143906609462e-02
5.139071143906609462e-02
5.139071143906609462e-02
5.139071143906609462e-02
5.139071143906609462e-02
5.139071143906609462e-02
9.746322904378391938e-02
9.746322904378391938e-02
9.746322904378391938e-02
9.746322904378391938e-02
3.059292968335609181e-02
3.059292968335609181e-02
3.059292968335609181e-02
5.273581778376866536e-02
5.273581778376866536e-02
2.991244087605396049e-02
2.991244087605396049e-02
2.991244087605396049e-02
6.290485217259718376e-02
6.290485217259718376e-02
6.290485217259718376e-02
6.290485217259718376e-02
8.574113470417168981e-02
8.574113470417168981e-02
8.574113470417168981e-02
1.332006749624943254e-01
2.280168314586510925e-01
2.280168314586510925e-01
2.280168314586510925e-01
2.096278221923941198e-01
1.516018209842814324e-01
7.259886870520988744e-02
7.259886870520988744e-02
7.259886870520988744e-02
7.259886870520988744e-02
7.259886870520988744e-02
7.259886870520988744e-02
-3.059305147353615431e-02
-3.059305147353615431e-02
4.695451138461930601e-02
4.695451138461930601e-02
4.695451138461930601e-02
4.695451138461930601e-02
4.695451138461930601e-02
4.695451138461930601e-02
-5.142930424275794082e-02
-5.142930424275794082e-02
-5.142930424275794082e-02
-5.142930424275794082e-02
-1.893737558631878107e-02
-1.893737558631878107e-02
-1.893737558631878107e-02
3.610385233101010005e-02
-4.994040448479951030e-03
-4.994040448479951030e-03
1.707074884327812181e-01
1.707074884327812181e-01
1.707074884327812181e-01
1.711890491141975501e-01
2.058663983823975363e-01
2.284751677091419464e-01
2.284751677091419464e-01
2.284751677091419464e-01
-8.596612286687785320e-02
-8.596612286687785320e-02
6.255845103403440133e-02
8.013611556862861030e-02
9.813561370153231489e-02
8.459824217908913646e-02
8.459824217908913646e-02
4.711207979312261734e-02
1.198565116379366607e-01
4.467949643097902934e-02
4.467949643097902934e-02
-7.651272126409078278e-02
-7.651272126409078278e-02
-7.651272126409078278e-02
-5.622890742443738959e-02
-5.622890742443738959e-02
-1.022516876098987504e-01
1.685125678370286498e-02
1.685125678370286498e-02
1.685125678370286498e-02
2.777636254134940308e-01
2.777636254134940308e-01
2.119234942998690086e-01
2.119234942998690086e-01
2.044157776093408485e-01
2.044157776093408485e-01
1.721844575820511147e-01
6.600575788924228915e-02
6.600575788924228915e-02
6.600575788924228915e-02
6.600575788924228915e-02
6.600575788924228915e-02
6.600575788924228915e-02
5.408297804458954416e-02
1.261196314877940927e-01
1.261196314877940927e-01
1.261196314877940927e-01
1.467134027724609213e-01
1.467134027724609213e-01
1.467134027724609213e-01
9.735879052715463999e-02
9.735879052715463999e-02
2.254913052375849547e-01
2.254913052375849547e-01
2.254913052375849547e-01
2.177473877046758322e-01
6.780007455482267575e-02
6.780007455482267575e-02
6.780007455482267575e-02
4.241934670902490490e-02
4.241934670902490490e-02
1.021709626990531805e-01
4.557744501689163508e-02
4.557744501689163508e-02
1.475532955630365628e-01
-2.617760883572646177e-02
-2.617760883572646177e-02
-3.332752811504289397e-02
-3.332752811504289397e-02
-3.332752811504289397e-02
-3.332752811504289397e-02
-5.387846733584943093e-02
-5.387846733584943093e-02
8.637487436326961310e-02
6.318960330279699278e-02
6.318960330279699278e-02
6.318960330279699278e-02
6.318960330279699278e-02
6.318960330279699278e-02
6.318960330279699278e-02
6.318960330279699278e-02
6.318960330279699278e-02
6.318960330279699278e-02
6.900702099829714165e-02
1.145527565511780255e-01
1.145527565511780255e-01
1.145527565511780255e-01
1.145527565511780255e-01
7.366284892138240392e-02
7.366284892138240392e-02
7.366284892138240392e-02
3.810715424747205399e-02
3.810715424747205399e-02
-3.183854840529832392e-02
-8.762050856492908935e-02
-8.762050856492908935e-02
-1.052929047523492867e-01
-1.052929047523492867e-01
-1.052929047523492867e-01
-1.052929047523492867e-01
-1.219679857731347378e-01
-1.281582478967085714e-01
-1.281582478967085714e-01
-1.281582478967085714e-01
-1.281582478967085714e-01
-1.281582478967085714e-01
-1.281582478967085714e-01
-7.347807921719949620e-02
-7.030007659918911800e-02
-7.030007659918911800e-02
3.464941866319231484e-02
1.579404787157905402e-02
1.579404787157905402e-02
1.579404787157905402e-02
1.579404787157905402e-02
1.470249383481782579e-01
3.361748131394681760e-02
3.361748131394681760e-02
6.075141378716037571e-02
6.075141378716037571e-02
6.075141378716037571e-02
1.316092792722712568e-01
1.316092792722712568e-01
1.316092792722712568e-01
6.804276369150587256e-02
6.804276369150587256e-02
6.804276369150587256e-02
6.804276369150587256e-02
1.339707288482862857e-01
2.600690018742172760e-01
2.600690018742172760e-01
2.600690018742172760e-01
3.177965214140913708e-01
3.177965214140913708e-01
3.177965214140913708e-01
3.331129828300356532e-01
3.473617295448745007e-02
3.473617295448745007e-02
3.473617295448745007e-02
3.473617295448745007e-02
5.828331923835232409e-02
1.746250886914508249e-01
1.746250886914508249e-01
1.746250886914508249e-01
1.284248139607896411e-01
1.284248139607896411e-01
1.284248139607896411e-01
9.554746193127101883e-02
9.554746193127101883e-02
9.554746193127101883e-02
9.554746193127101883e-02
9.554746193127101883e-02
9.554746193127101883e-02
9.554746193127101883e-02
9.554746193127101883e-02
9.554746193127101883e-02
9.554746193127101883e-02
1.025216672900425979e-01
9.989310307682916501e-02
9.989310307682916501e-02
9.989310307682916501e-02
9.989310307682916501e-02
9.989310307682916501e-02
3.531869154367461155e-02
2.404809845189944673e-01
2.404809845189944673e-01
2.404809845189944673e-01
2.404809845189944673e-01
2.404809845189944673e-01
2.404809845189944673e-01
2.914881011339516270e-01
2.736911654435811858e-01
2.736911654435811858e-01
1.458163882501443132e-01
1.458163882501443132e-01
2.217608226726892721e-03
2.217608226726892721e-03
1.031447156079677296e-01
-4.652278853454235030e-02
-4.652278853454235030e-02
-4.652278853454235030e-02
4.451186820175793285e-02
1.141312640045589327e-01
1.141312640045589327e-01
1.141312640045589327e-01
1.141312640045589327e-01
2.109482307712039553e-02
2.109482307712039553e-02
3.602907110651271810e-02
2.300831261838376662e-01
1.061139453851188408e-01
1.061139453851188408e-01
1.061139453851188408e-01
1.061139453851188408e-01
1.061139453851188408e-01
1.803393604597248456e-01
1.803393604597248456e-01
1.803393604597248456e-01
1.301481154756379266e-01
1.301481154756379266e-01
1.089154737819188340e-01
1.089154737819188340e-01
1.966425562980673447e-01
1.966425562980673447e-01
1.356905556003375202e-01
3.110478846706550907e-02
1.187593892860079187e-01
2.018642470585274018e-01
-2.801948478035194007e-02
-2.801948478035194007e-02
-2.801948478035194007e-02
4.011660557669930599e-02
1.069512928363124671e-01
-2.092589692088244260e-02
-2.092589692088244260e-02
-2.092589692088244260e-02
-2.092589692088244260e-02
-2.092589692088244260e-02
-2.092589692088244260e-02
-2.092589692088244260e-02
-2.092589692088244260e-02
1.767101298035525861e-02
1.767101298035525861e-02
1.767101298035525861e-02
1.767101298035525861e-02
2.584998376372407702e-01
1.855108168527567492e-01
-4.459111391194152396e-02
1.035830247827068153e-02
1.360977914208159611e-01
1.318717193272696819e-01
5.235202597540150604e-02
4.365124592694488714e-02
4.365124592694488714e-02
6.823724710933988524e-02
1.219256699021183665e-01
-2.482839364804874938e-01
-2.482839364804874938e-01
-7.790497017693788495e-02
7.681881702717566207e-02
7.681881702717566207e-02
7.681881702717566207e-02
8.100555493704889032e-02
4.231796872727829756e-02
1.844873105869692526e-02
1.844873105869692526e-02
1.844873105869692526e-02
1.844873105869692526e-02
9.163609281902994341e-02
-2.736275568302217603e-02
5.166037799982294704e-02
2.192635682622091561e-02
-1.660729157341015241e-02
-1.910756888602328785e-02
-9.146520426637229362e-02
-9.461132995486667974e-02
-1.226252685554039684e-01
-1.593815465249880936e-01
-1.593815465249880936e-01
-1.788269038198150307e-01
-6.139532179722249905e-02
-6.139532179722249905e-02
-6.139532179722249905e-02
-6.139532179722249905e-02
9.739136260246802901e-02
8.176401708211941677e-02
4.552443292810538777e-02
4.552443292810538777e-02
1.032126667371957435e-01
1.584058323798473167e-01
7.864930635509326251e-02
1.883783654040173949e-01
1.883783654040173949e-01
8.012249054948673843e-02
8.012249054948673843e-02
2.438228168154620012e-01
1.486021303602095833e-01
1.486021303602095833e-01
1.486021303602095833e-01
1.486021303602095833e-01
1.242813116222421660e-01
1.242813116222421660e-01
1.242813116222421660e-01
1.250624700248661736e-01
1.250624700248661736e-01
1.276572295833204862e-01
1.276572295833204862e-01
1.276572295833204862e-01
1.276572295833204862e-01
1.172173880849005506e-01
6.120830241966322693e-02
6.120830241966322693e-02
1.720786458182461398e-01
1.720786458182461398e-01
1.720786458182461398e-01
1.720786458182461398e-01
1.755422647556189597e-01
1.755422647556189597e-01
-7.554468975446120005e-02
3.874429795088321637e-02
3.874429795088321637e-02
6.581578799275113190e-02
-3.780922830359502440e-02
1.631727072523961666e-02
1.631727072523961666e-02
1.631727072523961666e-02
1.631727072523961666e-02
2.720992506108688494e-02
2.720992506108688494e-02
5.798729536355461123e-02
5.798729536355461123e-02
5.798729536355461123e-02
5.798729536355461123e-02
5.798729536355461123e-02
5.798729536355461123e-02
3.277947116037156772e-02
2.291549565525144716e-01
2.291549565525144716e-01
2.265989030917922864e-01
1.340807415535502922e-01
1.168747526617030935e-01
1.168747526617030935e-01
1.168747526617030935e-01
2.258136009490176177e-01
1.768971802955178751e-01
1.768971802955178751e-01
1.768971802955178751e-01
1.768971802955178751e-01
1.768971802955178751e-01
1.768971802955178751e-01
1.537304343542222618e-01
1.537304343542222618e-01
1.537304343542222618e-01
1.537304343542222618e-01
-5.866055595089064018e-02
-5.866055595089064018e-02
-5.866055595089064018e-02
-5.866055595089064018e-02
-5.866055595089064018e-02
-5.866055595089064018e-02
-5.866055595089064018e-02
-2.773177044840078806e-02
-2.041934750669831006e-03
-2.041934750669831006e-03
-2.041934750669831006e-03
-2.041934750669831006e-03
-2.041934750669831006e-03
4.730842848163170633e-02
6.323841433806302870e-02
2.664128785035162483e-01
2.664128785035162483e-01
2.664128785035162483e-01
2.137444197801963153e-01
2.137444197801963153e-01
2.566417466215082377e-01
1.825804734950460251e-01
1.825804734950460251e-01
1.825804734950460251e-01
1.825804734950460251e-01
1.825804734950460251e-01
1.825804734950460251e-01
1.825804734950460251e-01
1.825804734950460251e-01
1.825804734950460251e-01
1.825804734950460251e-01
1.886013979386425843e-01
2.076089381324420780e-01
2.076089381324420780e-01
2.076089381324420780e-01
2.076089381324420780e-01
2.076089381324420780e-01
2.076089381324420780e-01
2.076089381324420780e-01
2.076089381324420780e-01
1.410294039107906627e-01
1.410294039107906627e-01
1.154880951606299666e-01
1.154880951606299666e-01
9.176011632614758384e-02
9.176011632614758384e-02
9.176011632614758384e-02
9.176011632614758384e-02
2.423694023059492497e-01
2.103292435540268235e-01
2.103292435540268235e-01
9.166735584949979587e-02
9.166735584949979587e-02
9.166735584949979587e-02
9.166735584949979587e-02
9.166735584949979587e-02
9.998557823460943461e-02
9.998557823460943461e-02
9.998557823460943461e-02
9.998557823460943461e-02
1.453717414524458296e-01
2.897364926579252056e-02
2.897364926579252056e-02
2.897364926579252056e-02
2.897364926579252056e-02
2.897364926579252056e-02
2.897364926579252056e-02
2.897364926579252056e-02
2.897364926579252056e-02
2.897364926579252056e-02
1.108668949102329243e-01
1.682944324868684838e-01
1.682944324868684838e-01
1.682944324868684838e-01
1.682944324868684838e-01
1.635550456237988004e-01
3.409783918038145761e-02
3.409783918038145761e-02
1.082142570863336983e-01
1.082142570863336983e-01
8.542695735620377262e-02
8.542695735620377262e-02
8.542695735620377262e-02
8.542695735620377262e-02
1.250102364375788311e-01
7.880520344090737039e-02
7.880520344090737039e-02
7.880520344090737039e-02
7.880520344090737039e-02
7.880520344090737039e-02
7.880520344090737039e-02
1.794987056765684486e-01
1.794987056765684486e-01
1.120726811924852018e-01
1.120726811924852018e-01
1.588624385581661191e-01
1.588624385581661191e-01
1.812262988773669092e-01
1.812262988773669092e-01
4.993454998767195285e-02
4.993454998767195285e-02
4.993454998767195285e-02
6.472165438242742652e-02
6.472165438242742652e-02
5.030286559641534289e-02
5.030286559641534289e-02
5.030286559641534289e-02
6.012151698471373401e-02
6.012151698471373401e-02
8.776410892392989826e-02
8.776410892392989826e-02
8.776410892392989826e-02
8.776410892392989826e-02
8.776410892392989826e-02
1.870803803244224794e-01
1.456218093396867419e-01
1.456218093396867419e-01
1.456218093396867419e-01
1.963970749553234918e-01
1.963970749553234918e-01
1.963970749553234918e-01
1.963970749553234918e-01
1.377443488234023072e-01
7.043171432629664885e-02
1.245403620548788393e-01
1.245403620548788393e-01
2.167087154560018158e-01
2.167087154560018158e-01
2.167087154560018158e-01
2.167087154560018158e-01
2.167087154560018158e-01
2.167087154560018158e-01
2.167087154560018158e-01
2.167087154560018158e-01
2.167087154560018158e-01
2.167087154560018158e-01
6.322101517471126475e-02
2.381073296867530775e-01
2.381073296867530775e-01
2.360829448835861932e-01
6.111765787250823811e-02
6.111765787250823811e-02
6.111765787250823811e-02
6.111765787250823811e-02
6.111765787250823811e-02
6.010077677577456423e-02
8.752502560959522782e-02
8.752502560959522782e-02
8.752502560959522782e-02
8.752502560959522782e-02
8.752502560959522782e-02
8.752502560959522782e-02
1.442093298362555065e-01
1.188470514457917321e-01
1.188470514457917321e-01
1.712711698287707265e-02
1.712711698287707265e-02
1.712711698287707265e-02
-2.534856680402965134e-02
-2.534856680402965134e-02
8.403222357833568801e-02
8.403222357833568801e-02
8.403222357833568801e-02
6.606404731390765062e-02
6.606404731390765062e-02
6.606404731390765062e-02
6.606404731390765062e-02
6.606404731390765062e-02
4.884878378548718203e-02
4.884878378548718203e-02
4.884878378548718203e-02
4.884878378548718203e-02
4.884878378548718203e-02
4.884878378548718203e-02
4.884878378548718203e-02
2.903189738883607193e-02
5.184276979342068020e-02
5.184276979342068020e-02
2.517719444535084991e-02
8.390734577799315030e-02
9.779387861077373789e-02
9.779387861077373789e-02
9.779387861077373789e-02
1.959967677655089224e-01
7.498473813393043141e-02
-1.202799324238763672e-02
-1.202799324238763672e-02
-1.202799324238763672e-02
-9.887910445171030002e-03
-9.887910445171030002e-03
-9.887910445171030002e-03
-2.946934260934477596e-03
-2.946934260934477596e-03
-2.946934260934477596e-03
-2.946934260934477596e-03
7.773542225163571073e-02
1.260042604360330221e-01
1.260042604360330221e-01
1.260042604360330221e-01
1.260042604360330221e-01
1.571522587794649817e-01
1.571522587794649817e-01
1.571522587794649817e-01
-4.754026447118988447e-02
-9.414198869831304217e-02
-9.334180451616222451e-02
7.984497665563464186e-02
-2.451212684811308190e-02
-2.451212684811308190e-02
-1.488650077672634166e-02
1.684602002992982017e-01
2.043960608230663556e-01
1.623434777975831522e-01
1.623434777975831522e-01
1.046825292988712575e-01
1.046825292988712575e-01
1.046825292988712575e-01
1.325969070217012657e-01
1.325969070217012657e-01
1.325969070217012657e-01
1.325969070217012657e-01
5.451096260663549492e-02
5.451096260663549492e-02
6.382247228533277639e-02
6.382247228533277639e-02
1.612860504882109303e-01
1.271556599118393305e-01
1.271556599118393305e-01
5.070268591000690050e-02
5.070268591000690050e-02
5.070268591000690050e-02
5.070268591000690050e-02
5.070268591000690050e-02
5.052261129812236212e-02
5.052261129812236212e-02
5.052261129812236212e-02
5.052261129812236212e-02
-1.020890229645620741e-02
-1.020890229645620741e-02
-1.020890229645620741e-02
5.355772156854776700e-02
5.355772156854776700e-02
5.355772156854776700e-02
1.069139063640311832e-01
1.069139063640311832e-01
1.069139063640311832e-01
5.748243780185003510e-02
5.038940200686148341e-02
4.445729454641213219e-02
4.445729454641213219e-02
4.445729454641213219e-02
4.445729454641213219e-02
4.123335491276592518e-02
-5.018027500803329960e-02
-2.701032371723760886e-02
-2.701032371723760886e-02
-1.095323627066360495e-01
-1.095323627066360495e-01
-1.095323627066360495e-01
-1.095323627066360495e-01
-1.095323627066360495e-01
-4.549606263426522225e-03
-9.909007742743991543e-02
-4.993676879208587549e-02
-3.834218383496000582e-02
-3.834218383496000582e-02
1.199219587959173827e-01
1.199219587959173827e-01
1.138085806298343161e-01
9.182777248360986244e-02
9.182777248360986244e-02
9.182777248360986244e-02
1.152453616158872346e-01
-9.531103738428708949e-02
-2.408091699972541092e-02
-2.408091699972541092e-02
2.422095190162893655e-03
2.422095190162893655e-03
2.422095190162893655e-03
-5.185477687638630900e-02
-5.185477687638630900e-02
-5.185477687638630900e-02
-5.185477687638630900e-02
1.233079785973938969e-01
2.192341437007925553e-01
2.192341437007925553e-01
1.761219433275151292e-01
2.087156073097235776e-01
1.463194180024406932e-01
1.504894456308523976e-01
2.048729263479132368e-01
2.048729263479132368e-01
2.333608780719322040e-01
2.971946250769340603e-01
2.971946250769340603e-01
7.278981704650841489e-02
7.278981704650841489e-02
7.278981704650841489e-02
3.857201682495130235e-02
3.857201682495130235e-02
-2.647467077119957657e-01
-1.897352678769569923e-01
-1.438370002778182610e-01
-1.438370002778182610e-01
-4.178530911770927253e-02
-4.178530911770927253e-02
-3.328759860238175022e-02
-7.338665003790686980e-02
-7.338665003790686980e-02
-1.655686312319484127e-02
-4.683884507528571217e-02
-4.683884507528571217e-02
-1.192954670344124196e-01
-1.192954670344124196e-01
1.447513582707957158e-01
1.447513582707957158e-01
1.447513582707957158e-01
1.447513582707957158e-01
1.447513582707957158e-01
1.447513582707957158e-01
1.447513582707957158e-01
1.456273167711546190e-01
1.456273167711546190e-01
1.325618014118595811e-01
1.325618014118595811e-01
1.325618014118595811e-01
1.325618014118595811e-01
1.325618014118595811e-01
1.325618014118595811e-01
1.325618014118595811e-01
1.325618014118595811e-01
1.325618014118595811e-01
1.325618014118595811e-01
1.325618014118595811e-01
1.325618014118595811e-01
1.325618014118595811e-01
1.360330349485442125e-01
1.360330349485442125e-01
1.360330349485442125e-01
1.364391811326394199e-01
1.364391811326394199e-01
1.364391811326394199e-01
1.364391811326394199e-01
1.364391811326394199e-01
1.364391811326394199e-01
1.189543080761728960e-01
1.189543080761728960e-01
1.189543080761728960e-01
1.189543080761728960e-01
1.189543080761728960e-01
1.150139284462090294e-01
1.150139284462090294e-01
1.313819086954058912e-01
1.313819086954058912e-01
1.313819086954058912e-01
8.005945322827998090e-02
7.639785164607651446e-02
7.639785164607651446e-02
7.639785164607651446e-02
1.502215175638638156e-01
1.502215175638638156e-01
1.502215175638638156e-01
5.380493365450729655e-03
1.368782543675233498e-01
1.368782543675233498e-01
1.624230665981197530e-01
1.624230665981197530e-01
1.379019420376470517e-01
1.379019420376470517e-01
8.012825040451747316e-02
8.012825040451747316e-02
8.012825040451747316e-02
-3.985325620349860348e-02
-3.985325620349860348e-02
-3.985325620349860348e-02
2.671986568790095037e-02
3.376970601309914593e-03
6.089260290216772648e-02
2.324189599352049010e-02
-6.391351994742705545e-02
-6.391351994742705545e-02
-6.391351994742705545e-02
-6.391351994742705545e-02
-6.391351994742705545e-02
-6.391351994742705545e-02
-6.391351994742705545e-02
-6.391351994742705545e-02
-6.391351994742705545e-02
-6.391351994742705545e-02
-6.391351994742705545e-02
-6.391351994742705545e-02
-6.391351994742705545e-02
-4.376529317054705243e-02
-3.987668986883270185e-03
-3.987668986883270185e-03
-3.987668986883270185e-03
-3.987668986883270185e-03
-3.987668986883270185e-03
-1.594986893639437422e-02
-2.465301519486104778e-02
-2.465301519486104778e-02
-2.465301519486104778e-02
-2.465301519486104778e-02
-2.098692079099055696e-02
-2.098692079099055696e-02
-2.098692079099055696e-02
-1.889265199296247949e-02
-3.168563084604852920e-02
5.365542618527144314e-02
5.365542618527144314e-02
1.771342170869825150e-01
1.771342170869825150e-01
1.259862558389140096e-02
1.024425258704879799e-01
1.024425258704879799e-01
1.024425258704879799e-01
1.973193421728287877e-01
1.973193421728287877e-01
1.213559920955157440e-01
9.158880592313176083e-02
9.158880592313176083e-02
9.158880592313176083e-02
9.158880592313176083e-02
1.015787176836994710e-01
1.015787176836994710e-01
1.015787176836994710e-01
1.015787176836994710e-01
4.464044122491718503e-02
4.464044122491718503e-02
1.576982143891847085e-02
1.576982143891847085e-02
1.576982143891847085e-02
1.576982143891847085e-02
1.576982143891847085e-02
3.655323453874526063e-02
3.655323453874526063e-02
3.655323453874526063e-02
3.655323453874526063e-02
1.825204517483324518e-01
1.825204517483324518e-01
1.825204517483324518e-01
1.863678125465285107e-01
1.863678125465285107e-01
1.863678125465285107e-01
2.241694326533031634e-01
2.241694326533031634e-01
2.241694326533031634e-01
2.241694326533031634e-01
2.241694326533031634e-01
1.622685476939136340e-01
1.922945196630617692e-01
1.922945196630617692e-01
1.922945196630617692e-01
1.554511660327062839e-01
1.554511660327062839e-01
1.671190076836062410e-01
1.671190076836062410e-01
1.671190076836062410e-01
1.671190076836062410e-01
1.671190076836062410e-01
1.671190076836062410e-01
1.671190076836062410e-01
1.064488381339488698e-01
1.064488381339488698e-01
1.064488381339488698e-01
1.064488381339488698e-01
1.627823953445416139e-01
1.569641611577448359e-01
1.569641611577448359e-01
1.183967771868109919e-01
1.232504902037039919e-02
1.232504902037039919e-02
1.232504902037039919e-02
-5.942158665621008300e-03
-5.942158665621008300e-03
3.585253913259747825e-03
-3.262714439914985581e-02
-3.262714439914985581e-02
-3.262714439914985581e-02
-3.262714439914985581e-02
-6.703963772565704748e-02
-1.185962101854858425e-01
-1.185962101854858425e-01
-1.185962101854858425e-01
-1.185962101854858425e-01
-1.185962101854858425e-01
-1.185962101854858425e-01
-8.552559700405647225e-02
-8.552559700405647225e-02
-8.552559700405647225e-02
-8.552559700405647225e-02
2.797818159097977507e-03
-4.632051397438079199e-02
-4.632051397438079199e-02
-4.632051397438079199e-02
-6.662275451231174095e-02
-1.428301927921988290e-01
-1.428301927921988290e-01
-1.428301927921988290e-01
-1.428301927921988290e-01
-8.437579834653122224e-02
-8.437579834653122224e-02
-2.886603072398363518e-03
-2.886603072398363518e-03
-2.886603072398363518e-03
-2.886603072398363518e-03
-2.886603072398363518e-03
1.137469650110239233e-01
1.137469650110239233e-01
1.270490777657191928e-01
-8.643526594562808696e-02
-8.643526594562808696e-02
-8.643526594562808696e-02
7.719754557298223741e-02
7.719754557298223741e-02
7.719754557298223741e-02
7.719754557298223741e-02
7.719754557298223741e-02
7.719754557298223741e-02
7.719754557298223741e-02
2.472690273097773866e-02
2.472690273097773866e-02
2.472690273097773866e-02
-1.172922527248767589e-02
-1.172922527248767589e-02
1.462850323375636530e-01
-1.036942261744677463e-01
-1.036942261744677463e-01
-1.036942261744677463e-01
-4.482461017193330177e-02
-4.482461017193330177e-02
-4.482461017193330177e-02
-4.482461017193330177e-02
-4.482461017193330177e-02
-4.482461017193330177e-02
-4.482461017193330177e-02
-4.482461017193330177e-02
-7.657195843423559613e-03
1.709383014357038211e-01
1.124540273416567010e-01
1.124540273416567010e-01
1.124540273416567010e-01
-9.397262921745110076e-02
-9.397262921745110076e-02
-9.397262921745110076e-02
-9.397262921745110076e-02
-7.554038183160709241e-02
-7.554038183160709241e-02
-7.554038183160709241e-02
-7.554038183160709241e-02
-1.368205187831747494e-02
-1.368205187831747494e-02
-1.368205187831747494e-02
-1.368205187831747494e-02
-1.901459848318612367e-02
-6.032625981551287958e-02
-6.032625981551287958e-02
-2.472538704034861132e-02
-4.561253934459847531e-02
-4.561253934459847531e-02
-8.664477414816297574e-02
-8.664477414816297574e-02
-8.664477414816297574e-02
-8.664477414816297574e-02
-8.664477414816297574e-02
-8.252067730508512444e-02
-8.252067730508512444e-02
-8.252067730508512444e-02
-8.252067730508512444e-02
-3.318740305772956839e-02
-3.318740305772956839e-02
-3.318740305772956839e-02
-3.318740305772956839e-02
-3.318740305772956839e-02
-8.915456428109889975e-02
-8.915456428109889975e-02
-8.915456428109889975e-02
-8.915456428109889975e-02
-8.915456428109889975e-02
-1.486710233085038017e-02
-4.627485722676168839e-02
-4.627485722676168839e-02
-4.627485722676168839e-02
-4.627485722676168839e-02
-4.627485722676168839e-02
6.400752557909120122e-02
1.539301092461568474e-02
1.539301092461568474e-02
1.539301092461568474e-02
1.539301092461568474e-02
1.539301092461568474e-02
1.539301092461568474e-02
1.539301092461568474e-02
1.539301092461568474e-02
1.539301092461568474e-02
1.539301092461568474e-02
1.539301092461568474e-02
1.322536971978570397e-01
1.924440823259237765e-01
1.850078776101081457e-01
1.850078776101081457e-01
1.850078776101081457e-01
1.850078776101081457e-01
1.559079621155003703e-01
1.559079621155003703e-01
7.785196173200696623e-02
1.662060994044640694e-01
5.524989449458515660e-03
5.524989449458515660e-03
5.524989449458515660e-03
1.701722067161691443e-02
3.715148205169080398e-02
3.715148205169080398e-02
3.715148205169080398e-02
7.358229274845486112e-02
8.762967773517998937e-02
1.453510505533585628e-01
1.131326732147812930e-01
1.131326732147812930e-01
1.131326732147812930e-01
1.131326732147812930e-01
8.105730481410951260e-02
1.661555934706655246e-01
1.661555934706655246e-01
1.661555934706655246e-01
1.602470214306153107e-01
1.602470214306153107e-01
1.958997900399699899e-01
1.458188197713518042e-01
1.458188197713518042e-01
1.458188197713518042e-01
1.458188197713518042e-01
2.968983647596761932e-03
2.002761376381335667e-01
7.570762990248164348e-02
7.570762990248164348e-02
7.570762990248164348e-02
6.036300436306729633e-02
6.036300436306729633e-02
6.036300436306729633e-02
6.036300436306729633e-02
6.036300436306729633e-02
6.036300436306729633e-02
6.290970783844269942e-02
6.290970783844269942e-02
1.125876695512419562e-01
1.125876695512419562e-01
1.125876695512419562e-01
1.125876695512419562e-01
1.125876695512419562e-01
8.983564818844859412e-02
8.983564818844859412e-02
8.983564818844859412e-02
8.983564818844859412e-02
8.983564818844859412e-02
1.171262636217382802e-01
8.727297829275816599e-02
8.727297829275816599e-02
8.727297829275816599e-02
1.817139426682371772e-01
1.817139426682371772e-01
1.627059162497431766e-01
1.627059162497431766e-01
4.535441501231038397e-02
4.336728030273747508e-02
4.336728030273747508e-02
4.336728030273747508e-02
4.336728030273747508e-02
4.336728030273747508e-02
2.008138924199689979e-01
2.008138924199689979e-01
2.008138924199689979e-01
2.008138924199689979e-01
2.008138924199689979e-01
1.770547533347766322e-01
4.758743164647460250e-02
4.758743164647460250e-02
9.855618879064204085e-02
1.343536173086745389e-01
1.343536173086745389e-01
7.184750006568596525e-02
7.184750006568596525e-02
1.871659114367755783e-01
1.871659114367755783e-01
2.031016718838990764e-01
2.031016718838990764e-01
2.031016718838990764e-01
2.031016718838990764e-01
2.031016718838990764e-01
1.318847296575717254e-01
1.318847296575717254e-01
1.318847296575717254e-01
1.318847296575717254e-01
1.318847296575717254e-01
1.318847296575717254e-01
5.560911126515612896e-02
5.560911126515612896e-02
5.560911126515612896e-02
4.556696269373263983e-03
4.556696269373263983e-03
3.849168821194099560e-02
3.849168821194099560e-02
7.789974218950491969e-02
1.078956869222716664e-01
1.078956869222716664e-01
1.078956869222716664e-01
1.825843660935997648e-01
2.411636449165112939e-01
2.311798123463307819e-01
2.311798123463307819e-01
1.624627516357863011e-01
1.624627516357863011e-01
1.531596332334188848e-01
1.738999242921402677e-01
1.738999242921402677e-01
1.738999242921402677e-01
1.738999242921402677e-01
1.738999242921402677e-01
1.738999242921402677e-01
2.067216369324162417e-01
1.951190353481428441e-01
1.951190353481428441e-01
1.951190353481428441e-01
1.951190353481428441e-01
1.951190353481428441e-01
2.035804928812980641e-01
2.035804928812980641e-01
2.035804928812980641e-01
2.334873182056362573e-01
1.139384783642014148e-01
1.139384783642014148e-01
6.193366135540255557e-02
6.193366135540255557e-02
6.193366135540255557e-02
6.193366135540255557e-02
6.193366135540255557e-02
2.186332326327712350e-01
4.789839882539814742e-02
4.789839882539814742e-02
1.590146329860755159e-01
7.278549965166371261e-02
7.278549965166371261e-02
7.278549965166371261e-02
7.278549965166371261e-02
1.259621806200395822e-01
1.259621806200395822e-01
2.468352001132303741e-01
2.468352001132303741e-01
