# Variable: dg_gbvi_00000247
# Sample shape: (2565,)
# Date: 2013-03-08 06:18:16.750506
-8.404941503163445571e-01
5.482874957100047908e-01
-1.143040785448690561e-01
-7.280092557270562148e-02
-7.323098562514647192e-01
-7.323098562514647192e-01
-7.323098562514647192e-01
-1.922086101093896771e+00
-1.220156817041555097e+00
-1.201448926959893582e+00
-1.201448926959893582e+00
-1.201448926959893582e+00
-2.230172133383179212e+00
-2.230172133383179212e+00
-2.230172133383179212e+00
-2.253216481853602016e+00
-2.253216481853602016e+00
-2.864360292591864532e+00
-2.864360292591864532e+00
-2.948923987647106060e+00
-3.172740759223291018e+00
-3.199310335325653121e+00
-3.199310335325653121e+00
-3.270133530993082349e+00
-3.270133530993082349e+00
-3.271512235534294710e+00
-3.271512235534294710e+00
-3.271512235534294710e+00
-3.271512235534294710e+00
-3.273254740650501038e+00
-3.272913178722534511e+00
-3.272913178722534511e+00
-3.272913178722534511e+00
-3.272913178722534511e+00
-3.272913178722534511e+00
-3.272913178722534511e+00
-3.272913178722534511e+00
-3.107024727263526742e+00
-3.107024727263526742e+00
-3.107024727263526742e+00
-3.107024727263526742e+00
-3.107024727263526742e+00
-3.325199883609008644e+00
-3.325199883609008644e+00
-3.386644782334882198e+00
-3.142294546438550107e+00
-3.142294546438550107e+00
-3.375228091242474804e+00
-3.410834741261803416e+00
-3.410834741261803416e+00
-3.410834741261803416e+00
-3.410834741261803416e+00
-3.410834741261803416e+00
-3.410834741261803416e+00
-3.354707585275148229e+00
-3.354707585275148229e+00
-3.312016615707913392e+00
-3.312016615707913392e+00
-3.312016615707913392e+00
-3.312016615707913392e+00
-3.312016615707913392e+00
-3.312016615707913392e+00
-3.312016615707913392e+00
-3.388108899641756544e+00
-3.388108899641756544e+00
-3.388108899641756544e+00
-3.388108899641756544e+00
-3.388108899641756544e+00
-3.388108899641756544e+00
-3.388108899641756544e+00
-3.388108899641756544e+00
-3.388108899641756544e+00
-3.371021022456710536e+00
-3.298991056908076480e+00
-3.298991056908076480e+00
-3.296205729144619845e+00
-3.296205729144619845e+00
-3.296205729144619845e+00
-3.296205729144619845e+00
-3.296205729144619845e+00
-3.296205729144619845e+00
-3.296205729144619845e+00
-3.296205729144619845e+00
-3.296205729144619845e+00
-3.434267213030592014e+00
-3.434267213030592014e+00
-3.434267213030592014e+00
-3.434267213030592014e+00
-3.434267213030592014e+00
-3.434267213030592014e+00
-3.073268582328387843e+00
-3.073268582328387843e+00
-3.073268582328387843e+00
-3.073268582328387843e+00
-3.073268582328387843e+00
-3.075205981043205306e+00
-3.075205981043205306e+00
-3.075205981043205306e+00
-3.075205981043205306e+00
-3.075205981043205306e+00
-2.902658408660128142e+00
-2.934156635624315168e+00
-2.934156635624315168e+00
-2.934156635624315168e+00
-2.934156635624315168e+00
-2.934156635624315168e+00
-2.934156635624315168e+00
-2.934156635624315168e+00
-2.934156635624315168e+00
-2.934156635624315168e+00
-2.934156635624315168e+00
-2.956421651002129281e+00
-2.956421651002129281e+00
-2.956421651002129281e+00
-2.956421651002129281e+00
-2.956421651002129281e+00
-2.956421651002129281e+00
-2.956421651002129281e+00
-3.076417148994468942e+00
-2.897450099518666722e+00
-2.897450099518666722e+00
-2.897450099518666722e+00
-2.897450099518666722e+00
-2.923366577977676517e+00
-2.923366577977676517e+00
-2.923366577977676517e+00
-3.268392557799165932e+00
-3.268392557799165932e+00
-3.268392557799165932e+00
-3.268392557799165932e+00
-3.268392557799165932e+00
-3.219377837669452180e+00
-3.219377837669452180e+00
-3.244041908626448922e+00
-3.024444459994133805e+00
-3.024444459994133805e+00
-3.024444459994133805e+00
-3.024444459994133805e+00
-3.022852949909896836e+00
-2.965905438711772479e+00
-2.817191902915781476e+00
-3.269273981775593363e+00
-3.247412967498920722e+00
-3.247412967498920722e+00
-3.247412967498920722e+00
-3.247412967498920722e+00
-3.504938547858245546e+00
-3.504938547858245546e+00
-3.504938547858245546e+00
-3.504938547858245546e+00
-3.504938547858245546e+00
-3.335975823976885746e+00
-3.366525667494368435e+00
-3.366525667494368435e+00
-3.366525667494368435e+00
-3.366525667494368435e+00
-3.366525667494368435e+00
-3.366525667494368435e+00
-3.366525667494368435e+00
-3.268905825032800028e+00
-3.268905825032800028e+00
-3.268905825032800028e+00
-3.268905825032800028e+00
-3.268905825032800028e+00
-3.268905825032800028e+00
-3.268905825032800028e+00
-3.268905825032800028e+00
-3.505796414403007155e+00
-3.505796414403007155e+00
-3.505796414403007155e+00
-3.505796414403007155e+00
-3.505796414403007155e+00
-3.245522298378304082e+00
-3.174251665896168362e+00
-3.174251665896168362e+00
-3.174251665896168362e+00
-3.147411324559301171e+00
-3.147411324559301171e+00
-3.147411324559301171e+00
-3.147411324559301171e+00
-3.147411324559301171e+00
-3.147411324559301171e+00
-3.147411324559301171e+00
-3.147411324559301171e+00
-3.201579162015931512e+00
-3.212719652647612278e+00
-3.212719652647612278e+00
-3.212719652647612278e+00
-3.212719652647612278e+00
-3.212719652647612278e+00
-3.212719652647612278e+00
-3.212719652647612278e+00
-3.212719652647612278e+00
-3.212719652647612278e+00
-3.212719652647612278e+00
-3.198339568779978492e+00
-3.198339568779978492e+00
-3.198339568779978492e+00
-3.314749858256537784e+00
-3.314749858256537784e+00
-3.314749858256537784e+00
-3.314749858256537784e+00
-3.314749858256537784e+00
-3.314749858256537784e+00
-3.314749858256537784e+00
-3.210380666582853149e+00
-3.268844390008401657e+00
-3.268844390008401657e+00
-3.268844390008401657e+00
-3.268844390008401657e+00
-3.268844390008401657e+00
-3.268844390008401657e+00
-3.268844390008401657e+00
-3.268844390008401657e+00
-3.268844390008401657e+00
-3.268844390008401657e+00
-3.268844390008401657e+00
-3.268844390008401657e+00
-3.340837506577688298e+00
-3.385386316287973596e+00
-3.204261905617983519e+00
-3.204261905617983519e+00
-3.204261905617983519e+00
-3.028723926713978276e+00
-3.003200072361869921e+00
-3.003200072361869921e+00
-2.938261871330689612e+00
-2.938261871330689612e+00
-2.938261871330689612e+00
-2.938261871330689612e+00
-2.938261871330689612e+00
-2.938261871330689612e+00
-2.938261871330689612e+00
-2.938261871330689612e+00
-2.938261871330689612e+00
-2.938261871330689612e+00
-3.158257608263380423e+00
-3.158257608263380423e+00
-3.158257608263380423e+00
-3.108097554769037707e+00
-3.207017464993713318e+00
-3.207017464993713318e+00
-3.242737978605076510e+00
-3.242737978605076510e+00
-3.242737978605076510e+00
-3.242737978605076510e+00
-3.205648467391310596e+00
-3.229343630015516720e+00
-3.229343630015516720e+00
-3.229343630015516720e+00
-3.229343630015516720e+00
-3.229343630015516720e+00
-3.229343630015516720e+00
-3.229343630015516720e+00
-3.236550289976135364e+00
-3.236550289976135364e+00
-3.236550289976135364e+00
-3.236550289976135364e+00
-3.454436467276831735e+00
-3.454436467276831735e+00
-3.454436467276831735e+00
-3.363710339320224119e+00
-3.439075242097710650e+00
-3.483640170622686494e+00
-3.483640170622686494e+00
-3.483640170622686494e+00
-3.483640170622686494e+00
-3.286871095994707836e+00
-3.286871095994707836e+00
-3.286871095994707836e+00
-3.286871095994707836e+00
-3.362568174099890506e+00
-3.362568174099890506e+00
-3.362568174099890506e+00
-3.394329726127141456e+00
-3.330023507014361783e+00
-3.294624470641387859e+00
-3.294624470641387859e+00
-3.294624470641387859e+00
-3.294624470641387859e+00
-3.348651549669095395e+00
-3.348651549669095395e+00
-3.348651549669095395e+00
-3.194176116542477128e+00
-3.194176116542477128e+00
-3.194176116542477128e+00
-3.341068096491865980e+00
-3.341068096491865980e+00
-3.341068096491865980e+00
-3.341068096491865980e+00
-3.341068096491865980e+00
-3.341068096491865980e+00
-3.341068096491865980e+00
-3.341068096491865980e+00
-3.341068096491865980e+00
-3.341068096491865980e+00
-3.270775031185396031e+00
-3.460421308099104198e+00
-3.442166143698959235e+00
-3.442166143698959235e+00
-3.442166143698959235e+00
-3.454758172114652304e+00
-3.454758172114652304e+00
-3.454758172114652304e+00
-3.454758172114652304e+00
-3.478315900895293300e+00
-3.478315900895293300e+00
-3.478315900895293300e+00
-3.382342052299724511e+00
-3.361895223656783838e+00
-3.361895223656783838e+00
-3.348455388874344685e+00
-3.348455388874344685e+00
-3.278543334521169417e+00
-3.391802697858040005e+00
-3.391802697858040005e+00
-3.391802697858040005e+00
-3.391802697858040005e+00
-3.391802697858040005e+00
-3.355055609606730549e+00
-3.192813844354662756e+00
-3.192813844354662756e+00
-3.192813844354662756e+00
-3.192813844354662756e+00
-3.192813844354662756e+00
-3.192813844354662756e+00
-3.192813844354662756e+00
-3.192813844354662756e+00
-3.192813844354662756e+00
-3.133886472659201949e+00
-3.133886472659201949e+00
-3.133886472659201949e+00
-3.133886472659201949e+00
-3.287610741071121279e+00
-3.287610741071121279e+00
-3.303177473540093612e+00
-3.303177473540093612e+00
-3.303177473540093612e+00
-3.303177473540093612e+00
-3.356725304172139435e+00
-3.356725304172139435e+00
-3.302845177133693522e+00
-3.302845177133693522e+00
-3.307236569604170118e+00
-3.307236569604170118e+00
-3.307236569604170118e+00
-3.254281982437473797e+00
-3.254281982437473797e+00
-3.136774548849781574e+00
-2.970993161971345664e+00
-3.018112450268011226e+00
-2.850530664832594763e+00
-2.850530664832594763e+00
-2.850530664832594763e+00
-2.891317429994001209e+00
-2.891317429994001209e+00
-2.891317429994001209e+00
-2.891317429994001209e+00
-2.884042721658862884e+00
-2.884042721658862884e+00
-2.884042721658862884e+00
-2.941496356331156914e+00
-2.941496356331156914e+00
-2.941496356331156914e+00
-3.151748468376489143e+00
-3.151748468376489143e+00
-3.151748468376489143e+00
-3.151748468376489143e+00
-3.151748468376489143e+00
-3.169257889881584855e+00
-3.169257889881584855e+00
-3.166784658519626650e+00
-3.166400407482429014e+00
-3.166400407482429014e+00
-3.166400407482429014e+00
-3.166400407482429014e+00
-3.166400407482429014e+00
-3.166400407482429014e+00
-3.166400407482429014e+00
-3.166400407482429014e+00
-3.247461517820033006e+00
-3.247461517820033006e+00
-3.247461517820033006e+00
-3.247461517820033006e+00
-3.247461517820033006e+00
-3.247461517820033006e+00
-3.247461517820033006e+00
-3.247461517820033006e+00
-3.247461517820033006e+00
-3.247461517820033006e+00
-3.247461517820033006e+00
-3.247461517820033006e+00
-3.247461517820033006e+00
-3.332982355284361820e+00
-3.398242443201984653e+00
-3.398242443201984653e+00
-3.398242443201984653e+00
-3.398242443201984653e+00
-3.390552785399604918e+00
-3.390552785399604918e+00
-3.390552785399604918e+00
-3.390552785399604918e+00
-3.369518880243191461e+00
-3.369518880243191461e+00
-3.369518880243191461e+00
-3.369518880243191461e+00
-3.369518880243191461e+00
-3.369518880243191461e+00
-3.369518880243191461e+00
-3.369518880243191461e+00
-3.503089900224325426e+00
-3.503089900224325426e+00
-3.517145926495284680e+00
-3.517145926495284680e+00
-3.517145926495284680e+00
-3.467143894661145254e+00
-3.566691402933839683e+00
-3.641412266705879031e+00
-3.629657341868964604e+00
-3.629657341868964604e+00
-3.629657341868964604e+00
-3.582401111419869277e+00
-3.582401111419869277e+00
-3.582401111419869277e+00
-3.582401111419869277e+00
-3.582401111419869277e+00
-3.617176688256340089e+00
-3.617176688256340089e+00
-3.617176688256340089e+00
-3.617176688256340089e+00
-3.617176688256340089e+00
-3.620290317874380825e+00
-3.557168594595783606e+00
-3.557168594595783606e+00
-3.557168594595783606e+00
-3.557168594595783606e+00
-3.263208849830926628e+00
-3.263208849830926628e+00
-3.494224120006649947e+00
-3.432272311885963489e+00
-3.432272311885963489e+00
-3.432272311885963489e+00
-3.432272311885963489e+00
-3.419022300044974649e+00
-3.419022300044974649e+00
-3.436849027613775753e+00
-3.436849027613775753e+00
-3.436849027613775753e+00
-3.436849027613775753e+00
-3.436849027613775753e+00
-3.459154877757260937e+00
-3.459154877757260937e+00
-3.459154877757260937e+00
-3.480493284231964690e+00
-3.606211620877513013e+00
-3.606211620877513013e+00
-3.488846949633861438e+00
-3.388588871184326834e+00
-3.388588871184326834e+00
-3.388588871184326834e+00
-3.388588871184326834e+00
-3.435590278436095435e+00
-3.435590278436095435e+00
-3.378948266661728539e+00
-3.379443981720377188e+00
-3.379443981720377188e+00
-3.379443981720377188e+00
-3.379443981720377188e+00
-3.377461857490252406e+00
-3.377461857490252406e+00
-3.377461857490252406e+00
-3.377461857490252406e+00
-3.270210764723773700e+00
-3.270210764723773700e+00
-3.327153459172005334e+00
-3.449914239766238566e+00
-3.449914239766238566e+00
-3.449914239766238566e+00
-3.449914239766238566e+00
-3.498696724056741925e+00
-3.498696724056741925e+00
-3.414528769909529693e+00
-3.414528769909529693e+00
-3.414528769909529693e+00
-3.414528769909529693e+00
-3.414528769909529693e+00
-3.414528769909529693e+00
-3.414528769909529693e+00
-3.414528769909529693e+00
-3.414528769909529693e+00
-3.294236607282550189e+00
-3.294236607282550189e+00
-3.294236607282550189e+00
-3.294236607282550189e+00
-3.294236607282550189e+00
-3.294236607282550189e+00
-3.294236607282550189e+00
-3.294236607282550189e+00
-3.322643248145508377e+00
-3.195519101246385052e+00
-3.195519101246385052e+00
-3.195519101246385052e+00
-3.195519101246385052e+00
-3.195519101246385052e+00
-3.195519101246385052e+00
-3.195519101246385052e+00
-3.195519101246385052e+00
-3.195519101246385052e+00
-3.195519101246385052e+00
-3.195519101246385052e+00
-3.195519101246385052e+00
-3.195519101246385052e+00
-3.422720619343220694e+00
-3.422720619343220694e+00
-3.422720619343220694e+00
-3.422720619343220694e+00
-3.392349837328716422e+00
-3.392349837328716422e+00
-3.392349837328716422e+00
-3.526744251481559900e+00
-3.526744251481559900e+00
-3.526744251481559900e+00
-3.526744251481559900e+00
-3.545794630357219646e+00
-3.360794992005947002e+00
-3.360794992005947002e+00
-3.488885629428004176e+00
-3.488885629428004176e+00
-3.488885629428004176e+00
-3.488885629428004176e+00
-3.507917441413427095e+00
-3.355306811896773489e+00
-3.355306811896773489e+00
-3.363255259313827850e+00
-3.348720393050319988e+00
-3.348720393050319988e+00
-3.541538335024449147e+00
-3.541538335024449147e+00
-3.541538335024449147e+00
-3.541538335024449147e+00
-3.541538335024449147e+00
-3.541538335024449147e+00
-3.541538335024449147e+00
-3.541538335024449147e+00
-3.541538335024449147e+00
-3.541538335024449147e+00
-3.541538335024449147e+00
-3.541538335024449147e+00
-3.541538335024449147e+00
-3.541538335024449147e+00
-3.541538335024449147e+00
-3.475833852265783452e+00
-3.475833852265783452e+00
-3.475833852265783452e+00
-3.780214734706181190e+00
-3.780214734706181190e+00
-3.742532927320461500e+00
-3.742532927320461500e+00
-3.742532927320461500e+00
-3.742532927320461500e+00
-3.742532927320461500e+00
-3.742532927320461500e+00
-3.742532927320461500e+00
-3.742532927320461500e+00
-3.742532927320461500e+00
-3.700277739218877926e+00
-3.736685344321944768e+00
-3.736685344321944768e+00
-3.736685344321944768e+00
-3.736685344321944768e+00
-3.736685344321944768e+00
-3.653355572774857674e+00
-3.653355572774857674e+00
-3.446288899757185664e+00
-3.480988602541613908e+00
-3.480988602541613908e+00
-3.392076259925551174e+00
-3.392076259925551174e+00
-3.374923292841320421e+00
-3.374923292841320421e+00
-3.374923292841320421e+00
-3.374923292841320421e+00
-3.374923292841320421e+00
-3.374923292841320421e+00
-3.374923292841320421e+00
-3.400803573503554222e+00
-3.400803573503554222e+00
-3.400803573503554222e+00
-3.400803573503554222e+00
-3.400803573503554222e+00
-3.400803573503554222e+00
-3.400803573503554222e+00
-3.400803573503554222e+00
-3.400803573503554222e+00
-3.400803573503554222e+00
-3.400803573503554222e+00
-3.400803573503554222e+00
-3.250307184572999386e+00
-3.250307184572999386e+00
-3.559745408643013587e+00
-3.559745408643013587e+00
-3.236690605349507699e+00
-3.236690605349507699e+00
-3.236690605349507699e+00
-3.236690605349507699e+00
-3.236690605349507699e+00
-3.236690605349507699e+00
-3.236690605349507699e+00
-3.277024365784590998e+00
-3.277024365784590998e+00
-3.351417980943179664e+00
-3.351417980943179664e+00
-3.351417980943179664e+00
-3.351417980943179664e+00
-3.351417980943179664e+00
-3.351417980943179664e+00
-3.335432965670790395e+00
-3.335432965670790395e+00
-3.309222666650046829e+00
-3.309222666650046829e+00
-3.309222666650046829e+00
-3.309222666650046829e+00
-3.309222666650046829e+00
-3.309222666650046829e+00
-3.309222666650046829e+00
-3.325003277087765330e+00
-3.325003277087765330e+00
-3.325003277087765330e+00
-3.325003277087765330e+00
-3.325003277087765330e+00
-3.296767803725522583e+00
-3.296767803725522583e+00
-3.296767803725522583e+00
-3.296767803725522583e+00
-3.242186487018572372e+00
-3.242186487018572372e+00
-3.268278320666039960e+00
-3.268278320666039960e+00
-3.268278320666039960e+00
-3.268278320666039960e+00
-3.268278320666039960e+00
-3.268278320666039960e+00
-3.114224222121756647e+00
-3.114224222121756647e+00
-3.114224222121756647e+00
-3.114224222121756647e+00
-3.246778000976430434e+00
-3.202894460049867664e+00
-3.255712755095943489e+00
-3.255712755095943489e+00
-3.343075866157743548e+00
-3.343075866157743548e+00
-3.343075866157743548e+00
-3.343075866157743548e+00
-3.343075866157743548e+00
-3.343075866157743548e+00
-3.144951792363601228e+00
-3.144951792363601228e+00
-3.144951792363601228e+00
-3.144951792363601228e+00
-3.144951792363601228e+00
-3.144951792363601228e+00
-3.144951792363601228e+00
-3.144951792363601228e+00
-3.144951792363601228e+00
-3.144951792363601228e+00
-3.144951792363601228e+00
-3.144951792363601228e+00
-3.144951792363601228e+00
-3.144951792363601228e+00
-3.162752944029473934e+00
-3.162752944029473934e+00
-3.162752944029473934e+00
-3.193110982846646184e+00
-3.193110982846646184e+00
-3.076973004817171287e+00
-3.153799791026167476e+00
-3.153799791026167476e+00
-3.145512401758837395e+00
-3.145512401758837395e+00
-3.145512401758837395e+00
-3.145512401758837395e+00
-3.145512401758837395e+00
-3.145512401758837395e+00
-3.197381444995873956e+00
-3.197381444995873956e+00
-3.197381444995873956e+00
-3.197381444995873956e+00
-3.197381444995873956e+00
-3.197381444995873956e+00
-3.197381444995873956e+00
-3.197381444995873956e+00
-3.187466418442765459e+00
-3.187466418442765459e+00
-3.187466418442765459e+00
-3.152827887970309995e+00
-3.084997539561728175e+00
-3.084997539561728175e+00
-3.135123473359767043e+00
-3.083313349010826432e+00
-3.083313349010826432e+00
-3.093617201222532476e+00
-3.093617201222532476e+00
-3.093617201222532476e+00
-3.100794144253791185e+00
-3.100794144253791185e+00
-3.100794144253791185e+00
-3.100794144253791185e+00
-3.100794144253791185e+00
-3.112609476510040718e+00
-3.112609476510040718e+00
-3.112609476510040718e+00
-3.112609476510040718e+00
-3.112609476510040718e+00
-3.112609476510040718e+00
-3.112609476510040718e+00
-3.112609476510040718e+00
-3.112609476510040718e+00
-3.112609476510040718e+00
-3.154821455249592344e+00
-3.154821455249592344e+00
-3.154821455249592344e+00
-3.154821455249592344e+00
-3.154821455249592344e+00
-3.154821455249592344e+00
-3.154821455249592344e+00
-3.154821455249592344e+00
-3.154821455249592344e+00
-3.154821455249592344e+00
-3.154821455249592344e+00
-3.154821455249592344e+00
-3.154821455249592344e+00
-3.154821455249592344e+00
-3.154821455249592344e+00
-3.154821455249592344e+00
-3.154821455249592344e+00
-3.154821455249592344e+00
-3.154821455249592344e+00
-3.154821455249592344e+00
-3.154821455249592344e+00
-3.139232713398750985e+00
-3.139232713398750985e+00
-3.139232713398750985e+00
-3.139232713398750985e+00
-3.128732528836260851e+00
-3.128732528836260851e+00
-3.128732528836260851e+00
-3.128732528836260851e+00
-3.128732528836260851e+00
-3.128732528836260851e+00
-3.169192063012202354e+00
-3.169192063012202354e+00
-3.169192063012202354e+00
-3.169192063012202354e+00
-3.169192063012202354e+00
-3.169192063012202354e+00
-3.169192063012202354e+00
-3.169192063012202354e+00
-3.169192063012202354e+00
-3.169192063012202354e+00
-3.169192063012202354e+00
-3.169192063012202354e+00
-3.169192063012202354e+00
-3.242437506105385836e+00
-3.242437506105385836e+00
-3.245844681265727782e+00
-3.245844681265727782e+00
-3.245844681265727782e+00
-3.358206126018937088e+00
-3.219492090860896383e+00
-3.219492090860896383e+00
-3.141316571176823835e+00
-3.141316571176823835e+00
-3.141316571176823835e+00
-3.141316571176823835e+00
-3.141316571176823835e+00
-3.191756025198277946e+00
-3.191756025198277946e+00
-3.191756025198277946e+00
-3.191756025198277946e+00
-3.191756025198277946e+00
-3.191756025198277946e+00
-3.191756025198277946e+00
-3.409782791586894568e+00
-3.409782791586894568e+00
-3.409782791586894568e+00
-3.191021230742998593e+00
-3.191021230742998593e+00
-3.316039921467065277e+00
-3.316039921467065277e+00
-3.316039921467065277e+00
-3.316039921467065277e+00
-3.367935693097973804e+00
-3.367935693097973804e+00
-3.367935693097973804e+00
-3.266831345877450055e+00
-3.266831345877450055e+00
-3.266831345877450055e+00
-3.266831345877450055e+00
-3.266831345877450055e+00
-3.266831345877450055e+00
-3.286647592462188072e+00
-3.388131680319740990e+00
-3.388131680319740990e+00
-3.388131680319740990e+00
-3.388131680319740990e+00
-3.388131680319740990e+00
-3.388131680319740990e+00
-3.370340768095189343e+00
-3.370340768095189343e+00
-3.370340768095189343e+00
-3.370340768095189343e+00
-3.370340768095189343e+00
-3.370340768095189343e+00
-3.370340768095189343e+00
-3.370340768095189343e+00
-3.374915669704575460e+00
-3.266388228100365332e+00
-3.266388228100365332e+00
-3.266388228100365332e+00
-3.305264472188925495e+00
-3.305264472188925495e+00
-3.305264472188925495e+00
-3.305264472188925495e+00
-3.369672190917299304e+00
-3.394583753448071839e+00
-3.394583753448071839e+00
-3.394583753448071839e+00
-3.394583753448071839e+00
-3.394583753448071839e+00
-3.394583753448071839e+00
-3.394583753448071839e+00
-3.282094740283201251e+00
-3.282094740283201251e+00
-3.282094740283201251e+00
-3.282094740283201251e+00
-3.230932382562409888e+00
-3.347202415317356738e+00
-3.347202415317356738e+00
-3.226302584410115859e+00
-3.257619841948059314e+00
-3.168769404877262996e+00
-3.168769404877262996e+00
-3.168769404877262996e+00
-3.172712458342194175e+00
-3.152495281042626551e+00
-3.152495281042626551e+00
-3.152495281042626551e+00
-3.152495281042626551e+00
-3.152495281042626551e+00
-3.150565942593011926e+00
-3.150565942593011926e+00
-3.150565942593011926e+00
-3.150565942593011926e+00
-3.150565942593011926e+00
-3.150565942593011926e+00
-3.134600103116011116e+00
-3.241496993836965768e+00
-3.241496993836965768e+00
-3.241496993836965768e+00
-3.241496993836965768e+00
-3.241496993836965768e+00
-3.241496993836965768e+00
-3.284532447161649049e+00
-3.284532447161649049e+00
-3.271497628264250057e+00
-3.271497628264250057e+00
-3.271497628264250057e+00
-3.271497628264250057e+00
-3.271497628264250057e+00
-3.271497628264250057e+00
-3.271497628264250057e+00
-3.271497628264250057e+00
-3.443069303751141064e+00
-3.443069303751141064e+00
-3.322692045185582810e+00
-3.430602962414212698e+00
-3.430602962414212698e+00
-3.430602962414212698e+00
-3.430602962414212698e+00
-3.366899994689310560e+00
-3.323122069720333194e+00
-3.324673915671131574e+00
-3.324673915671131574e+00
-3.350466471214783137e+00
-3.350466471214783137e+00
-3.148126068414516254e+00
-3.148126068414516254e+00
-3.148126068414516254e+00
-3.148126068414516254e+00
-3.148126068414516254e+00
-3.148126068414516254e+00
-3.148126068414516254e+00
-3.148126068414516254e+00
-3.148126068414516254e+00
-3.148126068414516254e+00
-3.148126068414516254e+00
-3.148126068414516254e+00
-3.148126068414516254e+00
-3.148126068414516254e+00
-3.148126068414516254e+00
-3.148126068414516254e+00
-3.148126068414516254e+00
-3.148126068414516254e+00
-3.148126068414516254e+00
-3.148126068414516254e+00
-3.148126068414516254e+00
-3.148126068414516254e+00
-3.176877729547158413e+00
-3.176877729547158413e+00
-3.176877729547158413e+00
-3.122690417768789750e+00
-3.122690417768789750e+00
-3.127114831339945944e+00
-3.083950114561116784e+00
-3.083950114561116784e+00
-3.083950114561116784e+00
-3.083950114561116784e+00
-3.083950114561116784e+00
-3.010302751355943496e+00
-3.010302751355943496e+00
-3.096034778997652115e+00
-3.233256899409116869e+00
-3.233256899409116869e+00
-3.215189990887159066e+00
-3.215189990887159066e+00
-3.215189990887159066e+00
-3.245659181282573691e+00
-3.245659181282573691e+00
-3.092656042126596283e+00
-3.022684808173005777e+00
-3.022684808173005777e+00
-3.022684808173005777e+00
-3.022684808173005777e+00
-2.910058613469399980e+00
-2.910058613469399980e+00
-2.910058613469399980e+00
-2.910058613469399980e+00
-2.910058613469399980e+00
-2.923032932836553410e+00
-2.923032932836553410e+00
-2.923032932836553410e+00
-2.923032932836553410e+00
-2.923032932836553410e+00
-2.973819377343694281e+00
-2.973819377343694281e+00
-2.973819377343694281e+00
-2.973819377343694281e+00
-2.973819377343694281e+00
-2.999609381539951602e+00
-2.999609381539951602e+00
-2.999609381539951602e+00
-2.999609381539951602e+00
-2.999609381539951602e+00
-2.991616764167403186e+00
-2.991616764167403186e+00
-2.991616764167403186e+00
-2.991616764167403186e+00
-2.991616764167403186e+00
-2.991616764167403186e+00
-2.991616764167403186e+00
-2.963186723206755691e+00
-2.963186723206755691e+00
-2.963186723206755691e+00
-2.963186723206755691e+00
-2.963186723206755691e+00
-2.963186723206755691e+00
-2.963186723206755691e+00
-2.963186723206755691e+00
-2.963186723206755691e+00
-2.963186723206755691e+00
-2.963186723206755691e+00
-2.963186723206755691e+00
-2.963186723206755691e+00
-2.967939117635177926e+00
-2.967939117635177926e+00
-2.967939117635177926e+00
-2.967939117635177926e+00
-2.967939117635177926e+00
-2.967939117635177926e+00
-2.940896880213635711e+00
-3.033167828592238102e+00
-3.033167828592238102e+00
-3.033167828592238102e+00
-3.042540206523938195e+00
-3.042540206523938195e+00
-2.849274911761931151e+00
-2.849274911761931151e+00
-2.849274911761931151e+00
-2.849274911761931151e+00
-2.849274911761931151e+00
-2.723991304947322334e+00
-2.723991304947322334e+00
-2.723991304947322334e+00
-2.723991304947322334e+00
-2.723991304947322334e+00
-2.723991304947322334e+00
-2.723991304947322334e+00
-2.723991304947322334e+00
-2.812407574225203710e+00
-2.812407574225203710e+00
-2.812407574225203710e+00
-2.929707554441206341e+00
-2.929707554441206341e+00
-2.984032704495613419e+00
-2.815873939330706399e+00
-2.815873939330706399e+00
-2.815873939330706399e+00
-2.815873939330706399e+00
-2.815873939330706399e+00
-2.815873939330706399e+00
-2.815873939330706399e+00
-2.815873939330706399e+00
-2.732621665817149381e+00
-2.732621665817149381e+00
-2.732621665817149381e+00
-2.771092578955688612e+00
-2.771092578955688612e+00
-2.771092578955688612e+00
-2.771092578955688612e+00
-2.815006311667432648e+00
-2.815006311667432648e+00
-2.815006311667432648e+00
-2.815006311667432648e+00
-2.815006311667432648e+00
-2.750969112640135883e+00
-2.937638777236807552e+00
-2.937638777236807552e+00
-2.937638777236807552e+00
-2.937638777236807552e+00
-2.924776203144697551e+00
-2.924776203144697551e+00
-2.924776203144697551e+00
-2.924776203144697551e+00
-2.885035575253935392e+00
-2.885035575253935392e+00
-2.885035575253935392e+00
-2.885035575253935392e+00
-3.062152923064702659e+00
-3.062152923064702659e+00
-3.062152923064702659e+00
-3.180444161086701804e+00
-3.180444161086701804e+00
-3.180444161086701804e+00
-3.180444161086701804e+00
-3.180444161086701804e+00
-3.180444161086701804e+00
-3.180444161086701804e+00
-3.180444161086701804e+00
-3.180444161086701804e+00
-3.180444161086701804e+00
-2.805632751319184326e+00
-2.805632751319184326e+00
-2.805632751319184326e+00
-2.805632751319184326e+00
-2.805632751319184326e+00
-2.805632751319184326e+00
-2.805632751319184326e+00
-2.822751367497536190e+00
-2.822751367497536190e+00
-2.822751367497536190e+00
-2.822751367497536190e+00
-2.924226212427659011e+00
-2.876317774112629344e+00
-2.876317774112629344e+00
-2.876317774112629344e+00
-2.876317774112629344e+00
-2.876317774112629344e+00
-2.951902484781975922e+00
-2.954164591094011083e+00
-2.954164591094011083e+00
-2.954164591094011083e+00
-2.954164591094011083e+00
-2.954164591094011083e+00
-2.954164591094011083e+00
-2.972398112128540326e+00
-2.972398112128540326e+00
-2.972398112128540326e+00
-2.972398112128540326e+00
-2.972398112128540326e+00
-3.335209073331458995e+00
-3.335209073331458995e+00
-3.320407108366543625e+00
-3.320407108366543625e+00
-3.332886307614384425e+00
-3.338865242290371516e+00
-3.338865242290371516e+00
-3.338865242290371516e+00
-3.338865242290371516e+00
-3.338865242290371516e+00
-3.338865242290371516e+00
-3.294656848897990375e+00
-3.294656848897990375e+00
-3.294656848897990375e+00
-3.294656848897990375e+00
-3.294656848897990375e+00
-3.294656848897990375e+00
-3.179615590174302842e+00
-3.179615590174302842e+00
-3.246377393911042741e+00
-3.246377393911042741e+00
-3.285004229157044708e+00
-3.285004229157044708e+00
-3.285004229157044708e+00
-3.285004229157044708e+00
-3.382138369593673310e+00
-3.334235335180510518e+00
-3.334235335180510518e+00
-3.195982749991124638e+00
-3.195982749991124638e+00
-3.195982749991124638e+00
-3.195982749991124638e+00
-3.195982749991124638e+00
-3.195982749991124638e+00
-3.195982749991124638e+00
-3.195982749991124638e+00
-3.195982749991124638e+00
-3.421856095601578662e+00
-3.421856095601578662e+00
-3.421856095601578662e+00
-3.421856095601578662e+00
-3.503918468898791883e+00
-3.503918468898791883e+00
-3.503918468898791883e+00
-3.514799674458628509e+00
-3.578184887625635469e+00
-3.578184887625635469e+00
-3.578184887625635469e+00
-3.578184887625635469e+00
-3.578184887625635469e+00
-3.582246750021947701e+00
-3.582246750021947701e+00
-3.463084514159727956e+00
-3.463084514159727956e+00
-3.463084514159727956e+00
-3.604555434950042159e+00
-3.521526252823513392e+00
-3.577050273848160433e+00
-3.577050273848160433e+00
-3.577050273848160433e+00
-3.577050273848160433e+00
-3.577050273848160433e+00
-3.577050273848160433e+00
-3.565096599956441903e+00
-3.565096599956441903e+00
-3.565096599956441903e+00
-3.565096599956441903e+00
-3.551934439723158921e+00
-3.551934439723158921e+00
-3.551934439723158921e+00
-3.551934439723158921e+00
-3.551934439723158921e+00
-3.551934439723158921e+00
-3.587268164771517220e+00
-3.587268164771517220e+00
-3.587268164771517220e+00
-3.587268164771517220e+00
-3.587268164771517220e+00
-3.575021401723905257e+00
-3.511366374338050100e+00
-3.511366374338050100e+00
-3.511366374338050100e+00
-3.511366374338050100e+00
-3.511366374338050100e+00
-3.511366374338050100e+00
-3.511366374338050100e+00
-3.392174963570475210e+00
-3.525507711102255914e+00
-3.364620676933828936e+00
-3.363907213630522808e+00
-3.363907213630522808e+00
-3.363907213630522808e+00
-3.363907213630522808e+00
-3.363907213630522808e+00
-3.363907213630522808e+00
-3.363907213630522808e+00
-3.363907213630522808e+00
-3.355453884610021920e+00
-3.355453884610021920e+00
-3.344242677407092135e+00
-3.344242677407092135e+00
-3.344242677407092135e+00
-3.344242677407092135e+00
-3.344242677407092135e+00
-3.349167095618869716e+00
-3.349167095618869716e+00
-3.259357524643205384e+00
-3.259357524643205384e+00
-3.259357524643205384e+00
-3.259357524643205384e+00
-3.259357524643205384e+00
-3.259357524643205384e+00
-3.318192068671584227e+00
-3.318192068671584227e+00
-3.318192068671584227e+00
-3.318192068671584227e+00
-3.318192068671584227e+00
-3.318192068671584227e+00
-3.318192068671584227e+00
-3.318192068671584227e+00
-3.332286030469819416e+00
-3.372264520425245937e+00
-3.366753221170418087e+00
-3.396857958264116295e+00
-3.396857958264116295e+00
-3.396857958264116295e+00
-3.396857958264116295e+00
-3.396857958264116295e+00
-3.579153575971373513e+00
-3.579153575971373513e+00
-3.579153575971373513e+00
-3.579153575971373513e+00
-3.579153575971373513e+00
-3.579153575971373513e+00
-3.579153575971373513e+00
-3.579153575971373513e+00
-3.579153575971373513e+00
-3.579153575971373513e+00
-3.579153575971373513e+00
-3.579153575971373513e+00
-3.564524423685485388e+00
-3.564423952913684079e+00
-3.564423952913684079e+00
-3.644247924139739858e+00
-3.644247924139739858e+00
-3.644247924139739858e+00
-3.739715028137186259e+00
-3.739715028137186259e+00
-3.739715028137186259e+00
-3.739715028137186259e+00
-3.728078835645225464e+00
-3.728078835645225464e+00
-3.728078835645225464e+00
-3.728078835645225464e+00
-3.728078835645225464e+00
-3.728078835645225464e+00
-3.728078835645225464e+00
-3.728078835645225464e+00
-3.737602723202134047e+00
-3.737602723202134047e+00
-3.737602723202134047e+00
-3.737602723202134047e+00
-3.737602723202134047e+00
-3.737602723202134047e+00
-3.737602723202134047e+00
-3.737602723202134047e+00
-3.627734860181329957e+00
-3.627734860181329957e+00
-3.580702036926283860e+00
-3.580702036926283860e+00
-3.580702036926283860e+00
-3.610096445210573268e+00
-3.610096445210573268e+00
-3.576697289298360172e+00
-3.521019954128199902e+00
-3.521019954128199902e+00
-3.521019954128199902e+00
-3.521019954128199902e+00
-3.521019954128199902e+00
-3.521019954128199902e+00
-3.521019954128199902e+00
-3.521019954128199902e+00
-3.521019954128199902e+00
-3.521019954128199902e+00
-3.521019954128199902e+00
-3.521019954128199902e+00
-3.521019954128199902e+00
-3.521019954128199902e+00
-3.533910486924595418e+00
-3.533910486924595418e+00
-3.533910486924595418e+00
-3.533910486924595418e+00
-3.382593003641228613e+00
-3.382593003641228613e+00
-3.382593003641228613e+00
-3.335501229691675285e+00
-3.335501229691675285e+00
-3.345090434973287064e+00
-3.346434699395969936e+00
-3.346434699395969936e+00
-3.569638686458125765e+00
-3.569638686458125765e+00
-3.569638686458125765e+00
-3.569638686458125765e+00
-3.548211948526193815e+00
-3.548211948526193815e+00
-3.548211948526193815e+00
-3.548211948526193815e+00
-3.548211948526193815e+00
-3.548211948526193815e+00
-3.548211948526193815e+00
-3.551601825451585093e+00
-3.551601825451585093e+00
-3.551601825451585093e+00
-3.604419656134470351e+00
-3.619429660259924741e+00
-3.619429660259924741e+00
-3.619429660259924741e+00
-3.619429660259924741e+00
-3.619429660259924741e+00
-3.619429660259924741e+00
-3.619429660259924741e+00
-3.619429660259924741e+00
-3.479267793034872103e+00
-3.470491326430471535e+00
-3.470491326430471535e+00
-3.753490458142772379e+00
-3.753490458142772379e+00
-3.753490458142772379e+00
-3.247804814606683355e+00
-3.326395972094713382e+00
-3.326395972094713382e+00
-3.326395972094713382e+00
-3.065773661168139430e+00
-3.254377391625061122e+00
-3.093945082333805274e+00
-3.239671702396797581e+00
-3.239671702396797581e+00
-3.239671702396797581e+00
-3.198875229953179744e+00
-3.198875229953179744e+00
-3.154051884503306535e+00
-3.025241537502324718e+00
-3.025241537502324718e+00
-3.025241537502324718e+00
-3.056853233743400011e+00
-3.056853233743400011e+00
-3.056853233743400011e+00
-3.066294991636683953e+00
-3.066294991636683953e+00
-3.066294991636683953e+00
-3.066294991636683953e+00
-3.066294991636683953e+00
-3.066294991636683953e+00
-3.066294991636683953e+00
-3.057222009122668283e+00
-3.092128154309659926e+00
-3.092128154309659926e+00
-3.092128154309659926e+00
-3.092128154309659926e+00
-3.095268291413738382e+00
-3.095268291413738382e+00
-3.095268291413738382e+00
-3.095268291413738382e+00
-3.095268291413738382e+00
-3.095268291413738382e+00
-3.095268291413738382e+00
-3.095268291413738382e+00
-2.947800896995171449e+00
-2.967855126465804627e+00
-2.967855126465804627e+00
-2.967855126465804627e+00
-2.967855126465804627e+00
-2.920604675794893801e+00
-2.920604675794893801e+00
-2.920604675794893801e+00
-2.890275824723316678e+00
-2.890275824723316678e+00
-2.864855441106501921e+00
-2.864855441106501921e+00
-2.864855441106501921e+00
-2.864855441106501921e+00
-2.864855441106501921e+00
-2.864855441106501921e+00
-2.830511724689956932e+00
-2.830511724689956932e+00
-2.830511724689956932e+00
-2.830511724689956932e+00
-2.857777764205868820e+00
-2.857777764205868820e+00
-2.857777764205868820e+00
-3.148932749816907961e+00
-3.148932749816907961e+00
-3.137994957840316346e+00
-3.137994957840316346e+00
-3.137994957840316346e+00
-3.137994957840316346e+00
-3.137994957840316346e+00
-3.137994957840316346e+00
-3.137994957840316346e+00
-3.137994957840316346e+00
-3.137994957840316346e+00
-3.137994957840316346e+00
-3.139158559740242715e+00
-3.139158559740242715e+00
-3.139158559740242715e+00
-3.139158559740242715e+00
-3.139158559740242715e+00
-3.139158559740242715e+00
-3.139158559740242715e+00
-3.146495380069572967e+00
-3.146495380069572967e+00
-3.146495380069572967e+00
-3.146495380069572967e+00
-3.271863157934967958e+00
-3.273667951858120428e+00
-3.273667951858120428e+00
-3.287225055734402268e+00
-3.287225055734402268e+00
-3.287225055734402268e+00
-3.315806773781386774e+00
-3.161954823578544627e+00
-3.143482838102923616e+00
-3.352183835456759908e+00
-3.385231609332825631e+00
-3.385231609332825631e+00
-3.385231609332825631e+00
-3.402765281451153534e+00
-3.402765281451153534e+00
-3.402765281451153534e+00
-3.402765281451153534e+00
-3.427689065882022934e+00
-3.165346887471866211e+00
-3.165346887471866211e+00
-3.133451630622996475e+00
-3.133451630622996475e+00
-3.065148615550111533e+00
-3.065148615550111533e+00
-3.094199267451668955e+00
-3.072748124070369347e+00
-3.072748124070369347e+00
-3.072748124070369347e+00
-3.072748124070369347e+00
-3.072748124070369347e+00
-2.992705480903337545e+00
-2.992705480903337545e+00
-2.992705480903337545e+00
-2.992705480903337545e+00
-2.992705480903337545e+00
-2.992705480903337545e+00
-2.992705480903337545e+00
-2.992705480903337545e+00
-2.992705480903337545e+00
-2.992705480903337545e+00
-2.992705480903337545e+00
-2.992705480903337545e+00
-2.965594598583834784e+00
-2.965594598583834784e+00
-2.965594598583834784e+00
-2.965594598583834784e+00
-3.053040296323469960e+00
-3.053040296323469960e+00
-3.053040296323469960e+00
-3.038266593054234299e+00
-3.038266593054234299e+00
-3.038266593054234299e+00
-3.038266593054234299e+00
-3.038266593054234299e+00
-3.134596508184947172e+00
-2.921007300333742673e+00
-2.921007300333742673e+00
-2.921007300333742673e+00
-2.920015951239784080e+00
-2.920015951239784080e+00
-2.920015951239784080e+00
-2.913244005909329193e+00
-2.913244005909329193e+00
-2.913244005909329193e+00
-2.913244005909329193e+00
-2.916318595040936490e+00
-2.916318595040936490e+00
-2.923472867518302376e+00
-2.923472867518302376e+00
-2.923472867518302376e+00
-2.923472867518302376e+00
-2.923472867518302376e+00
-2.923472867518302376e+00
-2.923472867518302376e+00
-2.681735753289891111e+00
-2.731506099918663111e+00
-2.731506099918663111e+00
-2.977996156491993673e+00
-2.977996156491993673e+00
-2.977996156491993673e+00
-2.977996156491993673e+00
-2.977996156491993673e+00
-2.977996156491993673e+00
-2.977996156491993673e+00
-2.977996156491993673e+00
-3.123016827902451720e+00
-3.030839281228169479e+00
-3.030839281228169479e+00
-3.030839281228169479e+00
-3.030839281228169479e+00
-3.030839281228169479e+00
-2.998779438459751034e+00
-2.998779438459751034e+00
-2.998779438459751034e+00
-2.998122877872027470e+00
-2.998122877872027470e+00
-2.998122877872027470e+00
-2.998122877872027470e+00
-2.998122877872027470e+00
-2.978680535323427137e+00
-2.978680535323427137e+00
-2.978680535323427137e+00
-2.978680535323427137e+00
-3.025703962544057379e+00
-3.044151283842931655e+00
-3.044151283842931655e+00
-3.095233525373293659e+00
-3.057141046643305327e+00
-3.057141046643305327e+00
-3.057141046643305327e+00
-3.158274486821933014e+00
-3.158274486821933014e+00
-3.158274486821933014e+00
-3.141347889449909392e+00
-3.141347889449909392e+00
-3.080478815993291430e+00
-3.080478815993291430e+00
-3.080478815993291430e+00
-3.402151806545166135e+00
-3.402151806545166135e+00
-3.402151806545166135e+00
-3.457094599803447021e+00
-3.457094599803447021e+00
-3.457094599803447021e+00
-3.444441304519403335e+00
-3.444441304519403335e+00
-3.444441304519403335e+00
-3.444441304519403335e+00
-3.444441304519403335e+00
-3.444441304519403335e+00
-3.444441304519403335e+00
-3.377312666763178761e+00
-3.377312666763178761e+00
-3.377312666763178761e+00
-3.377312666763178761e+00
-3.377312666763178761e+00
-3.348759956239758306e+00
-3.348759956239758306e+00
-3.348759956239758306e+00
-3.417188799939945731e+00
-3.417188799939945731e+00
-3.544169764647255416e+00
-3.544169764647255416e+00
-3.544169764647255416e+00
-3.544169764647255416e+00
-3.544169764647255416e+00
-3.544169764647255416e+00
-3.544169764647255416e+00
-3.544169764647255416e+00
-3.544169764647255416e+00
-3.544169764647255416e+00
-3.565339757412489874e+00
-3.565339757412489874e+00
-3.595130837323094575e+00
-3.635411496332394687e+00
-3.635411496332394687e+00
-3.651773809146291683e+00
-3.651773809146291683e+00
-3.455431173179463578e+00
-3.455431173179463578e+00
-3.448153213720462240e+00
-3.448153213720462240e+00
-3.251913129559750093e+00
-3.251913129559750093e+00
-3.251913129559750093e+00
-3.251913129559750093e+00
-3.251913129559750093e+00
-3.251913129559750093e+00
-3.251913129559750093e+00
-3.251913129559750093e+00
-3.251913129559750093e+00
-3.251913129559750093e+00
-3.270339519094660474e+00
-3.270339519094660474e+00
-3.270339519094660474e+00
-3.270339519094660474e+00
-3.270339519094660474e+00
-3.327071108745154326e+00
-3.327071108745154326e+00
-3.327071108745154326e+00
-3.376401889783865240e+00
-3.376401889783865240e+00
-3.366606268600744301e+00
-3.366473243484446431e+00
-3.366473243484446431e+00
-3.391211745428564850e+00
-3.391211745428564850e+00
-3.391211745428564850e+00
-3.391211745428564850e+00
-3.391540768028113551e+00
-3.396874998724907613e+00
-3.396874998724907613e+00
-3.396874998724907613e+00
-3.312295191553983553e+00
-3.312295191553983553e+00
-3.312295191553983553e+00
-3.295292113382945143e+00
-3.295292113382945143e+00
-3.295292113382945143e+00
-3.154541102193039404e+00
-3.167173957291423037e+00
-3.167173957291423037e+00
-3.167173957291423037e+00
-3.160701150172652074e+00
-3.160701150172652074e+00
-3.251343927035506898e+00
-3.251343927035506898e+00
-3.228939873930205984e+00
-3.228939873930205984e+00
-3.228939873930205984e+00
-3.134503794036556101e+00
-3.134503794036556101e+00
-3.134503794036556101e+00
-3.219222300625038002e+00
-3.219222300625038002e+00
-3.219222300625038002e+00
-3.219222300625038002e+00
-3.131356563460266695e+00
-3.182952977164394959e+00
-3.182952977164394959e+00
-3.182952977164394959e+00
-3.135242913707148915e+00
-2.977652133925721589e+00
-2.977652133925721589e+00
-3.009303788062612117e+00
-3.009303788062612117e+00
-2.961153346584093349e+00
-2.961153346584093349e+00
-2.961153346584093349e+00
-2.961153346584093349e+00
-2.961153346584093349e+00
-2.961153346584093349e+00
-2.961153346584093349e+00
-3.009289421558514199e+00
-3.009289421558514199e+00
-2.929700529265254261e+00
-2.950356428207470127e+00
-2.950356428207470127e+00
-2.950356428207470127e+00
-2.950356428207470127e+00
-2.950356428207470127e+00
-2.950356428207470127e+00
-2.950356428207470127e+00
-2.950356428207470127e+00
-3.041364392173973474e+00
-3.041364392173973474e+00
-2.982043070485968173e+00
-2.983641448119414008e+00
-2.983641448119414008e+00
-2.983641448119414008e+00
-2.983641448119414008e+00
-2.983641448119414008e+00
-2.985805062311121638e+00
-2.985805062311121638e+00
-2.985805062311121638e+00
-2.985805062311121638e+00
-2.985805062311121638e+00
-2.985805062311121638e+00
-2.985805062311121638e+00
-2.985805062311121638e+00
-2.992258099316817077e+00
-2.992258099316817077e+00
-2.992258099316817077e+00
-2.909277479027946978e+00
-3.025477133525011908e+00
-3.025477133525011908e+00
-3.025477133525011908e+00
-3.025477133525011908e+00
-3.025477133525011908e+00
-3.025477133525011908e+00
-2.985400763103581934e+00
-2.950199730978744661e+00
-2.950199730978744661e+00
-2.950199730978744661e+00
-2.950199730978744661e+00
-3.021200822622396753e+00
-3.021200822622396753e+00
-3.011842418354660822e+00
-2.915713056139371151e+00
-2.915713056139371151e+00
-2.915713056139371151e+00
-2.915713056139371151e+00
-2.915713056139371151e+00
-2.558404177139200986e+00
-2.549030393971967623e+00
-2.866762540733355014e+00
-2.866762540733355014e+00
-2.933577547445386902e+00
-2.933577547445386902e+00
-2.961842618330355226e+00
-2.961842618330355226e+00
-2.961842618330355226e+00
-2.961842618330355226e+00
-3.042982433392162012e+00
-3.078203557742748231e+00
-3.078203557742748231e+00
-3.012399192399935366e+00
-3.002639754510937564e+00
-3.002639754510937564e+00
-3.002639754510937564e+00
-3.002639754510937564e+00
-3.059808227388457702e+00
-3.112156430983631594e+00
-3.112156430983631594e+00
-3.112156430983631594e+00
-3.101144973124193349e+00
-3.101144973124193349e+00
-3.101144973124193349e+00
-3.101144973124193349e+00
-3.059556139140198638e+00
-3.059556139140198638e+00
-3.059556139140198638e+00
-3.059556139140198638e+00
-3.059556139140198638e+00
-3.024536805965245989e+00
-3.037266663182457638e+00
-3.191987094095298794e+00
-3.191987094095298794e+00
-3.270886490401175184e+00
-3.403089791768450834e+00
-3.341960105813543969e+00
-3.341960105813543969e+00
-3.341960105813543969e+00
-3.308134640415990368e+00
-3.308134640415990368e+00
-3.308134640415990368e+00
-3.285563833430830361e+00
-3.255800581820179840e+00
-3.255800581820179840e+00
-3.255800581820179840e+00
-3.255800581820179840e+00
-3.133463278878626745e+00
-3.147373808993708888e+00
-3.147373808993708888e+00
-3.147373808993708888e+00
-3.147373808993708888e+00
-3.147373808993708888e+00
-3.147373808993708888e+00
-3.308004188162727122e+00
-3.074813208946568288e+00
-3.074813208946568288e+00
-2.958350755773886842e+00
-3.003806333662987438e+00
-3.003806333662987438e+00
-3.003806333662987438e+00
-3.003806333662987438e+00
-3.053474959567684888e+00
-3.053474959567684888e+00
-3.059513890522907342e+00
-2.963492533162279230e+00
-2.963492533162279230e+00
-2.963492533162279230e+00
-2.963492533162279230e+00
-2.963492533162279230e+00
-3.076332030731712130e+00
-3.105964383466120804e+00
-3.105964383466120804e+00
-3.105964383466120804e+00
-3.092135708543927830e+00
-3.092135708543927830e+00
-3.092135708543927830e+00
-3.092135708543927830e+00
-3.092135708543927830e+00
-3.092135708543927830e+00
-2.996409968714941030e+00
-2.996409968714941030e+00
-2.996409968714941030e+00
-2.996409968714941030e+00
-2.996409968714941030e+00
-3.005181287279093283e+00
-3.005181287279093283e+00
-3.005181287279093283e+00
-3.004134175527100048e+00
-3.004134175527100048e+00
-3.003567324838200658e+00
-3.003567324838200658e+00
-3.003567324838200658e+00
-3.003567324838200658e+00
-3.017561041669567956e+00
-3.026956851005174531e+00
-3.026956851005174531e+00
-3.026956851005174531e+00
-3.026956851005174531e+00
-3.026956851005174531e+00
-3.026956851005174531e+00
-3.026956851005174531e+00
-3.026956851005174531e+00
-3.026956851005174531e+00
-3.026956851005174531e+00
-3.026956851005174531e+00
-3.023220836601813399e+00
-3.041667097954077637e+00
-3.041667097954077637e+00
-3.041667097954077637e+00
-3.058104136766131464e+00
-3.058104136766131464e+00
-3.058104136766131464e+00
-3.058104136766131464e+00
-3.025645546918132922e+00
-3.025645546918132922e+00
-3.025645546918132922e+00
-3.025645546918132922e+00
-3.025645546918132922e+00
-3.025645546918132922e+00
-3.046463997919858002e+00
-3.046463997919858002e+00
-3.046463997919858002e+00
-3.046850921471040863e+00
-3.046850921471040863e+00
-3.049397887092054837e+00
-3.049397887092054837e+00
-3.049397887092054837e+00
-3.038064195968116721e+00
-3.038064195968116721e+00
-3.038064195968116721e+00
-3.038064195968116721e+00
-3.038064195968116721e+00
-2.979619326334565610e+00
-2.979619326334565610e+00
-2.979619326334565610e+00
-2.979619326334565610e+00
-2.979619326334565610e+00
-2.979619326334565610e+00
-3.143265399066137444e+00
-3.143265399066137444e+00
-3.143265399066137444e+00
-3.143265399066137444e+00
-3.143265399066137444e+00
-3.143265399066137444e+00
-3.143265399066137444e+00
-3.143265399066137444e+00
-3.143265399066137444e+00
-3.143265399066137444e+00
-3.143265399066137444e+00
-3.143265399066137444e+00
-3.149463749357561237e+00
-3.149463749357561237e+00
-3.146568878455846097e+00
-2.980883859409494185e+00
-2.980883859409494185e+00
-2.980883859409494185e+00
-3.023834013714363333e+00
-2.807982858781205238e+00
-2.807982858781205238e+00
-2.868378457701365125e+00
-2.957701369628100263e+00
-2.957701369628100263e+00
-2.957701369628100263e+00
-2.957701369628100263e+00
-2.957701369628100263e+00
-2.957701369628100263e+00
-2.957701369628100263e+00
-2.957701369628100263e+00
-2.957701369628100263e+00
-2.957541934302611697e+00
-2.941214399950932368e+00
-2.941214399950932368e+00
-2.941214399950932368e+00
-2.941214399950932368e+00
-2.941214399950932368e+00
-2.941214399950932368e+00
-2.941214399950932368e+00
-2.941214399950932368e+00
-2.941214399950932368e+00
-2.941214399950932368e+00
-2.941497954973088191e+00
-2.941497954973088191e+00
-2.941497954973088191e+00
-2.941497954973088191e+00
-2.941497954973088191e+00
-2.818350532246068241e+00
-2.818350532246068241e+00
-2.825119183739021267e+00
-2.825119183739021267e+00
-3.164895263517092605e+00
-3.164895263517092605e+00
-3.164895263517092605e+00
-3.164895263517092605e+00
-3.201886271797499628e+00
-3.201886271797499628e+00
-3.201886271797499628e+00
-3.201886271797499628e+00
-3.201886271797499628e+00
-3.197442744744408483e+00
-3.197561540117165535e+00
-3.197561540117165535e+00
-3.197561540117165535e+00
-3.197561540117165535e+00
-3.197561540117165535e+00
-3.197561540117165535e+00
-3.197561540117165535e+00
-3.197561540117165535e+00
-3.197561540117165535e+00
-3.333941013475866466e+00
-3.255622511902483751e+00
-3.255622511902483751e+00
-3.255622511902483751e+00
-3.142166181515250845e+00
-3.153966767426255036e+00
-3.152195344346135464e+00
-3.152195344346135464e+00
-3.158271020462749323e+00
-3.158271020462749323e+00
-3.177247265843139434e+00
-3.177247265843139434e+00
-3.208125457968915573e+00
-3.208125457968915573e+00
-3.208125457968915573e+00
-3.246602945619397662e+00
-3.246602945619397662e+00
-3.246602945619397662e+00
-3.246602945619397662e+00
-3.246602945619397662e+00
-3.246602945619397662e+00
-3.209252881039057037e+00
-3.209252881039057037e+00
-3.302251573230331694e+00
-3.302251573230331694e+00
-3.237715865004161753e+00
-3.237715865004161753e+00
-3.237715865004161753e+00
-3.237715865004161753e+00
-3.237950236701144124e+00
-3.237950236701144124e+00
-3.237950236701144124e+00
-3.217559315414552756e+00
-3.217559315414552756e+00
-3.218023450457307089e+00
-3.218023450457307089e+00
-3.218023450457307089e+00
-3.348448468405189171e+00
-3.348448468405189171e+00
-3.347871102255500997e+00
-3.401694426595987863e+00
-3.401694426595987863e+00
-3.401694426595987863e+00
-3.401694426595987863e+00
-3.449530843828000570e+00
-3.445323295918906847e+00
-3.445323295918906847e+00
-3.445323295918906847e+00
-3.401858773882331377e+00
-2.966342876922500871e+00
-2.966342876922500871e+00
-2.966342876922500871e+00
-2.966342876922500871e+00
-3.023963678113120057e+00
-3.023963678113120057e+00
-3.023963678113120057e+00
-3.023963678113120057e+00
-3.023963678113120057e+00
-3.023963678113120057e+00
-3.023963678113120057e+00
-3.023963678113120057e+00
-3.023963678113120057e+00
-3.023963678113120057e+00
-3.023963678113120057e+00
-3.023963678113120057e+00
-3.023963678113120057e+00
-3.023963678113120057e+00
-3.023963678113120057e+00
-3.023963678113120057e+00
-3.023963678113120057e+00
-3.076025965632911419e+00
-3.076025965632911419e+00
-3.024368673343956537e+00
-3.024368673343956537e+00
-3.024368673343956537e+00
-3.024368673343956537e+00
-3.019975372781921408e+00
-3.019975372781921408e+00
-3.019975372781921408e+00
-3.019975372781921408e+00
-3.019975372781921408e+00
-3.019975372781921408e+00
-3.021746201515421504e+00
-3.025787095405249705e+00
-3.025787095405249705e+00
-3.025787095405249705e+00
-3.025787095405249705e+00
-3.025787095405249705e+00
-3.061849105541667448e+00
-3.061849105541667448e+00
-2.957925523471294671e+00
-2.957925523471294671e+00
-2.941388986705086417e+00
-2.966054351857928317e+00
-2.966054351857928317e+00
-2.969367779402264595e+00
-2.969367779402264595e+00
-2.969367779402264595e+00
-2.969367779402264595e+00
-2.969367779402264595e+00
-2.969367779402264595e+00
-2.969367779402264595e+00
-2.969367779402264595e+00
-2.969367779402264595e+00
-2.969367779402264595e+00
-2.985968023705082075e+00
-2.981869230988988928e+00
-2.981869230988988928e+00
-3.004110744290436674e+00
-3.004110744290436674e+00
-3.004110744290436674e+00
-3.004110744290436674e+00
-3.004110744290436674e+00
-3.004110744290436674e+00
-3.004110744290436674e+00
-3.015923188032445523e+00
-3.015923188032445523e+00
-3.015923188032445523e+00
-3.013006565048896412e+00
-3.013006565048896412e+00
-3.013006565048896412e+00
-2.982335812212437265e+00
-2.982335812212437265e+00
-3.043916603641030783e+00
-3.043916603641030783e+00
-3.043916603641030783e+00
-2.977700762400051993e+00
-2.977700762400051993e+00
-2.977700762400051993e+00
-2.977700762400051993e+00
-2.977700762400051993e+00
-2.977700762400051993e+00
-2.977700762400051993e+00
-2.977700762400051993e+00
-3.075012027134475634e+00
-3.075012027134475634e+00
-2.969020149261338393e+00
-2.970824158894795008e+00
-2.970824158894795008e+00
-2.970824158894795008e+00
-3.107192473246373154e+00
-3.087239065080741085e+00
-3.095191777407606093e+00
-3.095191777407606093e+00
-3.095191777407606093e+00
-3.095191777407606093e+00
-3.095191777407606093e+00
-3.087641592178663075e+00
-3.087641592178663075e+00
-3.087641592178663075e+00
-3.087641592178663075e+00
-3.087641592178663075e+00
-3.087641592178663075e+00
-3.087641592178663075e+00
-3.087641592178663075e+00
-3.076207786579936876e+00
-3.083935967859767757e+00
-3.083935967859767757e+00
-3.014592076167457169e+00
-3.014592076167457169e+00
-3.014592076167457169e+00
-3.014592076167457169e+00
-3.014592076167457169e+00
-3.014826923357271315e+00
-3.014826923357271315e+00
-3.014826923357271315e+00
-3.014826923357271315e+00
-3.094030899706633697e+00
-3.111998515336189097e+00
-3.111998515336189097e+00
-3.111998515336189097e+00
-3.111998515336189097e+00
-3.104604242038602191e+00
-3.034398583508758573e+00
-3.034398583508758573e+00
-3.034398583508758573e+00
-3.099440130534792281e+00
-3.099440130534792281e+00
-3.099440130534792281e+00
-3.099440130534792281e+00
-3.099440130534792281e+00
-3.099440130534792281e+00
-3.099681927209644972e+00
-3.097455781871196745e+00
-3.186115235414078484e+00
-3.186115235414078484e+00
-3.191007079306299232e+00
-3.191007079306299232e+00
-3.191007079306299232e+00
-3.191007079306299232e+00
-3.251944158335192014e+00
-3.113277148213232426e+00
-3.238151412482781488e+00
-3.238151412482781488e+00
-3.236643793857304718e+00
-3.219570544370100151e+00
-3.222233483802296572e+00
-3.222233483802296572e+00
-3.230237627965344416e+00
-3.234260174015970435e+00
-3.234260174015970435e+00
-3.234260174015970435e+00
-3.234260174015970435e+00
-3.234260174015970435e+00
-3.234260174015970435e+00
-3.234260174015970435e+00
-3.257592100197984397e+00
-3.257592100197984397e+00
-3.257592100197984397e+00
-3.300472149715154124e+00
-3.300472149715154124e+00
-3.247451040115189702e+00
-3.247451040115189702e+00
-3.247451040115189702e+00
-3.243398784410543190e+00
-3.243398784410543190e+00
-3.247999367799243142e+00
-3.203940546902450226e+00
-3.288285238276596356e+00
-3.288285238276596356e+00
-3.159393673933993618e+00
-3.159393673933993618e+00
-3.156659243706104512e+00
-3.143704863452479348e+00
-3.143704863452479348e+00
-3.149329718589476634e+00
-3.149329718589476634e+00
-3.149329718589476634e+00
-3.178657586947593039e+00
-2.982856498222653308e+00
-2.982856498222653308e+00
-2.982856498222653308e+00
-2.987468197120572988e+00
-2.927538545739700737e+00
-2.927538545739700737e+00
-2.927538545739700737e+00
-2.925180888980992933e+00
-2.977761311765062313e+00
-2.977761311765062313e+00
-2.964930465642539037e+00
-2.991340407131066303e+00
-2.991340407131066303e+00
-2.991340407131066303e+00
-2.991340407131066303e+00
-2.959349899919718752e+00
-2.959349899919718752e+00
-2.959349899919718752e+00
-2.922822037287454489e+00
-2.922822037287454489e+00
-2.922822037287454489e+00
-2.922822037287454489e+00
-2.908522344307111762e+00
-2.908522344307111762e+00
-2.908522344307111762e+00
-3.114191989355615142e+00
-3.099223863587610150e+00
-3.099223863587610150e+00
-3.099223863587610150e+00
-3.099223863587610150e+00
-3.099223863587610150e+00
-3.099223863587610150e+00
-3.099223863587610150e+00
-3.099223863587610150e+00
-3.099223863587610150e+00
-3.099223863587610150e+00
-3.099223863587610150e+00
-3.099223863587610150e+00
-3.108911794797568628e+00
-3.108911794797568628e+00
-3.108614082746631091e+00
-3.108614082746631091e+00
-3.108614082746631091e+00
-3.108614082746631091e+00
-3.108614082746631091e+00
-3.108614082746631091e+00
-3.117063797081747190e+00
-2.959331927150491648e+00
-2.959331927150491648e+00
-2.993755312447349048e+00
-3.076307592104347677e+00
-3.077241046009915770e+00
-3.077241046009915770e+00
-3.077241046009915770e+00
-3.077241046009915770e+00
-3.077241046009915770e+00
-3.096627132283455097e+00
-3.097648394389852289e+00
-3.097648394389852289e+00
-3.271854260280023574e+00
-3.177141621027197882e+00
-3.177141621027197882e+00
-3.177141621027197882e+00
-3.176915912216150328e+00
-3.176915912216150328e+00
-3.176915912216150328e+00
-3.176915912216150328e+00
-3.176915912216150328e+00
-3.184208172809972925e+00
-3.183055681324529207e+00
-3.183055681324529207e+00
-3.183055681324529207e+00
-3.215806400149010535e+00
-3.369740552665607236e+00
-3.369740552665607236e+00
-3.369740552665607236e+00
-3.369740552665607236e+00
-3.244806543453383263e+00
-3.244806543453383263e+00
-3.262448088534206203e+00
-3.262448088534206203e+00
-3.262448088534206203e+00
-3.262448088534206203e+00
-3.262448088534206203e+00
-3.262448088534206203e+00
-3.262448088534206203e+00
-3.262448088534206203e+00
-3.262448088534206203e+00
-3.262448088534206203e+00
-3.262448088534206203e+00
-3.262448088534206203e+00
-3.227569670031209093e+00
-3.227569670031209093e+00
-3.217733208469525152e+00
-3.198318806846699225e+00
-3.198318806846699225e+00
-3.201746190701092232e+00
-3.201746190701092232e+00
-3.260613649917485368e+00
-3.263408589132616555e+00
-3.265411860151567147e+00
-3.265411860151567147e+00
-3.265411860151567147e+00
-3.265411860151567147e+00
-3.269970575657029865e+00
-3.269970575657029865e+00
-3.288375226774076232e+00
-3.288375226774076232e+00
-3.290355017477296862e+00
-3.305838051541200251e+00
-3.305838051541200251e+00
-3.285747506898862635e+00
-3.285747506898862635e+00
-3.416052871293794091e+00
-3.298115870126471005e+00
-3.298115870126471005e+00
-3.298115870126471005e+00
-3.298115870126471005e+00
-3.298115870126471005e+00
-3.298115870126471005e+00
-3.308749891080151162e+00
-3.326801590823941002e+00
-3.326801590823941002e+00
-3.326801590823941002e+00
-3.326801590823941002e+00
-3.218316083841471720e+00
-3.218316083841471720e+00
-3.218316083841471720e+00
-3.293216506384681885e+00
-3.293216506384681885e+00
-3.325984223401966311e+00
-3.325984223401966311e+00
-3.325984223401966311e+00
-3.325984223401966311e+00
-3.221103300447506257e+00
-3.316393692127968418e+00
-3.194061084907408699e+00
-3.194061084907408699e+00
-3.194061084907408699e+00
-3.090310287568466929e+00
-3.090310287568466929e+00
-2.910677790786103447e+00
-2.907943157913776666e+00
-2.907943157913776666e+00
-2.907943157913776666e+00
-2.827426433359905733e+00
-2.827426433359905733e+00
-2.827426433359905733e+00
-2.827426433359905733e+00
-2.827426433359905733e+00
-2.903571918258998963e+00
-2.866636385000348675e+00
-2.866636385000348675e+00
-2.866636385000348675e+00
-2.866636385000348675e+00
-2.866636385000348675e+00
-2.866636385000348675e+00
-2.866636385000348675e+00
-2.866636385000348675e+00
-2.866636385000348675e+00
-2.866636385000348675e+00
-2.866636385000348675e+00
-2.878388940162335707e+00
-2.856197931929727929e+00
-2.856197931929727929e+00
-2.856197931929727929e+00
-2.856197931929727929e+00
-2.856197931929727929e+00
-2.860249106692333232e+00
-2.860249106692333232e+00
-2.907141103231866808e+00
-2.970334033566174536e+00
-2.970334033566174536e+00
-2.970334033566174536e+00
-2.970334033566174536e+00
-3.364643081982223727e+00
-3.359050412590593115e+00
-3.359050412590593115e+00
-3.326713531672093271e+00
-3.326713531672093271e+00
-3.326713531672093271e+00
-3.326713531672093271e+00
-3.326713531672093271e+00
-3.336862958856058103e+00
-3.336862958856058103e+00
-3.336862958856058103e+00
-3.340567774553528047e+00
-3.340567774553528047e+00
-3.324652453249062667e+00
-3.217177996126448392e+00
-3.217177996126448392e+00
-3.217177996126448392e+00
-3.217177996126448392e+00
-3.277569447322079998e+00
-3.277569447322079998e+00
-3.277569447322079998e+00
-3.287457781882888508e+00
-3.287457781882888508e+00
-3.287457781882888508e+00
-3.287457781882888508e+00
-3.287457781882888508e+00
-3.215559075843374526e+00
-3.217399714655105658e+00
-3.217399714655105658e+00
-3.217399714655105658e+00
-3.230661738645533188e+00
-3.230661738645533188e+00
-3.230661738645533188e+00
-3.224063576362326433e+00
-3.224063576362326433e+00
-3.239250725308005396e+00
-3.239250725308005396e+00
-3.241705349683278392e+00
-3.241705349683278392e+00
-3.241705349683278392e+00
-3.304319359825802049e+00
-3.304319359825802049e+00
-3.400915135770032460e+00
-3.400915135770032460e+00
-3.400915135770032460e+00
-3.225956804881102702e+00
-3.290948537884704095e+00
-3.300601575797242226e+00
-3.283172028481460281e+00
-3.283172028481460281e+00
-3.283172028481460281e+00
-3.283172028481460281e+00
-3.283172028481460281e+00
-3.283172028481460281e+00
-3.283172028481460281e+00
-3.283172028481460281e+00
-3.283172028481460281e+00
-3.283172028481460281e+00
-3.283172028481460281e+00
-3.283172028481460281e+00
-3.283172028481460281e+00
-3.327515490853218072e+00
-3.327515490853218072e+00
-3.280130340460166494e+00
-3.280130340460166494e+00
-3.284383235677220458e+00
-3.284383235677220458e+00
-3.284383235677220458e+00
-3.284383235677220458e+00
-3.284383235677220458e+00
-3.284383235677220458e+00
-3.284383235677220458e+00
-3.284383235677220458e+00
-3.284383235677220458e+00
-3.284383235677220458e+00
-2.973963593410844819e+00
-2.925437389321040360e+00
-2.925437389321040360e+00
-2.925437389321040360e+00
-2.903090937098980362e+00
-2.904257827359620237e+00
-2.904257827359620237e+00
-2.904257827359620237e+00
-2.894208666837543298e+00
-2.920916505967318333e+00
-2.920916505967318333e+00
-2.732362717892574011e+00
-2.732362717892574011e+00
-2.732362717892574011e+00
-2.732362717892574011e+00
-2.732362717892574011e+00
-2.731071055854374929e+00
-2.731071055854374929e+00
-2.731071055854374929e+00
-2.731071055854374929e+00
-2.775545265187226551e+00
-2.775545265187226551e+00
-2.775545265187226551e+00
-2.775545265187226551e+00
-2.594546168375990725e+00
-2.669031698411671982e+00
-2.669031698411671982e+00
-2.669031698411671982e+00
-2.627025775516427686e+00
-3.016867951456923436e+00
-2.957879352263574013e+00
-2.957879352263574013e+00
-2.957879352263574013e+00
-2.957879352263574013e+00
-2.957879352263574013e+00
-2.957879352263574013e+00
-2.957879352263574013e+00
-3.021612398209835515e+00
-3.021612398209835515e+00
-3.021612398209835515e+00
-3.021612398209835515e+00
-3.150580705824045147e+00
-3.150580705824045147e+00
-3.150580705824045147e+00
-3.150580705824045147e+00
-3.150580705824045147e+00
-3.150580705824045147e+00
-3.150580705824045147e+00
-3.244655250290945592e+00
-3.165759750244635296e+00
-3.171655774593884924e+00
-3.171655774593884924e+00
-3.171655774593884924e+00
-3.192108779978046762e+00
-3.192108779978046762e+00
-3.144981773698241057e+00
-3.144981773698241057e+00
-3.078737880019637885e+00
-3.078737880019637885e+00
-3.078737880019637885e+00
-3.078737880019637885e+00
-3.078737880019637885e+00
-3.078737880019637885e+00
-3.145518414915214667e+00
-3.145518414915214667e+00
-3.145518414915214667e+00
-3.145761402702638154e+00
-3.134343747128946145e+00
-3.134343747128946145e+00
-3.134343747128946145e+00
-3.134343747128946145e+00
-3.134343747128946145e+00
-3.206363200493882903e+00
-3.096383331476567413e+00
-3.096383331476567413e+00
-3.096383331476567413e+00
-3.096383331476567413e+00
-3.096383331476567413e+00
-3.096383331476567413e+00
-3.161302897776269383e+00
-3.161302897776269383e+00
-3.161302897776269383e+00
-3.161302897776269383e+00
-3.195611278992647186e+00
-3.195611278992647186e+00
-3.195611278992647186e+00
-3.195611278992647186e+00
-3.195611278992647186e+00
-3.215346472866405403e+00
-3.215346472866405403e+00
-3.215346472866405403e+00
-3.215346472866405403e+00
-3.215346472866405403e+00
-3.215346472866405403e+00
-3.214531769843248288e+00
-3.214531769843248288e+00
-3.195800650447790048e+00
-3.195800650447790048e+00
-3.175068346745497205e+00
-3.175068346745497205e+00
-3.095747848801572832e+00
-3.095747848801572832e+00
-3.095747848801572832e+00
-3.095747848801572832e+00
-3.095747848801572832e+00
-3.095747848801572832e+00
-3.075512687707055104e+00
-3.087103118538119695e+00
-3.087103118538119695e+00
-3.087103118538119695e+00
-3.087103118538119695e+00
-3.087103118538119695e+00
-3.059438041033021971e+00
-3.059438041033021971e+00
-3.059438041033021971e+00
-3.044421862960117853e+00
-3.044421862960117853e+00
-3.044421862960117853e+00
-3.044421862960117853e+00
-3.044421862960117853e+00
-3.044421862960117853e+00
-3.400311779101706122e+00
-3.400311779101706122e+00
-3.229312844510261016e+00
-3.229312844510261016e+00
-3.153091303110616028e+00
-3.246602592917446906e+00
-3.246602592917446906e+00
-3.246602592917446906e+00
-3.201357033166694066e+00
-3.201357033166694066e+00
-3.280360592349180315e+00
-3.280360592349180315e+00
-3.197068737345433842e+00
-3.197068737345433842e+00
-3.197068737345433842e+00
-3.197068737345433842e+00
-3.242193902748843559e+00
-3.242193902748843559e+00
-3.242193902748843559e+00
-3.293632273735739080e+00
-3.293632273735739080e+00
-3.293632273735739080e+00
-3.293632273735739080e+00
-3.293632273735739080e+00
-3.293632273735739080e+00
-3.348724410992278244e+00
-3.348724410992278244e+00
-3.348724410992278244e+00
-3.385598404458388888e+00
-3.385598404458388888e+00
-3.342706840199650919e+00
-3.341665749884670245e+00
-3.291894368946654659e+00
-3.291894368946654659e+00
-3.291894368946654659e+00
-3.291894368946654659e+00
-3.258556691582145781e+00
-3.217341979466436630e+00
-3.224366319701750694e+00
-3.249035976289785133e+00
-3.249035976289785133e+00
-3.249035976289785133e+00
-3.260961421898681323e+00
-3.260961421898681323e+00
-3.260961421898681323e+00
-3.260961421898681323e+00
-3.170680440491870034e+00
-3.170680440491870034e+00
-3.170680440491870034e+00
-3.146590442473697902e+00
-3.161486492841542262e+00
-3.161486492841542262e+00
-3.161486492841542262e+00
-3.161486492841542262e+00
-3.161486492841542262e+00
-3.150623213887786100e+00
-3.150623213887786100e+00
-3.150623213887786100e+00
-3.256820159573273532e+00
-3.256820159573273532e+00
-3.256820159573273532e+00
-3.322717944966362413e+00
-3.322717944966362413e+00
-3.322717944966362413e+00
-3.322717944966362413e+00
-3.689270276033743023e+00
-3.622711646185836187e+00
-3.737137703134078670e+00
-3.897505796973377734e+00
-3.897505796973377734e+00
-3.968024439090626299e+00
-4.088800341385411485e+00
-4.115346955198535106e+00
-4.115346955198535106e+00
-4.041396850418643716e+00
-4.041396850418643716e+00
-3.942546254643609416e+00
-3.942546254643609416e+00
