# Variable: dg_gbvi_00000451
# Sample shape: (2565,)
# Date: 2013-03-08 06:18:16.046864
-3.324188887834992556e+00
-1.936831403068563828e+00
-3.187625002897091608e+00
-3.175079771423702901e+00
-5.563659844435162594e-01
-6.918360392631845990e-01
1.003335606555372017e+00
1.086400682054334377e+00
1.084491489861866054e+00
1.082639883440472461e+00
1.091493779644100881e+00
1.088002189042546863e+00
1.075939764116694120e+00
1.082861810896561972e+00
1.476361096886917412e+00
1.483386034845995516e+00
1.497447740718333753e+00
1.161925226923319565e+00
1.175515753409368536e+00
1.184615178798481550e+00
1.171892374307985651e+00
8.142016081073493172e-01
1.150583381516901094e+00
1.159735290684001496e+00
1.178181373786557629e+00
1.177772640440338359e+00
7.418955184826568905e-01
1.041488721571547593e+00
1.041488721571547593e+00
1.029255273668288728e+00
1.013406024351966250e+00
1.003964107657575155e+00
9.929691538968300479e-01
1.418486333035763547e+00
1.433431640661378959e+00
1.436464396147388634e+00
1.438114076859271062e+00
1.436735679797875420e+00
1.429886504723121954e+00
1.419242092972083258e+00
1.416065652277798126e+00
1.426117090520160557e+00
1.719244080195902358e+00
1.713702738384910162e+00
1.719630566700082408e+00
1.706379870634836093e+00
1.696231592941653599e+00
1.684120492015745763e+00
1.700777217016210763e+00
1.702822115965676675e+00
1.691621506939951836e+00
3.703458403539655608e-01
3.651616624454178672e-01
3.788025983098471938e-01
3.861612368492536862e-01
3.833804819965024868e-01
3.893473639254586005e-01
4.049201074682933776e-01
4.049201074682933776e-01
3.740306351624794745e-01
3.764842686401035365e-01
3.665199545426993111e-01
3.567341325631281923e-01
3.535141289880376347e-01
3.596867526091659939e-01
3.684603913244957618e-01
3.702447000025349544e-01
3.702447000025349544e-01
3.762693871710878768e-01
3.797987422630262344e-01
4.113424255122016815e-01
4.205506187975978083e-01
4.058278920926974287e-01
4.152648576755558207e-01
4.158129740341755531e-01
4.185542351043757825e-01
4.135871462418794775e-01
4.108210189463988860e-01
3.357874593360283266e-01
3.357874593360283266e-01
3.754254386337408378e-01
3.725815497192219716e-01
3.725815497192219716e-01
6.842736985108865966e-01
6.739245507145376068e-01
3.358345377140193877e-01
3.358345377140193877e-01
3.358345377140193877e-01
3.363174264827442084e-01
7.387888888887519379e-01
7.472995636422280485e-01
7.137477694802961681e-01
7.174485053394571432e-01
7.123507088242724272e-01
8.070573602173749389e-03
-2.735494736931826966e-03
-2.401785179864244623e-03
-9.661180275304263876e-03
-1.680163994964682314e-02
-1.293393808334886153e-02
-1.298139491327379019e-02
-1.702173094641735995e-02
-2.227458621846382242e-02
-2.699139333145502903e-02
-2.775101377220716425e-02
-2.347651144601393611e-02
-2.305060906066953852e-02
-2.101161430932192709e-02
-2.477320338733180610e-02
-3.465163533873623358e-02
-3.309184165078817019e-02
-2.316771407748630454e-02
-1.804542301660222794e-02
-1.090666078249997138e-02
-1.064298306392098305e-02
-1.031095013774387288e-02
-3.951966783979492769e-03
1.366374165138072223e-04
8.691765681093062759e-03
1.463752465371563963e-02
1.463752465371563963e-02
7.726834215509912340e-01
7.697426570447793992e-01
7.831860026038284239e-01
7.829900901006821012e-01
7.740930247870587699e-01
7.721799191543696761e-01
7.734825094960937619e-01
7.573277926154017292e-01
7.592348790319984886e-01
7.613479643666047902e-01
5.644788200288629598e-01
5.520143897167156810e-01
5.544343201061490145e-01
5.480966904846240606e-01
5.463397450950341350e-01
5.456168089120170261e-01
5.423395320740779235e-01
5.613581171059592867e-01
5.541255605607502410e-01
1.259480410123379412e+00
1.262446109835208663e+00
1.267245499713759660e+00
1.265605073791006951e+00
1.276413589204653976e+00
1.273641982057466038e+00
1.264638118697044789e+00
1.320804785059230824e+00
1.326794605496054658e+00
1.316402256690222705e+00
1.191161194987817362e+00
1.196732412508119792e+00
1.195093965257279178e+00
1.207402709499142635e+00
1.199953496441143797e+00
1.203234604066319990e+00
1.195426949085380608e+00
1.130168580694505653e+00
7.343637151287241149e-01
1.361916227456391848e+00
1.330160933709488402e+00
1.333156661589251391e+00
1.336088624885264142e+00
1.333791793656411651e+00
1.033644139263046657e+00
1.042582601407432419e+00
1.035879156946686530e+00
1.025063750035230870e+00
1.080657591258898043e+00
1.072423864479352007e+00
1.071632272843645373e+00
1.075248401492757910e+00
1.057696388848523350e+00
1.063393684016495255e+00
1.063393684016495255e+00
1.062794523333360663e+00
1.057803734110549065e+00
1.047436406706006240e+00
1.038343118303364010e+00
1.040650723398817812e+00
1.039614327775666647e+00
1.292086593656286198e+00
1.293655837924589713e+00
1.291283859611847884e+00
1.024791509638782516e+00
1.023179331548612625e+00
1.089916216924996295e+00
1.084242006341957554e+00
1.083694844986083039e+00
1.091079459145840369e+00
1.091855397791337445e+00
1.085649676067269809e+00
1.089296974310056454e+00
1.101789023634738074e+00
1.107958198230923452e+00
1.109872088257042977e+00
1.094791050392321496e+00
1.088906139380537486e+00
1.084285710430524130e+00
1.079892095078800240e+00
1.085121265791075817e+00
1.036734080956346782e+00
1.037384192229666713e+00
1.035454548014800524e+00
1.028084512236845605e+00
1.048502714018379134e+00
1.042555246089224674e+00
1.053012098954412057e+00
1.054803779471498393e+00
1.053741154852344097e+00
9.691031840863091329e-01
9.838957298063525370e-01
9.897821491604824606e-01
9.897821491604824606e-01
9.804192638226646439e-01
8.482299327724606153e-01
8.428027679632699165e-01
8.482194270162055627e-01
8.677491630688455304e-01
8.614403426125758489e-01
8.697413239271549745e-01
8.658574329031261119e-01
8.723657598812650793e-01
8.789107613101806438e-01
8.906058514801347137e-01
8.821148960593110377e-01
8.760851240532145923e-01
9.025154168375678632e-01
9.070002445257976387e-01
9.074451669139299570e-01
9.087173113921804823e-01
9.008439082939411202e-01
8.972366549329966467e-01
8.956416558937160266e-01
9.257082336292687952e-01
9.378958452215291342e-01
9.356520888992722051e-01
9.373385302964157839e-01
9.219089878109222314e-01
8.922760557967289730e-01
9.760841978690125709e-01
9.749906465038452597e-01
9.699136589712137324e-01
9.658231750785012393e-01
1.157136061086144085e+00
1.163812704433621947e+00
1.045162843220759363e+00
1.028640984380238876e+00
1.025268230902919075e+00
1.033241757694943974e+00
1.047273997550042468e+00
1.037417746339861058e+00
1.031369583296755987e+00
1.037664661827642609e+00
1.043728020072341556e+00
1.039733645103555926e+00
1.042901906471610962e+00
1.050143337236695507e+00
1.047375408875425018e+00
1.052462684446669572e+00
1.058882344314271862e+00
1.014971472561423615e+00
1.004029189427076529e+00
9.932793367221455227e-01
8.484992736039550509e-01
9.722470067022842555e-01
9.661119457388778198e-01
6.360001245796365055e-01
1.214643825283767908e+00
1.207457879753451424e+00
1.223868838160781847e+00
1.234709120942783622e+00
1.229730968920398793e+00
1.174260358250960090e+00
1.174260358250960090e+00
1.171938080430972029e+00
1.183692641980063742e+00
1.186003183142994688e+00
1.181594825072663779e+00
1.181594825072663779e+00
1.140924436732041469e+00
1.148191854112357246e+00
1.139301213330425444e+00
8.706700724588647411e-01
8.714127809521400314e-01
8.903448288617775708e-01
8.706325969930359676e-01
8.706325969930359676e-01
8.716789955256399880e-01
8.567288266609552894e-01
8.571200311958301343e-01
8.584931168125599088e-01
8.603915986874139943e-01
8.556300242246591692e-01
8.535953260595543490e-01
8.542788349043157758e-01
8.630269721190367838e-01
8.619571885810826117e-01
8.713818665247023976e-01
8.643105631949744572e-01
8.729972191657420222e-01
8.729972191657420222e-01
8.666316578272845739e-01
9.636802444190494255e-01
9.571518271334117367e-01
9.459574007856363931e-01
9.590846022410554061e-01
9.571430798379535476e-01
9.572492244063708355e-01
9.622423589802060473e-01
9.647805617884180895e-01
9.640931662594529605e-01
9.601822550765474196e-01
9.707661586863324255e-01
9.594147695810776311e-01
9.574126520233411375e-01
9.606681688901411720e-01
9.644116758313481252e-01
9.635415900994996896e-01
9.588440226670150723e-01
9.586964079048931886e-01
9.538852079608927115e-01
9.532546045218477371e-01
9.762839809311227857e-01
9.784015418509472983e-01
9.772732320407054862e-01
1.069050322752500559e+00
1.049619426453879845e+00
1.039191607659068373e+00
1.033120177148095120e+00
1.035717317043684416e+00
1.038578810735818481e+00
1.040321880362633955e+00
1.035251735595201561e+00
1.030716606173373684e+00
4.954209375025723228e-01
5.092765588975333158e-01
5.066580991723255156e-01
4.995236163352052006e-01
7.750875294048097386e-01
7.758286114883252704e-01
7.851220451089242491e-01
7.785002608756369513e-01
7.785002608756369513e-01
7.881563890921097215e-01
7.869750938527980688e-01
7.955803704954024225e-01
7.983125408358848762e-01
8.102295480887150569e-01
7.962101172566711238e-01
8.964222439550549870e-01
9.035338405570201292e-01
8.989470455361093792e-01
8.922377787835128471e-01
9.356117689436900253e-01
9.395134172367297642e-01
8.903588464235294708e-01
9.255118796256598390e-01
9.290052922173070993e-01
9.368210025735966839e-01
9.199744622305331410e-01
9.227069242835380658e-01
9.283906761365031679e-01
7.774373288226374967e-01
7.677974022135169996e-01
7.628658404533427140e-01
7.640990604416287857e-01
7.563038821725915906e-01
7.577917264470376280e-01
7.527000808789494624e-01
9.176172730641628528e-01
9.161705505814494721e-01
9.223309733567522928e-01
9.165793072586890800e-01
9.195305088862300025e-01
9.159369779867226891e-01
9.258487522295504313e-01
9.271146550976417933e-01
9.271146550976417933e-01
5.967867070294982090e-01
6.096954650436711143e-01
6.117615904711889430e-01
7.185523692394104600e-01
7.257008825281283659e-01
7.294650333111166729e-01
7.276554837201224535e-01
7.276554837201224535e-01
3.836223570152378359e-01
3.754830852166633481e-01
3.798521873138591132e-01
8.835332095033255895e-01
8.792116861201563216e-01
8.797180679839258222e-01
3.033106987005524391e-01
3.172446565978344624e-01
3.207681507570775969e-01
3.092471455227446819e-01
3.084079087420589227e-01
3.094933763562205953e-01
3.056404135732714300e-01
2.140513156190883837e-01
4.151305773540906463e-01
6.341675217707850587e-01
6.414158258000497437e-01
3.728653485733112172e-01
3.756915059872973361e-01
3.797466545651497216e-01
3.753850212027374789e-01
3.747812712812114144e-01
3.746118902120845195e-01
7.407343490200406499e-01
7.411132473771586682e-01
7.407872630745575560e-01
7.475015815766006266e-01
2.296392123984946909e-01
5.392655950230784700e-01
1.046011982917589345e+00
1.038871724348840120e+00
1.041003764353578775e+00
1.047534095281231314e+00
1.045985356835806623e+00
1.039292679912449113e+00
1.041951139472365728e+00
1.041731139407802598e+00
8.819981281594452271e-01
6.115373173562492770e-01
6.188107344392360654e-01
6.243435869215891998e-01
6.188614240698835367e-01
6.298717699684451832e-01
6.324169696492309978e-01
6.275261412025279206e-01
6.222302093336066209e-01
1.244574339843804278e+00
1.241598177645500067e+00
1.248312474623977320e+00
1.249057871215156990e+00
1.249057871215156990e+00
1.246171292408204900e+00
1.257140861024044654e+00
1.024268595127415304e+00
1.023806777691879111e+00
1.032804656226693929e+00
1.024464031748204329e+00
1.025763005167717123e+00
9.908913150257806501e-01
9.861702677895229918e-01
9.868888193554321564e-01
9.885433016431629527e-01
9.995960573038594754e-01
9.987270532153222913e-01
4.497148399533957841e-01
4.507363185040107467e-01
1.168181887775070038e+00
1.158758484889022000e+00
1.153999707895345228e+00
1.161572343698212828e+00
1.161510498902686095e+00
1.162945046954595885e+00
1.169957309414237923e+00
1.165054303791103640e+00
1.133998168568757459e+00
1.130122894726171001e+00
1.138491466732045598e+00
9.211822794493004229e-01
9.148598805072069018e-01
9.014187976628744714e-01
8.912193686701294082e-01
8.749242791425456689e-01
8.723236266643084047e-01
3.960703752142807899e-01
1.143337764177563942e+00
1.143337764177563942e+00
1.136243048877744632e+00
1.144281407028424624e+00
1.015900812872818193e+00
1.008902388874022948e+00
1.007710520896987205e+00
1.012404136935867616e+00
1.156043988500081943e+00
1.159766431427436517e+00
1.063782519603751808e+00
1.060412843058589072e+00
1.070912188147838728e+00
3.950649852390853423e-01
3.822783343613938567e-01
3.698214070259713826e-01
3.929267595403356239e-01
3.888801832120751256e-01
3.887804291267382695e-01
3.901863497728058627e-01
1.108469801000299348e+00
1.114193956769773397e+00
1.117017870976067417e+00
1.123636223019711666e+00
5.419386365707119513e-01
5.445746245498587212e-01
5.445746245498587212e-01
5.299035115513550664e-01
6.378700214785341105e-01
1.002459353987484869e+00
1.004335699556437644e+00
9.977775875323070531e-01
9.950306638317097940e-01
9.918854410106729969e-01
9.623999991268638032e-01
9.634372482816173644e-01
9.535389203247726098e-01
9.564252369267246534e-01
9.644174390473756464e-01
9.686355745871185752e-01
9.705330073678216651e-01
4.468850461450431522e-01
5.573043075182604333e-01
5.439985829072090384e-01
5.609686359792628307e-01
5.692474681348957954e-01
5.680178899043427654e-01
5.680178899043427654e-01
5.775016098448743085e-01
5.717022627526106016e-01
5.696467321349922841e-01
5.638930062666358545e-01
5.788699417221138122e-01
5.952303276876312887e-01
5.884414497532793886e-01
5.884414497532793886e-01
5.898631143795592946e-01
5.866673194241156519e-01
5.940406012073168318e-01
5.902646791511139135e-01
6.066886824243498122e-01
5.965866450381631658e-01
6.017379935510216438e-01
5.885257333941824598e-01
6.160618073618761015e-01
5.801472438612768068e-01
5.794671487365615770e-01
5.223637225500268322e-01
5.225485127328359791e-01
5.225485127328359791e-01
5.197482901970599256e-01
5.373713477604147304e-01
5.373713477604147304e-01
5.348641856393178129e-01
5.311618573668274168e-01
5.344762566052903008e-01
7.419886085195928072e-01
7.364335258793335282e-01
7.308300001430927395e-01
8.642447849249826897e-01
8.698465308309408783e-01
8.684872083454057146e-01
8.568560504533344613e-01
8.507112026256038462e-01
8.499835482167407141e-01
8.341310551984726374e-01
8.452664928633225605e-01
8.380799126546880640e-01
8.380799126546880640e-01
8.456424623536348273e-01
3.651675283421386142e-01
3.651675283421386142e-01
3.510123929395911335e-01
1.086448780356375154e+00
1.085039188728696979e+00
1.086992445438200283e+00
1.094339141075976185e+00
1.094356608238468143e+00
1.092054505078578819e+00
1.094280150979908051e+00
1.037921527152942058e+00
1.040740764218524461e+00
1.223858926834307193e+00
1.222499125631638206e+00
1.121359118432954993e+00
1.025339350431975660e+00
1.016105819556670120e+00
1.023912271667975604e+00
1.022991682786327017e+00
1.161160832362017503e+00
3.737518586565240497e-01
8.817249805799244333e-01
8.817249805799244333e-01
8.828008912007011544e-01
8.114906126134204811e-01
8.306312637429499324e-01
8.433922987731449217e-01
8.451987489837933243e-01
8.529656836114846152e-01
8.531424471106715535e-01
8.491222824015450810e-01
8.452724262116032561e-01
8.453663635142106836e-01
8.396132350710723280e-01
8.367369342043323721e-01
8.427767016369797082e-01
8.438213244847923011e-01
8.479582740889328729e-01
8.380501326938720741e-01
8.558506024097309872e-01
8.641501251340090173e-01
8.635232751314310118e-01
8.572791397695670446e-01
8.781944562691335054e-01
8.676166499836133195e-01
8.816381287380300469e-01
8.786895422517946308e-01
8.711689093620011981e-01
8.614584394663422628e-01
8.420096663260913106e-01
8.518538706124916260e-01
8.609014637022652794e-01
8.210128043854735269e-01
8.281552910849768745e-01
8.290069553256796953e-01
8.366723150623558425e-01
8.430222436167985611e-01
5.661192968466770559e-01
5.462575083972519563e-01
1.089143954433407391e+00
1.094159083655222853e+00
1.102630499756084070e+00
1.105606130506372908e+00
1.089980384289997328e+00
1.090919282252257316e+00
1.094077511760457533e+00
8.094532675277621436e-01
8.165326640271929337e-01
8.229604572469547685e-01
8.193039721531171216e-01
8.329848657422548319e-01
8.396113459442374749e-01
8.317838064765004091e-01
8.168247296017738801e-01
8.320773550316619138e-01
8.295322672020074561e-01
8.461586509866679817e-01
8.427309533382303375e-01
8.374531163674022727e-01
8.159149787183824776e-01
8.511999891164909737e-01
8.511999891164909737e-01
8.570421384164174095e-01
8.631525289027663916e-01
8.589591589661930149e-01
8.254274667198148174e-01
8.522593453797713270e-01
8.625492952622501042e-01
8.634067724075027428e-01
8.544856732606266325e-01
8.368704890595058954e-01
1.015794581019537457e+00
1.018654419628026053e+00
1.010099179709206485e+00
1.007970338612970140e+00
1.004281635725828847e+00
1.003204665776545657e+00
1.001058437895243403e+00
1.282745191052199418e+00
4.434360021413362163e-01
4.379633241487503881e-01
4.339069709653963769e-01
4.255366473053352472e-01
4.272763157825856806e-01
1.133318643425816008e+00
1.148041119685761613e+00
1.152114596257985957e+00
5.195732457140587179e-01
5.257157156786669283e-01
5.204485741881468286e-01
5.219972136757674575e-01
5.220306193439349096e-01
4.128286942564220463e-01
4.086070117849950334e-01
4.048097120384300251e-01
4.054887931935670653e-01
4.187405836342547039e-01
4.321197181003869625e-01
4.340016993347342589e-01
4.414506314894749428e-01
4.435957966725892487e-01
4.355322516941218525e-01
4.220878865512150413e-01
1.159340471166841580e+00
1.170649408986477402e+00
6.521287166325198115e-01
6.524157522485456440e-01
6.392952021263350604e-01
6.309872601938265602e-01
6.390541409807739548e-01
6.231234101552071136e-01
1.042828789990161154e+00
9.723795264090255852e-01
9.673573805133807157e-01
6.099281910333348433e-01
6.953544741121979733e-01
8.771147853220986335e-01
8.492661482550540875e-01
8.585907684422720010e-01
8.475754484378028586e-01
8.374493947749974687e-01
6.450429886315290906e-01
6.509813816718916790e-01
8.092406322147595032e-01
1.299169626105113107e+00
1.291741416682598009e+00
1.295413534235575259e+00
1.290653932144409932e+00
1.305193136689738909e+00
1.291927211619067872e+00
1.284154427501053686e+00
6.609293728626260966e-01
6.598235695059798678e-01
6.516224228517303318e-01
6.569500921013239347e-01
6.673999933975293120e-01
6.971530746700790315e-01
6.971530746700790315e-01
6.816246957199157963e-01
6.808475593657012936e-01
6.856976348959039624e-01
6.999282414631936566e-01
6.820965771362001995e-01
6.930300051599083133e-01
7.060412358924265108e-01
6.839575679790473872e-01
6.860423444705384677e-01
9.872973420233320807e-01
9.872973420233320807e-01
9.929078328126850206e-01
9.858027890284486450e-01
9.784994273754206162e-01
9.740227358630282328e-01
9.686836664328677404e-01
9.593669467634233783e-01
9.549074523684416560e-01
9.715963129385745134e-01
9.691044448945135281e-01
9.716076547418267539e-01
9.716076547418267539e-01
3.401351433236466382e-01
1.183244600067690833e+00
1.157613472924605036e+00
1.133322006278111305e+00
1.126520611539987726e+00
1.116478708873217318e+00
2.965964713641554562e-01
2.965084217515254750e-01
2.910251444974107371e-01
2.857998061584992033e-01
2.866143837906784952e-01
2.811963848863666682e-01
2.790915862628129407e-01
4.861797303657028890e-01
4.776546706222220551e-01
4.818627399240505982e-01
4.876965411943646744e-01
4.938115072954090135e-01
4.972021261651040080e-01
5.104170389440817468e-01
5.052606664458157981e-01
4.976971092889362347e-01
4.916244295746411974e-01
4.877326384392943193e-01
4.818088020372119362e-01
8.226404459690556115e-01
8.213876630030206849e-01
7.468648561985439249e-01
7.700855957276790953e-01
7.686892633391894103e-01
1.262672487994981330e+00
1.406223028664945529e+00
1.406727644468716232e+00
1.400514485014131338e+00
1.394288335172566784e+00
1.396258923930620899e+00
1.399274639953626664e+00
1.394103334225425206e+00
1.406227938606730232e+00
7.504406205395097729e-01
7.531153974260106354e-01
7.451417920169026710e-01
7.352864767852786976e-01
7.381280479992428090e-01
9.941178160132981834e-01
9.902969335756116598e-01
9.951181971601721354e-01
9.793578065568110391e-01
9.819145489082981015e-01
9.707952342968381165e-01
9.720611180058309486e-01
9.631032141882730491e-01
9.695807833702774214e-01
9.578234063799794251e-01
9.742140107358839840e-01
9.708286630316312893e-01
9.766897459505179402e-01
9.841339819967751534e-01
9.801645259882164618e-01
9.860975829070254273e-01
9.872690770259210380e-01
9.916457022368999619e-01
9.987466314986999105e-01
1.004008013380838671e+00
1.005768691548996507e+00
8.501889505166684291e-01
8.637069288691904267e-01
8.620259423554756939e-01
8.646178587976569574e-01
1.134732694693687538e+00
1.127999588303863154e+00
1.125141957352816524e+00
1.134056651965204665e+00
1.138902945280394485e+00
1.143852834050702372e+00
1.152638384737975308e+00
1.152155168523908868e+00
1.146076534889277632e+00
1.148085359817837992e+00
1.140802844733675547e+00
1.154535190216354312e+00
1.143343714527518262e+00
1.151059820934025701e+00
1.154416211954498728e+00
1.149763736716295837e+00
1.139819880790296169e+00
1.142627539411184223e+00
1.147418904038531418e+00
9.372629736133343270e-01
9.408922304898900135e-01
9.471506368496378503e-01
9.742191799820676401e-01
9.745311168993588957e-01
9.659207743247062439e-01
9.586453200313066469e-01
9.610487462193954000e-01
9.625224309920192844e-01
9.585906240103123643e-01
9.539051391038727568e-01
9.584851875834446977e-01
9.627677292685030697e-01
9.648925140666900768e-01
9.636759920433953797e-01
9.723044015595863065e-01
9.763175913396364702e-01
9.598793218859129617e-01
9.552479028561478014e-01
9.518436580567566363e-01
9.602095785663579131e-01
9.519072792243217229e-01
9.642980053822964859e-01
9.663335818202670735e-01
6.855591350833128983e-01
6.835525404534897875e-01
6.847846779072384038e-01
6.852943080390765385e-01
6.789965251417436898e-01
6.894342569363166584e-01
6.946239931161531933e-01
6.946310268146516087e-01
7.002159593361430012e-01
6.987430697119010325e-01
6.933928816135143114e-01
7.037787214697255322e-01
7.200505332120973323e-01
7.032487441622411461e-01
6.986776125343840960e-01
6.962363543384301190e-01
1.294270837045853106e+00
1.300135069128567356e+00
1.292820011867833241e+00
1.302393937618116615e+00
1.296220305920977811e+00
1.284549033257992301e+00
1.277951723884583446e+00
9.131330241145549920e-01
9.082072475694256131e-01
9.071548091206669273e-01
9.029989803242757240e-01
9.178911755585003052e-01
9.178911755585003052e-01
8.993656641894507420e-01
8.949979929294921144e-01
1.056502078903995612e+00
1.054615362523224187e+00
1.054615362523224187e+00
1.046052970625487744e+00
1.048586643856460832e+00
1.048586643856460832e+00
1.041329998494327835e+00
1.042591507802771655e+00
1.046636097938685062e+00
1.042084295883237477e+00
1.082776054213416161e+00
1.092785552342871558e+00
1.092461683363268987e+00
1.095213488139523461e+00
1.176009049508882631e+00
1.179142952548319023e+00
1.173556293516253124e+00
1.208574828110734245e+00
1.198121425856344402e+00
1.184493381717588001e+00
1.171466328514828570e+00
1.167522522228487070e+00
1.164344732937458327e+00
1.159866730444105265e+00
1.158710230844198996e+00
1.153970793090927760e+00
1.159945204085937709e+00
1.146621572956466606e+00
1.146648603060854477e+00
1.188948236184926621e+00
1.192629296840729713e+00
1.203908992087351582e+00
1.318271718409254056e+00
1.317357151705895069e+00
9.687430106641981009e-01
9.650775808016649471e-01
9.709060322475575600e-01
9.709060322475575600e-01
9.741598644139554120e-01
4.804705245578567707e-01
5.479713346980825683e-01
5.442020915281491344e-01
8.084967992834978245e-01
8.428559263576638205e-01
8.352753784357558331e-01
8.573487620592605829e-01
8.601554717195040167e-01
8.617907011473301404e-01
5.359787804322811988e-01
5.527093210214437669e-01
5.652865535656959040e-01
5.756551057300520746e-01
5.735792493772925438e-01
5.644496259386951875e-01
5.644496259386951875e-01
5.624099677813455544e-01
6.277467838127692712e-01
6.278754180350973879e-01
6.191138605409558515e-01
6.254041323964319998e-01
6.278705448285833990e-01
6.217210714417880091e-01
6.228608017217097670e-01
6.137689919129436511e-01
6.050672200906130893e-01
5.973926720213107444e-01
5.874793456026584648e-01
5.884688896006775582e-01
5.971291621743534117e-01
5.982013839167249492e-01
5.945355564929645231e-01
6.018067716328202588e-01
5.978310390389579565e-01
5.984680804279972621e-01
5.993735604093614056e-01
6.111664603389195261e-01
6.065506606211023000e-01
6.033022013841816689e-01
6.078569282567096721e-01
6.113403560917837209e-01
6.091726502457622816e-01
6.008483128376153060e-01
6.109414241820098068e-01
6.125620198597124810e-01
6.160608908303971676e-01
6.135379312399095175e-01
5.717010816806762374e-01
5.678368932974020566e-01
5.651276410701986386e-01
5.522993230667008202e-01
6.116095455098261580e-01
6.185815847091377107e-01
6.060133332949698692e-01
6.135650839038582216e-01
6.289266127914234783e-01
6.313774938352008093e-01
6.308404788946070374e-01
6.159596188089339064e-01
6.168744290522754081e-01
6.026972807512429586e-01
5.946548518617351675e-01
4.906683587584693140e-01
4.810887132055375326e-01
4.925472537476064394e-01
4.981621849004453373e-01
4.972135958647819209e-01
5.015177126608089120e-01
5.020496629468370609e-01
4.852952804996837899e-01
4.949983738247998866e-01
5.013225227154837205e-01
4.962939580622627855e-01
4.979089338473300930e-01
4.942495513033526855e-01
4.893936529529048785e-01
4.672559006807608939e-01
4.651193779789057903e-01
1.262174323930876252e+00
4.743778797716213802e-01
1.108398373321781261e+00
1.117933122541074464e+00
7.596630470454179829e-01
7.942262392493401046e-01
7.942262392493401046e-01
7.942262392493401046e-01
7.942262392493401046e-01
8.173320964408157252e-01
7.909916933693066365e-01
7.514693336891489217e-01
7.581510943112085288e-01
7.581510943112085288e-01
7.581510943112085288e-01
8.152594901234522240e-01
8.152594901234522240e-01
8.152594901234522240e-01
8.152594901234522240e-01
8.152594901234522240e-01
8.152594901234522240e-01
8.152594901234522240e-01
8.152594901234522240e-01
8.152594901234522240e-01
8.459933451158604401e-01
8.324081006788204284e-01
8.371006826755648111e-01
8.877098034851340635e-01
7.831451093257214557e-01
7.915540211963320028e-01
7.853984987957293162e-01
7.921204944593984720e-01
7.921204944593984720e-01
8.934144566069218696e-01
1.050363665984352046e+00
1.050363665984352046e+00
9.570005064769143699e-01
9.902019427431733023e-01
9.019522921857265896e-01
8.554746845442292580e-01
8.554746845442292580e-01
8.554746845442292580e-01
8.554746845442292580e-01
8.656815200173565428e-01
8.656815200173565428e-01
8.968876778325332033e-01
9.266610389540467230e-01
9.263415943213332282e-01
1.041219166319997891e+00
1.041219166319997891e+00
9.618761356325442602e-01
9.618761356325442602e-01
9.975220706463960862e-01
1.067723071794502543e+00
1.067723071794502543e+00
1.067723071794502543e+00
1.098938626157803800e+00
1.023468516068356760e+00
1.025410043656208359e+00
8.151015847322875540e-01
1.312107966888938604e+00
1.356292010737468745e+00
1.297074337588724591e+00
1.272721668724291266e+00
8.874045441709130788e-01
9.852215186705720606e-01
4.949640136494296572e-01
4.949640136494296572e-01
5.265228392298109128e-01
5.033404354441134432e-01
8.691440871709749105e-01
8.322768451268666157e-01
8.322768451268666157e-01
8.700006088972983553e-01
7.708072870320205050e-01
7.550225184170368253e-01
7.787715609348663248e-01
5.326996757088023893e-01
5.630213688360420354e-01
5.721519986724301621e-01
5.721519986724301621e-01
1.300244794350444044e+00
1.291108439223488391e+00
1.290581440958451509e+00
1.321167750149031983e+00
1.321167750149031983e+00
1.321167750149031983e+00
1.307704995286381511e+00
7.515478638726681426e-01
7.515478638726681426e-01
7.562692345201378341e-01
7.888121782920256564e-01
8.177981859781885410e-01
8.061364413676198604e-01
8.061364413676198604e-01
1.170385815452529066e+00
1.233960056281655060e+00
1.150827892305396283e+00
1.150827892305396283e+00
1.176974363189020156e+00
1.168873218644052470e+00
1.106181070691232726e+00
1.165899793384239214e+00
1.199125770929690749e+00
9.461214223671766677e-01
9.466152443345496881e-01
8.916613276664674403e-01
9.105810874541906408e-01
8.769872366385461637e-01
8.769872366385461637e-01
8.769872366385461637e-01
8.820230028960377444e-01
9.488204208694238639e-01
6.982536666451270024e-01
6.982536666451270024e-01
6.982536666451270024e-01
6.018771856611423443e-01
6.018771856611423443e-01
6.158069865090346484e-01
6.076702673097499341e-01
6.893119730313950200e-01
7.522091441750011764e-01
9.795865848983041912e-01
1.011478767002092827e+00
1.011478767002092827e+00
1.011478767002092827e+00
8.105407463172707994e-01
8.124697289932105715e-01
8.987986799545972794e-01
8.987986799545972794e-01
9.191373426062026120e-01
8.388160741331210923e-01
8.388160741331210923e-01
8.388160741331210923e-01
8.228651433866106535e-01
7.165832083277233755e-01
7.289466892699177913e-01
7.289466892699177913e-01
7.289466892699177913e-01
7.289466892699177913e-01
7.289466892699177913e-01
7.247903356578305756e-01
7.788903151958284088e-01
7.802358875223955881e-01
7.802358875223955881e-01
7.430581719475420899e-01
7.007298908194559139e-01
7.007298908194559139e-01
6.863699252129796813e-01
6.863699252129796813e-01
6.727967363421427649e-01
6.662893337916037106e-01
6.620410190364643954e-01
6.976428406144575822e-01
6.947579757080557528e-01
6.947579757080557528e-01
6.947579757080557528e-01
6.947579757080557528e-01
9.328245238562731245e-01
9.328245238562731245e-01
9.560389768827686208e-01
9.575106818021431598e-01
9.542031229307625928e-01
9.090080087438617840e-01
8.860378435340902081e-01
8.860378435340902081e-01
9.141696600281381535e-01
9.448772605368346289e-01
9.405203071560964689e-01
8.721933817758489305e-01
8.986352483744289854e-01
9.835318648649598039e-01
9.211643199753600797e-01
9.499687209194535020e-01
9.170061664305382276e-01
9.883811616757556262e-01
9.977059769141037870e-01
1.186884914258940604e+00
1.186884914258940604e+00
1.186884914258940604e+00
1.191253783546517786e+00
1.222929750601266630e+00
1.222929750601266630e+00
1.197979176314285299e+00
1.212612169676982043e+00
1.232774941691641146e+00
6.610175484670763879e-01
6.610175484670763879e-01
6.610175484670763879e-01
6.763292076467197766e-01
6.763292076467197766e-01
1.208118124841298213e+00
1.213692141872216634e+00
1.079415143781723874e+00
1.073632806716390942e+00
1.092155598657937876e+00
1.270315560153337797e+00
1.293921652564410607e+00
1.390273896316573499e+00
1.388906336346271919e+00
9.494217171219087037e-01
9.501777034653838827e-01
9.501777034653838827e-01
7.048740919431477625e-01
7.330051440860085865e-01
7.330051440860085865e-01
7.357761311861494846e-01
1.257418107839462174e+00
1.236141397141800047e+00
1.210765654699628602e+00
1.210765654699628602e+00
1.210765654699628602e+00
1.210765654699628602e+00
1.210765654699628602e+00
1.272618420323501809e+00
1.210551562676613235e+00
1.304366292828283092e+00
1.304366292828283092e+00
1.304366292828283092e+00
1.268631888339118552e+00
8.757399281156345028e-01
8.757399281156345028e-01
8.757399281156345028e-01
8.757399281156345028e-01
8.703359559216625740e-01
8.628036338395115301e-01
1.147046330699929007e+00
1.147046330699929007e+00
1.147046330699929007e+00
1.081439311172748052e+00
1.063649961214502504e+00
1.063649961214502504e+00
1.090605590781147605e+00
1.188412063895879056e+00
1.188412063895879056e+00
1.188412063895879056e+00
9.606910569575520809e-01
9.946498048253854529e-01
9.574076784397889117e-01
9.736072809688789409e-01
9.736072809688789409e-01
1.075198950486021765e+00
1.098060467825857422e+00
1.098060467825857422e+00
1.035201939381715563e+00
1.035351034334096809e+00
1.035821148004029357e+00
1.029819117069074030e+00
9.946424701855953732e-01
1.030135613780865933e+00
1.196830505606670370e+00
1.196830505606670370e+00
1.235018946215346247e+00
1.200999795127964731e+00
1.201359314918455379e+00
1.201359314918455379e+00
1.271670270100952127e+00
1.271670270100952127e+00
1.261220907324144491e+00
1.267760934892003144e+00
1.267760934892003144e+00
1.237508069066165506e+00
1.299464056774496834e+00
1.287758255203843794e+00
1.271000162088309571e+00
1.270219377830322349e+00
1.270219377830322349e+00
1.425508180651397394e+00
1.425508180651397394e+00
1.430029308750621508e+00
1.390813277208986731e+00
1.433679278954120173e+00
1.421366906659631946e+00
1.543771230081004253e+00
1.610861863274847483e+00
1.540966500624809665e+00
1.540292927704355774e+00
1.551231814261106345e+00
1.523273244365069834e+00
1.566332747310027473e+00
1.566332747310027473e+00
1.611818241060674950e+00
1.643153296740811342e+00
1.549529587847577217e+00
1.549529587847577217e+00
1.372065731270381450e+00
1.372065731270381450e+00
1.330794065365615619e+00
1.421296396409069906e+00
1.421296396409069906e+00
1.408936371946941879e+00
8.538270447091216298e-01
8.538270447091216298e-01
8.538270447091216298e-01
8.746933256010386293e-01
8.306797511959344016e-01
8.306797511959344016e-01
8.306797511959344016e-01
9.495890725295935697e-01
9.495890725295935697e-01
1.071648879548790401e+00
1.128967633393747061e+00
1.156343099395656715e+00
1.157082368732166078e+00
1.025681857931717511e+00
1.025681857931717511e+00
1.077984249577653486e+00
1.064813981442667590e+00
9.920896625807936742e-01
9.920896625807936742e-01
9.920896625807936742e-01
1.011508521544461692e+00
1.001586399708476183e+00
1.022695087801998914e+00
1.047047292754655246e+00
1.076273606830010499e+00
1.076273606830010499e+00
1.076273606830010499e+00
1.025728770761263675e+00
9.801426243940862815e-01
1.040591972287452149e+00
1.014400294731488295e+00
1.021358752647145263e+00
1.021358752647145263e+00
1.021358752647145263e+00
1.040309930688346318e+00
1.063737194823788368e+00
1.003939129915191408e+00
1.099483072261902228e+00
1.042640711303768786e+00
1.031747907894035032e+00
1.042185346657927392e+00
9.850322875171357850e-01
9.357183602401181188e-01
9.357183602401181188e-01
9.840121464456306200e-01
9.840121464456306200e-01
9.840121464456306200e-01
1.001431192811701454e+00
1.028691940735905197e+00
9.685925320094634916e-01
1.426841943963332193e+00
1.465566094889744875e+00
9.643655224380398572e-01
9.643655224380398572e-01
9.360593337631256672e-01
8.258194966083661770e-01
8.258194966083661770e-01
8.280948918529703606e-01
7.849928058540815989e-01
7.849928058540815989e-01
7.849928058540815989e-01
7.952817887830263555e-01
7.952817887830263555e-01
8.917011764920913519e-01
1.260869975364539597e+00
1.247402531847529916e+00
1.215606728704942352e+00
1.355030290547925897e+00
1.346471171465036587e+00
1.310889929329507986e+00
1.032135688209464996e+00
1.067284693622024161e+00
9.719647997724658595e-01
9.719647997724658595e-01
1.381303981673171366e+00
1.408063355585470688e+00
1.408063355585470688e+00
1.379231427382550335e+00
1.370777007023829652e+00
1.370777007023829652e+00
1.370777007023829652e+00
1.281820410351130368e+00
1.298924269919280894e+00
1.298924269919280894e+00
1.298924269919280894e+00
1.298924269919280894e+00
1.246843384283951250e+00
1.246843384283951250e+00
7.626734516637243555e-01
7.313852770825064464e-01
7.144901374704334396e-01
7.295240670600739996e-01
7.295240670600739996e-01
7.649715392249388790e-01
7.561994866790056058e-01
7.561994866790056058e-01
7.561994866790056058e-01
7.232015068535929680e-01
7.068690975021230116e-01
7.163249147862432720e-01
6.637547185612117095e-01
7.085493641454474467e-01
7.481396761779807170e-01
1.043622396085699622e+00
1.046164067122429708e+00
9.779172021256433700e-01
9.779172021256433700e-01
9.876196524517172337e-01
1.154074506987325277e+00
1.151838380768185122e+00
1.127533061542122406e+00
9.757918278894516240e-01
1.267608044313608850e+00
1.267608044313608850e+00
1.576065895126419925e+00
1.523818067828373035e+00
1.789588058926280922e+00
1.313847362457749801e+00
1.313847362457749801e+00
1.269038037988409640e+00
1.269038037988409640e+00
1.277423858249167710e+00
1.001432383006003235e+00
1.001432383006003235e+00
1.007269596323322025e+00
1.007269596323322025e+00
9.351467286246524235e-01
9.351467286246524235e-01
9.318897274102809769e-01
1.443557528523886857e+00
1.526236268678411889e+00
1.424821014594315205e+00
9.005034120305346335e-01
1.693072415342931292e+00
1.671366605550717699e+00
1.652483713451869951e+00
1.675532645457382452e+00
1.675532645457382452e+00
1.097884225831987193e+00
1.097884225831987193e+00
1.097884225831987193e+00
1.097884225831987193e+00
1.097884225831987193e+00
1.161010948761244554e+00
9.721499795698725910e-01
9.721499795698725910e-01
8.773615314037308544e-01
8.914863647702465643e-01
9.675229839465819826e-01
9.675229839465819826e-01
9.675229839465819826e-01
1.058205982729956141e+00
9.327201665472422132e-01
9.327201665472422132e-01
9.634103362426326145e-01
1.049610973338352959e+00
1.066434464893045497e+00
1.066434464893045497e+00
1.000473647318192327e+00
9.544367529368106284e-01
9.542907845697146119e-01
9.542907845697146119e-01
1.004607301899833827e+00
1.031021956679603058e+00
1.031021956679603058e+00
9.752217699541601004e-01
1.028463674563326435e+00
1.028463674563326435e+00
1.040413035983686285e+00
1.107738627015480093e+00
1.043538314614125051e+00
1.043538314614125051e+00
1.043538314614125051e+00
1.043538314614125051e+00
1.565857929923413439e+00
8.269887373192926772e-01
1.163361810522941076e+00
1.231672481606763236e+00
1.231672481606763236e+00
1.252828417841641340e+00
1.252828417841641340e+00
1.252828417841641340e+00
1.252828417841641340e+00
1.252828417841641340e+00
1.253260915296608102e+00
1.006200825307662639e+00
9.744565160135362225e-01
1.082861390490431619e+00
1.082861390490431619e+00
1.082861390490431619e+00
6.731634469794006703e-01
1.102319073350613410e+00
1.102319073350613410e+00
1.146686949852181003e+00
8.589375814197810488e-01
9.708385238874922551e-01
9.189739283647385681e-01
9.020235334822189754e-01
9.020235334822189754e-01
9.020235334822189754e-01
9.020235334822189754e-01
1.006434073947815255e+00
9.867804810766330759e-01
5.150844766541697872e-01
5.150844766541697872e-01
5.196820918499196473e-01
7.935169440124277829e-01
8.158487739163676755e-01
8.107864115001097716e-01
7.213891040013229450e-01
7.213891040013229450e-01
7.213891040013229450e-01
7.488165339064194459e-01
7.488165339064194459e-01
7.488165339064194459e-01
7.394099060917780353e-01
7.394099060917780353e-01
7.461107989639931271e-01
7.461107989639931271e-01
7.461107989639931271e-01
7.461107989639931271e-01
7.783247908569670415e-01
7.250506554063362863e-01
7.605742589026190936e-01
7.605742589026190936e-01
7.605742589026190936e-01
7.381703482774981673e-01
7.708214194778781891e-01
7.812062810251660938e-01
7.812062810251660938e-01
7.683827474062872032e-01
7.779801821714905641e-01
7.336673807894976695e-01
8.385344212937668740e-01
7.315233798986860991e-01
8.190250468180940713e-01
8.312059841624781509e-01
8.007235242777263062e-01
7.839443369583987131e-01
7.896988141984083720e-01
6.604906153482251741e-01
6.386322157678346878e-01
6.386322157678346878e-01
1.049823454290348845e+00
1.045959766014728620e+00
1.081716779743344903e+00
1.081716779743344903e+00
8.144094682481685110e-01
7.412149672782636367e-01
8.541309894920250390e-01
8.812669131620248786e-01
9.984383647700338926e-01
9.282902645139687881e-01
5.716523466389441532e-01
5.435654834235376098e-01
9.637840043190584183e-01
9.044516683983075955e-01
9.101073005634010560e-01
9.101073005634010560e-01
9.706569191072806913e-01
1.303827538528770091e+00
1.250749704171496779e+00
1.271765655366872805e+00
1.271765655366872805e+00
1.287985648439617270e+00
1.287985648439617270e+00
1.306899772747713628e+00
1.317113435960915568e+00
1.317113435960915568e+00
1.302955954352653212e+00
1.302955954352653212e+00
1.313324090988210013e+00
1.313324090988210013e+00
1.316587739784036204e+00
1.363380758305736684e+00
1.363380758305736684e+00
1.363380758305736684e+00
1.368413633800596552e+00
8.446633422750203790e-01
8.608977010561473797e-01
8.059496025679331321e-01
8.576101454618809683e-01
8.654232512478441386e-01
1.011196096931136879e+00
9.050841078817578600e-01
9.050841078817578600e-01
9.050841078817578600e-01
8.623368724403588370e-01
8.212417776688093474e-01
7.764403026217021608e-01
7.841111618944635042e-01
7.841111618944635042e-01
7.786782297885533888e-01
8.683424719219936527e-01
8.762912933953599381e-01
8.762912933953599381e-01
1.617090430097670062e+00
1.627388374552802386e+00
1.315129392621160465e+00
1.315129392621160465e+00
1.344548022848680580e+00
1.354184165118934802e+00
1.214141498681209130e+00
1.153480639346249337e+00
9.030674719117768312e-01
9.030674719117768312e-01
9.030674719117768312e-01
1.001609176337853624e+00
1.001609176337853624e+00
1.006637550953784821e+00
1.006637550953784821e+00
1.006637550953784821e+00
1.030043512505194325e+00
1.005461605035457895e+00
1.005461605035457895e+00
9.970116579869398032e-01
1.051592278637281330e+00
1.104148172580473375e+00
1.069576280005195335e+00
1.078340136408233896e+00
1.059758444589860238e+00
9.621912968342691830e-01
9.858341914197724654e-01
9.773990135876875485e-01
1.009475588468469631e+00
1.071716718642278465e+00
1.062060712357250747e+00
1.076850454912296584e+00
1.058620381747157557e+00
1.053216460146722655e+00
1.038491791016417753e+00
1.038491791016417753e+00
1.038491791016417753e+00
1.038491791016417753e+00
1.030704899552440823e+00
1.052447374870753238e+00
1.115436524502398719e+00
1.115436524502398719e+00
1.167438574381264305e+00
1.167438574381264305e+00
7.705161039129790890e-01
7.692091083300602872e-01
7.692091083300602872e-01
8.622280104088430042e-01
8.622280104088430042e-01
8.622280104088430042e-01
8.505625125729752156e-01
8.505625125729752156e-01
7.978686309627712747e-01
8.042167101722103029e-01
7.871323214782361966e-01
1.013986086403134701e+00
1.013986086403134701e+00
1.013986086403134701e+00
1.023032938891741850e+00
9.708107756891312112e-01
1.107342218275680468e+00
1.107342218275680468e+00
1.107342218275680468e+00
1.107342218275680468e+00
1.121469564119887075e+00
1.157982096681322126e+00
1.044655320916918040e+00
1.108180943354565740e+00
9.967181155696352990e-01
9.967181155696352990e-01
9.967181155696352990e-01
1.022231478752622325e+00
1.022231478752622325e+00
8.839226490089906463e-01
8.871435046478065578e-01
9.251026617441503452e-01
8.971129352253576217e-01
8.827183719471373147e-01
9.224727298722112945e-01
9.224727298722112945e-01
9.224727298722112945e-01
9.191147139969877422e-01
9.191147139969877422e-01
5.485310226605202288e-01
5.485310226605202288e-01
5.919240405573753527e-01
5.919240405573753527e-01
5.919240405573753527e-01
5.919240405573753527e-01
5.919240405573753527e-01
5.919240405573753527e-01
5.919240405573753527e-01
6.148998019426548112e-01
5.889076355060109957e-01
5.889076355060109957e-01
5.855466885146922706e-01
5.273480223221859164e-01
5.273480223221859164e-01
5.273480223221859164e-01
4.798600417879350100e-01
9.948580853426353121e-01
9.948580853426353121e-01
9.948580853426353121e-01
9.597793725367166351e-01
9.625069844011551190e-01
1.296525247726245889e+00
5.812094129148132060e-01
6.900247083175868879e-01
5.789343482468239932e-01
5.931547814431917809e-01
5.931547814431917809e-01
6.061286888328829559e-01
6.507292129022380633e-01
6.507292129022380633e-01
6.247907614206993365e-01
1.297808496232333297e+00
1.265636638022447524e+00
1.265636638022447524e+00
1.265636638022447524e+00
1.213172249710694039e+00
1.158400147204799557e+00
1.201689180777547383e+00
1.201689180777547383e+00
1.205034472552108937e+00
1.234157954320282080e+00
1.234157954320282080e+00
6.231012582757858853e-01
6.601990493892557765e-01
6.601990493892557765e-01
6.636552898792880129e-01
6.636552898792880129e-01
6.636552898792880129e-01
6.636552898792880129e-01
6.636552898792880129e-01
6.850751550729651251e-01
6.794003152352090513e-01
6.794003152352090513e-01
6.372089277630476056e-01
6.372089277630476056e-01
6.853090485062964810e-01
6.853090485062964810e-01
6.853090485062964810e-01
6.853090485062964810e-01
7.514150842015827614e-01
5.148071671964312701e-01
4.552967347779105500e-01
4.552967347779105500e-01
4.552967347779105500e-01
4.590810017666402398e-01
4.926145547633086763e-01
4.926145547633086763e-01
4.926145547633086763e-01
4.215865060413941934e-01
4.215865060413941934e-01
4.215865060413941934e-01
4.215865060413941934e-01
4.491196610996887606e-01
7.079177895190145176e-01
7.316889281904099818e-01
7.316889281904099818e-01
7.316889281904099818e-01
7.316889281904099818e-01
6.866150248774565146e-01
6.866150248774565146e-01
5.023841166949737369e-01
5.023841166949737369e-01
5.822591555652157913e-01
5.822591555652157913e-01
8.792807222736775952e-01
8.434063036682312164e-01
8.561220897611215852e-01
8.561220897611215852e-01
8.561220897611215852e-01
7.687354205567186183e-01
7.431336008423845563e-01
8.961396173160661727e-01
1.273225723509660456e+00
1.273225723509660456e+00
1.228754421869248326e+00
1.228754421869248326e+00
1.228754421869248326e+00
1.217136718954583419e+00
1.280456567536974566e+00
1.234113730388140207e+00
1.233068069315350179e+00
1.206594920344928212e+00
1.174978183332742621e+00
1.174978183332742621e+00
1.174978183332742621e+00
1.144254644555897427e+00
1.127935230938218014e+00
1.096450336050410090e+00
1.171536091170233274e+00
1.171536091170233274e+00
1.171536091170233274e+00
1.151582468726605413e+00
1.025172825391657661e+00
1.142191117546217827e+00
1.142191117546217827e+00
1.169799945675116248e+00
1.051003580787447822e+00
1.051003580787447822e+00
1.056857036010246498e+00
9.007342945073710805e-01
9.007342945073710805e-01
9.007342945073710805e-01
9.470390026225879998e-01
9.372022355061031540e-01
8.932394746762474247e-01
8.932394746762474247e-01
8.932394746762474247e-01
8.932394746762474247e-01
8.326494392173895420e-01
9.316792399225022336e-01
9.031378893779807848e-01
9.031378893779807848e-01
9.012002384744816075e-01
1.280295494565710346e+00
1.181737465924090680e+00
1.181737465924090680e+00
1.166251029219087965e+00
1.174677969275766953e+00
1.151618053920835605e+00
1.151618053920835605e+00
1.092056411876985988e+00
1.033302090563906983e+00
1.033302090563906983e+00
1.033302090563906983e+00
1.018036230056427183e+00
1.120071759411312762e+00
1.120071759411312762e+00
1.108737137550369178e+00
1.138480006241686437e+00
1.112790119647296461e+00
1.112790119647296461e+00
1.112790119647296461e+00
1.112790119647296461e+00
1.112790119647296461e+00
1.108623162864577072e+00
1.145812997187703353e+00
7.830358239735077941e-01
7.830358239735077941e-01
8.381012520624522288e-01
8.381012520624522288e-01
8.221005514438467499e-01
8.221005514438467499e-01
8.921437809138963448e-01
8.921437809138963448e-01
8.742065045053983852e-01
8.742065045053983852e-01
8.742065045053983852e-01
8.742065045053983852e-01
8.742065045053983852e-01
8.482563190234982953e-01
8.482563190234982953e-01
8.342270363953656620e-01
8.342270363953656620e-01
8.342270363953656620e-01
8.342270363953656620e-01
8.342270363953656620e-01
8.722357515916864257e-01
8.507854690660499042e-01
6.068521746176898102e-01
6.068521746176898102e-01
5.912799410862961125e-01
6.703118667971315059e-01
6.624390784841659441e-01
6.783510329576744047e-01
1.035932504892389389e-01
-3.220622009835442945e-02
2.599916899427516803e-01
3.118774450818387889e-01
3.118774450818387889e-01
6.599466239794840039e-01
6.712605866422729495e-01
7.214654998256178065e-01
7.101684777295914630e-01
1.692963401062133055e+00
1.667356918685642508e+00
1.628012388936070920e+00
1.599529928260363221e+00
1.620853328471203891e+00
1.620853328471203891e+00
1.543033311795874551e+00
1.543033311795874551e+00
1.532481613262025810e+00
1.466760734060032600e+00
1.466760734060032600e+00
9.325441232577700301e-01
9.325441232577700301e-01
9.325298447512713196e-01
9.325298447512713196e-01
8.817910886655744296e-01
8.817910886655744296e-01
9.019648724828613906e-01
9.019648724828613906e-01
9.474552372526847677e-01
9.474552372526847677e-01
6.862773515131055380e-01
7.389475506133846849e-01
7.484439441709375140e-01
7.484439441709375140e-01
6.989280778063443611e-01
6.989280778063443611e-01
6.980949891814540731e-01
6.980949891814540731e-01
6.590614676964980934e-01
6.590614676964980934e-01
6.590614676964980934e-01
6.590614676964980934e-01
1.438883485603919432e+00
7.476295175209212163e-01
7.641712174855008755e-01
7.716374499223488392e-01
1.120034862870316505e+00
1.072366348374537370e+00
1.072366348374537370e+00
1.121172196853989389e+00
1.111985905606700520e+00
1.111985905606700520e+00
1.095038649755828875e+00
1.079898743075713874e+00
1.077884950712069800e+00
1.040694646340856400e+00
1.128101792594558894e+00
1.128101792594558894e+00
1.128101792594558894e+00
1.128101792594558894e+00
1.128101792594558894e+00
1.129277298148585462e+00
1.129277298148585462e+00
1.131806015585906877e+00
1.131806015585906877e+00
7.323645756652710226e-01
7.323645756652710226e-01
7.802460775457286113e-01
7.094002382027823073e-01
7.094002382027823073e-01
7.094002382027823073e-01
7.094002382027823073e-01
7.054183825543922648e-01
7.420989441312365598e-01
1.073331877068903317e+00
1.045591197596359434e+00
9.219834809951540366e-01
9.219834809951540366e-01
9.219834809951540366e-01
1.168800971882333339e+00
1.148610936573473351e+00
1.221358028644637939e+00
1.236968108953291789e+00
1.079934729421289763e+00
1.121929270246645682e+00
8.251998478392534864e-01
8.634207026532996210e-01
9.221642007250003825e-01
9.419562184333135635e-01
8.988775154531349898e-01
7.739708987108887550e-01
7.739708987108887550e-01
7.739708987108887550e-01
7.444717446175350695e-01
7.444717446175350695e-01
7.163196612269704389e-01
7.163196612269704389e-01
7.163196612269704389e-01
7.206222296031599139e-01
8.035340076823932476e-01
8.035340076823932476e-01
9.980665333962650543e-01
9.980665333962650543e-01
7.534742835551094808e-01
7.806594469147439819e-01
6.276528074704028626e-01
5.549247081548855931e-01
5.993765748444875863e-01
5.641912253675571698e-01
5.406809349823252786e-01
5.685167024404763625e-01
6.394967891888183598e-01
6.394967891888183598e-01
7.270508040940379946e-01
6.816569946402731839e-01
4.356751566998286473e-01
4.335949353409730422e-01
4.486342683410946552e-01
4.419194645231679375e-01
4.139440391278318976e-01
4.139440391278318976e-01
5.157689474367228577e-01
5.504464655279731611e-01
4.792627991024016598e-01
4.765769367952287228e-01
5.929605957092288770e-01
5.929605957092288770e-01
5.714187606715114276e-01
5.048590758913309440e-01
8.594722130577874264e-01
8.642959764426075830e-01
1.075238867084196359e+00
1.066627299738786450e+00
1.066627299738786450e+00
1.052924316136502281e+00
1.051101042940197683e+00
1.104285207283074888e+00
9.086686824887285630e-01
9.768829345160817690e-01
9.327926375970546635e-01
7.187494162856078450e-01
7.187494162856078450e-01
7.491976722724015270e-01
7.331007710080230666e-01
1.221412500086928032e+00
1.236247726354376741e+00
1.236247726354376741e+00
9.831074467224552027e-01
9.831074467224552027e-01
9.834266146009666976e-01
1.033181314008995377e+00
1.033181314008995377e+00
1.269970870573744692e+00
1.312184328768289943e+00
1.312184328768289943e+00
1.265721114354054100e+00
1.277205776423473438e+00
1.282680716130215837e+00
1.132523405828018470e+00
6.922775965712704149e-01
5.931055151290717253e-01
5.931055151290717253e-01
5.862593590971297841e-01
7.372037716699298970e-01
8.171803712186511692e-01
8.564988254796498390e-01
8.101315582472071730e-01
8.513939651301470901e-01
7.903474755722472711e-01
8.150366321059039354e-01
8.150366321059039354e-01
7.365891211458841514e-01
7.660711563312644357e-01
7.829842578084663662e-01
7.809165779914527539e-01
7.809165779914527539e-01
7.659587306213146984e-01
1.437931438849646248e+00
1.308086655616086391e+00
1.358282244471084699e+00
1.424634543246358520e+00
1.424634543246358520e+00
1.433125020569403274e+00
1.435784707545237904e+00
1.260572089543923191e+00
1.115179615263552027e+00
1.115179615263552027e+00
1.188915424023488265e+00
1.179421203190478717e+00
1.179421203190478717e+00
1.179421203190478717e+00
1.179421203190478717e+00
8.082728357427748644e-01
8.188669688174970984e-01
7.637330710600909178e-01
7.424534232427699720e-01
1.080808117267058721e+00
1.080808117267058721e+00
1.145654787342708092e+00
1.138218668812950529e+00
1.155343101750792023e+00
1.155343101750792023e+00
1.184940751389182312e+00
1.184940751389182312e+00
5.264090968144851113e-01
5.424209066121650213e-01
5.006806084342467766e-01
4.830153399543402615e-01
4.830153399543402615e-01
4.457622061287912496e-01
4.380152408458546920e-01
4.380152408458546920e-01
4.380152408458546920e-01
4.847058188896828934e-01
4.847058188896828934e-01
9.778413066113006424e-01
1.111354121890262059e+00
9.523625392169984272e-01
1.539817708990327771e+00
1.173442217255556308e+00
1.133149988174125600e+00
1.133149988174125600e+00
6.602840406262820983e-01
7.449793347301972846e-01
7.462335415615035661e-01
6.656343005923743839e-01
6.656343005923743839e-01
6.656343005923743839e-01
6.656343005923743839e-01
6.647426896288833875e-01
6.647426896288833875e-01
6.767485875400783835e-01
6.767485875400783835e-01
7.269314327933592557e-01
6.944580691118876770e-01
8.082642880578310152e-01
7.541449881215199769e-01
7.581715360789194058e-01
7.419855834474556877e-01
6.648672967640502085e-01
7.512289803667264732e-01
7.512289803667264732e-01
7.512289803667264732e-01
7.429896198749623704e-01
6.694821330768946366e-01
6.694821330768946366e-01
6.694821330768946366e-01
6.699273239117443657e-01
6.748478054077974297e-01
6.629481589982005874e-01
6.629481589982005874e-01
6.773427466071323400e-01
5.994187441813914052e-01
6.778465874271155656e-01
7.721828403727771795e-01
7.721828403727771795e-01
7.558756602420185766e-01
7.558756602420185766e-01
7.558756602420185766e-01
7.501388718661483601e-01
6.915845218294521812e-01
6.915845218294521812e-01
7.167867035821693378e-01
6.486481956560191664e-01
7.634455605016363666e-01
7.634455605016363666e-01
8.277356512481603978e-01
7.989311158121815692e-01
7.931898380097809342e-01
7.961272732529995899e-01
6.288950389055631973e-01
6.288950389055631973e-01
6.531017693711859140e-01
6.531017693711859140e-01
7.018423712336286924e-01
7.782799168281663293e-01
8.440937046259754384e-01
8.440937046259754384e-01
8.440937046259754384e-01
8.070965337398883221e-01
7.690590132911443444e-01
7.690590132911443444e-01
8.359220445564313762e-01
8.803527230018648453e-01
7.960557302102625465e-01
7.960557302102625465e-01
7.960557302102625465e-01
1.010837826180649435e+00
5.862437103759281509e-01
5.508392635403016602e-01
5.508392635403016602e-01
5.960417853248634046e-01
5.960417853248634046e-01
2.923422910435004574e-01
3.334733285314073203e-01
3.334733285314073203e-01
3.294658974567272747e-01
3.294658974567272747e-01
1.002116834573862691e+00
1.002116834573862691e+00
9.923191727181799315e-01
1.034203415549252547e+00
1.034203415549252547e+00
1.057792518251194247e+00
1.030567771426885271e+00
1.020234667164487297e+00
9.968388529939042897e-01
9.968388529939042897e-01
9.676124821734274351e-01
9.676124821734274351e-01
9.676124821734274351e-01
9.290367357044070351e-01
1.025925125258671633e+00
1.025925125258671633e+00
1.029151116977943703e+00
1.536235249797848201e+00
1.563717874243245154e+00
1.519802782912606398e+00
1.519802782912606398e+00
1.350165482157980934e+00
1.658502156999736021e+00
1.658502156999736021e+00
1.664507574903264286e+00
1.548597709341779316e+00
1.663053192072719622e+00
1.618647427603833400e+00
1.618647427603833400e+00
1.639623007742064820e+00
1.639623007742064820e+00
1.693407028620406152e+00
1.218012561185821241e+00
1.218012561185821241e+00
1.218012561185821241e+00
1.202883711798792499e+00
1.226115424667070242e+00
1.154971834469125103e+00
1.168111966707519045e+00
1.122519562717640307e+00
1.122519562717640307e+00
1.122519562717640307e+00
1.122519562717640307e+00
1.110534594713420198e+00
9.185186592075177403e-01
9.183658837796129237e-01
8.879033245848700906e-01
8.879033245848700906e-01
9.136689881792091628e-01
9.136689881792091628e-01
8.837192474841157885e-01
1.378636335657828393e+00
1.332047026701441261e+00
1.332047026701441261e+00
1.332047026701441261e+00
1.359490107701277539e+00
1.195479899622258868e+00
1.195479899622258868e+00
1.195479899622258868e+00
1.195479899622258868e+00
1.195479899622258868e+00
1.152726916232219789e+00
1.188346631818928856e+00
1.188346631818928856e+00
1.188346631818928856e+00
1.187710511024413496e+00
1.172574413679607686e+00
1.298306482779039150e+00
1.257193191091710238e+00
1.187667552659191994e+00
1.172877212183898399e+00
1.172877212183898399e+00
1.303847652894459808e+00
1.320798749752029044e+00
1.320798749752029044e+00
1.320798749752029044e+00
1.301511011489685954e+00
1.304994454581647423e+00
1.273101606408778563e+00
1.273101606408778563e+00
1.273101606408778563e+00
1.342381616085609686e+00
1.342381616085609686e+00
1.304267736913356845e+00
1.304267736913356845e+00
1.304267736913356845e+00
1.304267736913356845e+00
1.304267736913356845e+00
1.243939828929331970e+00
1.243939828929331970e+00
1.238187787715339994e+00
1.300263977630790713e+00
1.297347398394276929e+00
1.297347398394276929e+00
1.211603167620197929e+00
1.326440035520149774e+00
1.236606907421205381e+00
1.213863304054711101e+00
1.211049402359343441e+00
1.160915224648451760e+00
1.202747932069505810e+00
1.218434740418017137e+00
1.235365081577919577e+00
1.235365081577919577e+00
1.207619524221421381e+00
1.207619524221421381e+00
1.231046541919287751e+00
1.403218954606069380e+00
1.347164795675906745e+00
1.347164795675906745e+00
1.249656111968313610e+00
1.249656111968313610e+00
1.242986560820679598e+00
1.265273379564304967e+00
1.265273379564304967e+00
1.265273379564304967e+00
1.265273379564304967e+00
1.265273379564304967e+00
7.840312254319571350e-01
8.635712667762937000e-01
8.040675700151462824e-01
8.077903956577650035e-01
8.758121888933343424e-01
8.758121888933343424e-01
8.758121888933343424e-01
8.758121888933343424e-01
8.211800924421375214e-01
8.211800924421375214e-01
8.211800924421375214e-01
8.378408117090261342e-01
8.378408117090261342e-01
8.337519842992954233e-01
8.282818908484118614e-01
8.730103668927361449e-01
6.514552142071136087e-01
6.514552142071136087e-01
6.514552142071136087e-01
6.636239199580598047e-01
5.499059405054756988e-01
6.763557005634930341e-01
6.763557005634930341e-01
6.763557005634930341e-01
6.436437791469888925e-01
5.733728913701524599e-01
5.733728913701524599e-01
7.120798149512906905e-01
7.498392744408242105e-01
1.319590982983908534e+00
1.356889005099393364e+00
1.356889005099393364e+00
1.356889005099393364e+00
1.323729789020576808e+00
1.323729789020576808e+00
1.314653484097583647e+00
1.295884108540835467e+00
1.294187928520730946e+00
1.294187928520730946e+00
1.247692248176820007e+00
1.247692248176820007e+00
1.247692248176820007e+00
1.189738902796399378e+00
1.189738902796399378e+00
1.353665324395322056e+00
1.361040829120618412e+00
1.326961583760610575e+00
1.321149679239682850e+00
1.381987324602498068e+00
1.338193160435470430e+00
1.338193160435470430e+00
8.421668612475298188e-01
8.421668612475298188e-01
7.804729356541821872e-01
7.806839192086574286e-01
8.177731391409245321e-01
8.149587344662151400e-01
7.928924405521879937e-01
7.230931270865820215e-01
8.229494907846274243e-01
9.361290826223467310e-01
9.671042080359254500e-01
9.671042080359254500e-01
9.671042080359254500e-01
1.106581691569853421e+00
8.937714832964959166e-01
8.495173702256315629e-01
1.340763683824483188e+00
1.184504739969265863e+00
1.184504739969265863e+00
1.184504739969265863e+00
1.252469294370223141e+00
8.962443087005528275e-01
8.962443087005528275e-01
1.015645390899527545e+00
1.015645390899527545e+00
1.015645390899527545e+00
1.015645390899527545e+00
8.668464556960434608e-01
8.766415033476849805e-01
8.766415033476849805e-01
8.766415033476849805e-01
1.667242132352507733e+00
1.667242132352507733e+00
1.607486942746515046e+00
9.241180693128425716e-01
9.241180693128425716e-01
8.801282451649606875e-01
9.075703828895944625e-01
1.146306586102539660e+00
8.012335777415728888e-01
8.012335777415728888e-01
8.170279257327394129e-01
9.379412811362795033e-01
8.580873860159151656e-01
8.580873860159151656e-01
8.989565329821141981e-01
9.369725576046425974e-01
9.938601384240093317e-01
1.017956512452138806e+00
1.057373769981293732e+00
1.152624100827641218e+00
1.207845024522123056e+00
1.183342261804005258e+00
1.090101395393643147e+00
1.090101395393643147e+00
1.136399915673536709e+00
1.356179848139437150e+00
1.356179848139437150e+00
1.382013795797200517e+00
1.374712159858387572e+00
1.364505689779919706e+00
1.324505096326791254e+00
1.324505096326791254e+00
1.136706355387090861e+00
1.136706355387090861e+00
1.082976244175933411e+00
1.082976244175933411e+00
1.082976244175933411e+00
1.075618555463067949e+00
1.144588781261705268e+00
1.092600023583526481e+00
1.159329840462247407e+00
1.068855367846854199e+00
1.068855367846854199e+00
1.068855367846854199e+00
1.180017459203046792e+00
1.163791622034908047e+00
1.163791622034908047e+00
1.163791622034908047e+00
1.163791622034908047e+00
1.157932298019500372e+00
1.177844281597101084e+00
1.177844281597101084e+00
1.177844281597101084e+00
1.125027642545199491e+00
1.125027642545199491e+00
1.212454492611625856e+00
1.212454492611625856e+00
1.246950183610201268e+00
1.237073802591328153e+00
1.187023892200021580e+00
1.179198808369214646e+00
1.245594161820282375e+00
1.249651831009745750e+00
1.119156004913090863e+00
1.187510696622546380e+00
1.293344654557705420e+00
1.293344654557705420e+00
1.282798624543033839e+00
1.282798624543033839e+00
1.278261003471793389e+00
1.278261003471793389e+00
1.383453681131928459e+00
1.330868603835956065e+00
1.330868603835956065e+00
1.303329207176460169e+00
1.303329207176460169e+00
1.303329207176460169e+00
1.333206752473000023e+00
1.102668676753649324e+00
1.171544544219446760e+00
1.171544544219446760e+00
1.152532400478935237e+00
1.152532400478935237e+00
1.119439806260448700e+00
1.194832609750110075e+00
1.220107820591292525e+00
1.220107820591292525e+00
1.220888323467830494e+00
1.172783451702894331e+00
1.221330031539468619e+00
1.199557959195123757e+00
1.193285305327539847e+00
1.080072910616907356e+00
1.144443811337074735e+00
1.144443811337074735e+00
1.144443811337074735e+00
9.774109587606871763e-01
1.005573423834642544e+00
9.447564671545480852e-01
9.447564671545480852e-01
9.450523087972172442e-01
8.441499315928385760e-01
9.683118548451756791e-01
1.356807594805609751e+00
1.333703092351408159e+00
1.354805299691101972e+00
7.294411342799042020e-01
7.294411342799042020e-01
7.294411342799042020e-01
7.389787026688312555e-01
7.176930166497251795e-01
5.991509184077751238e-01
6.479385758800856321e-01
1.140946821735094208e+00
1.143655422181663495e+00
1.143655422181663495e+00
1.170759337486543261e+00
1.170759337486543261e+00
1.090293720935437749e+00
1.068902925191106856e+00
7.307912961741156455e-01
7.883310473278067887e-01
7.883310473278067887e-01
7.673918712615751536e-01
1.279411754876794260e+00
1.243774833101652710e+00
7.335782025082182578e-01
7.534159064303084241e-01
7.534159064303084241e-01
7.534159064303084241e-01
7.534159064303084241e-01
7.023041877191174009e-01
7.507783338431517350e-01
7.275235920471170292e-01
7.651053669877380115e-01
7.651053669877380115e-01
7.938091137498599625e-01
7.938091137498599625e-01
7.485931128400767909e-01
7.485931128400767909e-01
7.485931128400767909e-01
7.531921927203458766e-01
7.531921927203458766e-01
1.046720988592106938e+00
1.046720988592106938e+00
1.046620478715608371e+00
1.021456200543260584e+00
1.021456200543260584e+00
1.166912358532268490e+00
1.166912358532268490e+00
1.109171622627902032e+00
1.125682183157552751e+00
1.125529880850478559e+00
1.125529880850478559e+00
1.125529880850478559e+00
1.125529880850478559e+00
1.098482264633876104e+00
1.098482264633876104e+00
8.937302234461467210e-01
8.533140746430812884e-01
8.880819128025384535e-01
8.290269366260928363e-01
9.086504435332113383e-01
9.129515748381067386e-01
8.487224739872089030e-01
7.819752444905311295e-01
7.796816251548828181e-01
1.095627761645064924e+00
1.084747041043287785e+00
1.084747041043287785e+00
1.087145240456431239e+00
1.087145240456431239e+00
1.087145240456431239e+00
1.087145240456431239e+00
1.100774851655243580e+00
1.099510629996436117e+00
1.081523349249837507e+00
1.046110015861929865e+00
1.067039843820028588e+00
1.067039843820028588e+00
1.091125021841385045e+00
1.073808682201685905e+00
1.073808682201685905e+00
1.023237266728629802e+00
1.023237266728629802e+00
1.023237266728629802e+00
1.023237266728629802e+00
1.023237266728629802e+00
1.010673034468053899e+00
1.010673034468053899e+00
1.060562628526473761e+00
1.087980086893836074e+00
9.344022566805955110e-01
9.344022566805955110e-01
9.369861362126722382e-01
9.369861362126722382e-01
9.369861362126722382e-01
8.782437100534126184e-01
8.471382734285424210e-01
7.305311172633713879e-01
7.237472240196420881e-01
7.237472240196420881e-01
7.237472240196420881e-01
7.592230824386118071e-01
7.622266059335252031e-01
7.622266059335252031e-01
7.622266059335252031e-01
7.710481413124283812e-01
7.710481413124283812e-01
7.056720092124142418e-01
6.925289296842112030e-01
