# Variable: dg_gbvi_00000412
# Sample shape: (2565,)
# Date: 2013-03-08 06:18:13.771634
-3.940216182144040680e+00
-3.840295504546704652e+00
-4.260449930159477816e+00
-4.839446458210567847e+00
-5.094658725312155134e+00
-5.569525702334356509e+00
-5.491871793477184127e+00
-6.341965703648718922e+00
-6.067658113190380398e+00
-5.310868755836636979e+00
-5.487527235759344535e+00
-5.487527235759344535e+00
-5.487527235759344535e+00
-5.589872336955499676e+00
-5.467173176221729491e+00
-5.471842901888380517e+00
-5.372200656719813949e+00
-5.372200656719813949e+00
-5.372200656719813949e+00
-5.372454370969396820e+00
-5.435821375109870957e+00
-5.465268573251132800e+00
-5.465268573251132800e+00
-5.479359990668778657e+00
-5.817077491675068934e+00
-5.809255092847969593e+00
-5.809255092847969593e+00
-5.467248835718351962e+00
-5.467248835718351962e+00
-5.373689281086301506e+00
-5.440760207345247679e+00
-5.440760207345247679e+00
-5.440760207345247679e+00
-5.440760207345247679e+00
-5.440760207345247679e+00
-5.608457568481552968e+00
-5.608457568481552968e+00
-5.636792517020039028e+00
-5.662603100958842894e+00
-5.672657481961191905e+00
-5.737077532783931844e+00
-5.534683155333114613e+00
-5.662618955776043350e+00
-5.556983054518777720e+00
-5.569312348148957703e+00
-5.383796948743238886e+00
-5.372652645638211766e+00
-5.704629232743434031e+00
-5.765185351465947683e+00
-5.765185351465947683e+00
-5.765185351465947683e+00
-5.765185351465947683e+00
-5.660649760400816355e+00
-5.720999707209706742e+00
-5.432409954745646807e+00
-5.361112300147387266e+00
-5.614421262058873374e+00
-5.613178500819667072e+00
-5.613178500819667072e+00
-5.613178500819667072e+00
-5.412935694876293446e+00
-5.412935694876293446e+00
-5.412935694876293446e+00
-5.476867067630042385e+00
-5.476867067630042385e+00
-5.476867067630042385e+00
-5.476867067630042385e+00
-5.670826490859901092e+00
-5.670826490859901092e+00
-5.513960644856225279e+00
-5.513960644856225279e+00
-5.513960644856225279e+00
-5.510555579425943762e+00
-5.496202319335300679e+00
-5.820411778759335242e+00
-5.565244005692966844e+00
-5.565244005692966844e+00
-5.813998608802863899e+00
-5.871969884192416167e+00
-5.917974919194705308e+00
-5.530227529303239464e+00
-5.766268689649790780e+00
-5.766268689649790780e+00
-5.766268689649790780e+00
-5.677424813395000491e+00
-5.666645087138268089e+00
-5.666645087138268089e+00
-5.814157783220322173e+00
-5.814157783220322173e+00
-5.814157783220322173e+00
-5.728965527529750190e+00
-5.728965527529750190e+00
-5.814666465085275959e+00
-5.814666465085275959e+00
-5.814666465085275959e+00
-5.664670353253289825e+00
-5.664670353253289825e+00
-5.664670353253289825e+00
-5.664670353253289825e+00
-5.617891532461902315e+00
-5.729756675671735522e+00
-5.736135490643599510e+00
-5.736135490643599510e+00
-5.736135490643599510e+00
-5.736135490643599510e+00
-5.736135490643599510e+00
-5.857772341447297748e+00
-5.857772341447297748e+00
-5.500484282348537590e+00
-5.500484282348537590e+00
-5.500484282348537590e+00
-5.555204024088478576e+00
-5.555204024088478576e+00
-5.555204024088478576e+00
-5.555204024088478576e+00
-5.555204024088478576e+00
-5.555204024088478576e+00
-5.626879242992783858e+00
-5.678644598757406570e+00
-5.678644598757406570e+00
-5.587013478960941804e+00
-5.508880126901799734e+00
-5.508880126901799734e+00
-5.558063315514305991e+00
-5.558063315514305991e+00
-5.558063315514305991e+00
-5.537470703814952877e+00
-5.742203558679833897e+00
-5.742203558679833897e+00
-5.728751879975768624e+00
-5.728751879975768624e+00
-5.753977121970097919e+00
-5.753977121970097919e+00
-5.759259253944653878e+00
-5.678399322923580073e+00
-5.678399322923580073e+00
-5.678399322923580073e+00
-5.678399322923580073e+00
-5.638442524393066257e+00
-5.721249925570567108e+00
-5.672973379893312185e+00
-5.706042638872331985e+00
-5.701031898418979615e+00
-5.701031898418979615e+00
-5.677908831936925971e+00
-5.677908831936925971e+00
-5.802287227978751183e+00
-5.736296000463234179e+00
-5.575576172060659808e+00
-5.575576172060659808e+00
-5.575576172060659808e+00
-5.554882583538046426e+00
-5.673903327201342606e+00
-5.650283046192685177e+00
-5.650283046192685177e+00
-5.650283046192685177e+00
-5.647620035680867012e+00
-5.647620035680867012e+00
-5.647620035680867012e+00
-5.628794027417646895e+00
-5.628794027417646895e+00
-5.628794027417646895e+00
-5.628794027417646895e+00
-5.580788619064009026e+00
-5.580788619064009026e+00
-5.821083078286289236e+00
-5.821083078286289236e+00
-5.811913583700810015e+00
-5.811913583700810015e+00
-5.811913583700810015e+00
-5.811913583700810015e+00
-5.752804574629496237e+00
-5.752804574629496237e+00
-5.736081505636414057e+00
-5.736081505636414057e+00
-5.736081505636414057e+00
-5.708261352358734442e+00
-5.655784907573089271e+00
-5.632357145118847441e+00
-5.632357145118847441e+00
-5.632357145118847441e+00
-5.632357145118847441e+00
-5.617720811931557812e+00
-5.617720811931557812e+00
-5.655031160566887038e+00
-5.657565557034970105e+00
-5.657565557034970105e+00
-5.657565557034970105e+00
-5.657565557034970105e+00
-5.619886841043449266e+00
-5.794945092294394584e+00
-5.802822012792161033e+00
-5.802822012792161033e+00
-5.802822012792161033e+00
-5.764478771903781329e+00
-5.764478771903781329e+00
-5.764478771903781329e+00
-5.571941765206108954e+00
-5.598578960944372795e+00
-5.579492303905804640e+00
-5.579492303905804640e+00
-5.579492303905804640e+00
-5.579492303905804640e+00
-5.579492303905804640e+00
-5.579492303905804640e+00
-5.558453151074117748e+00
-5.533879418456127297e+00
-5.723462388285463831e+00
-5.697605723714249670e+00
-5.727327910489409923e+00
-5.727327910489409923e+00
-5.727327910489409923e+00
-5.727327910489409923e+00
-5.727327910489409923e+00
-5.822615726464120733e+00
-5.822615726464120733e+00
-5.799523947888822306e+00
-5.799523947888822306e+00
-5.707739463257379242e+00
-5.717468733530414404e+00
-5.717468733530414404e+00
-5.761949787331364092e+00
-5.575081811115351726e+00
-5.545667392918289806e+00
-5.682704003271350501e+00
-5.682704003271350501e+00
-5.551689816625775542e+00
-5.551689816625775542e+00
-5.551689816625775542e+00
-5.534167957271864502e+00
-5.534167957271864502e+00
-5.534167957271864502e+00
-5.820570355291919462e+00
-5.820570355291919462e+00
-5.720033732351135214e+00
-5.577728030184928798e+00
-5.723318017231980193e+00
-5.723318017231980193e+00
-5.723318017231980193e+00
-5.697110847414490920e+00
-5.709983115216325622e+00
-5.709983115216325622e+00
-5.732360492629238635e+00
-5.758697293850538301e+00
-5.758697293850538301e+00
-5.797079701901199478e+00
-5.652527941761736230e+00
-5.641121344196105447e+00
-5.635814785415705686e+00
-5.738855681123110841e+00
-5.583163884179523251e+00
-5.583163884179523251e+00
-5.572083101520738602e+00
-5.572083101520738602e+00
-5.733871636137779504e+00
-5.733871636137779504e+00
-5.733871636137779504e+00
-5.573201945273694946e+00
-5.684469806809228309e+00
-5.760874594255765757e+00
-5.760874594255765757e+00
-5.747743958398625175e+00
-5.819850133335921605e+00
-5.843056407586011858e+00
-5.669835460656135417e+00
-5.599598464134308173e+00
-5.587786786520158699e+00
-5.485323318926035974e+00
-5.485323318926035974e+00
-5.598077718070354258e+00
-5.598077718070354258e+00
-5.747965975928889470e+00
-5.747965975928889470e+00
-5.747965975928889470e+00
-5.763707497906324306e+00
-5.763707497906324306e+00
-5.642373839659592605e+00
-5.642373839659592605e+00
-5.642373839659592605e+00
-5.642373839659592605e+00
-5.788997541339626629e+00
-5.788997541339626629e+00
-5.810364111293950806e+00
-5.728061919288280457e+00
-5.811129808767958593e+00
-5.811129808767958593e+00
-6.012439652856449435e+00
-5.614169445657023694e+00
-5.603852772897058188e+00
-5.627503082750417995e+00
-5.627503082750417995e+00
-5.627503082750417995e+00
-5.627503082750417995e+00
-5.637282517089764688e+00
-5.636863787247858859e+00
-5.595953900387661051e+00
-5.830015745225670010e+00
-5.830015745225670010e+00
-5.610603118297987635e+00
-5.610603118297987635e+00
-5.625348917142460436e+00
-5.744027830403768853e+00
-5.744027830403768853e+00
-5.644137211186622594e+00
-5.644137211186622594e+00
-5.809143608085190813e+00
-5.753764054828779173e+00
-5.706213466734247675e+00
-5.748464475951704067e+00
-5.748464475951704067e+00
-5.863608724888760726e+00
-5.884791460251370232e+00
-5.884791460251370232e+00
-6.045776956075696873e+00
-5.912327119805749653e+00
-5.912327119805749653e+00
-5.892102859135849080e+00
-5.792319945704053730e+00
-5.777753230461227574e+00
-5.991361131234231863e+00
-5.991361131234231863e+00
-5.991361131234231863e+00
-5.991361131234231863e+00
-5.991361131234231863e+00
-5.871762958227773055e+00
-5.871762958227773055e+00
-5.952350060163587919e+00
-5.952350060163587919e+00
-5.952350060163587919e+00
-5.922296973143047261e+00
-5.856662783048624199e+00
-5.856662783048624199e+00
-5.867891860211488009e+00
-5.915581259607950670e+00
-5.915581259607950670e+00
-6.067540066901692342e+00
-5.940928580001020087e+00
-5.893536594248601546e+00
-5.893536594248601546e+00
-5.920844013445099918e+00
-5.920844013445099918e+00
-5.893367135333834383e+00
-5.941759612137823332e+00
-5.985370582221239744e+00
-5.985370582221239744e+00
-5.995057270915713943e+00
-5.995057270915713943e+00
-5.995057270915713943e+00
-6.119156046349538691e+00
-5.983577776422061234e+00
-5.986660695644782315e+00
-6.019069494549893484e+00
-6.019069494549893484e+00
-5.929879685705175874e+00
-5.939053087911665862e+00
-5.712350763804780129e+00
-5.712350763804780129e+00
-5.807527596640381873e+00
-5.805891432918423689e+00
-5.805891432918423689e+00
-5.972203109779266939e+00
-5.972203109779266939e+00
-5.882910124866981505e+00
-5.882910124866981505e+00
-5.814650021115130407e+00
-5.814650021115130407e+00
-5.814650021115130407e+00
-5.814650021115130407e+00
-5.814650021115130407e+00
-5.812727513256430889e+00
-5.812727513256430889e+00
-5.811502819191803226e+00
-5.909040178912897012e+00
-5.909040178912897012e+00
-5.909040178912897012e+00
-5.909040178912897012e+00
-5.909040178912897012e+00
-5.909040178912897012e+00
-5.909040178912897012e+00
-5.922415707794131734e+00
-5.963319970568680795e+00
-5.963319970568680795e+00
-5.710535887568779501e+00
-5.710535887568779501e+00
-5.710535887568779501e+00
-5.710535887568779501e+00
-5.679411153671232171e+00
-5.679411153671232171e+00
-5.953280084898414870e+00
-5.942569027048238972e+00
-5.967881467412484930e+00
-5.959414614279015865e+00
-5.959414614279015865e+00
-5.984813084755234769e+00
-5.657071601040608577e+00
-5.882316510689149958e+00
-5.741992846966712527e+00
-5.943365966204840589e+00
-5.943365966204840589e+00
-5.913063793503790855e+00
-5.918298630599720944e+00
-6.006372125858725042e+00
-6.001712620054162173e+00
-6.005263323910174478e+00
-6.005263323910174478e+00
-6.005263323910174478e+00
-6.005263323910174478e+00
-6.005263323910174478e+00
-6.085042480053302505e+00
-6.085042480053302505e+00
-5.959036277992248110e+00
-6.092580343535718868e+00
-6.095694084684192937e+00
-5.735047831105975824e+00
-5.735047831105975824e+00
-5.710224368493999059e+00
-5.785585664213556356e+00
-5.785585664213556356e+00
-5.779391758833287263e+00
-5.779391758833287263e+00
-5.667895852260483203e+00
-6.106496681468096988e+00
-5.997360867607182122e+00
-5.997360867607182122e+00
-5.663995136029777555e+00
-5.663995136029777555e+00
-5.638918491469890881e+00
-5.604881833679960401e+00
-5.622350991370809403e+00
-5.622350991370809403e+00
-5.874784511968805134e+00
-5.876444112928799868e+00
-5.743608262046047130e+00
-5.848467372246958007e+00
-5.945233163828106626e+00
-5.945233163828106626e+00
-5.927087358461783140e+00
-5.931016624910691704e+00
-5.931016624910691704e+00
-5.917473800909553994e+00
-5.818642642190137160e+00
-5.710274889135534160e+00
-5.710274889135534160e+00
-5.703237074495437042e+00
-5.771522379993124119e+00
-5.732424171684776582e+00
-5.732424171684776582e+00
-5.732424171684776582e+00
-5.732454920945601273e+00
-5.732454920945601273e+00
-5.732454920945601273e+00
-6.064125513594443184e+00
-6.064125513594443184e+00
-6.068761641765771486e+00
-6.096076067651595487e+00
-6.108527272368091232e+00
-6.083027820976705691e+00
-6.083027820976705691e+00
-6.083027820976705691e+00
-6.083027820976705691e+00
-5.917357459615169901e+00
-5.927848183494705658e+00
-5.566167742396456397e+00
-5.637392088195135820e+00
-5.637502781889031311e+00
-5.752174182317038920e+00
-5.752174182317038920e+00
-5.733082972319937021e+00
-5.737222974101829465e+00
-5.737222974101829465e+00
-5.792929939619185120e+00
-5.792929939619185120e+00
-5.792929939619185120e+00
-5.792929939619185120e+00
-5.830876393621756471e+00
-5.893958539957544929e+00
-5.831555635240575519e+00
-5.804916401194070374e+00
-5.804916401194070374e+00
-6.021352288522073160e+00
-6.026283325980911876e+00
-6.026283325980911876e+00
-5.984380023524159320e+00
-5.712953779034624979e+00
-5.712953779034624979e+00
-5.610465028556917311e+00
-5.776772970619350467e+00
-5.776772970619350467e+00
-5.831185352030138880e+00
-5.831185352030138880e+00
-5.815989145868140753e+00
-5.815989145868140753e+00
-5.815989145868140753e+00
-5.815989145868140753e+00
-5.965140157843062951e+00
-5.965140157843062951e+00
-6.094112434254982169e+00
-6.089580051974499142e+00
-6.028529813746660082e+00
-6.001039080958737060e+00
-5.792548570000718655e+00
-5.792548570000718655e+00
-5.792548570000718655e+00
-5.792548570000718655e+00
-5.792548570000718655e+00
-5.792548570000718655e+00
-5.784266216683703554e+00
-5.804329322125632906e+00
-5.807870029972590054e+00
-5.844425271121897580e+00
-5.844425271121897580e+00
-5.841965882557044409e+00
-5.870725630960880181e+00
-5.870725630960880181e+00
-5.870725630960880181e+00
-5.870725630960880181e+00
-5.870725630960880181e+00
-5.870725630960880181e+00
-5.848727454334013309e+00
-5.884319611160081287e+00
-5.884319611160081287e+00
-5.750436549090464311e+00
-5.810362530920172297e+00
-5.810362530920172297e+00
-5.753694776825926560e+00
-5.759350740329629126e+00
-5.901638465907169007e+00
-6.105247499047639970e+00
-6.105247499047639970e+00
-6.105247499047639970e+00
-6.105247499047639970e+00
-5.960317425907323496e+00
-5.960317425907323496e+00
-5.960667871292805842e+00
-5.939688203900968411e+00
-5.854060339459533857e+00
-5.739240088764733017e+00
-5.739240088764733017e+00
-5.739240088764733017e+00
-5.857924989642384617e+00
-5.857924989642384617e+00
-5.857924989642384617e+00
-5.830488637929916784e+00
-5.804337231840114519e+00
-5.953515266694216379e+00
-5.953515266694216379e+00
-5.953515266694216379e+00
-5.953515266694216379e+00
-5.662416147739029348e+00
-5.662416147739029348e+00
-5.662416147739029348e+00
-5.629351376737563584e+00
-6.034370883772896654e+00
-5.903489168268071907e+00
-5.903489168268071907e+00
-5.857152875652599455e+00
-5.843106690227594768e+00
-5.858203277206729176e+00
-5.858203277206729176e+00
-5.858203277206729176e+00
-5.858203277206729176e+00
-5.858203277206729176e+00
-5.934000583967296016e+00
-5.876977186068724990e+00
-5.876977186068724990e+00
-5.867780377961377525e+00
-5.855109141325465671e+00
-5.855109141325465671e+00
-5.941181833364638898e+00
-5.941181833364638898e+00
-5.941181833364638898e+00
-5.929401802784984632e+00
-5.929401802784984632e+00
-5.929401802784984632e+00
-5.947056370707165307e+00
-5.947056370707165307e+00
-5.944000369826506258e+00
-5.944000369826506258e+00
-5.934814438273997794e+00
-5.928468467385144436e+00
-5.928468467385144436e+00
-5.928468467385144436e+00
-5.928468467385144436e+00
-5.928468467385144436e+00
-5.928468467385144436e+00
-5.934160884312042583e+00
-5.865159579910589116e+00
-5.865159579910589116e+00
-6.134128442865546482e+00
-6.134128442865546482e+00
-6.038826780946610739e+00
-6.038826780946610739e+00
-6.038826780946610739e+00
-6.038826780946610739e+00
-6.095579085100902184e+00
-6.095579085100902184e+00
-6.095579085100902184e+00
-5.863508728324278607e+00
-5.863508728324278607e+00
-5.850951335479833482e+00
-6.013421880724260760e+00
-6.058406218596055659e+00
-6.058406218596055659e+00
-6.058406218596055659e+00
-6.092781960505383232e+00
-6.026606439238301860e+00
-6.116916980692650441e+00
-5.785458400059526163e+00
-5.732494382820725320e+00
-5.732494382820725320e+00
-5.753753338256718308e+00
-5.755362276723301029e+00
-5.915581012103797498e+00
-5.692471727125520964e+00
-5.698889613807585519e+00
-5.698889613807585519e+00
-5.695452482937596983e+00
-5.966473879750557430e+00
-5.733437480563364552e+00
-5.733437480563364552e+00
-5.841941434521177534e+00
-5.874492973742846402e+00
-5.772687935074902299e+00
-5.947932308271582258e+00
-5.988855460956806986e+00
-5.875633644395619193e+00
-5.990214480447072276e+00
-5.896630229897112940e+00
-5.869786980255742748e+00
-5.910599027666288308e+00
-5.867643403949975855e+00
-5.769099154180299394e+00
-5.769099154180299394e+00
-5.851640609814638516e+00
-5.823044263890440497e+00
-5.888127942670015713e+00
-5.848611473596554866e+00
-5.848611473596554866e+00
-5.867203162924180759e+00
-5.867203162924180759e+00
-5.871287872041299316e+00
-5.871287872041299316e+00
-5.908979143817842505e+00
-5.921931265358717056e+00
-5.993738948158592983e+00
-5.745983434877766527e+00
-5.774848617323970146e+00
-5.763823957949770538e+00
-5.840367741091794684e+00
-5.718948929304705331e+00
-5.718948929304705331e+00
-5.878672559971282574e+00
-5.878672559971282574e+00
-5.878672559971282574e+00
-5.878672559971282574e+00
-5.829615971731315405e+00
-5.711556529252498571e+00
-5.724191916758180732e+00
-5.724191916758180732e+00
-5.819553389280855527e+00
-5.819553389280855527e+00
-5.819553389280855527e+00
-5.819553389280855527e+00
-5.819553389280855527e+00
-5.819553389280855527e+00
-5.819553389280855527e+00
-5.819553389280855527e+00
-5.856780197522658327e+00
-5.882790641252506170e+00
-5.882790641252506170e+00
-5.822714299899406143e+00
-5.903355324475171528e+00
-5.903355324475171528e+00
-5.932403799315457249e+00
-5.932403799315457249e+00
-5.932403799315457249e+00
-5.932403799315457249e+00
-5.931262889206762701e+00
-5.928631228118424801e+00
-5.928631228118424801e+00
-5.928631228118424801e+00
-5.928631228118424801e+00
-5.843241187121948954e+00
-5.804991578123172680e+00
-5.824864122876799222e+00
-5.824864122876799222e+00
-5.824864122876799222e+00
-5.918881346707550506e+00
-5.990394788648152335e+00
-5.990394788648152335e+00
-5.990394788648152335e+00
-5.990394788648152335e+00
-5.988137960318928421e+00
-5.923858614905783249e+00
-5.923816948737228749e+00
-5.912641844104307154e+00
-5.884662960976800861e+00
-5.884662960976800861e+00
-5.792440808974453681e+00
-5.852459242626399494e+00
-5.915045052338868459e+00
-5.971261068269250849e+00
-5.836185719699568786e+00
-5.836185719699568786e+00
-5.851144684422814990e+00
-5.851144684422814990e+00
-5.740406144442507852e+00
-5.740406144442507852e+00
-5.740406144442507852e+00
-5.994459118627995409e+00
-5.994459118627995409e+00
-5.994459118627995409e+00
-5.981133411324897509e+00
-5.981133411324897509e+00
-6.115474580646460545e+00
-6.115474580646460545e+00
-6.115474580646460545e+00
-5.999364438353683049e+00
-6.007388668442113833e+00
-6.008119606273678137e+00
-6.008119606273678137e+00
-6.008119606273678137e+00
-6.008119606273678137e+00
-5.761795685800401579e+00
-5.727127234289832280e+00
-5.727127234289832280e+00
-5.943801466877498996e+00
-5.956067087508335689e+00
-5.956067087508335689e+00
-5.860648251813868725e+00
-5.844468490710936770e+00
-5.897224563694885013e+00
-5.897224563694885013e+00
-5.755807620356262255e+00
-5.895570668941330084e+00
-5.895570668941330084e+00
-5.895570668941330084e+00
-5.895570668941330084e+00
-5.795863421026328233e+00
-5.795863421026328233e+00
-5.862947755818780138e+00
-5.911996418331677994e+00
-5.890072675078216413e+00
-5.890072675078216413e+00
-5.867858175006706922e+00
-5.804991184246640401e+00
-5.849263701270768223e+00
-5.849263701270768223e+00
-5.849263701270768223e+00
-5.971027303917940010e+00
-5.914854287753545492e+00
-5.914854287753545492e+00
-5.914854287753545492e+00
-6.102238129014200041e+00
-6.102238129014200041e+00
-6.017850355429233744e+00
-6.060749559609178050e+00
-6.152518604533332436e+00
-6.152518604533332436e+00
-6.152518604533332436e+00
-6.096342656689495598e+00
-6.096342656689495598e+00
-6.012503924153721258e+00
-6.012503924153721258e+00
-5.898027974337174406e+00
-5.899927307874012428e+00
-5.865413110613355130e+00
-5.953466105976602307e+00
-5.979543857363410098e+00
-5.947349984005359858e+00
-5.947349984005359858e+00
-5.929206378150760237e+00
-5.929206378150760237e+00
-5.894413704411213040e+00
-5.894413704411213040e+00
-5.880681163979657455e+00
-5.827190187258540099e+00
-5.725361335426613962e+00
-5.878495546639122438e+00
-5.907885815390481632e+00
-5.907885815390481632e+00
-5.823845032687541945e+00
-5.823845032687541945e+00
-5.823845032687541945e+00
-5.823845032687541945e+00
-5.823845032687541945e+00
-5.823845032687541945e+00
-5.823845032687541945e+00
-5.982996117060295660e+00
-5.923242295595958495e+00
-5.869157879818891033e+00
-5.869157879818891033e+00
-5.873287718301945404e+00
-5.944808874990567205e+00
-5.944808874990567205e+00
-5.921313674937579208e+00
-5.863734678575552195e+00
-5.863734678575552195e+00
-5.917998208429588125e+00
-5.917998208429588125e+00
-6.168579173546198113e+00
-6.076198193129521918e+00
-6.132603435731036612e+00
-6.132603435731036612e+00
-6.132603435731036612e+00
-6.077114509352317562e+00
-6.077114509352317562e+00
-6.179979522118454582e+00
-6.077951833112082980e+00
-5.906551163856144093e+00
-5.961196943473192178e+00
-5.961196943473192178e+00
-5.961196943473192178e+00
-5.961196943473192178e+00
-6.041086637458619180e+00
-6.030298670881108158e+00
-6.033091651692203961e+00
-6.031909186431856362e+00
-6.031909186431856362e+00
-6.072318018209014845e+00
-5.921960176509903029e+00
-5.905679207159434618e+00
-5.905679207159434618e+00
-5.905679207159434618e+00
-5.920460800329317763e+00
-5.926178012331638989e+00
-5.926178012331638989e+00
-5.926178012331638989e+00
-5.926178012331638989e+00
-5.945477708784642878e+00
-5.945477708784642878e+00
-5.945477708784642878e+00
-6.004019377614321584e+00
-6.004019377614321584e+00
-6.022466990524527830e+00
-6.111034957944118773e+00
-6.081293067294419430e+00
-6.119079260575763790e+00
-6.119079260575763790e+00
-6.119079260575763790e+00
-6.126285453964354311e+00
-6.126285453964354311e+00
-6.126285453964354311e+00
-6.035147514654480183e+00
-6.036084736585020316e+00
-6.076645889276752754e+00
-6.007542352314941603e+00
-5.924381810517862057e+00
-5.922224596175595934e+00
-5.971171498708392811e+00
-5.907732177884225777e+00
-6.036878058584338902e+00
-5.899773689365188645e+00
-5.899773689365188645e+00
-5.899773689365188645e+00
-6.001879190702585909e+00
-6.001879190702585909e+00
-5.998705571968489636e+00
-5.998705571968489636e+00
-5.998251320835342071e+00
-6.071368787913035803e+00
-6.071368787913035803e+00
-6.072780509975530094e+00
-5.935244609739310562e+00
-5.935244609739310562e+00
-5.932237910365158129e+00
-5.809208210026763908e+00
-5.809208210026763908e+00
-5.941830167984443634e+00
-5.941830167984443634e+00
-5.855495846536372895e+00
-5.855495846536372895e+00
-5.855495846536372895e+00
-5.882168645876510560e+00
-5.882168645876510560e+00
-5.854270180164421689e+00
-5.879279463978800635e+00
-5.897990781648188019e+00
-5.897990781648188019e+00
-5.897990781648188019e+00
-5.993948054862943131e+00
-5.986288173041408811e+00
-6.079999235560283211e+00
-6.060942321670896860e+00
-6.076460167844190963e+00
-6.103630123625287673e+00
-6.103630123625287673e+00
-6.055265112768985603e+00
-6.055265112768985603e+00
-6.041746561156329243e+00
-5.938538614052133013e+00
-5.964170886913224834e+00
-5.739789878987661353e+00
-5.739789878987661353e+00
-5.739789878987661353e+00
-5.739789878987661353e+00
-5.616166842234568968e+00
-5.733107748136538895e+00
-5.733107748136538895e+00
-5.725577924896261273e+00
-5.919686781741360981e+00
-5.919686781741360981e+00
-5.919686781741360981e+00
-5.905409087050101924e+00
-5.905409087050101924e+00
-5.905409087050101924e+00
-5.905409087050101924e+00
-5.905409087050101924e+00
-5.903450908110585260e+00
-5.854801153882514875e+00
-5.950635971545407799e+00
-5.916280582047539482e+00
-5.916280582047539482e+00
-6.006950130995549308e+00
-5.827575556806209534e+00
-5.962828135826928388e+00
-5.771410556813992621e+00
-5.766024709619895106e+00
-5.884921868561447944e+00
-5.884921868561447944e+00
-5.894108648582617072e+00
-5.946053528476953787e+00
-5.986945571759864748e+00
-5.872122173214313179e+00
-5.874321774876323232e+00
-5.874321774876323232e+00
-5.896886109312370117e+00
-5.896886109312370117e+00
-5.896886109312370117e+00
-5.862150050909403554e+00
-5.861723868507929147e+00
-5.861723868507929147e+00
-5.861723868507929147e+00
-5.870096471911646852e+00
-5.910794966562076702e+00
-5.910794966562076702e+00
-5.910794966562076702e+00
-5.888555191920696430e+00
-5.943171399844974445e+00
-5.943280521100320790e+00
-5.943280521100320790e+00
-5.819179100875550681e+00
-5.904061059564127412e+00
-5.904061059564127412e+00
-5.875609002005518278e+00
-5.875609002005518278e+00
-5.875609002005518278e+00
-5.788496709644122440e+00
-5.903910563198661698e+00
-5.692595946442249755e+00
-5.692595946442249755e+00
-5.692595946442249755e+00
-5.692595946442249755e+00
-5.692595946442249755e+00
-5.687829663505413968e+00
-5.687829663505413968e+00
-5.580679968413488901e+00
-5.580679968413488901e+00
-5.580679968413488901e+00
-5.700661026457379599e+00
-5.700661026457379599e+00
-5.694976950975679131e+00
-5.694976950975679131e+00
-5.762898603115194973e+00
-5.762898603115194973e+00
-5.762898603115194973e+00
-5.729832649613259221e+00
-5.729832649613259221e+00
-5.729832649613259221e+00
-5.729832649613259221e+00
-5.729832649613259221e+00
-5.890787252264897411e+00
-5.890787252264897411e+00
-5.826188118525728932e+00
-5.890863132559831961e+00
-5.890863132559831961e+00
-5.858695783409629598e+00
-5.858695783409629598e+00
-5.858695783409629598e+00
-5.852727069001980809e+00
-5.874538013290584004e+00
-5.874538013290584004e+00
-5.874538013290584004e+00
-5.880056626092128091e+00
-5.900156416345498478e+00
-5.900156416345498478e+00
-5.856634346729834739e+00
-5.856634346729834739e+00
-5.872732720926185479e+00
-5.872732720926185479e+00
-5.872732720926185479e+00
-5.843319665282173503e+00
-5.843319665282173503e+00
-5.888761462394119128e+00
-5.730265236290362552e+00
-5.730265236290362552e+00
-5.730265236290362552e+00
-5.753544121721450466e+00
-5.776566852278747888e+00
-5.763253437058291517e+00
-5.763253437058291517e+00
-5.763253437058291517e+00
-5.834409540359263957e+00
-5.789452731252483275e+00
-5.609108888869791976e+00
-5.725917079457023107e+00
-5.725917079457023107e+00
-5.725917079457023107e+00
-5.725917079457023107e+00
-5.735173221457328552e+00
-5.735173221457328552e+00
-5.735173221457328552e+00
-5.820184629659722830e+00
-5.800634548176535787e+00
-5.800634548176535787e+00
-5.958600306426091286e+00
-5.903325559772256703e+00
-5.903325559772256703e+00
-5.903325559772256703e+00
-6.012267692450615542e+00
-6.001800328893818204e+00
-6.001800328893818204e+00
-6.044063980531783287e+00
-6.030299803375698708e+00
-6.030299803375698708e+00
-5.993635905871723679e+00
-5.944037374363093207e+00
-5.709330132966202953e+00
-5.774273988408356040e+00
-5.741561844601195119e+00
-5.739290534701128266e+00
-5.745052774297256803e+00
-5.745052774297256803e+00
-5.745052774297256803e+00
-5.715537956259280072e+00
-5.715537956259280072e+00
-5.715537956259280072e+00
-5.715537956259280072e+00
-5.824183045819406601e+00
-5.748758080927373726e+00
-5.737367530856132269e+00
-5.683309489109999113e+00
-5.866141679969296696e+00
-5.866141679969296696e+00
-5.676932061897088211e+00
-5.715371227822413580e+00
-6.007956645687128727e+00
-6.007956645687128727e+00
-5.899618329319415544e+00
-5.699184787961761423e+00
-5.699184787961761423e+00
-5.699184787961761423e+00
-5.699184787961761423e+00
-5.699184787961761423e+00
-5.699184787961761423e+00
-5.724794538496962737e+00
-5.724794538496962737e+00
-5.823149901241304605e+00
-5.827030936960252205e+00
-5.799833979687800678e+00
-5.799833979687800678e+00
-5.799833979687800678e+00
-5.799833979687800678e+00
-5.796749044123455263e+00
-5.921886022365166369e+00
-5.874232872441344178e+00
-5.763988487805027816e+00
-5.763988487805027816e+00
-5.680151371225035994e+00
-5.681360652659855681e+00
-5.772813738918890714e+00
-5.751583509234587943e+00
-5.751583509234587943e+00
-5.751583509234587943e+00
-5.832505100327159298e+00
-5.836922428576123423e+00
-5.836922428576123423e+00
-5.901194721435952140e+00
-5.787969853001848186e+00
-5.732545513188102682e+00
-5.695596790782933461e+00
-5.695596790782933461e+00
-5.771925104777608340e+00
-5.771925104777608340e+00
-5.774719253678318509e+00
-5.777985653158767221e+00
-5.777985653158767221e+00
-5.777985653158767221e+00
-5.696358856513346502e+00
-5.825236030173075008e+00
-5.872850891887381408e+00
-5.818811178641533743e+00
-5.939904779990004435e+00
-5.756513619577972030e+00
-5.850498387279333024e+00
-5.941010497542125179e+00
-6.029792262141844716e+00
-5.980091654178454341e+00
-6.021079296191222952e+00
-6.057378142963020906e+00
-6.101007877711845495e+00
-5.946230186253258942e+00
-5.952612567415417111e+00
-6.120509040253351074e+00
-5.897368644876672228e+00
-5.908890874896155054e+00
-5.909845923184777305e+00
-5.909845923184777305e+00
-5.899617533157270444e+00
-6.052664144442347016e+00
-6.052664144442347016e+00
-6.052664144442347016e+00
-6.040335964688592796e+00
-5.970906628658340765e+00
-5.872506191706911238e+00
-5.745071059083933562e+00
-5.867754163699473224e+00
-5.860593496018915438e+00
-5.786630987332213927e+00
-5.786630987332213927e+00
-5.963280240550491662e+00
-5.963280240550491662e+00
-6.169648343794182033e+00
-6.169648343794182033e+00
-6.168597062218598381e+00
-6.189546250275065553e+00
-6.239396286828220006e+00
-6.239396286828220006e+00
-6.239396286828220006e+00
-6.239396286828220006e+00
-6.241614617754600580e+00
-6.030771875934460624e+00
-6.026404985419971716e+00
-5.976256610051312812e+00
-5.976006452443554551e+00
-5.955063176459019836e+00
-5.879569596812707744e+00
-5.879569596812707744e+00
-5.851272666460511473e+00
-6.121624746455311517e+00
-6.121624746455311517e+00
-5.885636601770393384e+00
-6.000976925765790781e+00
-5.872332902430046353e+00
-5.872332902430046353e+00
-5.940392384348345267e+00
-5.940392384348345267e+00
-5.889344298779215947e+00
-5.889344298779215947e+00
-5.889344298779215947e+00
-5.889344298779215947e+00
-5.889344298779215947e+00
-5.918650495095389985e+00
-5.926588369695853231e+00
-5.982501491140162386e+00
-5.982501491140162386e+00
-5.982501491140162386e+00
-5.982501491140162386e+00
-5.968906338144249979e+00
-5.936840840974667799e+00
-5.936840840974667799e+00
-5.936840840974667799e+00
-5.936840840974667799e+00
-5.767688757294069823e+00
-5.843602841157330197e+00
-5.843602841157330197e+00
-5.843602841157330197e+00
-6.028653268276243260e+00
-5.962943394978388767e+00
-5.962332544107669108e+00
-5.962332544107669108e+00
-6.013304973084167671e+00
-6.013304973084167671e+00
-6.013304973084167671e+00
-6.053752226039885720e+00
-5.988862215385791110e+00
-5.988862215385791110e+00
-5.988862215385791110e+00
-5.988862215385791110e+00
-6.029980070909384260e+00
-6.323773179785134424e+00
-6.323773179785134424e+00
-6.031055937080000540e+00
-6.027352949651187508e+00
-6.137840765434048329e+00
-6.133034852824964744e+00
-6.133034852824964744e+00
-6.057219360742375436e+00
-6.057219360742375436e+00
-6.017030710967876672e+00
-6.017030710967876672e+00
-6.017030710967876672e+00
-6.017030710967876672e+00
-5.865012720254787482e+00
-5.848122276252384566e+00
-5.848122276252384566e+00
-6.180095567999543960e+00
-6.180095567999543960e+00
-6.180095567999543960e+00
-6.137598240804590155e+00
-6.140579876438711615e+00
-6.149037490554308150e+00
-6.147871552510503435e+00
-6.097775323906954092e+00
-6.084014974912236084e+00
-6.084014974912236084e+00
-6.112360949836119772e+00
-6.112360949836119772e+00
-6.077417709621340869e+00
-6.077417709621340869e+00
-6.002233977367847473e+00
-6.002233977367847473e+00
-5.900295777046338230e+00
-5.900295777046338230e+00
-5.900295777046338230e+00
-5.920423525292864753e+00
-6.012606559052932731e+00
-6.012606559052932731e+00
-5.927436520468641667e+00
-5.927436520468641667e+00
-5.924245042266973016e+00
-6.008477076848091514e+00
-6.008477076848091514e+00
-6.009040559008144378e+00
-6.009040559008144378e+00
-6.070465705009146617e+00
-6.070465705009146617e+00
-5.942024827462655701e+00
-6.007846700230967230e+00
-6.007846700230967230e+00
-5.977935689620097470e+00
-6.099436767744009558e+00
-6.099436767744009558e+00
-6.099436767744009558e+00
-6.099436767744009558e+00
-6.099436767744009558e+00
-6.099436767744009558e+00
-6.099436767744009558e+00
-6.125151887074638424e+00
-6.125151887074638424e+00
-6.125151887074638424e+00
-6.125151887074638424e+00
-6.090037835605752292e+00
-6.090037835605752292e+00
-6.244740324496834027e+00
-6.182748431781343257e+00
-6.182748431781343257e+00
-6.182748431781343257e+00
-6.141657756152421932e+00
-6.130871934171512549e+00
-5.998868892291061350e+00
-6.005277021909037671e+00
-6.005277021909037671e+00
-6.000213854776988320e+00
-5.988596069058263360e+00
-6.015963022073406385e+00
-6.015963022073406385e+00
-5.757755042352170172e+00
-5.791094374335785666e+00
-5.791094374335785666e+00
-5.976199029493464820e+00
-6.096978793135597208e+00
-6.100729110959385970e+00
-6.100729110959385970e+00
-6.062046385215530186e+00
-6.075524522568620966e+00
-6.074015227868948763e+00
-6.074015227868948763e+00
-6.076696637112373622e+00
-6.076696637112373622e+00
-6.076696637112373622e+00
-6.076696637112373622e+00
-6.033736729783347741e+00
-6.033736729783347741e+00
-6.033736729783347741e+00
-5.975407503337747173e+00
-5.950642953694587511e+00
-5.964294571948694390e+00
-5.964294571948694390e+00
-5.964294571948694390e+00
-6.010553822203648977e+00
-6.113682011348870127e+00
-6.093558820279922905e+00
-5.979862531731146902e+00
-5.979862531731146902e+00
-6.003816959800901465e+00
-6.019582512367101401e+00
-5.842393119780606270e+00
-5.842393119780606270e+00
-5.864534353790518573e+00
-5.824469987078464861e+00
-5.824432541359783500e+00
-5.824432541359783500e+00
-5.824432541359783500e+00
-5.897991318642941572e+00
-5.987289549880827622e+00
-5.987289549880827622e+00
-5.987289549880827622e+00
-5.913467733649857117e+00
-5.913467733649857117e+00
-5.913467733649857117e+00
-5.913467733649857117e+00
-5.913467733649857117e+00
-5.851047701994938066e+00
-5.806546970474503411e+00
-5.806546970474503411e+00
-5.822915521880026368e+00
-5.797407242354844392e+00
-5.762594552751044041e+00
-5.762594552751044041e+00
-5.797594532669423373e+00
-5.797594532669423373e+00
-5.797594532669423373e+00
-5.821245141232060938e+00
-5.796984119685232528e+00
-5.763804598914203048e+00
-5.844879031902284083e+00
-5.787222568712959259e+00
-5.891875968826722598e+00
-5.873707423887863932e+00
-5.873707423887863932e+00
-5.853745527249826885e+00
-5.825387843211840888e+00
-5.931665468778982486e+00
-5.847754132359217927e+00
-6.129997485978014637e+00
-5.987761589328485456e+00
-5.973782043621934434e+00
-6.110533966243263393e+00
-6.110533966243263393e+00
-6.133048381307128594e+00
-6.133048381307128594e+00
-6.133048381307128594e+00
-6.008570969480089730e+00
-5.972204477063706385e+00
-5.986691941239377535e+00
-5.986691941239377535e+00
-5.857476352510060380e+00
-5.958255105257391548e+00
-6.093203044854544004e+00
-6.040132380272050128e+00
-5.954594538872458820e+00
-5.984975514710488831e+00
-5.984975514710488831e+00
-5.984975514710488831e+00
-5.984975514710488831e+00
-5.917104447604390138e+00
-5.946701983554762982e+00
-5.981136230282586119e+00
-5.985410944460606508e+00
-5.985410944460606508e+00
-5.985410944460606508e+00
-5.995492596282946174e+00
-5.985367079611203067e+00
-6.116777048398216898e+00
-6.116777048398216898e+00
-6.116777048398216898e+00
-6.116777048398216898e+00
-6.164018550131956431e+00
-6.094796148180711803e+00
-6.094796148180711803e+00
-6.094796148180711803e+00
-6.094796148180711803e+00
-6.094796148180711803e+00
-6.032487083994253929e+00
-6.054004133144709421e+00
-6.090764298418054778e+00
-6.090764298418054778e+00
-6.103787738106886351e+00
-5.788594311934070369e+00
-5.788594311934070369e+00
-5.788594311934070369e+00
-6.000424505802700814e+00
-5.954804389735214976e+00
-5.954804389735214976e+00
-5.954804389735214976e+00
-5.959572246187951450e+00
-5.867852387476588660e+00
-5.997837791938833263e+00
-5.997837791938833263e+00
-6.065215921636939456e+00
-6.065215921636939456e+00
-6.065215921636939456e+00
-6.066230648604999942e+00
-6.066230648604999942e+00
-6.129934812841773883e+00
-6.162003200904077715e+00
-6.162003200904077715e+00
-6.162003200904077715e+00
-6.162003200904077715e+00
-6.045732286926758903e+00
-6.045732286926758903e+00
-6.045732286926758903e+00
-6.045732286926758903e+00
-6.045732286926758903e+00
-6.047290081000858741e+00
-6.107440533720180476e+00
-6.110727264869429298e+00
-5.944433656538415711e+00
-5.805147519139499224e+00
-5.828300158205561132e+00
-5.794875991567042028e+00
-5.790862973078374054e+00
-5.790862973078374054e+00
-5.798042565534689885e+00
-5.798042565534689885e+00
-5.798042565534689885e+00
-5.798042565534689885e+00
-5.798042565534689885e+00
-5.922389731620913089e+00
-5.922389731620913089e+00
-5.928749557007519044e+00
-5.928749557007519044e+00
-5.928749557007519044e+00
-5.911706043243013298e+00
-6.056844490938786407e+00
-6.035378492700775865e+00
-6.035378492700775865e+00
-6.039076528418195089e+00
-5.995042035898278776e+00
-5.995042035898278776e+00
-6.084577882041786623e+00
-6.084577882041786623e+00
-6.084577882041786623e+00
-6.020130558713284508e+00
-6.020130558713284508e+00
-6.020130558713284508e+00
-6.020130558713284508e+00
-6.020130558713284508e+00
-5.980475289628615521e+00
-5.980475289628615521e+00
-5.980475289628615521e+00
-5.980475289628615521e+00
-5.980475289628615521e+00
-5.933626780856185334e+00
-5.981264446894726916e+00
-5.960558508395564559e+00
-5.960558508395564559e+00
-5.960558508395564559e+00
-5.873694730245225593e+00
-5.962186116233080924e+00
-5.962186116233080924e+00
-5.943930710822382224e+00
-5.768337434958898058e+00
-5.768337434958898058e+00
-5.777431117929424431e+00
-5.777431117929424431e+00
-5.777431117929424431e+00
-5.748151653819125961e+00
-5.748151653819125961e+00
-5.748151653819125961e+00
-6.077298435958128131e+00
-6.076272227897243638e+00
-6.076272227897243638e+00
-6.076272227897243638e+00
-6.073252997573921341e+00
-5.988619749595791575e+00
-5.975212395205995008e+00
-5.975212395205995008e+00
-5.976439709377577181e+00
-6.069477618845348310e+00
-6.070766487838718639e+00
-5.987180187453979840e+00
-5.987180187453979840e+00
-5.987180187453979840e+00
-5.987180187453979840e+00
-5.987180187453979840e+00
-6.079390217689214282e+00
-6.079390217689214282e+00
-5.982453800347394157e+00
-5.967655720469530856e+00
-6.040700937800407289e+00
-6.040700937800407289e+00
-6.040700937800407289e+00
-6.040700937800407289e+00
-6.189057378541468424e+00
-6.059076367435101140e+00
-6.059076367435101140e+00
-6.059076367435101140e+00
-6.091407914872776885e+00
-6.091407914872776885e+00
-6.091407914872776885e+00
-6.042344966492171565e+00
-6.078979029144631951e+00
-6.078979029144631951e+00
-6.087838707221486345e+00
-6.087838707221486345e+00
-6.021688674813129083e+00
-6.021546177088672458e+00
-5.990652839569590604e+00
-5.953760928600682512e+00
-5.953760928600682512e+00
-5.953760928600682512e+00
-6.167966069366546122e+00
-6.167966069366546122e+00
-6.035909205204153416e+00
-5.995884404137174606e+00
-6.040346891995753253e+00
-6.044337773963830429e+00
-6.044337773963830429e+00
-6.055388874191860893e+00
-6.026912979014125149e+00
-6.114800077360174058e+00
-6.081125728304867195e+00
-6.132456110148347683e+00
-6.132456110148347683e+00
-6.205833230631702335e+00
-6.197242118682161127e+00
-6.197242118682161127e+00
-6.264426026988351381e+00
-6.207854469274970199e+00
-6.214469941535229580e+00
-6.203430581081236461e+00
-5.971065209560407538e+00
-5.971065209560407538e+00
-5.998933683260013972e+00
-5.957005860804446051e+00
-5.963692141670430047e+00
-5.963692141670430047e+00
-5.929151729326505027e+00
-6.023650510944846381e+00
-6.023650510944846381e+00
-6.023650510944846381e+00
-6.023650510944846381e+00
-6.023650510944846381e+00
-6.154769263423220949e+00
-6.219097655544980618e+00
-6.137946450710113133e+00
-6.137946450710113133e+00
-6.137946450710113133e+00
-6.135336719475994904e+00
-6.135336719475994904e+00
-6.135336719475994904e+00
-6.008766491401582144e+00
-6.008766491401582144e+00
-5.954576157034240147e+00
-5.954576157034240147e+00
-5.954576157034240147e+00
-6.091946193422863587e+00
-6.152267605717405274e+00
-6.151977479394891368e+00
-6.151977479394891368e+00
-6.174566264762895607e+00
-6.174566264762895607e+00
-6.113360519799002191e+00
-6.094424154672867466e+00
-5.976721262457125761e+00
-5.873249221059691827e+00
-5.875716668278392341e+00
-5.875716668278392341e+00
-5.882078549663031453e+00
-5.882078549663031453e+00
-6.053121886894500925e+00
-6.053121886894500925e+00
-6.119851797086841572e+00
-6.119851797086841572e+00
-6.077979778262434074e+00
-6.112102244444374222e+00
-6.112102244444374222e+00
-6.120279933145614137e+00
-5.993279400918430255e+00
-6.019272335700280863e+00
-6.019272335700280863e+00
-6.013879449781279973e+00
-5.923329214342468063e+00
-6.125994587983647932e+00
-6.105687268437454129e+00
-6.065226967418262838e+00
-6.064812349328567720e+00
-6.112862346999949459e+00
-6.112862346999949459e+00
-6.125083780214689355e+00
-6.135707983041785774e+00
-6.135707983041785774e+00
-6.146335093080652179e+00
-6.146335093080652179e+00
-5.941207423588450887e+00
-5.994652942032766774e+00
-5.994652942032766774e+00
-6.059225370199566640e+00
-6.059225370199566640e+00
-6.059225370199566640e+00
-5.995857176371298891e+00
-6.127708090000334451e+00
-6.130324952958414286e+00
-6.130324952958414286e+00
-6.130324952958414286e+00
-6.104164139444749893e+00
-6.104164139444749893e+00
-6.104164139444749893e+00
-6.105888578119960997e+00
-6.092480187257230284e+00
-6.092480187257230284e+00
-6.157168366120308711e+00
-6.163580378526838821e+00
-6.061753922264991878e+00
-6.061753922264991878e+00
-6.051841548246748026e+00
-6.098856388429502395e+00
-6.146496612969023943e+00
-6.146496612969023943e+00
-6.170443065905489632e+00
-6.111599823785781815e+00
-6.111599823785781815e+00
-6.090406361315912953e+00
-6.090406361315912953e+00
-6.090406361315912953e+00
-6.174706856358612939e+00
-6.174706856358612939e+00
-6.174706856358612939e+00
-6.174706856358612939e+00
-6.154987918373405087e+00
-6.043026650870702454e+00
-5.996032260501245048e+00
-5.994860538240147640e+00
-5.970687155300756110e+00
-5.993189205719624546e+00
-5.993189205719624546e+00
-5.942257561493955009e+00
-6.249119390331431489e+00
-6.249119390331431489e+00
-6.249119390331431489e+00
-6.249119390331431489e+00
-6.228339941099670263e+00
-6.125672812661238531e+00
-6.027049341810634786e+00
-6.027049341810634786e+00
-6.040828513052454163e+00
-6.040828513052454163e+00
-6.088349837150711430e+00
-6.099261119693392352e+00
-6.084881665666276973e+00
-6.084881665666276973e+00
-6.084881665666276973e+00
-6.084881665666276973e+00
-6.084881665666276973e+00
-5.982048067888323217e+00
-5.982048067888323217e+00
-5.982048067888323217e+00
-5.982048067888323217e+00
-6.045523552429759917e+00
-6.046380194146111720e+00
-6.046380194146111720e+00
-6.046380194146111720e+00
-6.046380194146111720e+00
-6.046380194146111720e+00
-6.101542955536365831e+00
-5.919915040867635092e+00
-5.978490432431729396e+00
-6.062285657174030007e+00
-6.076802083931569065e+00
-6.085506195368141746e+00
-6.090600301855018550e+00
-6.045542597901793158e+00
-6.045239232023329912e+00
-6.045239232023329912e+00
-6.158206692115147263e+00
-6.158206692115147263e+00
-6.217828617906106636e+00
-6.217828617906106636e+00
-6.135470271965859368e+00
-6.267689918188075637e+00
-6.168713020248657308e+00
-6.168713020248657308e+00
-6.167515515489645495e+00
-6.166466178969283618e+00
-6.217877416685244185e+00
-6.217877416685244185e+00
-6.217877416685244185e+00
-6.179732786801724664e+00
-6.179732786801724664e+00
-6.174936886651281931e+00
-6.171183684957448179e+00
-6.280750831995559835e+00
-6.280750831995559835e+00
-6.280750831995559835e+00
-6.280750831995559835e+00
-6.280750831995559835e+00
-6.202833544276676214e+00
-6.202833544276676214e+00
-6.202833544276676214e+00
-6.217628785832130411e+00
-6.217628785832130411e+00
-5.989643278227942957e+00
-5.989643278227942957e+00
-5.912102730586411781e+00
-5.912102730586411781e+00
-5.930069999059171870e+00
-5.966979637390263491e+00
-5.932591900653261696e+00
-5.897899589516257812e+00
-6.105354546769922841e+00
-6.105354546769922841e+00
-6.105354546769922841e+00
-6.046450123545024091e+00
-6.046393399240567845e+00
-6.046537771799225247e+00
-6.046537771799225247e+00
-6.037888229900509884e+00
-6.037888229900509884e+00
-6.051680974106592004e+00
-6.051680974106592004e+00
-6.051680974106592004e+00
-6.051680974106592004e+00
-6.179039032487128047e+00
-6.179039032487128047e+00
-6.179039032487128047e+00
-6.179039032487128047e+00
-6.087850930193145160e+00
-6.104206368964915974e+00
-6.308701529280068776e+00
-6.221308836885276250e+00
-6.075650533995797353e+00
-6.053868362666314340e+00
-6.055902437490519041e+00
-6.063640289927705318e+00
-6.082519858648121058e+00
-6.075113949857867013e+00
-6.027367300610087852e+00
-6.356605287211667843e+00
-6.356605287211667843e+00
-6.365192711553849136e+00
-6.131265282754391421e+00
-6.202293664783818272e+00
-6.211339548174827918e+00
-6.231634536711843531e+00
-6.230743722311511412e+00
-6.251953253311719472e+00
-6.307937851594306977e+00
-5.876568717102046868e+00
-5.876568717102046868e+00
-5.883738391186691175e+00
-5.918969036376789283e+00
-5.872840412936315424e+00
-5.899265082414307138e+00
-6.001011383343744399e+00
-5.971380470063397006e+00
-6.042604205952735619e+00
-6.045400172598798250e+00
-6.070296202098944605e+00
-6.081180135509267615e+00
-6.081180135509267615e+00
-6.112849681029197235e+00
-6.063999016717022350e+00
-6.085196540406822230e+00
-6.085196540406822230e+00
-6.219774684177902913e+00
-6.052423797532012095e+00
-6.149368669516726449e+00
-6.098067503434198677e+00
-6.098067503434198677e+00
-6.125102704121426100e+00
-6.100332068312750877e+00
-6.171470434033314412e+00
-6.073598243231361771e+00
-6.073021939182284612e+00
-6.169580131980339388e+00
-6.169580131980339388e+00
-6.155320873703936435e+00
-6.226256036042390640e+00
-6.097677109155957176e+00
-6.097677109155957176e+00
-6.097677109155957176e+00
-6.086672863396699107e+00
-6.086672863396699107e+00
-6.086672863396699107e+00
-5.939720552471136727e+00
-6.032310873342817459e+00
-6.032571370990956083e+00
-6.032571370990956083e+00
-6.032571370990956083e+00
-6.032571370990956083e+00
-6.035659840256776931e+00
-6.029626911883410045e+00
-6.056864441453503112e+00
-5.958191864164886553e+00
-5.958191864164886553e+00
-5.958191864164886553e+00
-5.958191864164886553e+00
-5.955109306676383163e+00
-5.955109306676383163e+00
-6.133776424151157869e+00
-6.032061315972485183e+00
-6.032061315972485183e+00
-6.022497420929353140e+00
-6.104232537794385571e+00
-6.102790174027472148e+00
-6.102790174027472148e+00
-6.057066789944705931e+00
-6.032071695457852378e+00
-6.022364487082636053e+00
-6.051680427934130968e+00
-6.076288532908602491e+00
-6.076288532908602491e+00
-6.158025231799693522e+00
-6.158025231799693522e+00
-6.158025231799693522e+00
-6.158025231799693522e+00
-6.168507954697227902e+00
-6.016574228775712463e+00
-6.016574228775712463e+00
-6.017518390825685515e+00
-6.099933252126998440e+00
-6.073726316387801027e+00
-5.948957856036803271e+00
-5.948957856036803271e+00
-5.949555970857647758e+00
-5.993178708959174372e+00
-5.993178708959174372e+00
-5.993178708959174372e+00
-5.993178708959174372e+00
-5.953815662474141845e+00
-5.953815662474141845e+00
-5.955597188602394176e+00
-5.970362692256423465e+00
-5.970362692256423465e+00
-5.970362692256423465e+00
-6.038556648630611257e+00
-6.038556648630611257e+00
-6.038556648630611257e+00
-6.009496345668851269e+00
-6.009496345668851269e+00
-6.018782222687997674e+00
-6.051359318630558093e+00
-6.023906651253947864e+00
-6.001104122706140132e+00
-6.191160382404121698e+00
-6.085753133870996479e+00
-6.085753133870996479e+00
-6.085753133870996479e+00
-6.041949308899523530e+00
-6.048789663206248335e+00
-5.963698523754345615e+00
-5.963698523754345615e+00
-6.069609124711474735e+00
-6.091667109135606495e+00
-6.091667109135606495e+00
-6.053589685562236866e+00
-6.084607156903798497e+00
-6.084607156903798497e+00
-6.084607156903798497e+00
-6.084607156903798497e+00
-5.903523277210871889e+00
-5.903523277210871889e+00
-5.903523277210871889e+00
-5.903523277210871889e+00
-5.903523277210871889e+00
-5.903523277210871889e+00
-5.904101769427911428e+00
-5.896138516069540536e+00
-5.987913216612668954e+00
-5.987913216612668954e+00
-5.950235200090851606e+00
-5.950235200090851606e+00
-5.950235200090851606e+00
-5.950235200090851606e+00
-6.124270969640902784e+00
-5.989560040490734316e+00
-6.166689826550636688e+00
-6.185035672735923029e+00
-5.836845422927688709e+00
-5.857977190932195377e+00
-5.857977190932195377e+00
-5.841185004115089896e+00
-5.841185004115089896e+00
-5.707054722187136164e+00
-5.717108223349296026e+00
-5.823663618809209908e+00
-5.929339607800739209e+00
-5.770835262009561539e+00
-5.770835262009561539e+00
-5.770835262009561539e+00
-5.770835262009561539e+00
-5.763525742321237821e+00
-5.763525742321237821e+00
-5.763525742321237821e+00
-6.149703596575217368e+00
-6.154658226315326885e+00
-6.207150933294009576e+00
-6.207150933294009576e+00
-6.106475966199973904e+00
-6.106475966199973904e+00
-6.106475966199973904e+00
-6.106475966199973904e+00
-6.106475966199973904e+00
-6.085604916103958040e+00
-6.085604916103958040e+00
-6.023710259774172293e+00
-6.006759761743842851e+00
-6.072235884782789306e+00
-6.008536155013210589e+00
-6.008536155013210589e+00
-6.009930396017881371e+00
-5.995536437445570854e+00
-5.995536437445570854e+00
-5.975760967343775931e+00
-5.975760967343775931e+00
-6.026543616572570983e+00
-6.065131940754417528e+00
-6.065131940754417528e+00
-6.011787993691565468e+00
-5.967699244231769562e+00
-5.986891530816018658e+00
-5.986891530816018658e+00
-5.908127177967304355e+00
-6.045661516005841563e+00
-6.091987586578517799e+00
-6.088743132765757515e+00
-6.030944297948441779e+00
-5.981272342015191867e+00
-6.001248955091322834e+00
-6.001248955091322834e+00
-5.987386342161489239e+00
-5.987386342161489239e+00
-6.028241130370696865e+00
-6.028241130370696865e+00
-6.157532972853150710e+00
-6.020077652616493857e+00
-6.148266696512547647e+00
-6.143919673845022800e+00
-6.078836003552157585e+00
-6.085075402121730370e+00
-6.140138158445385130e+00
-6.140138158445385130e+00
-6.215550191683871795e+00
-6.215550191683871795e+00
-6.181965159590980363e+00
-6.181965159590980363e+00
-6.196481406062431141e+00
-6.196481406062431141e+00
-6.193840075697802483e+00
-6.086589049722935130e+00
-6.164248787345488090e+00
-6.164248787345488090e+00
-6.179285613619267536e+00
-6.158015115499943626e+00
-6.158015115499943626e+00
-6.158015115499943626e+00
-5.789208227512933291e+00
-5.840409360924817328e+00
-6.158699883066725000e+00
-5.706717422945270179e+00
-5.718369571001837848e+00
-6.211596856122995725e+00
-6.211596856122995725e+00
-6.195652906597458376e+00
-6.195652906597458376e+00
-6.125263090523866971e+00
-5.987577786649151967e+00
-5.987577786649151967e+00
-5.987577786649151967e+00
-6.135357881484369891e+00
-6.069127618050820239e+00
-6.213255747761627923e+00
-6.121647399185799365e+00
-6.121647399185799365e+00
-6.158107099867228484e+00
-6.291458748884803498e+00
-6.291458748884803498e+00
-6.291458748884803498e+00
-6.267675455325844247e+00
-6.187713698620068925e+00
-6.188668571032268417e+00
-6.201400168623283804e+00
-6.123787551843545174e+00
-6.156281973883401371e+00
-6.120120034796339148e+00
-6.183826565656947771e+00
-6.183826565656947771e+00
-6.061135846225015555e+00
-5.912394902183607748e+00
-5.912394902183607748e+00
-6.008044228264583175e+00
-6.108225521354661680e+00
-6.108225521354661680e+00
-6.126152009002786336e+00
-6.126152009002786336e+00
-6.071473109448435324e+00
-6.071473109448435324e+00
-6.071473109448435324e+00
-6.076875510218882503e+00
-6.020571417031108652e+00
-6.020571417031108652e+00
-6.101288292499963184e+00
-6.186496247136482829e+00
-6.308383964545252631e+00
-5.893151974184842601e+00
-6.162368751968870129e+00
-6.051733218191840180e+00
-6.076164923758262226e+00
-6.056761104397470064e+00
-6.056761104397470064e+00
-6.101531511891733928e+00
-6.192156447662124030e+00
-6.149069087725576033e+00
-6.121561394652602850e+00
-6.066069231915741433e+00
-6.052948309828501294e+00
-6.052948309828501294e+00
-6.034839849660902367e+00
-5.920430595163618470e+00
-6.092979212903691710e+00
-5.833774101665065714e+00
-5.833774101665065714e+00
-5.833774101665065714e+00
-5.833119420832123758e+00
-5.833119420832123758e+00
-5.868644024826902950e+00
-5.834017029442310154e+00
-5.834017029442310154e+00
-5.818098201261139302e+00
-5.731853706820150052e+00
-5.751229131723881949e+00
-5.756450924834221716e+00
-5.780345045101244139e+00
-5.753913919853401282e+00
-5.766507728730125848e+00
-5.633958059143199470e+00
-5.628891340004802402e+00
-5.959587319594585431e+00
-6.103910177382538826e+00
-6.114326063658630517e+00
-6.129826114388325031e+00
-5.968001680885866023e+00
-6.073556346605812450e+00
-6.073556346605812450e+00
-6.068157885336812107e+00
-5.699161101460017420e+00
-5.981783213668917298e+00
-5.862051712221613364e+00
-5.873453305404929381e+00
-5.892249123157907498e+00
-5.892249123157907498e+00
-5.905031389149833387e+00
-5.736827208046786808e+00
-5.753391641550466673e+00
-5.753391641550466673e+00
-5.758880404803539577e+00
-5.876976312531365210e+00
-5.876976312531365210e+00
-5.868273215709749024e+00
-5.868273215709749024e+00
-5.983099332617420885e+00
-5.984883476756704290e+00
-5.984883476756704290e+00
-6.106022519429805229e+00
-6.087144929822152051e+00
-6.091017926000344751e+00
-6.091017926000344751e+00
-6.091017926000344751e+00
-6.091072281168735891e+00
-6.091072281168735891e+00
-6.091072281168735891e+00
-6.091072281168735891e+00
-6.109403969426137948e+00
-6.147944911277385849e+00
-5.967525317873659141e+00
-5.918788922491538429e+00
-5.918788922491538429e+00
-5.918788922491538429e+00
-5.902683462765890177e+00
-6.102597748691476198e+00
-6.102597748691476198e+00
-6.117518540520190840e+00
-6.119253443173383822e+00
-6.124796304846967132e+00
-6.116832231043936474e+00
-6.116832231043936474e+00
-6.107771259284824339e+00
-6.108184955943238847e+00
-6.120262530814866153e+00
-6.098616753038479388e+00
-6.083025692167040255e+00
-6.160119238683404497e+00
-6.160119238683404497e+00
-6.160119238683404497e+00
-6.184967452613630456e+00
-6.184967452613630456e+00
-6.132509522805223767e+00
-6.258266164539293186e+00
-5.822760183773079135e+00
-5.848394562503660410e+00
-5.848394562503660410e+00
-5.730363718569537745e+00
-5.722942740055776412e+00
-5.778639750049809010e+00
-5.757262374897837987e+00
-5.757262374897837987e+00
-5.766823227794664497e+00
-5.623287924922741432e+00
-5.758819286340025378e+00
-5.679587629043050256e+00
-5.652897509291444855e+00
-5.644875029914215858e+00
-5.644875029914215858e+00
-5.644875029914215858e+00
-5.668444331583830653e+00
-5.684796587954841662e+00
-5.684796587954841662e+00
-5.737419002157229997e+00
-5.568346494034643435e+00
-5.788256623547465729e+00
-5.816521534694062190e+00
-5.755507560137908207e+00
-5.773634991066860067e+00
-5.932071844672687888e+00
-5.928101931505382005e+00
-5.891097831490937686e+00
-5.841306886109268071e+00
-5.821736079595992486e+00
-5.854807564956519883e+00
-5.893152943443751290e+00
-5.440297513904158500e+00
-5.440297513904158500e+00
-5.502602069454789024e+00
-5.517276414553402120e+00
-5.517276414553402120e+00
-5.805032923450925253e+00
-5.733870056446061625e+00
-5.833642744930776836e+00
-5.833642744930776836e+00
-5.736872183708872974e+00
-5.736872183708872974e+00
-5.737135973358610919e+00
-5.749343012148378840e+00
-5.749343012148378840e+00
-5.695431694046536819e+00
-5.724158558080418402e+00
-5.724158558080418402e+00
-5.774654426581848909e+00
-5.774654426581848909e+00
-5.953631386553275284e+00
-5.953631386553275284e+00
-5.953631386553275284e+00
-5.953631386553275284e+00
-5.953631386553275284e+00
-5.888818063134451997e+00
-5.888818063134451997e+00
-5.887990890961974699e+00
-5.992124789481414027e+00
-5.999119913739239252e+00
-5.984356716942825116e+00
-5.984356716942825116e+00
-5.928667914253414217e+00
-5.928667914253414217e+00
-5.928667914253414217e+00
-5.928667914253414217e+00
-5.928667914253414217e+00
-5.923373529122206271e+00
-5.923373529122206271e+00
-5.921820081622455767e+00
-5.915339694144313043e+00
-5.949570644628751737e+00
-5.946863356111180110e+00
-5.935910601712013346e+00
-5.935910601712013346e+00
-6.019527800712533683e+00
-6.019527800712533683e+00
-6.019527800712533683e+00
-6.036989499707604345e+00
-5.964783666440789389e+00
-5.964783666440789389e+00
-5.910106216661643153e+00
-5.910106216661643153e+00
-5.896019086310917423e+00
-5.896019086310917423e+00
-5.980266049119911997e+00
-5.980230710798860372e+00
-5.980230710798860372e+00
-5.964819178348058415e+00
-5.964819178348058415e+00
-5.936237854130508751e+00
-5.846334462788704833e+00
-5.846133889140857853e+00
-5.846133889140857853e+00
-5.837019870008652411e+00
-5.814616306035982340e+00
-5.814616306035982340e+00
-5.852744160596424550e+00
-5.989206179923470152e+00
-5.905766729705004714e+00
-5.905766729705004714e+00
-5.842375370153798819e+00
-5.842375370153798819e+00
-5.764387979673293749e+00
-5.781856099732276988e+00
-5.829434891819688325e+00
-5.810896368951069313e+00
-5.997999298622688436e+00
-5.998351481819087283e+00
-5.998351481819087283e+00
-5.998351481819087283e+00
-5.936443378818359484e+00
-5.958150553009669004e+00
-5.926961502167102047e+00
-5.818156413082946621e+00
-5.762792472557761059e+00
-5.762792472557761059e+00
-5.760267068643824651e+00
-5.760267068643824651e+00
-5.760267068643824651e+00
-5.819103554592621741e+00
-5.819103554592621741e+00
-5.800835159390108409e+00
-5.808428804163261461e+00
-5.747953313320920188e+00
-5.747953313320920188e+00
-5.747953313320920188e+00
-5.839345134736989351e+00
-5.891996377372574756e+00
-5.813974002160472665e+00
-5.813974002160472665e+00
-5.813974002160472665e+00
-5.813974002160472665e+00
-5.763832414666193671e+00
-5.790184167050732356e+00
-5.789162333115459802e+00
-5.793719906242545292e+00
-5.793719906242545292e+00
-5.788508999504236918e+00
-5.788898137264423482e+00
-5.788898137264423482e+00
-5.788898137264423482e+00
-5.786955989553675295e+00
-5.785835564992886759e+00
-5.700755328243668707e+00
-5.994444406098024203e+00
-6.252108007823196978e+00
-6.252108007823196978e+00
-6.322318894856293170e+00
-6.293422981057092080e+00
-6.064261576677041354e+00
-6.004261075731887054e+00
-5.916813257036669604e+00
-5.916813257036669604e+00
-6.009107486351567218e+00
-5.939827590338776275e+00
-5.953479714505625964e+00
-5.953479714505625964e+00
-5.953479714505625964e+00
-5.941497968114671124e+00
-5.941497968114671124e+00
-5.941497968114671124e+00
-5.965843723448565505e+00
-5.982944547715011829e+00
-6.116801062711197723e+00
-6.097757772222421657e+00
-6.097757772222421657e+00
-6.097757772222421657e+00
-6.122401141634973953e+00
-5.942802076351047624e+00
-5.941340612710441782e+00
-5.966828895670936106e+00
-6.169169907150271470e+00
-6.225525636864234436e+00
-6.144510835222592782e+00
-6.144510835222592782e+00
-6.069098608193386646e+00
-6.067453273905772271e+00
-6.067453273905772271e+00
-6.067453273905772271e+00
-6.058573641538141707e+00
-6.058573641538141707e+00
-6.058573641538141707e+00
-6.058573641538141707e+00
-6.121201329603497499e+00
-6.139789300228480684e+00
-6.040466112068004989e+00
-6.040466112068004989e+00
-6.040104545876417319e+00
-6.072834018986688065e+00
-6.072834018986688065e+00
-6.181402466363053350e+00
-6.129081001080992408e+00
-6.098198940819457903e+00
-6.098198940819457903e+00
-6.098198940819457903e+00
-6.098198940819457903e+00
-6.098198940819457903e+00
-6.266814354901882211e+00
-6.295210879016263306e+00
-6.295210879016263306e+00
-6.345839398552665322e+00
-6.295795972418652298e+00
-6.298251523368342930e+00
-6.236285201458443339e+00
-6.248399836931438855e+00
-6.012914548670379666e+00
-6.013628096705261328e+00
-6.013366899970256974e+00
-6.040447250972290405e+00
-6.040447250972290405e+00
-6.074956981132293876e+00
-5.892406131702572658e+00
-5.892406131702572658e+00
-5.892406131702572658e+00
-5.892406131702572658e+00
-5.923124220563626530e+00
-5.928261606656686666e+00
-5.928261606656686666e+00
-5.928261606656686666e+00
-5.928261606656686666e+00
-6.049320331526446104e+00
-6.049320331526446104e+00
-6.086912432520856342e+00
-6.086912432520856342e+00
-6.086912432520856342e+00
-6.086912432520856342e+00
-6.018551243376894178e+00
-6.033325430836764092e+00
-6.125049133106402977e+00
-5.980860883984163046e+00
-5.880305700509316225e+00
-5.946575170489205142e+00
-5.946575170489205142e+00
-5.976465589338799234e+00
-5.976465589338799234e+00
-5.958911605513168119e+00
-5.979312127657817832e+00
-6.085794843053027314e+00
-5.869021204626162280e+00
-5.949205964364543853e+00
-5.949205964364543853e+00
-5.971751138488937904e+00
-5.943456542273309218e+00
-5.953133631868246844e+00
-5.911990756922719470e+00
-6.102282354192232638e+00
-6.102282354192232638e+00
-6.026342624439041451e+00
-5.950092560152023147e+00
-5.950092560152023147e+00
-6.118209020866780534e+00
-6.142479611318504951e+00
-6.142479611318504951e+00
-6.153745747639751684e+00
-6.153095661948571049e+00
-6.168942223497602129e+00
-6.168942223497602129e+00
-6.156550796846105733e+00
-6.189503029584031424e+00
-6.149915571567937000e+00
-6.007088483837118353e+00
-6.233041572035609157e+00
-6.233041572035609157e+00
-5.860144924856359516e+00
-5.807794381990417421e+00
-5.807794381990417421e+00
-5.807794381990417421e+00
-5.887649621123819621e+00
-5.887649621123819621e+00
-5.887649621123819621e+00
-5.887649621123819621e+00
-5.887649621123819621e+00
-5.836659792111854372e+00
-5.661542235674255963e+00
-5.693832314247788240e+00
-5.573511426125846491e+00
-5.842470004057558342e+00
-5.960795763075038778e+00
-5.803275110478012699e+00
-5.803275110478012699e+00
-5.831075205869930222e+00
-5.819668604903785791e+00
-5.848401773391183944e+00
-5.848401773391183944e+00
-5.848401773391183944e+00
-5.822271068654368165e+00
-5.822271068654368165e+00
-5.822271068654368165e+00
-5.822271068654368165e+00
-5.852092991242897391e+00
-5.941929763928170516e+00
-6.182014518683721427e+00
-6.273882052084966077e+00
-5.984113185699167836e+00
-5.984113185699167836e+00
-6.021240507075606985e+00
-6.021240507075606985e+00
-6.021240507075606985e+00
-5.995096901133030620e+00
-5.988323790450289508e+00
-6.043751449587287716e+00
-6.093083848800524116e+00
-6.015580171782558772e+00
-6.015580171782558772e+00
-6.001273402351877451e+00
-6.101089416451596747e+00
-6.101089416451596747e+00
-6.122578437341478441e+00
-6.109847083046076044e+00
-6.120877914919918616e+00
-6.120877914919918616e+00
-6.120877914919918616e+00
-6.120877914919918616e+00
-6.120877914919918616e+00
-6.089373391406840419e+00
-6.118174146524414603e+00
-6.118174146524414603e+00
-6.115156996468843253e+00
-6.016938154451398901e+00
-6.157025294985603026e+00
-6.152264746989867028e+00
-6.166952631048361333e+00
-6.166952631048361333e+00
-6.091102112580416339e+00
-6.013060894328280170e+00
-6.103136147518585020e+00
-6.103136147518585020e+00
-6.103136147518585020e+00
-6.075994260762899835e+00
-6.075994260762899835e+00
-6.075994260762899835e+00
-6.014695339529617435e+00
-5.884616110690436663e+00
-6.032780773428285670e+00
-6.035932769897367933e+00
-6.072405909947463876e+00
-6.072405909947463876e+00
-6.072405909947463876e+00
-6.056400689226307144e+00
-6.168413458635913393e+00
-6.197968213949567762e+00
-6.160245726524770760e+00
-6.328675499681778227e+00
-6.328675499681778227e+00
-6.328675499681778227e+00
-6.318151477869064614e+00
-6.299713508613952406e+00
-6.299713508613952406e+00
-6.218622833213857781e+00
-6.176229944616624223e+00
-6.200237861034835873e+00
-6.147203499436973750e+00
-6.180514664361746568e+00
-6.180136768263877478e+00
-6.169724798518664066e+00
-6.100031211147745047e+00
-5.980484054479195954e+00
-6.152059118088407885e+00
-6.176009683741350287e+00
-6.016012727953297556e+00
-6.019358738156411093e+00
-6.019358738156411093e+00
-5.964807307024291738e+00
-5.984396023865425462e+00
-5.984396023865425462e+00
-6.147845577926607241e+00
-6.147845577926607241e+00
-6.270172036716569863e+00
-6.089548377410697988e+00
-6.203583876106120165e+00
-6.203583876106120165e+00
-6.203583876106120165e+00
-6.208229832654645008e+00
-6.208229832654645008e+00
-6.208229832654645008e+00
-6.213132756591489780e+00
-6.213132756591489780e+00
-6.213132756591489780e+00
-6.153065914805579517e+00
-5.921772451665694881e+00
-6.020063926302994695e+00
-5.939893030395580809e+00
-5.939893030395580809e+00
-5.940456423250019213e+00
-5.940456423250019213e+00
-5.961375192465016681e+00
-5.961375192465016681e+00
-5.965926471091817618e+00
-5.965926471091817618e+00
-5.944263282491621503e+00
-6.101922702957078393e+00
-6.069231274228932271e+00
-6.069231274228932271e+00
-6.050412382762869079e+00
-5.656941743451416649e+00
-5.656941743451416649e+00
-5.859152535371261017e+00
-5.897591209947649737e+00
-6.005722700111226331e+00
-6.010446772229702361e+00
-5.885477076204836067e+00
-6.140252287906190709e+00
-6.143233154818276809e+00
-6.127274042898511297e+00
-5.982504856658148462e+00
-5.915183138854985145e+00
-5.928596269964216958e+00
-6.037047314772238771e+00
-6.037047314772238771e+00
-6.110580430567827293e+00
-6.166211698937315688e+00
-6.113968972101887722e+00
-6.024355127267242871e+00
-6.024933341669163944e+00
-5.964759895284196922e+00
-6.054246725752975955e+00
-6.054246725752975955e+00
-6.004694412521752511e+00
-6.021682129153981045e+00
-5.950794634694014817e+00
-5.950794634694014817e+00
-5.950794634694014817e+00
-5.970742956642415500e+00
-5.970742956642415500e+00
-6.001344871693195415e+00
-5.989557133557880775e+00
-6.108292864232867103e+00
-6.108292864232867103e+00
-6.132281289867704821e+00
-6.132281289867704821e+00
-6.107713773156139503e+00
-6.107713773156139503e+00
-6.014523612016542842e+00
-6.058899449346642818e+00
-6.058899449346642818e+00
-6.048631395253094567e+00
-6.245521990128493961e+00
-6.233597896241926506e+00
-6.247643645410173363e+00
-6.150817343013143201e+00
-5.885745475057134080e+00
-6.013928864837979837e+00
-5.970426570971173241e+00
-5.974735029568177147e+00
-5.974735029568177147e+00
-6.038111800627106618e+00
-6.038111800627106618e+00
-6.040910523042426483e+00
-6.054747732183937359e+00
-6.054747732183937359e+00
-6.069498998321249950e+00
-6.069498998321249950e+00
-6.085075607137836684e+00
-6.085075607137836684e+00
-6.070937487644291863e+00
-6.074425607958665374e+00
-6.074425607958665374e+00
-6.074425607958665374e+00
-6.057929146220052630e+00
-6.057929146220052630e+00
-6.055385356217764858e+00
-6.045453086429440681e+00
-6.045453086429440681e+00
-5.975719505281266386e+00
-6.098739384200450253e+00
-6.098739384200450253e+00
-5.826902543139794943e+00
-6.175178012636602709e+00
-6.186931647061721939e+00
-6.186931647061721939e+00
-6.186931647061721939e+00
-6.113852926049520242e+00
-6.191813989695850395e+00
-6.189698366081548997e+00
-6.085770973267202955e+00
-6.155844050026040293e+00
-6.155844050026040293e+00
-6.155844050026040293e+00
-6.155844050026040293e+00
-6.139712320483349473e+00
-6.139712320483349473e+00
-6.085942572892430569e+00
-6.085942572892430569e+00
