# Variable: dg_gbvi_00000419
# Sample shape: (2565,)
# Date: 2013-03-08 06:18:16.538494
-2.940295017688562051e+00
-8.853650188055817161e-01
-1.910879083834147840e+00
-1.951028316916555205e+00
-2.821756524593740600e+00
-2.821756524593740600e+00
-2.876083162642911084e+00
-4.384091935401003504e+00
-3.809539439755782908e+00
-2.885455332843039233e+00
-2.885455332843039233e+00
-2.885455332843039233e+00
-3.738559533475183105e+00
-3.593695509121407561e+00
-3.593695509121407561e+00
-3.780015346918048191e+00
-3.677041549558965006e+00
-4.199821684982973480e+00
-4.097168728313062225e+00
-3.480516136728093457e+00
-3.662443710973499744e+00
-3.657527333310975237e+00
-3.657527333310975237e+00
-3.714908937416389723e+00
-3.597761772672784630e+00
-3.584403912844777551e+00
-3.584403912844777551e+00
-3.584403912844777551e+00
-3.730087026012987028e+00
-3.726171051604758588e+00
-3.703691054302295171e+00
-3.703691054302295171e+00
-3.703691054302295171e+00
-3.703691054302295171e+00
-3.703691054302295171e+00
-3.703691054302295171e+00
-3.703691054302295171e+00
-3.709506312949076179e+00
-3.709506312949076179e+00
-3.709506312949076179e+00
-3.709506312949076179e+00
-3.709506312949076179e+00
-3.885977376098096236e+00
-3.646061024234187986e+00
-3.695760755334958514e+00
-3.498117968540949363e+00
-3.614529892965667734e+00
-3.677100451894512290e+00
-3.686123579198210987e+00
-3.686123579198210987e+00
-3.496141244626083999e+00
-3.496141244626083999e+00
-3.536850812690845114e+00
-3.536850812690845114e+00
-3.477040196710617703e+00
-3.518576116708011181e+00
-3.638504615520379737e+00
-3.638504615520379737e+00
-3.479538348119152413e+00
-3.645953181475838800e+00
-3.645953181475838800e+00
-3.645953181475838800e+00
-3.645953181475838800e+00
-3.703886661755207310e+00
-3.840153496181178294e+00
-3.840153496181178294e+00
-3.840153496181178294e+00
-3.840153496181178294e+00
-3.840153496181178294e+00
-3.840153496181178294e+00
-3.840153496181178294e+00
-3.840153496181178294e+00
-3.556212094974817273e+00
-3.498000090473765145e+00
-3.935878337741807620e+00
-3.912167307940854322e+00
-3.707048053053063175e+00
-3.707048053053063175e+00
-3.707048053053063175e+00
-3.707048053053063175e+00
-3.707048053053063175e+00
-3.707048053053063175e+00
-3.681392995669664714e+00
-3.681392995669664714e+00
-3.792103836210169110e+00
-3.792103836210169110e+00
-3.792103836210169110e+00
-3.792103836210169110e+00
-3.792103836210169110e+00
-3.948695966023161752e+00
-3.634269387300988807e+00
-3.634269387300988807e+00
-3.634269387300988807e+00
-3.634269387300988807e+00
-3.634269387300988807e+00
-3.641500807321649269e+00
-3.641500807321649269e+00
-3.641500807321649269e+00
-3.775812374626772439e+00
-3.775812374626772439e+00
-3.591895083875713102e+00
-3.617198581507837130e+00
-3.617198581507837130e+00
-3.617198581507837130e+00
-3.601492226912604178e+00
-3.601492226912604178e+00
-3.601492226912604178e+00
-3.601492226912604178e+00
-3.601492226912604178e+00
-3.601492226912604178e+00
-3.601492226912604178e+00
-3.625224356262573000e+00
-3.625224356262573000e+00
-3.625224356262573000e+00
-3.625224356262573000e+00
-3.625224356262573000e+00
-3.625224356262573000e+00
-3.625224356262573000e+00
-3.753126746242762657e+00
-3.341820916374516059e+00
-3.634253827161799677e+00
-3.634253827161799677e+00
-3.634253827161799677e+00
-3.560012137707927238e+00
-3.560012137707927238e+00
-3.358256520143128476e+00
-3.711175325718676365e+00
-3.711175325718676365e+00
-3.696846425639039424e+00
-3.696846425639039424e+00
-3.696846425639039424e+00
-3.657527753413118088e+00
-3.657527753413118088e+00
-3.677312800010316796e+00
-3.425545568621910508e+00
-3.425545568621910508e+00
-3.425545568621910508e+00
-3.425545568621910508e+00
-3.551466410924911443e+00
-3.514377509694877944e+00
-3.307566106361833125e+00
-3.760101186208718804e+00
-3.742671882245570902e+00
-3.711732520434813942e+00
-3.586173186274470570e+00
-3.477592956881098818e+00
-3.609431354412097281e+00
-3.665892089959663203e+00
-3.665892089959663203e+00
-3.665892089959663203e+00
-3.665892089959663203e+00
-3.800679738436409938e+00
-3.831224169831646709e+00
-3.645029932042108900e+00
-3.645029932042108900e+00
-3.543901683916942158e+00
-3.564793037087205629e+00
-3.543983290956164822e+00
-3.543983290956164822e+00
-3.755890431369365956e+00
-3.755890431369365956e+00
-3.755890431369365956e+00
-3.755890431369365956e+00
-3.739642783058378939e+00
-3.739642783058378939e+00
-3.739642783058378939e+00
-3.739642783058378939e+00
-3.921591352996856017e+00
-3.921591352996856017e+00
-3.726754908296833424e+00
-3.644456551757446761e+00
-3.874975620318298564e+00
-3.633105578852331430e+00
-3.594996619757843792e+00
-3.594996619757843792e+00
-3.594996619757843792e+00
-3.574906177318127654e+00
-3.574906177318127654e+00
-3.458901597165387365e+00
-3.642500389312065323e+00
-3.642500389312065323e+00
-3.642500389312065323e+00
-3.642500389312065323e+00
-3.435594034346452830e+00
-3.462569327921822815e+00
-3.471485069026133630e+00
-3.471485069026133630e+00
-3.681689253935621853e+00
-3.681689253935621853e+00
-3.589803142481730713e+00
-3.468027288251817275e+00
-3.468027288251817275e+00
-3.468027288251817275e+00
-3.468027288251817275e+00
-3.468027288251817275e+00
-3.655934086223797674e+00
-3.655934086223797674e+00
-3.655934086223797674e+00
-3.748892867254165484e+00
-3.748892867254165484e+00
-3.748892867254165484e+00
-3.748892867254165484e+00
-3.748892867254165484e+00
-3.748892867254165484e+00
-3.748892867254165484e+00
-3.665549437057952442e+00
-3.721132841988821660e+00
-3.703881982026512532e+00
-3.703881982026512532e+00
-3.703881982026512532e+00
-3.703881982026512532e+00
-3.533611306660409568e+00
-3.533611306660409568e+00
-3.539402718065940423e+00
-3.441936274699896714e+00
-3.441936274699896714e+00
-3.441936274699896714e+00
-3.441936274699896714e+00
-3.500470298801901858e+00
-3.667146567056911000e+00
-3.460906293292449920e+00
-3.460906293292449920e+00
-3.460906293292449920e+00
-3.312551494171138700e+00
-3.292188013145519232e+00
-3.578162571507688128e+00
-3.529573112860502349e+00
-3.529573112860502349e+00
-3.529573112860502349e+00
-3.529573112860502349e+00
-3.365714371178534225e+00
-3.365714371178534225e+00
-3.462324457239077447e+00
-3.462324457239077447e+00
-3.462324457239077447e+00
-3.462324457239077447e+00
-3.775387610850768461e+00
-3.775387610850768461e+00
-3.775387610850768461e+00
-3.737708315579544749e+00
-3.845034796780280040e+00
-3.715046045640043371e+00
-3.731558496434448813e+00
-3.731558496434448813e+00
-3.605721273425807283e+00
-3.562000345204587415e+00
-3.516206371913679796e+00
-3.533123088843690862e+00
-3.533123088843690862e+00
-3.533123088843690862e+00
-3.553325051676516466e+00
-3.553325051676516466e+00
-3.553325051676516466e+00
-3.553325051676516466e+00
-3.618309937256804165e+00
-3.618309937256804165e+00
-3.618309937256804165e+00
-3.618309937256804165e+00
-3.779312223221412914e+00
-3.779312223221412914e+00
-3.779312223221412914e+00
-3.675856500042261832e+00
-3.629774653448389898e+00
-3.662628815304039165e+00
-3.662628815304039165e+00
-3.662628815304039165e+00
-3.646308176671316126e+00
-3.501490391359189047e+00
-3.725510013588264169e+00
-3.541371020234099554e+00
-3.478197500502908213e+00
-3.544635302533980070e+00
-3.544635302533980070e+00
-3.544635302533980070e+00
-3.568192564781488052e+00
-3.524718569504916577e+00
-3.505962163953328492e+00
-3.619052995878736745e+00
-3.619052995878736745e+00
-3.619052995878736745e+00
-3.654082170883833136e+00
-3.667368236139334936e+00
-3.667368236139334936e+00
-3.553206559069693515e+00
-3.483658709309134682e+00
-3.483658709309134682e+00
-3.605765485763920974e+00
-3.605765485763920974e+00
-3.605765485763920974e+00
-3.605765485763920974e+00
-3.533332883884944930e+00
-3.533332883884944930e+00
-3.533332883884944930e+00
-3.533332883884944930e+00
-3.533332883884944930e+00
-3.533332883884944930e+00
-3.476665821001672096e+00
-3.611677297780658602e+00
-3.582381212064365439e+00
-3.582381212064365439e+00
-3.582381212064365439e+00
-3.686942751914559668e+00
-3.686942751914559668e+00
-3.686942751914559668e+00
-3.686942751914559668e+00
-3.738132073319005322e+00
-3.738132073319005322e+00
-3.741253783225076734e+00
-3.643357038390511171e+00
-3.599683964360982369e+00
-3.599683964360982369e+00
-3.590745690610194885e+00
-3.590745690610194885e+00
-3.541503035095570961e+00
-3.625983264116479976e+00
-3.716151336408558770e+00
-3.716151336408558770e+00
-3.552144958234604299e+00
-3.552144958234604299e+00
-3.526337746609201407e+00
-3.373103277499279962e+00
-3.373103277499279962e+00
-3.373103277499279962e+00
-3.373103277499279962e+00
-3.373103277499279962e+00
-3.651574832958809580e+00
-3.669033175212190301e+00
-3.669033175212190301e+00
-3.669033175212190301e+00
-3.557017516924247946e+00
-3.557017516924247946e+00
-3.557017516924247946e+00
-3.530384187839196386e+00
-3.643507399795232526e+00
-3.643507399795232526e+00
-3.655493498689017962e+00
-3.655493498689017962e+00
-3.655493498689017962e+00
-3.655493498689017962e+00
-3.694808053003267201e+00
-3.694808053003267201e+00
-3.655249528299113759e+00
-3.655249528299113759e+00
-3.659099302194950720e+00
-3.659099302194950720e+00
-3.659099302194950720e+00
-3.615298908212087436e+00
-3.631667211121268224e+00
-3.536939950827716395e+00
-3.371137134775298527e+00
-3.472027749133285379e+00
-3.337470427700496067e+00
-3.337470427700496067e+00
-3.337470427700496067e+00
-3.375087557678861927e+00
-3.451650445635646047e+00
-3.351076462068650841e+00
-3.397339720054500134e+00
-3.391494973717849248e+00
-3.290702551347464588e+00
-3.290702551347464588e+00
-3.333375049270798307e+00
-3.333375049270798307e+00
-3.333375049270798307e+00
-3.543737932674673186e+00
-3.543737932674673186e+00
-3.551061848964158774e+00
-3.551061848964158774e+00
-3.551061848964158774e+00
-3.568580495310749168e+00
-3.568580495310749168e+00
-3.566738046699075237e+00
-3.566451796572657873e+00
-3.383081874329460170e+00
-3.456995541067650723e+00
-3.456995541067650723e+00
-3.456995541067650723e+00
-3.484782937098226618e+00
-3.484782937098226618e+00
-3.484782937098226618e+00
-3.466794114784359060e+00
-3.466794114784359060e+00
-3.466794114784359060e+00
-3.466794114784359060e+00
-3.466794114784359060e+00
-3.452668115388383363e+00
-3.452668115388383363e+00
-3.555002574307324359e+00
-3.555002574307324359e+00
-3.555002574307324359e+00
-3.555002574307324359e+00
-3.555002574307324359e+00
-3.555002574307324359e+00
-3.619001061160615151e+00
-3.549854022275212184e+00
-3.749309960823568044e+00
-3.749309960823568044e+00
-3.749309960823568044e+00
-3.741616251723755671e+00
-3.741616251723755671e+00
-3.741616251723755671e+00
-3.741616251723755671e+00
-3.724684507044014214e+00
-3.724684507044014214e+00
-3.724684507044014214e+00
-3.559036664801072281e+00
-3.559036664801072281e+00
-3.559036664801072281e+00
-3.547463700251343610e+00
-3.547463700251343610e+00
-3.654984885219869639e+00
-3.654984885219869639e+00
-3.666299619514894914e+00
-3.666299619514894914e+00
-3.666299619514894914e+00
-3.629271486930509827e+00
-3.654384013224517780e+00
-3.744468151225378350e+00
-3.735956412939932747e+00
-3.735956412939932747e+00
-3.735956412939932747e+00
-3.655165952352656511e+00
-3.923807762986126324e+00
-3.923807762986126324e+00
-3.786543104062812581e+00
-3.703463589946273338e+00
-3.728514692686713872e+00
-3.728514692686713872e+00
-3.728514692686713872e+00
-3.728514692686713872e+00
-3.728514692686713872e+00
-3.730757641979086880e+00
-3.685286972076425194e+00
-3.685286972076425194e+00
-3.685286972076425194e+00
-3.685286972076425194e+00
-3.386638234954795657e+00
-3.386638234954795657e+00
-3.618232361475270054e+00
-3.567889706455396492e+00
-3.567889706455396492e+00
-3.631397742437864729e+00
-3.631397742437864729e+00
-3.621772410080879023e+00
-3.621772410080879023e+00
-3.636326552092069342e+00
-3.636326552092069342e+00
-3.447057424653402258e+00
-3.455402855572475840e+00
-3.455402855572475840e+00
-3.448181615227801533e+00
-3.448181615227801533e+00
-3.448181615227801533e+00
-3.465552171659315395e+00
-3.580647670045165931e+00
-3.700420964710569027e+00
-3.604880107556088120e+00
-3.536028954752414855e+00
-3.536028954752414855e+00
-3.536028954752414855e+00
-3.536028954752414855e+00
-3.574047394960425450e+00
-3.541213811034300107e+00
-3.600555167643126886e+00
-3.600956344525688024e+00
-3.600956344525688024e+00
-3.499955104315823906e+00
-3.600804523919691746e+00
-3.599200412029973872e+00
-3.599200412029973872e+00
-3.599200412029973872e+00
-3.599200412029973872e+00
-3.491893158753996307e+00
-3.491893158753996307e+00
-3.533964105507533038e+00
-3.623673937237104514e+00
-3.623673937237104514e+00
-3.623673937237104514e+00
-3.623673937237104514e+00
-3.676872067977714043e+00
-3.676872067977714043e+00
-3.592313296562136493e+00
-3.592313296562136493e+00
-3.592313296562136493e+00
-3.469876853285524199e+00
-3.590939251453346248e+00
-3.590939251453346248e+00
-3.590939251453346248e+00
-3.590939251453346248e+00
-3.590939251453346248e+00
-3.501567374797702303e+00
-3.501567374797702303e+00
-3.501567374797702303e+00
-3.501567374797702303e+00
-3.501567374797702303e+00
-3.637168965356358363e+00
-3.637979633992341366e+00
-3.637979633992341366e+00
-3.573180293651886608e+00
-3.469860927571670306e+00
-3.469860927571670306e+00
-3.443496779723393075e+00
-3.356545902992985830e+00
-3.551808118992761720e+00
-3.551808118992761720e+00
-3.551808118992761720e+00
-3.357995179166382460e+00
-3.412125057945492479e+00
-3.412125057945492479e+00
-3.412125057945492479e+00
-3.574361059046432310e+00
-3.415267853052927460e+00
-3.599898193901920340e+00
-3.599898193901920340e+00
-3.599898193901920340e+00
-3.599898193901920340e+00
-3.569742781547544652e+00
-3.569742781547544652e+00
-3.504003381199480405e+00
-3.638868108061981133e+00
-3.614409174403135250e+00
-3.614409174403135250e+00
-3.693754936945774947e+00
-3.712360116039564950e+00
-3.565959964632985812e+00
-3.565959964632985812e+00
-3.661283588677840317e+00
-3.661283588677840317e+00
-3.661283588677840317e+00
-3.661283588677840317e+00
-3.680404288229619958e+00
-3.566833159487708294e+00
-3.566833159487708294e+00
-3.572568627230537253e+00
-3.570407679281066393e+00
-3.570407679281066393e+00
-3.696518209506592267e+00
-3.696518209506592267e+00
-3.696518209506592267e+00
-3.699053015665603183e+00
-3.679890942253628783e+00
-3.679890942253628783e+00
-3.679890942253628783e+00
-3.679890942253628783e+00
-3.608980585291521770e+00
-3.573347165305537754e+00
-3.699996789555528132e+00
-3.699996789555528132e+00
-3.699996789555528132e+00
-3.699996789555528132e+00
-3.531188876685942279e+00
-3.482348599721382776e+00
-3.482348599721382776e+00
-3.498066602219155552e+00
-3.728424122249675676e+00
-3.842146108211270672e+00
-3.812595344092443828e+00
-3.839650075166916476e+00
-3.839650075166916476e+00
-3.824484263733068268e+00
-3.824484263733068268e+00
-3.824484263733068268e+00
-3.676157969363255340e+00
-3.690224569839480218e+00
-3.690224569839480218e+00
-3.655936892591413745e+00
-3.676814938430027713e+00
-3.676814938430027713e+00
-3.676814938430027713e+00
-3.676814938430027713e+00
-3.722824081131553609e+00
-3.684611660542218115e+00
-3.684611660542218115e+00
-3.476135988509295061e+00
-3.501972282962546590e+00
-3.501972282962546590e+00
-3.440961958259044717e+00
-3.622482341739809986e+00
-3.609786436504031748e+00
-3.609786436504031748e+00
-3.631521410450611498e+00
-3.631521410450611498e+00
-3.631521410450611498e+00
-3.631521410450611498e+00
-3.631521410450611498e+00
-3.652434307442251171e+00
-3.689693404760352013e+00
-3.539998456559216411e+00
-3.539998456559216411e+00
-3.496807465842654228e+00
-3.496807465842654228e+00
-3.676176588616000718e+00
-3.676176588616000718e+00
-3.676176588616000718e+00
-3.676176588616000718e+00
-3.676176588616000718e+00
-3.676176588616000718e+00
-3.522496689389885915e+00
-3.522496689389885915e+00
-3.752891891423683735e+00
-3.734205357866142272e+00
-3.493671800977722341e+00
-3.493671800977722341e+00
-3.493671800977722341e+00
-3.493671800977722341e+00
-3.493671800977722341e+00
-3.580633642914906822e+00
-3.580633642914906822e+00
-3.610593166547037214e+00
-3.610593166547037214e+00
-3.671059349046414066e+00
-3.671059349046414066e+00
-3.574911539640451608e+00
-3.574911539640451608e+00
-3.574911539640451608e+00
-3.625684460112803542e+00
-3.612692043375760331e+00
-3.494534502774320650e+00
-3.475704610704911879e+00
-3.475704610704911879e+00
-3.475704610704911879e+00
-3.475704610704911879e+00
-3.475704610704911879e+00
-3.521441657024129590e+00
-3.569595402986433186e+00
-3.586142150645272419e+00
-3.586142150645272419e+00
-3.573308780694634645e+00
-3.573308780694634645e+00
-3.464331411430727758e+00
-3.614462587534051696e+00
-3.614462587534051696e+00
-3.614462587534051696e+00
-3.614462587534051696e+00
-3.573765919213526931e+00
-3.573765919213526931e+00
-3.594992015489445691e+00
-3.798520422136570041e+00
-3.798520422136570041e+00
-3.798520422136570041e+00
-3.798520422136570041e+00
-3.619431063935724335e+00
-3.477991497102952412e+00
-3.477991497102952412e+00
-3.477991497102952412e+00
-3.477991497102952412e+00
-3.620371253835490410e+00
-3.584982484807550218e+00
-3.622459597369247497e+00
-3.622459597369247497e+00
-3.709820683043013378e+00
-3.709820683043013378e+00
-3.709820683043013378e+00
-3.706334505730359385e+00
-3.690696559092955464e+00
-3.671190284374560076e+00
-3.530611755508982874e+00
-3.556436042064497816e+00
-3.556436042064497816e+00
-3.556436042064497816e+00
-3.556436042064497816e+00
-3.449082186125913552e+00
-3.449082186125913552e+00
-3.506352972739232410e+00
-3.506352972739232410e+00
-3.506352972739232410e+00
-3.506352972739232410e+00
-3.506352972739232410e+00
-3.506352972739232410e+00
-3.506352972739232410e+00
-3.519011318662956800e+00
-3.519011318662956800e+00
-3.519011318662956800e+00
-3.559108569080449147e+00
-3.559108569080449147e+00
-3.436459305230065819e+00
-3.513275390320774072e+00
-3.546216322525709952e+00
-3.542899939220677474e+00
-3.542899939220677474e+00
-3.542899939220677474e+00
-3.497738780083662569e+00
-3.497738780083662569e+00
-3.497738780083662569e+00
-3.521807124456834082e+00
-3.521807124456834082e+00
-3.521807124456834082e+00
-3.521807124456834082e+00
-3.521807124456834082e+00
-3.540662064342124715e+00
-3.610921667358526932e+00
-3.610921667358526932e+00
-3.602956448115389954e+00
-3.602956448115389954e+00
-3.602956448115389954e+00
-3.578360349253611794e+00
-3.530343537656249087e+00
-3.530343537656249087e+00
-3.565827470376514263e+00
-3.370268670149368706e+00
-3.392407549227446584e+00
-3.615957351384994301e+00
-3.615957351384994301e+00
-3.615957351384994301e+00
-3.711138427994752131e+00
-3.631289891416263682e+00
-3.626970817802102065e+00
-3.626970817802102065e+00
-3.626970817802102065e+00
-3.635839467230292943e+00
-3.694138432481882894e+00
-3.694138432481882894e+00
-3.694138432481882894e+00
-3.423752903968075856e+00
-3.513956327976162974e+00
-3.513956327976162974e+00
-3.513956327976162974e+00
-3.513956327976162974e+00
-3.513956327976162974e+00
-3.555544547451801041e+00
-3.427138993299249314e+00
-3.427138993299249314e+00
-3.427138993299249314e+00
-3.518049547976692004e+00
-3.678820828023409373e+00
-3.540723683002642286e+00
-3.540723683002642286e+00
-3.540723683002642286e+00
-3.540723683002642286e+00
-3.540723683002642286e+00
-3.540723683002642286e+00
-3.540723683002642286e+00
-3.540723683002642286e+00
-3.540723683002642286e+00
-3.540723683002642286e+00
-3.481405007435094401e+00
-3.481405007435094401e+00
-3.481405007435094401e+00
-3.481405007435094401e+00
-3.667213182996677645e+00
-3.655506547469419942e+00
-3.655506547469419942e+00
-3.655506547469419942e+00
-3.655506547469419942e+00
-3.640071288212703315e+00
-3.640071288212703315e+00
-3.640071288212703315e+00
-3.640071288212703315e+00
-3.640071288212703315e+00
-3.640071288212703315e+00
-3.669229750214781038e+00
-3.669229750214781038e+00
-3.495910535096661942e+00
-3.495910535096661942e+00
-3.675602564211747580e+00
-3.675602564211747580e+00
-3.675602564211747580e+00
-3.500330367214288696e+00
-3.574113022531697492e+00
-3.574113022531697492e+00
-3.745783585863221798e+00
-3.745783585863221798e+00
-3.745783585863221798e+00
-3.807573371114992167e+00
-3.807573371114992167e+00
-3.810973512344192571e+00
-3.810973512344192571e+00
-3.488305010947940321e+00
-3.578537853623688036e+00
-3.467142332332331822e+00
-3.467142332332331822e+00
-3.404362796306952710e+00
-3.678512757586331450e+00
-3.678512757586331450e+00
-3.602947840798876644e+00
-3.539198352608325049e+00
-3.589691040300081237e+00
-3.562120287333687241e+00
-3.381302988621982752e+00
-3.648714802468548957e+00
-3.648714802468548957e+00
-3.479774225986244751e+00
-3.479774225986244751e+00
-3.698031097264460776e+00
-3.698031097264460776e+00
-3.698031097264460776e+00
-3.479038656030783994e+00
-3.479038656030783994e+00
-3.579196879207023230e+00
-3.488972509713861303e+00
-3.641866095866323150e+00
-3.641866095866323150e+00
-3.514852795061922830e+00
-3.514852795061922830e+00
-3.784429010298770546e+00
-3.703350482103701768e+00
-3.703350482103701768e+00
-3.703350482103701768e+00
-3.703350482103701768e+00
-3.703350482103701768e+00
-3.703350482103701768e+00
-3.718630441702584388e+00
-3.793407464784720240e+00
-3.793407464784720240e+00
-3.691844358333803200e+00
-3.691844358333803200e+00
-3.589747100475802366e+00
-3.589747100475802366e+00
-3.575453454286111388e+00
-3.575453454286111388e+00
-3.575453454286111388e+00
-3.496067562237774595e+00
-3.496067562237774595e+00
-3.496067562237774595e+00
-3.496067562237774595e+00
-3.496067562237774595e+00
-3.502231100360318372e+00
-3.578789328540087133e+00
-3.578789328540087133e+00
-3.578789328540087133e+00
-3.610013230964752129e+00
-3.610013230964752129e+00
-3.610013230964752129e+00
-3.610013230964752129e+00
-3.661743030798009002e+00
-3.681751038668698683e+00
-3.571560190724234918e+00
-3.571560190724234918e+00
-3.682851003186145888e+00
-3.682851003186145888e+00
-3.682851003186145888e+00
-3.623223593418081201e+00
-3.532779811439805240e+00
-3.532779811439805240e+00
-3.532779811439805240e+00
-3.532779811439805240e+00
-3.494245957723836948e+00
-3.595512711918286364e+00
-3.595512711918286364e+00
-3.491212379716276626e+00
-3.516386087935718496e+00
-3.472592721655192172e+00
-3.472592721655192172e+00
-3.472592721655192172e+00
-3.475743766163191584e+00
-3.461513349415832774e+00
-3.461513349415832774e+00
-3.614598586323376495e+00
-3.528981153758929956e+00
-3.528981153758929956e+00
-3.460362216220246534e+00
-3.460362216220246534e+00
-3.509787728688572805e+00
-3.509787728688572805e+00
-3.509787728688572805e+00
-3.509787728688572805e+00
-3.501367787347145377e+00
-3.549514579693138661e+00
-3.492315896051587210e+00
-3.650437482892162411e+00
-3.650437482892162411e+00
-3.650437482892162411e+00
-3.650437482892162411e+00
-3.684072352377202098e+00
-3.697074034276571997e+00
-3.686595065122777459e+00
-3.594790044818253261e+00
-3.620315210942647521e+00
-3.620315210942647521e+00
-3.628275034366523766e+00
-3.628275034366523766e+00
-3.550378687920194398e+00
-3.602835373845493905e+00
-3.740750961895182858e+00
-3.740750961895182858e+00
-3.572247797649009904e+00
-3.658990539796473040e+00
-3.804989180300080598e+00
-3.861686207370609303e+00
-3.861686207370609303e+00
-3.744235271078390603e+00
-3.479351450552668812e+00
-3.549537153391048250e+00
-3.549537153391048250e+00
-3.691225925217215043e+00
-3.691225925217215043e+00
-3.477780988913882876e+00
-3.477780988913882876e+00
-3.477780988913882876e+00
-3.477780988913882876e+00
-3.477780988913882876e+00
-3.597330349529456850e+00
-3.597330349529456850e+00
-3.597330349529456850e+00
-3.597330349529456850e+00
-3.597330349529456850e+00
-3.597330349529456850e+00
-3.429316252909398344e+00
-3.429316252909398344e+00
-3.429316252909398344e+00
-3.429316252909398344e+00
-3.570788662973168215e+00
-3.570788662973168215e+00
-3.570788662973168215e+00
-3.570788662973168215e+00
-3.526598090028810972e+00
-3.526598090028810972e+00
-3.526598090028810972e+00
-3.547526718242434818e+00
-3.505702750956596780e+00
-3.505702750956596780e+00
-3.462152499926382188e+00
-3.462152499926382188e+00
-3.468610338534537707e+00
-3.574912361503593594e+00
-3.574912361503593594e+00
-3.574912361503593594e+00
-3.448727883164766084e+00
-3.448727883164766084e+00
-3.401706970378451267e+00
-3.401706970378451267e+00
-3.512559256139114350e+00
-3.622154801700824933e+00
-3.622154801700824933e+00
-3.610381706161235993e+00
-3.610381706161235993e+00
-3.610381706161235993e+00
-3.640910924810484062e+00
-3.640910924810484062e+00
-3.517650689811571585e+00
-3.447541603458940340e+00
-3.486370217737328581e+00
-3.486370217737328581e+00
-3.486370217737328581e+00
-3.394493112422436454e+00
-3.394493112422436454e+00
-3.394493112422436454e+00
-3.394493112422436454e+00
-3.394493112422436454e+00
-3.404065814042600113e+00
-3.404065814042600113e+00
-3.404065814042600113e+00
-3.452159835555997702e+00
-3.452159835555997702e+00
-3.492631454994498785e+00
-3.492631454994498785e+00
-3.492631454994498785e+00
-3.492631454994498785e+00
-3.492631454994498785e+00
-3.510755556989783255e+00
-3.510755556989783255e+00
-3.510755556989783255e+00
-3.510755556989783255e+00
-3.521347353581392170e+00
-3.515421824492366731e+00
-3.515421824492366731e+00
-3.515421824492366731e+00
-3.515421824492366731e+00
-3.567259558308996326e+00
-3.567259558308996326e+00
-3.567259558308996326e+00
-3.544395385334687010e+00
-3.619673089978190816e+00
-3.354040621288213675e+00
-3.355226463660493597e+00
-3.355226463660493597e+00
-3.355226463660493597e+00
-3.355226463660493597e+00
-3.365609620655205081e+00
-3.441489596691128749e+00
-3.441489596691128749e+00
-3.441489596691128749e+00
-3.441489596691128749e+00
-3.441489596691128749e+00
-3.445286188882192402e+00
-3.445286188882192402e+00
-3.445286188882192402e+00
-3.564589117040266597e+00
-3.387101473160758047e+00
-3.461458021445159350e+00
-3.439854522625803934e+00
-3.512091087470142536e+00
-3.475112110219743755e+00
-3.475112110219743755e+00
-3.503109479409547866e+00
-3.503109479409547866e+00
-3.359116076989518529e+00
-3.359116076989518529e+00
-3.359116076989518529e+00
-3.456306324573496180e+00
-3.456306324573496180e+00
-3.356452443571630084e+00
-3.234668308321399177e+00
-3.234668308321399177e+00
-3.234668308321399177e+00
-3.234668308321399177e+00
-3.366928521918654216e+00
-3.366928521918654216e+00
-3.366928521918654216e+00
-3.437398297299299355e+00
-3.437398297299299355e+00
-3.437398297299299355e+00
-3.523037804052132849e+00
-3.523037804052132849e+00
-3.566504944633515528e+00
-3.553331781543574319e+00
-3.553331781543574319e+00
-3.553331781543574319e+00
-3.474666560169707985e+00
-3.474666560169707985e+00
-3.390499093411294851e+00
-3.390499093411294851e+00
-3.390499093411294851e+00
-3.324121746662510368e+00
-3.324121746662510368e+00
-3.324121746662510368e+00
-3.367693920128180363e+00
-3.427607987541549051e+00
-3.371747917481699108e+00
-3.371747917481699108e+00
-3.409232996028728646e+00
-3.343080200642351674e+00
-3.343080200642351674e+00
-3.428853031934490314e+00
-3.428853031934490314e+00
-3.381544414227708906e+00
-3.530932285167630802e+00
-3.530932285167630802e+00
-3.530932285167630802e+00
-3.530932285167630802e+00
-3.537284357260946699e+00
-3.537284357260946699e+00
-3.537284357260946699e+00
-3.606629177594572688e+00
-3.577551923581231197e+00
-3.483583517809664354e+00
-3.483583517809664354e+00
-3.483583517809664354e+00
-3.393788518245123953e+00
-3.393788518245123953e+00
-3.393788518245123953e+00
-3.536444062153051959e+00
-3.536444062153051959e+00
-3.594761362906730540e+00
-3.594761362906730540e+00
-3.594761362906730540e+00
-3.594761362906730540e+00
-3.594761362906730540e+00
-3.594761362906730540e+00
-3.743371554115044741e+00
-3.743371554115044741e+00
-3.368605221481846268e+00
-3.368605221481846268e+00
-3.368605221481846268e+00
-3.424976076069647490e+00
-3.424976076069647490e+00
-3.424976076069647490e+00
-3.424976076069647490e+00
-3.438677677413267908e+00
-3.438677677413267908e+00
-3.438677677413267908e+00
-3.438677677413267908e+00
-3.539553224796711639e+00
-3.337473272663550983e+00
-3.337473272663550983e+00
-3.337473272663550983e+00
-3.605213241824249515e+00
-3.605213241824249515e+00
-3.661242765575717595e+00
-3.662930172846751375e+00
-3.662930172846751375e+00
-3.662930172846751375e+00
-3.662930172846751375e+00
-3.641559112822852384e+00
-3.641559112822852384e+00
-3.673115802454442580e+00
-3.673115802454442580e+00
-3.673115802454442580e+00
-3.393053711550830798e+00
-3.393053711550830798e+00
-3.755815905513395059e+00
-3.820113026909123910e+00
-3.796243083425188569e+00
-3.796243083425188569e+00
-3.806203621250870306e+00
-3.614766908227171172e+00
-3.811981808249651493e+00
-3.692054050808162291e+00
-3.692054050808162291e+00
-3.692054050808162291e+00
-3.692054050808162291e+00
-3.921404979738242425e+00
-3.946196103071193839e+00
-3.780662425118363590e+00
-3.780662425118363590e+00
-3.780662425118363590e+00
-3.780662425118363590e+00
-3.696800388330441667e+00
-3.490122053322260776e+00
-3.624066067417149206e+00
-3.624066067417149206e+00
-3.638760316838264508e+00
-3.651296121696429253e+00
-3.651296121696429253e+00
-3.651296121696429253e+00
-3.729122946289323615e+00
-3.681201833354601050e+00
-3.783424527577554208e+00
-3.682147294836172424e+00
-3.682147294836172424e+00
-3.682147294836172424e+00
-3.682147294836172424e+00
-3.682147294836172424e+00
-3.682147294836172424e+00
-3.682147294836172424e+00
-3.682147294836172424e+00
-3.530346579332299672e+00
-3.759934996412066077e+00
-3.758943108767247132e+00
-3.758943108767247132e+00
-3.758943108767247132e+00
-3.841036452260881084e+00
-3.841036452260881084e+00
-3.761052213485645002e+00
-3.768944298629868239e+00
-3.815317840732591392e+00
-3.815317840732591392e+00
-3.815317840732591392e+00
-3.815317840732591392e+00
-3.870969048902797027e+00
-3.873940766397136581e+00
-3.873940766397136581e+00
-3.754544863061211490e+00
-3.726401564908615516e+00
-3.726401564908615516e+00
-3.821052144364696979e+00
-3.754576504891269373e+00
-3.841409247325528575e+00
-3.841409247325528575e+00
-3.709920926112063366e+00
-3.630681746172725877e+00
-3.675559994773619277e+00
-3.913844002922377996e+00
-3.909355869102136172e+00
-3.771400589993913144e+00
-3.771400589993913144e+00
-3.757277645845126468e+00
-3.743162752221687928e+00
-3.743162752221687928e+00
-3.859177920279214025e+00
-3.823899356529993909e+00
-3.787568208556977734e+00
-3.787568208556977734e+00
-3.815819547179688076e+00
-3.815819547179688076e+00
-3.815819547179688076e+00
-3.815819547179688076e+00
-3.815819547179688076e+00
-3.830923249875230585e+00
-3.783561919261869910e+00
-3.783561919261869910e+00
-3.783561919261869910e+00
-3.783561919261869910e+00
-3.748772788166397696e+00
-3.748772788166397696e+00
-3.748772788166397696e+00
-3.628794389409791599e+00
-3.749271148701144085e+00
-3.626863994948668513e+00
-3.625545998248452584e+00
-3.625545998248452584e+00
-3.625545998248452584e+00
-3.625545998248452584e+00
-3.625545998248452584e+00
-3.625545998248452584e+00
-3.625545998248452584e+00
-3.625545998248452584e+00
-3.562828115443137822e+00
-3.562828115443137822e+00
-3.483605846905838632e+00
-3.483605846905838632e+00
-3.708357911403374008e+00
-3.762863204233987346e+00
-3.762863204233987346e+00
-3.766529837831313010e+00
-3.766529837831313010e+00
-3.464352179393354270e+00
-3.433813811360189039e+00
-3.539537520833462736e+00
-3.539537520833462736e+00
-3.539537520833462736e+00
-3.539537520833462736e+00
-3.559756288295917948e+00
-3.525818475926715045e+00
-3.525818475926715045e+00
-3.668829216882161237e+00
-3.668829216882161237e+00
-3.668829216882161237e+00
-3.637773553244275870e+00
-3.637773553244275870e+00
-3.697640713682206925e+00
-3.729928893893381225e+00
-3.725477754699879629e+00
-3.695397292741452677e+00
-3.765597163443702211e+00
-3.527445317116274293e+00
-3.527445317116274293e+00
-3.527445317116274293e+00
-3.760527885160425132e+00
-3.760527885160425132e+00
-3.760527885160425132e+00
-3.760527885160425132e+00
-3.760527885160425132e+00
-3.760527885160425132e+00
-3.760527885160425132e+00
-3.760527885160425132e+00
-3.760527885160425132e+00
-3.760527885160425132e+00
-3.760527885160425132e+00
-3.760527885160425132e+00
-3.748812737532653649e+00
-3.748576120314087046e+00
-3.748576120314087046e+00
-4.034006834422461552e+00
-4.034006834422461552e+00
-3.617477680499912918e+00
-3.740455976917270497e+00
-3.740455976917270497e+00
-3.740455976917270497e+00
-3.740455976917270497e+00
-3.728564651422981768e+00
-3.728564651422981768e+00
-3.670661719650149646e+00
-3.670661719650149646e+00
-3.697387272050696616e+00
-3.697387272050696616e+00
-3.850096659490397588e+00
-3.850096659490397588e+00
-3.695105679711538471e+00
-3.695105679711538471e+00
-3.793182667854930745e+00
-3.798850443957089151e+00
-3.772963497280161338e+00
-3.772963497280161338e+00
-3.772963497280161338e+00
-3.772963497280161338e+00
-3.660758811959450298e+00
-3.733291151267313257e+00
-3.681787441885317591e+00
-3.593642083648470376e+00
-3.593642083648470376e+00
-3.635869459521641645e+00
-3.635869459521641645e+00
-3.613179434974321147e+00
-3.614143218761491472e+00
-3.614143218761491472e+00
-3.614143218761491472e+00
-3.614143218761491472e+00
-3.614143218761491472e+00
-3.614143218761491472e+00
-3.614143218761491472e+00
-3.669324933144114009e+00
-3.535630430987823480e+00
-3.505842430619884986e+00
-3.505842430619884986e+00
-3.639288273654653683e+00
-3.639288273654653683e+00
-3.639288273654653683e+00
-3.671709560135385075e+00
-3.776503848931167973e+00
-3.790967829378726339e+00
-3.662051315611511537e+00
-3.633230973044649481e+00
-3.540557715758804846e+00
-3.540557715758804846e+00
-3.505207106110758364e+00
-3.687436348174225831e+00
-3.665054194694745693e+00
-3.526674812329984032e+00
-3.526674812329984032e+00
-3.706662671759116456e+00
-3.706662671759116456e+00
-3.706662671759116456e+00
-3.657278441713498029e+00
-3.634965816090920843e+00
-3.634965816090920843e+00
-3.768378849797492158e+00
-3.768378849797492158e+00
-3.768378849797492158e+00
-3.768378849797492158e+00
-3.768378849797492158e+00
-3.769984666139277074e+00
-3.690084087873390484e+00
-3.690084087873390484e+00
-3.743662070906653927e+00
-3.747963857124906539e+00
-3.747963857124906539e+00
-3.747963857124906539e+00
-3.747963857124906539e+00
-3.747963857124906539e+00
-3.751217451060971264e+00
-3.751217451060971264e+00
-3.751217451060971264e+00
-3.646683624116747069e+00
-3.696421173795064075e+00
-3.641681190047246108e+00
-3.927412599541894256e+00
-3.822970469737329235e+00
-3.863637007953266256e+00
-3.353069110396378782e+00
-3.576594695105708599e+00
-3.576594695105708599e+00
-3.646045030155391498e+00
-3.336780326558245857e+00
-3.697414808465772307e+00
-3.568080193610763118e+00
-3.669712276649526039e+00
-3.669712276649526039e+00
-3.669712276649526039e+00
-3.638716755321695029e+00
-3.638716755321695029e+00
-3.604661777607716111e+00
-3.474618757073083319e+00
-3.474618757073083319e+00
-3.474618757073083319e+00
-3.498636054313753796e+00
-3.498636054313753796e+00
-3.498636054313753796e+00
-3.507183625512865888e+00
-3.507183625512865888e+00
-3.507183625512865888e+00
-3.507183625512865888e+00
-3.507183625512865888e+00
-3.507183625512865888e+00
-3.507183625512865888e+00
-3.498919497397380063e+00
-3.546743972430226766e+00
-3.546743972430226766e+00
-3.546743972430226766e+00
-3.546743972430226766e+00
-3.549130849354569683e+00
-3.512811233310023429e+00
-3.512811233310023429e+00
-3.512811233310023429e+00
-3.512811233310023429e+00
-3.512811233310023429e+00
-3.512811233310023429e+00
-3.512811233310023429e+00
-3.341143239508173046e+00
-3.357687603239736696e+00
-3.357687603239736696e+00
-3.588702650849939779e+00
-3.588702650849939779e+00
-3.550795502831626926e+00
-3.550795502831626926e+00
-3.495053450560459574e+00
-3.461475917183706841e+00
-3.461475917183706841e+00
-3.442259619431160989e+00
-3.444453373279669606e+00
-3.444453373279669606e+00
-3.476411150649315385e+00
-3.450744342016654809e+00
-3.462824595300847186e+00
-3.428434145143866019e+00
-3.428434145143866019e+00
-3.428434145143866019e+00
-3.428434145143866019e+00
-3.445286254315525820e+00
-3.441909013932479500e+00
-3.367914615720413174e+00
-3.659465794957070361e+00
-3.659465794957070361e+00
-3.692852452782251937e+00
-3.692852452782251937e+00
-3.692852452782251937e+00
-3.650445833814995211e+00
-3.650445833814995211e+00
-3.650445833814995211e+00
-3.650445833814995211e+00
-3.493383593604727277e+00
-3.411777073685376305e+00
-3.550565007550964047e+00
-3.588564201179468061e+00
-3.588564201179468061e+00
-3.588564201179468061e+00
-3.588564201179468061e+00
-3.588564201179468061e+00
-3.537634439591748059e+00
-3.537634439591748059e+00
-3.560282644866775481e+00
-3.560282644866775481e+00
-3.592370056153863622e+00
-3.592370056153863622e+00
-3.717913243095601672e+00
-3.721556930004705777e+00
-3.721556930004705777e+00
-3.612682843357774232e+00
-3.612682843357774232e+00
-3.676879331604477219e+00
-3.742320268025847607e+00
-3.619953466288574617e+00
-3.569666566204673153e+00
-3.778800767386984560e+00
-3.805057569194436162e+00
-3.805057569194436162e+00
-3.805057569194436162e+00
-3.817333760712428692e+00
-3.812057595340877292e+00
-3.812057595340877292e+00
-3.758693294969637222e+00
-3.781593920693519628e+00
-3.642069744563094513e+00
-3.642069744563094513e+00
-3.586224075099620823e+00
-3.586224075099620823e+00
-3.583407364628910408e+00
-3.583407364628910408e+00
-3.508320717880536677e+00
-3.548269634920899307e+00
-3.548269634920899307e+00
-3.548269634920899307e+00
-3.548269634920899307e+00
-3.612666462087506414e+00
-3.549211155501718284e+00
-3.549211155501718284e+00
-3.549211155501718284e+00
-3.549211155501718284e+00
-3.549211155501718284e+00
-3.549211155501718284e+00
-3.557109668928847057e+00
-3.620044207156014160e+00
-3.620044207156014160e+00
-3.620044207156014160e+00
-3.620044207156014160e+00
-3.688320540149358173e+00
-3.562297927218733395e+00
-3.562297927218733395e+00
-3.562297927218733395e+00
-3.562297927218733395e+00
-3.631340508490495722e+00
-3.631340508490495722e+00
-3.631340508490495722e+00
-3.631219989703934115e+00
-3.631219989703934115e+00
-3.631219989703934115e+00
-3.631219989703934115e+00
-3.631219989703934115e+00
-3.725857960896211907e+00
-3.510879319142426791e+00
-3.510879319142426791e+00
-3.510879319142426791e+00
-3.509860713827428924e+00
-3.509860713827428924e+00
-3.409319886779759390e+00
-3.403023321245740362e+00
-3.403023321245740362e+00
-3.403023321245740362e+00
-3.527006614400630902e+00
-3.529362644153983375e+00
-3.529362644153983375e+00
-3.535483134475978950e+00
-3.535483134475978950e+00
-3.535483134475978950e+00
-3.535483134475978950e+00
-3.535483134475978950e+00
-3.535483134475978950e+00
-3.535483134475978950e+00
-3.291964296539148016e+00
-3.329087043915779365e+00
-3.329087043915779365e+00
-3.577393855765139019e+00
-3.577393855765139019e+00
-3.577393855765139019e+00
-3.577393855765139019e+00
-3.577393855765139019e+00
-3.577393855765139019e+00
-3.469958286435091743e+00
-3.469958286435091743e+00
-3.580070654355644866e+00
-3.487213712956156009e+00
-3.487213712956156009e+00
-3.487213712956156009e+00
-3.490880542434719125e+00
-3.490880542434719125e+00
-3.462972395287915450e+00
-3.533270682436639998e+00
-3.494798520714016643e+00
-3.494272876965083263e+00
-3.494272876965083263e+00
-3.498768533644561973e+00
-3.589831112932523549e+00
-3.589831112932523549e+00
-3.472302456794746472e+00
-3.472302456794746472e+00
-3.577449491295507489e+00
-3.577449491295507489e+00
-3.457656050527411207e+00
-3.472421863015112464e+00
-3.472421863015112464e+00
-3.513309685570403129e+00
-3.658564098517272267e+00
-3.658564098517272267e+00
-3.658564098517272267e+00
-3.598376657943434864e+00
-3.598376657943434864e+00
-3.598376657943434864e+00
-3.585826557926450331e+00
-3.585826557926450331e+00
-3.536813186249958996e+00
-3.536813186249958996e+00
-3.536813186249958996e+00
-3.680698041684617561e+00
-3.767846352346533756e+00
-3.767846352346533756e+00
-3.808583278702661890e+00
-3.749216119059771035e+00
-3.749216119059771035e+00
-3.679888235649098505e+00
-3.679888235649098505e+00
-3.679888235649098505e+00
-3.679888235649098505e+00
-3.679888235649098505e+00
-3.679888235649098505e+00
-3.679888235649098505e+00
-3.612498453013175403e+00
-3.612498453013175403e+00
-3.612498453013175403e+00
-3.612498453013175403e+00
-3.612498453013175403e+00
-3.589507062906784896e+00
-3.589507062906784896e+00
-3.589507062906784896e+00
-3.753132786677910282e+00
-3.686630385490571982e+00
-3.839208075395637021e+00
-3.759886334210637227e+00
-3.811541299789570569e+00
-3.681113174036924285e+00
-3.681113174036924285e+00
-3.718308740806532064e+00
-3.718308740806532064e+00
-3.718308740806532064e+00
-3.718308740806532064e+00
-3.718308740806532064e+00
-3.732170661257785405e+00
-3.732170661257785405e+00
-3.771916475072941477e+00
-3.802434742451163530e+00
-3.802434742451163530e+00
-3.813083037825443888e+00
-3.908080409062136606e+00
-3.851026206195136581e+00
-3.851026206195136581e+00
-3.678218174483425251e+00
-3.678218174483425251e+00
-3.520256184621694207e+00
-3.520256184621694207e+00
-3.520256184621694207e+00
-3.520256184621694207e+00
-3.520256184621694207e+00
-3.399448170297541871e+00
-3.478688918475119518e+00
-3.478688918475119518e+00
-3.398584032405570277e+00
-3.398584032405570277e+00
-3.671826066834503077e+00
-3.674415178333621412e+00
-3.674415178333621412e+00
-3.674415178333621412e+00
-3.598904606959361985e+00
-3.644568685876775849e+00
-3.644568685876775849e+00
-3.644568685876775849e+00
-3.684275746656973105e+00
-3.684275746656973105e+00
-3.664907214867966001e+00
-3.664660911596999249e+00
-3.664660911596999249e+00
-3.684627806491957980e+00
-3.684627806491957980e+00
-3.575250736666987006e+00
-3.575250736666987006e+00
-3.576378225059236637e+00
-3.580335231886118574e+00
-3.580335231886118574e+00
-3.677401634159307875e+00
-3.623241401169871256e+00
-3.803332492207735616e+00
-3.710097075818174606e+00
-3.697971374249599208e+00
-3.697971374249599208e+00
-3.697971374249599208e+00
-3.585663089805941617e+00
-3.526076695836267927e+00
-3.688098236948459174e+00
-3.517857692647451628e+00
-3.629192564900439066e+00
-3.629192564900439066e+00
-3.695193738803636219e+00
-3.695193738803636219e+00
-3.679573543928019941e+00
-3.679573543928019941e+00
-3.736788504379816356e+00
-3.661550944921962092e+00
-3.661550944921962092e+00
-3.661550944921962092e+00
-3.729046479296214578e+00
-3.671991572394290415e+00
-3.671991572394290415e+00
-3.678533214645965721e+00
-3.608530270520293293e+00
-3.647030602266740029e+00
-3.714213681808941292e+00
-3.714213681808941292e+00
-3.679061044733368480e+00
-3.448048786581550562e+00
-3.448048786581550562e+00
-3.480150928606638328e+00
-3.480150928606638328e+00
-3.402151774794965888e+00
-3.402151774794965888e+00
-3.414925423209822064e+00
-3.414925423209822064e+00
-3.414925423209822064e+00
-3.589946229403321976e+00
-3.589946229403321976e+00
-3.625537007210586804e+00
-3.535038804142570878e+00
-3.436782939933149539e+00
-3.579843963417518982e+00
-3.579843963417518982e+00
-3.579843963417518982e+00
-3.579843963417518982e+00
-3.487667375272331061e+00
-3.424142060932577003e+00
-3.424142060932577003e+00
-3.424142060932577003e+00
-3.515316466895932024e+00
-3.515316466895932024e+00
-3.560349102811617872e+00
-3.562922199161752346e+00
-3.562922199161752346e+00
-3.562922199161752346e+00
-3.441064872768825111e+00
-3.441064872768825111e+00
-3.444535427629369373e+00
-3.444535427629369373e+00
-3.503122594966973313e+00
-3.503122594966973313e+00
-3.503122594966973313e+00
-3.503122594966973313e+00
-3.476084725377310392e+00
-3.480708878085820412e+00
-3.506296208656916491e+00
-3.506296208656916491e+00
-3.406928437876107552e+00
-3.565721790770421507e+00
-3.601775166685659890e+00
-3.649524131267959604e+00
-3.649524131267959604e+00
-3.715935760542068866e+00
-3.715935760542068866e+00
-3.715935760542068866e+00
-3.672484485640095109e+00
-3.609087556230833105e+00
-3.609087556230833105e+00
-3.609087556230833105e+00
-3.602868419343211670e+00
-3.691037033966569236e+00
-3.691037033966569236e+00
-3.676702637110330851e+00
-3.499449754668323642e+00
-3.499449754668323642e+00
-3.499449754668323642e+00
-3.499449754668323642e+00
-3.744089256125804788e+00
-3.386757755500208855e+00
-3.380286801916476680e+00
-3.640987973535600997e+00
-3.640987973535600997e+00
-3.686986759097669264e+00
-3.686986759097669264e+00
-3.709497298299833989e+00
-3.709497298299833989e+00
-3.709497298299833989e+00
-3.624598763425901371e+00
-3.823066569416267324e+00
-3.778678643417864524e+00
-3.778678643417864524e+00
-3.776276767381816057e+00
-3.768503182529213458e+00
-3.768503182529213458e+00
-3.768503182529213458e+00
-3.295329715733886555e+00
-3.529106460093650366e+00
-3.567073978325611794e+00
-3.567073978325611794e+00
-3.567073978325611794e+00
-3.566081344496609518e+00
-3.566081344496609518e+00
-3.504679055822478073e+00
-3.504679055822478073e+00
-3.462949132545941833e+00
-3.462949132545941833e+00
-3.462949132545941833e+00
-3.503070351798103221e+00
-3.366476948034267558e+00
-3.530488220336924332e+00
-3.540359017010000553e+00
-3.409632218241326562e+00
-3.352450888984995547e+00
-3.570619049708282589e+00
-3.704550074490048583e+00
-3.648321096736991898e+00
-3.648321096736991898e+00
-3.648321096736991898e+00
-3.621232837356882950e+00
-3.562492322976829495e+00
-3.679283972499403976e+00
-3.667654039748630801e+00
-3.642793713347474593e+00
-3.697806916700763669e+00
-3.697806916700763669e+00
-3.629879944111033208e+00
-3.778163469132309160e+00
-3.572374839890690712e+00
-3.572374839890690712e+00
-3.572374839890690712e+00
-3.609522806616817459e+00
-3.609522806616817459e+00
-3.609522806616817459e+00
-3.737755512018837933e+00
-3.688500587810980225e+00
-3.755200241081559032e+00
-3.669364261522717108e+00
-3.700464005506860943e+00
-3.740544279498470459e+00
-3.740544279498470459e+00
-3.425270819907591413e+00
-3.483566679152939383e+00
-3.483566679152939383e+00
-3.695458874352614220e+00
-3.624712306318279342e+00
-3.624712306318279342e+00
-3.624712306318279342e+00
-3.624712306318279342e+00
-3.571812360088665095e+00
-3.684809732830378604e+00
-3.706642242975687562e+00
-3.550835113912033769e+00
-3.653297315662442202e+00
-3.597100474510310342e+00
-3.674527314463957861e+00
-3.674527314463957861e+00
-3.674527314463957861e+00
-3.674527314463957861e+00
-3.674527314463957861e+00
-3.604805486047708118e+00
-3.604805486047708118e+00
-3.596095322041410913e+00
-3.596095322041410913e+00
-3.487780933743036549e+00
-3.544436106050630642e+00
-3.615248260242646339e+00
-3.615248260242646339e+00
-3.614414475030730323e+00
-3.614414475030730323e+00
-3.561708720143322182e+00
-3.561708720143322182e+00
-3.577907988118961491e+00
-3.577907988118961491e+00
-3.538869229180968912e+00
-3.545429783132886925e+00
-3.642860301506237075e+00
-3.642860301506237075e+00
-3.642860301506237075e+00
-3.642860301506237075e+00
-3.750653444185189311e+00
-3.750653444185189311e+00
-3.750653444185189311e+00
-3.767816882932449651e+00
-3.634698158872633034e+00
-3.608108215265703578e+00
-3.556302626921628018e+00
-3.510437189907035016e+00
-3.510437189907035016e+00
-3.509131409936223633e+00
-3.658724028248926619e+00
-3.658724028248926619e+00
-3.623419173500873836e+00
-3.528737693597911118e+00
-3.504964972512868648e+00
-3.504964972512868648e+00
-3.504964972512868648e+00
-3.504964972512868648e+00
-3.504964972512868648e+00
-3.594564463472786908e+00
-3.609811928978968076e+00
-3.521958644349474810e+00
-3.538736984162625276e+00
-3.695999377625020177e+00
-3.607502510650352878e+00
-3.609019928447282588e+00
-3.609019928447282588e+00
-3.609019928447282588e+00
-3.586498429911114005e+00
-3.586498429911114005e+00
-3.586498429911114005e+00
-3.586498429911114005e+00
-3.576492989286530921e+00
-3.609998812751251229e+00
-3.519709255017122729e+00
-3.502511139020368258e+00
-3.494649450718726236e+00
-3.494649450718726236e+00
-3.676064362666135121e+00
-3.622605022397559882e+00
-3.660852786247188018e+00
-3.660852786247188018e+00
-3.660852786247188018e+00
-3.660852786247188018e+00
-3.660852786247188018e+00
-3.660852786247188018e+00
-3.660852786247188018e+00
-3.660852786247188018e+00
-3.660852786247188018e+00
-3.660852786247188018e+00
-3.686954368912834568e+00
-3.705714890811880213e+00
-3.557371437811970516e+00
-3.688559329554428334e+00
-3.567192359450392924e+00
-3.567192359450392924e+00
-3.567192359450392924e+00
-3.631016301663109846e+00
-3.414890174378017562e+00
-3.414890174378017562e+00
-3.513440603477636870e+00
-3.575239150864532256e+00
-3.575239150864532256e+00
-3.575239150864532256e+00
-3.575239150864532256e+00
-3.575239150864532256e+00
-3.575239150864532256e+00
-3.575239150864532256e+00
-3.575239150864532256e+00
-3.575239150864532256e+00
-3.512127527383771763e+00
-3.440282797831837325e+00
-3.440282797831837325e+00
-3.537333200119155752e+00
-3.537333200119155752e+00
-3.537333200119155752e+00
-3.537333200119155752e+00
-3.409778975841922133e+00
-3.506458091515110009e+00
-3.428535223971185708e+00
-3.569669421927041952e+00
-3.576970313162425974e+00
-3.542358942015531476e+00
-3.542358942015531476e+00
-3.542358942015531476e+00
-3.681374018784231428e+00
-3.508708353861410778e+00
-3.620119769070722082e+00
-3.367150325334003380e+00
-3.367150325334003380e+00
-3.669135214327120753e+00
-3.777204194093311429e+00
-3.777204194093311429e+00
-3.777204194093311429e+00
-3.814277174457949116e+00
-3.814277174457949116e+00
-3.814277174457949116e+00
-3.686526682035406122e+00
-3.686526682035406122e+00
-3.683863875061197390e+00
-3.499783508493166106e+00
-3.499783508493166106e+00
-3.466748155331826897e+00
-3.466748155331826897e+00
-3.543955452277821383e+00
-3.543955452277821383e+00
-3.580536875466607594e+00
-3.612175735940120536e+00
-3.612175735940120536e+00
-3.753689715366566482e+00
-3.586269014412238665e+00
-3.586269014412238665e+00
-3.586269014412238665e+00
-3.528406541336747804e+00
-3.593988062420431895e+00
-3.541799664270671055e+00
-3.426152238090089064e+00
-3.426441095271123949e+00
-3.426441095271123949e+00
-3.593074694922230528e+00
-3.460969704053700635e+00
-3.491930125096404325e+00
-3.491930125096404325e+00
-3.491930125096404325e+00
-3.519339039745486453e+00
-3.519339039745486453e+00
-3.519339039745486453e+00
-3.519339039745486453e+00
-3.722386676275407869e+00
-3.662110569327864162e+00
-3.635283839774566150e+00
-3.673532215756798891e+00
-3.740883917498846856e+00
-3.740883917498846856e+00
-3.616323644807752480e+00
-3.616323644807752480e+00
-3.616323644807752480e+00
-3.616323644807752480e+00
-3.616400612751605070e+00
-3.616400612751605070e+00
-3.616400612751605070e+00
-3.537753858329880874e+00
-3.537753858329880874e+00
-3.547715740830317710e+00
-3.547715740830317710e+00
-3.547079187422798707e+00
-3.677962991451666497e+00
-3.709530921847885576e+00
-3.576155201082903634e+00
-3.610185183440056012e+00
-3.610185183440056012e+00
-3.610185183440056012e+00
-3.610185183440056012e+00
-3.648640225262815395e+00
-3.546385347913617814e+00
-3.546385347913617814e+00
-3.850384400581476463e+00
-3.818154811363381196e+00
-3.379026420029273226e+00
-3.359563647109149453e+00
-3.359563647109149453e+00
-3.466992836739535733e+00
-3.510024244662363735e+00
-3.510024244662363735e+00
-3.510024244662363735e+00
-3.510024244662363735e+00
-3.510024244662363735e+00
-3.359763638188336454e+00
-3.425665872530159639e+00
-3.401602210265567638e+00
-3.401602210265567638e+00
-3.401602210265567638e+00
-3.598330317936966338e+00
-3.598330317936966338e+00
-3.531595510767201240e+00
-3.692964715416966914e+00
-3.692964715416966914e+00
-3.692964715416966914e+00
-3.692964715416966914e+00
-3.731449780633058655e+00
-3.731449780633058655e+00
-3.647966516499858702e+00
-3.647966516499858702e+00
-3.717402500137550803e+00
-3.717402500137550803e+00
-3.452024793968508476e+00
-3.452024793968508476e+00
-3.452024793968508476e+00
-3.418202612859296163e+00
-3.418202612859296163e+00
-3.639788996206169802e+00
-3.651711001080982566e+00
-3.694479640707073909e+00
-3.694479640707073909e+00
-3.694479640707073909e+00
-3.694479640707073909e+00
-3.570574061093034768e+00
-3.597146688274962312e+00
-3.597146688274962312e+00
-3.513956464880048092e+00
-3.581720990458641118e+00
-3.560053959775754340e+00
-3.579797287576483633e+00
-3.579797287576483633e+00
-3.599538150552006321e+00
-3.599538150552006321e+00
-3.599538150552006321e+00
-3.544669021082647475e+00
-3.544669021082647475e+00
-3.544669021082647475e+00
-3.544669021082647475e+00
-3.544669021082647475e+00
-3.550432115219904539e+00
-3.550432115219904539e+00
-3.562693962164738437e+00
-3.545992280019979681e+00
-3.545992280019979681e+00
-3.562344070028705456e+00
-3.562344070028705456e+00
-3.562344070028705456e+00
-3.568469497291514081e+00
-3.568469497291514081e+00
-3.568469497291514081e+00
-3.620350481097085016e+00
-3.593128429368507515e+00
-3.593128429368507515e+00
-3.613344642406311813e+00
-3.611007241911938337e+00
-3.611007241911938337e+00
-3.421546324275671402e+00
-3.445645405599118583e+00
-3.374664338019794929e+00
-3.386812354829007443e+00
-3.386812354829007443e+00
-3.386812354829007443e+00
-3.333789987363913632e+00
-3.390743488108580284e+00
-3.415025629259075046e+00
-3.495727894641055933e+00
-3.495727894641055933e+00
-3.495727894641055933e+00
-3.495727894641055933e+00
-3.495727894641055933e+00
-3.548520949733301677e+00
-3.548520949733301677e+00
-3.487666180500434976e+00
-3.488831321792166040e+00
-3.488831321792166040e+00
-3.582948371136687182e+00
-3.727267712269987765e+00
-3.687728344251945956e+00
-3.692237564683741091e+00
-3.692237564683741091e+00
-3.692237564683741091e+00
-3.692237564683741091e+00
-3.692237564683741091e+00
-3.668069612343183739e+00
-3.641231351987619380e+00
-3.641231351987619380e+00
-3.466276186782110358e+00
-3.466276186782110358e+00
-3.608228119017559354e+00
-3.608228119017559354e+00
-3.608228119017559354e+00
-3.526476792798107773e+00
-3.554745777743927526e+00
-3.554745777743927526e+00
-3.553310895033927164e+00
-3.593980059350969647e+00
-3.551152020771422002e+00
-3.551152020771422002e+00
-3.567797843404627578e+00
-3.567983895244249748e+00
-3.559446398626132879e+00
-3.559446398626132879e+00
-3.559446398626132879e+00
-3.622172399854651115e+00
-3.633061673981702988e+00
-3.633061673981702988e+00
-3.633061673981702988e+00
-3.663887526025554120e+00
-3.657476806301283911e+00
-3.449774530412922591e+00
-3.670441063048108798e+00
-3.670441063048108798e+00
-3.722064261326370360e+00
-3.722064261326370360e+00
-3.722064261326370360e+00
-3.731376326094847151e+00
-3.580981212740801389e+00
-3.573029454775602520e+00
-3.575496918811474245e+00
-3.573846988864996632e+00
-3.662680171281217589e+00
-3.662680171281217589e+00
-3.665552620638173220e+00
-3.665552620638173220e+00
-3.665552620638173220e+00
-3.665552620638173220e+00
-3.726624367791884662e+00
-3.531087291985221643e+00
-3.630232662339546224e+00
-3.630232662339546224e+00
-3.681243864876753591e+00
-3.674734052814921270e+00
-3.722619527825019592e+00
-3.722619527825019592e+00
-3.728972818252231924e+00
-3.731809321802820545e+00
-3.580909646452406392e+00
-3.639935822164335200e+00
-3.559775412154272622e+00
-3.595856422226993310e+00
-3.494141593448145233e+00
-3.494141593448145233e+00
-3.492888466423911265e+00
-3.492888466423911265e+00
-3.492888466423911265e+00
-3.384288484010781861e+00
-3.456611208562825333e+00
-3.403303318845826819e+00
-3.742759688440881582e+00
-3.742759688440881582e+00
-3.703534348161869882e+00
-3.703534348161869882e+00
-3.441950926329719884e+00
-3.453818578431712805e+00
-3.590845333553813301e+00
-3.590845333553813301e+00
-3.487607794624254964e+00
-3.487607794624254964e+00
-3.608308577885360968e+00
-3.596492072866042999e+00
-3.430426713469829192e+00
-3.636599190780366087e+00
-3.460421453756748367e+00
-3.669397930891095339e+00
-3.691480652357546077e+00
-3.494000785930715391e+00
-3.494000785930715391e+00
-3.494000785930715391e+00
-3.495357419565033652e+00
-3.457761183007192152e+00
-3.457761183007192152e+00
-3.457761183007192152e+00
-3.450406540823090396e+00
-3.492336079943361149e+00
-3.492336079943361149e+00
-3.479477848375156501e+00
-3.505944157776693437e+00
-3.505944157776693437e+00
-3.505944157776693437e+00
-3.675981671583540500e+00
-3.654928716012317391e+00
-3.654928716012317391e+00
-3.654928716012317391e+00
-3.617358838307214164e+00
-3.644867088326085192e+00
-3.567200322033720727e+00
-3.454561835958557925e+00
-3.467809560191601470e+00
-3.468978737634670573e+00
-3.468978737634670573e+00
-3.674618417834697670e+00
-3.674425995074721563e+00
-3.611053005309294850e+00
-3.611053005309294850e+00
-3.611053005309294850e+00
-3.663932213049240438e+00
-3.663932213049240438e+00
-3.663932213049240438e+00
-3.663932213049240438e+00
-3.589890226441069476e+00
-3.589890226441069476e+00
-3.762653899213899145e+00
-3.762653899213899145e+00
-3.768329797088512567e+00
-3.768329797088512567e+00
-3.768107144304682077e+00
-3.768107144304682077e+00
-3.768107144304682077e+00
-3.768107144304682077e+00
-3.741791812686689145e+00
-3.741791812686689145e+00
-3.746993483643159095e+00
-3.589286319893878474e+00
-3.589286319893878474e+00
-3.615835997311228844e+00
-3.612871751128704734e+00
-3.616108469200515874e+00
-3.560732693830976014e+00
-3.560732693830976014e+00
-3.560732693830976014e+00
-3.560732693830976014e+00
-3.573853665537497726e+00
-3.577012654878746645e+00
-3.606905447918953733e+00
-3.698641254959680325e+00
-3.623750033480347188e+00
-3.623013398655955175e+00
-3.475018184767292517e+00
-3.450632731018645316e+00
-3.450632731018645316e+00
-3.450632731018645316e+00
-3.556971343655249918e+00
-3.556971343655249918e+00
-3.504848687510991212e+00
-3.506098009916514879e+00
-3.506098009916514879e+00
-3.506499234084317962e+00
-3.539283415703914137e+00
-3.659210630379738038e+00
-3.659210630379738038e+00
-3.618386919815802294e+00
-3.670406924262426873e+00
-3.741717780387444847e+00
-3.741717780387444847e+00
-3.751012760166620108e+00
-3.821721104399665947e+00
-3.821721104399665947e+00
-3.821721104399665947e+00
-3.821721104399665947e+00
-3.743179874374753080e+00
-3.743179874374753080e+00
-3.743179874374753080e+00
-3.743179874374753080e+00
-3.743179874374753080e+00
-3.743179874374753080e+00
-3.743179874374753080e+00
-3.708307399205962529e+00
-3.708307399205962529e+00
-3.703047830966903931e+00
-3.664973184096341541e+00
-3.664973184096341541e+00
-3.664588162920878744e+00
-3.664588162920878744e+00
-3.528707337571526992e+00
-3.538475571007454690e+00
-3.545589716161525295e+00
-3.545589716161525295e+00
-3.545589716161525295e+00
-3.474296214608030731e+00
-3.471155235277584961e+00
-3.471155235277584961e+00
-3.473777548551922223e+00
-3.546396975594451106e+00
-3.556364474677901288e+00
-3.539511571512289123e+00
-3.508606344544804578e+00
-3.485131773484293927e+00
-3.470955585927970599e+00
-3.833323124440969121e+00
-3.739355753311834452e+00
-3.739355753311834452e+00
-3.739355753311834452e+00
-3.739355753311834452e+00
-3.739355753311834452e+00
-3.739355753311834452e+00
-3.747588277671590529e+00
-3.631693195649556394e+00
-3.631693195649556394e+00
-3.714294826307307673e+00
-3.714294826307307673e+00
-3.711205013231125172e+00
-3.633744127302989124e+00
-3.633744127302989124e+00
-3.735994340875341102e+00
-3.684994377111391106e+00
-3.647345235834849042e+00
-3.647345235834849042e+00
-3.716520544184105823e+00
-3.716520544184105823e+00
-3.672656204134376434e+00
-3.737491385726841475e+00
-3.683569070418601044e+00
-3.683569070418601044e+00
-3.820695388216579502e+00
-3.742824368261237211e+00
-3.742824368261237211e+00
-3.563219718069006170e+00
-3.644271924925986283e+00
-3.644271924925986283e+00
-3.644271924925986283e+00
-3.602770237514409057e+00
-3.602770237514409057e+00
-3.602770237514409057e+00
-3.602770237514409057e+00
-3.469711335341881586e+00
-3.530001859286016508e+00
-3.500757017582388109e+00
-3.500757017582388109e+00
-3.500757017582388109e+00
-3.500757017582388109e+00
-3.500757017582388109e+00
-3.500757017582388109e+00
-3.548637153363834340e+00
-3.548637153363834340e+00
-3.548637153363834340e+00
-3.548637153363834340e+00
-3.548637153363834340e+00
-3.559003635732613802e+00
-3.540247293262451134e+00
-3.540247293262451134e+00
-3.540247293262451134e+00
-3.540247293262451134e+00
-3.540247293262451134e+00
-3.565624157209960732e+00
-3.565624157209960732e+00
-3.602620595147894011e+00
-3.623804852607460880e+00
-3.623804852607460880e+00
-3.623804852607460880e+00
-3.623804852607460880e+00
-3.860819315765887438e+00
-3.967251063237493103e+00
-3.967251063237493103e+00
-3.934919745123587997e+00
-3.934919745123587997e+00
-3.973404662234703011e+00
-3.682626343065420027e+00
-3.689717092095956108e+00
-3.685441075946898959e+00
-3.685441075946898959e+00
-3.846665648150198624e+00
-3.846943220396121799e+00
-3.835639996379426098e+00
-3.825881590843732027e+00
-3.718400224237442764e+00
-3.718400224237442764e+00
-3.718400224237442764e+00
-3.718400224237442764e+00
-3.766042973395800075e+00
-3.760222027218654173e+00
-3.734828084648611934e+00
-3.741150185244103810e+00
-3.741150185244103810e+00
-3.741150185244103810e+00
-3.745649053752196700e+00
-3.745649053752196700e+00
-3.688995570868845775e+00
-3.688708752081764075e+00
-3.688708752081764075e+00
-3.761136568216511211e+00
-3.771018949699947775e+00
-3.630613645240864606e+00
-3.630613645240864606e+00
-3.626116377873867869e+00
-3.626116377873867869e+00
-3.665425931929465531e+00
-3.670640669945834933e+00
-3.673100988153654267e+00
-3.567513645411614309e+00
-3.654760482706659541e+00
-3.827129983405160640e+00
-3.618057333634630446e+00
-3.714677033413913865e+00
-3.920021657324285425e+00
-3.920021657324285425e+00
-3.525597259835323793e+00
-3.736561835746278426e+00
-3.744975191956198657e+00
-3.730337087931130835e+00
-3.635705256883207781e+00
-3.737927342471885517e+00
-3.737927342471885517e+00
-3.737468282052584634e+00
-3.737468282052584634e+00
-3.740844875039481376e+00
-3.740844875039481376e+00
-3.729985020397609041e+00
-3.700948263646072878e+00
-3.700948263646072878e+00
-3.700948263646072878e+00
-3.700948263646072878e+00
-3.731317711783724178e+00
-3.731317711783724178e+00
-3.693588484109403325e+00
-3.740684931634942423e+00
-3.743641601157283283e+00
-3.557277267802946064e+00
-3.669410488594138098e+00
-3.669410488594138098e+00
-3.669410488594138098e+00
-3.669410488594138098e+00
-3.818668344438698625e+00
-3.818668344438698625e+00
-3.818668344438698625e+00
-3.818668344438698625e+00
-3.517311879738429514e+00
-3.481062570563600911e+00
-3.481062570563600911e+00
-3.484155892149000788e+00
-3.461759676712142575e+00
-3.531349496238819441e+00
-3.531349496238819441e+00
-3.531349496238819441e+00
-3.525505380834156544e+00
-3.546646536040766406e+00
-3.546646536040766406e+00
-3.520890635892153675e+00
-3.520890635892153675e+00
-3.520890635892153675e+00
-3.520890635892153675e+00
-3.481923867396094607e+00
-3.481257150142665235e+00
-3.481257150142665235e+00
-3.481257150142665235e+00
-3.481257150142665235e+00
-3.471805843780190415e+00
-3.471805843780190415e+00
-3.536707435315388892e+00
-3.536707435315388892e+00
-3.272059401097734632e+00
-3.331481804214955211e+00
-3.473162389439774067e+00
-3.473162389439774067e+00
-3.269362754692977990e+00
-3.659812822172743729e+00
-3.655383746336718698e+00
-3.655383746336718698e+00
-3.655383746336718698e+00
-3.655383746336718698e+00
-3.467079606218782306e+00
-3.497144306811761361e+00
-3.497144306811761361e+00
-3.689813005244040323e+00
-3.689813005244040323e+00
-3.689813005244040323e+00
-3.515352747020172863e+00
-3.636951497857998650e+00
-3.636951497857998650e+00
-3.557485502498828556e+00
-3.557485502498828556e+00
-3.530467233613653999e+00
-3.565754616673654454e+00
-3.565754616673654454e+00
-3.640697615314228308e+00
-3.577761910338753459e+00
-3.726847309142019338e+00
-3.726847309142019338e+00
-3.755340747132762669e+00
-3.775822455972040359e+00
-3.662641747081233579e+00
-3.626030919384677365e+00
-3.626030919384677365e+00
-3.576852725686356038e+00
-3.576852725686356038e+00
-3.576852725686356038e+00
-3.576852725686356038e+00
-3.541860734674363798e+00
-3.541860734674363798e+00
-3.608650026945793954e+00
-3.608650026945793954e+00
-3.608650026945793954e+00
-3.598676607529080140e+00
-3.586820505432845696e+00
-3.555634059073700115e+00
-3.555634059073700115e+00
-3.736846590951356184e+00
-3.736846590951356184e+00
-3.660842633395454904e+00
-3.573531277134965212e+00
-3.573531277134965212e+00
-3.643710960037533031e+00
-3.659583137269052600e+00
-3.659583137269052600e+00
-3.659583137269052600e+00
-3.711259449827667645e+00
-3.788685184523274074e+00
-3.788685184523274074e+00
-3.788685184523274074e+00
-3.814317760582641270e+00
-3.814317760582641270e+00
-3.624695870369496031e+00
-3.803736013654940962e+00
-3.714825464966412749e+00
-3.730516026892761516e+00
-3.730516026892761516e+00
-3.730516026892761516e+00
-3.703929423116440134e+00
-3.703929423116440134e+00
-3.703929423116440134e+00
-3.703399269903269175e+00
-3.703399269903269175e+00
-3.690750737742777510e+00
-3.690750737742777510e+00
-3.670020924637890758e+00
-3.670020924637890758e+00
-3.590709955563948785e+00
-3.590709955563948785e+00
-3.590709955563948785e+00
-3.590709955563948785e+00
-3.590709955563948785e+00
-3.661093922048518579e+00
-3.645887473389202604e+00
-3.654152171144546379e+00
-3.654152171144546379e+00
-3.654152171144546379e+00
-3.654152171144546379e+00
-3.654152171144546379e+00
-3.713487267532279645e+00
-3.713487267532279645e+00
-3.711405326089807666e+00
-3.527056407034837804e+00
-3.527056407034837804e+00
-3.527056407034837804e+00
-3.527056407034837804e+00
-3.527056407034837804e+00
-3.527056407034837804e+00
-3.882891906772878876e+00
-3.882891906772878876e+00
-3.711919118319912059e+00
-3.711919118319912059e+00
-3.655170226916178766e+00
-3.761578198979851351e+00
-3.761578198979851351e+00
-3.670118089711316145e+00
-3.634210468374569736e+00
-3.550330635529102885e+00
-3.662430252093624716e+00
-3.662430252093624716e+00
-3.599951590241649679e+00
-3.629298690223632384e+00
-3.629298690223632384e+00
-3.629298690223632384e+00
-3.674416955883330616e+00
-3.593582710863023610e+00
-3.593582710863023610e+00
-3.631860279753627463e+00
-3.631860279753627463e+00
-3.631860279753627463e+00
-3.598811979429433983e+00
-3.818689934646869233e+00
-3.814533461501272260e+00
-3.780507270053223845e+00
-3.826713401311974128e+00
-3.826713401311974128e+00
-3.854139315971863766e+00
-3.854139315971863766e+00
-3.820108889702406252e+00
-3.815959884515128575e+00
-3.776482661719116507e+00
-3.776482661719116507e+00
-3.776482661719116507e+00
-3.776482661719116507e+00
-3.753415645598883188e+00
-3.722636715498809146e+00
-3.756342710315912825e+00
-3.768692538310604689e+00
-3.682597279509389310e+00
-3.747610037856763832e+00
-3.735557140295253653e+00
-3.573303721809661937e+00
-3.686724381825825958e+00
-3.686724381825825958e+00
-3.596453292847681116e+00
-3.596453292847681116e+00
-3.596453292847681116e+00
-3.578099584000078437e+00
-3.589972777167147022e+00
-3.589972777167147022e+00
-3.589972777167147022e+00
-3.589972777167147022e+00
-3.589972777167147022e+00
-3.581313984650969839e+00
-3.581313984650969839e+00
-3.579756108668206593e+00
-3.743167701769868128e+00
-3.748929230650448474e+00
-3.748929230650448474e+00
-3.801270480604425295e+00
-3.801270480604425295e+00
-3.711781220061046493e+00
-3.598318901913248435e+00
-3.960743083318704283e+00
-3.880345839743823966e+00
-3.898823445206044624e+00
-3.725312063443579902e+00
-3.841323382582973345e+00
-3.731318896907780402e+00
-3.904290406610532838e+00
-3.931068820537038544e+00
-3.931068820537038544e+00
-3.871235544001676132e+00
-3.871235544001676132e+00
-3.980404267524957351e+00
-3.813120675890466327e+00
