# Variable: dg_gbvi_00000185
# Sample shape: (2565,)
# Date: 2013-03-08 06:18:17.266069
-3.418074633757155478e+00
-2.675409288959674559e+00
-4.536344264585510544e+00
-3.898415170910486616e+00
-4.413054840491785313e+00
-4.413054840491785313e+00
-4.526663488527962187e+00
-6.580410115430716189e+00
-6.067960809915358134e+00
-4.343430289143016765e+00
-4.343430289143016765e+00
-4.343430289143016765e+00
-5.116788364860841654e+00
-4.844081704712690062e+00
-4.844081704712690062e+00
-5.271671479586548692e+00
-5.016463943164771955e+00
-5.508117013523800232e+00
-5.314531719340003235e+00
-4.242487159615492942e+00
-4.332419444965991850e+00
-4.340532804647384779e+00
-4.340532804647384779e+00
-4.368686772886016811e+00
-4.140001034489465326e+00
-4.119523601627741449e+00
-4.119523601627741449e+00
-4.119523601627741449e+00
-4.403340151646818690e+00
-4.410507114761418102e+00
-4.376056763245020242e+00
-4.376056763245020242e+00
-4.376056763245020242e+00
-4.376056763245020242e+00
-4.376056763245020242e+00
-4.376056763245020242e+00
-4.376056763245020242e+00
-4.579161619275057937e+00
-4.579161619275057937e+00
-4.579161619275057937e+00
-4.579161619275057937e+00
-4.579161619275057937e+00
-4.665578143671451627e+00
-4.202229305676038251e+00
-4.226566882321888485e+00
-4.129782727446974278e+00
-4.354608294741362684e+00
-4.223800711933815677e+00
-4.211610352134815827e+00
-4.211610352134815827e+00
-3.846108576003971713e+00
-3.846108576003971713e+00
-3.926240933639425723e+00
-3.926240933639425723e+00
-3.857752466054498619e+00
-3.938455986404514331e+00
-4.221673834476805887e+00
-4.221673834476805887e+00
-3.912805332298792127e+00
-4.236146259650067414e+00
-4.236146259650067414e+00
-4.236146259650067414e+00
-4.236146259650067414e+00
-4.266081924196690522e+00
-4.530151329952921024e+00
-4.530151329952921024e+00
-4.530151329952921024e+00
-4.530151329952921024e+00
-4.530151329952921024e+00
-4.530151329952921024e+00
-4.530151329952921024e+00
-4.530151329952921024e+00
-3.999924652976609263e+00
-3.971501950713616669e+00
-4.825669708366707944e+00
-4.785704449118632908e+00
-4.362435677713223825e+00
-4.362435677713223825e+00
-4.362435677713223825e+00
-4.362435677713223825e+00
-4.362435677713223825e+00
-4.362435677713223825e+00
-4.309495817801259676e+00
-4.309495817801259676e+00
-4.362276225066105795e+00
-4.362276225066105795e+00
-4.362276225066105795e+00
-4.362276225066105795e+00
-4.362276225066105795e+00
-4.685408046278892513e+00
-4.442572974124113117e+00
-4.442572974124113117e+00
-4.442572974124113117e+00
-4.442572974124113117e+00
-4.442572974124113117e+00
-4.434693479205196631e+00
-4.434693479205196631e+00
-4.434693479205196631e+00
-4.713280498526088103e+00
-4.713280498526088103e+00
-4.502451448246629795e+00
-4.514553982390919096e+00
-4.514553982390919096e+00
-4.514553982390919096e+00
-4.481976099496121968e+00
-4.481976099496121968e+00
-4.481976099496121968e+00
-4.481976099496121968e+00
-4.481976099496121968e+00
-4.481976099496121968e+00
-4.481976099496121968e+00
-4.509180840668258305e+00
-4.509180840668258305e+00
-4.509180840668258305e+00
-4.509180840668258305e+00
-4.509180840668258305e+00
-4.509180840668258305e+00
-4.509180840668258305e+00
-4.655798590950887217e+00
-4.104032257924238536e+00
-4.703797296229382141e+00
-4.703797296229382141e+00
-4.703797296229382141e+00
-4.529759408507382012e+00
-4.529759408507382012e+00
-4.117574673347712100e+00
-4.509008534153026382e+00
-4.509008534153026382e+00
-4.481654301350094904e+00
-4.481654301350094904e+00
-4.481654301350094904e+00
-4.462883836001112492e+00
-4.462883836001112492e+00
-4.472329082001457401e+00
-4.125003734128788402e+00
-4.125003734128788402e+00
-4.125003734128788402e+00
-4.125003734128788402e+00
-4.370430871918160598e+00
-4.352528464094408633e+00
-4.240695930405722791e+00
-4.727863609723039318e+00
-4.719586447632542203e+00
-4.660850110151976367e+00
-4.422483996778776572e+00
-4.216351593777845963e+00
-4.178924845145808753e+00
-4.286111827146514841e+00
-4.286111827146514841e+00
-4.286111827146514841e+00
-4.286111827146514841e+00
-4.621179601813912186e+00
-4.653799744845582786e+00
-4.274942167981920171e+00
-4.274942167981920171e+00
-4.124687458257860762e+00
-4.165565168949238561e+00
-4.124847137188781154e+00
-4.124847137188781154e+00
-4.702085063270105891e+00
-4.702085063270105891e+00
-4.702085063270105891e+00
-4.702085063270105891e+00
-4.671261095843889599e+00
-4.671261095843889599e+00
-4.671261095843889599e+00
-4.671261095843889599e+00
-4.754045840399578005e+00
-4.754045840399578005e+00
-4.373091281503684868e+00
-4.212527864357869412e+00
-4.662268672337277486e+00
-4.419378274084801106e+00
-4.427375849644311856e+00
-4.427375849644311856e+00
-4.427375849644311856e+00
-4.419238061841270770e+00
-4.419238061841270770e+00
-4.191331732007009592e+00
-4.552035825113149414e+00
-4.552035825113149414e+00
-4.552035825113149414e+00
-4.552035825113149414e+00
-4.145540944329051847e+00
-4.192531176213879718e+00
-4.196770502908872658e+00
-4.196770502908872658e+00
-4.567089749217243977e+00
-4.567089749217243977e+00
-4.378004024982932840e+00
-4.169219338293997268e+00
-4.169219338293997268e+00
-4.169219338293997268e+00
-4.169219338293997268e+00
-4.169219338293997268e+00
-4.557050212060137717e+00
-4.557050212060137717e+00
-4.557050212060137717e+00
-4.601090265516609712e+00
-4.601090265516609712e+00
-4.601090265516609712e+00
-4.601090265516609712e+00
-4.601090265516609712e+00
-4.601090265516609712e+00
-4.601090265516609712e+00
-4.561605570467866855e+00
-4.643797312520632659e+00
-4.612323061317326278e+00
-4.612323061317326278e+00
-4.612323061317326278e+00
-4.612323061317326278e+00
-4.300170288875137636e+00
-4.300170288875137636e+00
-4.311546170055231109e+00
-4.120096003396447770e+00
-4.120096003396447770e+00
-4.120096003396447770e+00
-4.120096003396447770e+00
-4.187907747810158732e+00
-4.438307088525489164e+00
-4.190236796541489284e+00
-4.190236796541489284e+00
-4.190236796541489284e+00
-4.004100743336258539e+00
-3.994459558937747179e+00
-4.565052876350034872e+00
-4.544873940374132282e+00
-4.544873940374132282e+00
-4.544873940374132282e+00
-4.544873940374132282e+00
-4.217933307826988276e+00
-4.217933307826988276e+00
-4.391381277813209749e+00
-4.391381277813209749e+00
-4.391381277813209749e+00
-4.391381277813209749e+00
-4.824972037778231915e+00
-4.824972037778231915e+00
-4.824972037778231915e+00
-4.809198904804569352e+00
-4.981461775800221758e+00
-4.738334131598846533e+00
-4.676933008587469409e+00
-4.676933008587469409e+00
-4.439438038810444631e+00
-4.360253304423109100e+00
-4.338809757696837188e+00
-4.344484183059813986e+00
-4.344484183059813986e+00
-4.344484183059813986e+00
-4.380530219887499577e+00
-4.380530219887499577e+00
-4.380530219887499577e+00
-4.380530219887499577e+00
-4.496083869200632854e+00
-4.496083869200632854e+00
-4.496083869200632854e+00
-4.496083869200632854e+00
-4.561551405535626103e+00
-4.561551405535626103e+00
-4.561551405535626103e+00
-4.505860589984762576e+00
-4.322354778909835993e+00
-4.334637369264236817e+00
-4.334637369264236817e+00
-4.334637369264236817e+00
-4.307465272952543778e+00
-4.253786494989430622e+00
-4.672525374487674021e+00
-4.328331616004271076e+00
-4.210247277663815346e+00
-4.293550771157723212e+00
-4.293550771157723212e+00
-4.293550771157723212e+00
-4.303029846369687661e+00
-4.253117261168823049e+00
-4.236248454870967350e+00
-4.436405100120424549e+00
-4.436405100120424549e+00
-4.436405100120424549e+00
-4.453608954045030544e+00
-4.480057391583354587e+00
-4.480057391583354587e+00
-4.437150068776526624e+00
-4.310266631987051511e+00
-4.310266631987051511e+00
-4.392555352209186914e+00
-4.392555352209186914e+00
-4.392555352209186914e+00
-4.392555352209186914e+00
-4.252578336343241894e+00
-4.252578336343241894e+00
-4.252578336343241894e+00
-4.252578336343241894e+00
-4.252578336343241894e+00
-4.252578336343241894e+00
-4.225503746607629729e+00
-4.309666390889124621e+00
-4.261935043579196503e+00
-4.261935043579196503e+00
-4.261935043579196503e+00
-4.409292459653107343e+00
-4.409292459653107343e+00
-4.409292459653107343e+00
-4.409292459653107343e+00
-4.480724564980469005e+00
-4.480724564980469005e+00
-4.486161751250617336e+00
-4.377866213688195174e+00
-4.316674878813150151e+00
-4.316674878813150151e+00
-4.314297436873442138e+00
-4.314297436873442138e+00
-4.297090991583539576e+00
-4.332982109120170122e+00
-4.588530009297405066e+00
-4.588530009297405066e+00
-4.266109865874477158e+00
-4.266109865874477158e+00
-4.259100538120607737e+00
-4.142155048386895189e+00
-4.142155048386895189e+00
-4.142155048386895189e+00
-4.142155048386895189e+00
-4.142155048386895189e+00
-4.661423486435166019e+00
-4.693978215760626682e+00
-4.693978215760626682e+00
-4.693978215760626682e+00
-4.552165917295949882e+00
-4.552165917295949882e+00
-4.552165917295949882e+00
-4.502502506714574970e+00
-4.538493210550726964e+00
-4.538493210550726964e+00
-4.536462254358970547e+00
-4.536462254358970547e+00
-4.536462254358970547e+00
-4.536462254358970547e+00
-4.549252293253471358e+00
-4.549252293253471358e+00
-4.536382884496322099e+00
-4.536382884496322099e+00
-4.539609360248407555e+00
-4.539609360248407555e+00
-4.539609360248407555e+00
-4.508038090929296082e+00
-4.536978854761022362e+00
-4.491645656143583132e+00
-4.313072197201702096e+00
-4.397953988579963003e+00
-4.333711223314586469e+00
-4.333711223314586469e+00
-4.333711223314586469e+00
-4.358369819170804682e+00
-4.508339867600747120e+00
-4.314706885494235422e+00
-4.403776566221314859e+00
-4.400987739483947614e+00
-4.210313701746982495e+00
-4.210313701746982495e+00
-4.247414706917460592e+00
-4.247414706917460592e+00
-4.247414706917460592e+00
-4.474488484900653873e+00
-4.474488484900653873e+00
-4.488292696206823251e+00
-4.488292696206823251e+00
-4.488292696206823251e+00
-4.507202996097675829e+00
-4.507202996097675829e+00
-4.506553883436775543e+00
-4.506453034718355788e+00
-4.160835054693833079e+00
-4.300148481245753551e+00
-4.300148481245753551e+00
-4.300148481245753551e+00
-4.349108323186694491e+00
-4.349108323186694491e+00
-4.349108323186694491e+00
-4.240693726234442629e+00
-4.240693726234442629e+00
-4.240693726234442629e+00
-4.240693726234442629e+00
-4.240693726234442629e+00
-4.215107777091116503e+00
-4.215107777091116503e+00
-4.400462751851750731e+00
-4.400462751851750731e+00
-4.400462751851750731e+00
-4.400462751851750731e+00
-4.400462751851750731e+00
-4.400462751851750731e+00
-4.453761543440570847e+00
-4.280733504662918243e+00
-4.642001359557946571e+00
-4.642001359557946571e+00
-4.642001359557946571e+00
-4.633696474381772568e+00
-4.633696474381772568e+00
-4.633696474381772568e+00
-4.633696474381772568e+00
-4.625580643229882050e+00
-4.625580643229882050e+00
-4.625580643229882050e+00
-4.325548259784005367e+00
-4.325548259784005367e+00
-4.325548259784005367e+00
-4.304586537069276631e+00
-4.304586537069276631e+00
-4.356124272781766393e+00
-4.356124272781766393e+00
-4.361547722922544779e+00
-4.361547722922544779e+00
-4.361547722922544779e+00
-4.348988256884252834e+00
-4.378765508695079411e+00
-4.459190371902646888e+00
-4.456603548394421743e+00
-4.456603548394421743e+00
-4.456603548394421743e+00
-4.376525121689038400e+00
-4.872242522474000026e+00
-4.872242522474000026e+00
-4.618951793898850688e+00
-4.465647434092701928e+00
-4.472859426664338223e+00
-4.472859426664338223e+00
-4.472859426664338223e+00
-4.472859426664338223e+00
-4.472859426664338223e+00
-4.473505152076219460e+00
-4.460414545368676542e+00
-4.460414545368676542e+00
-4.460414545368676542e+00
-4.460414545368676542e+00
-4.121210646945516309e+00
-4.121210646945516309e+00
-4.372280281289806503e+00
-4.348049144159000790e+00
-4.348049144159000790e+00
-4.451895263642349221e+00
-4.451895263642349221e+00
-4.448870075424161463e+00
-4.448870075424161463e+00
-4.455954266199191771e+00
-4.455954266199191771e+00
-4.089256440346672683e+00
-4.105425222943392960e+00
-4.105425222943392960e+00
-4.074337987773771985e+00
-4.074337987773771985e+00
-4.074337987773771985e+00
-4.082708921072701891e+00
-4.156381007586099408e+00
-4.385079839338788865e+00
-4.339038358415836072e+00
-4.331672616442666879e+00
-4.331672616442666879e+00
-4.331672616442666879e+00
-4.331672616442666879e+00
-4.349872987964648274e+00
-4.289667299892219177e+00
-4.470388899688883200e+00
-4.470581150517006996e+00
-4.470581150517006996e+00
-4.285452895810227147e+00
-4.470302873896260465e+00
-4.469534156024903560e+00
-4.469534156024903560e+00
-4.469534156024903560e+00
-4.469534156024903560e+00
-4.353982896466092711e+00
-4.353982896466092711e+00
-4.377245336376519802e+00
-4.404877049220726981e+00
-4.404877049220726981e+00
-4.404877049220726981e+00
-4.404877049220726981e+00
-4.416821254545488351e+00
-4.416821254545488351e+00
-4.324941470396518106e+00
-4.324941470396518106e+00
-4.324941470396518106e+00
-4.089611062664816998e+00
-4.299978076759229495e+00
-4.299978076759229495e+00
-4.299978076759229495e+00
-4.299978076759229495e+00
-4.299978076759229495e+00
-4.268031629777500946e+00
-4.268031629777500946e+00
-4.268031629777500946e+00
-4.268031629777500946e+00
-4.268031629777500946e+00
-4.543537002632386468e+00
-4.545184059749475480e+00
-4.545184059749475480e+00
-4.361604057609144824e+00
-4.311840851607002811e+00
-4.311840851607002811e+00
-4.259421573549064810e+00
-4.103237972409488954e+00
-4.476690202880223346e+00
-4.476690202880223346e+00
-4.476690202880223346e+00
-4.106009811378700469e+00
-4.190772088554131969e+00
-4.190772088554131969e+00
-4.190772088554131969e+00
-4.498217590497326057e+00
-4.201141571470944136e+00
-4.290036849658554807e+00
-4.290036849658554807e+00
-4.290036849658554807e+00
-4.290036849658554807e+00
-4.262270417936765199e+00
-4.262270417936765199e+00
-4.131619819711869646e+00
-4.278114879251898373e+00
-4.229505152093572917e+00
-4.229505152093572917e+00
-4.387197058133476268e+00
-4.404284542137617997e+00
-4.338515495499697394e+00
-4.338515495499697394e+00
-4.373831707122642243e+00
-4.373831707122642243e+00
-4.373831707122642243e+00
-4.373831707122642243e+00
-4.394636846984439238e+00
-4.352560162877057159e+00
-4.352560162877057159e+00
-4.353678970648751090e+00
-4.370786660331352991e+00
-4.370786660331352991e+00
-4.391006934252922100e+00
-4.391006934252922100e+00
-4.391006934252922100e+00
-4.396033963516245535e+00
-4.378883555497013802e+00
-4.378883555497013802e+00
-4.378883555497013802e+00
-4.378883555497013802e+00
-4.244894146715219030e+00
-4.177562644219094068e+00
-4.416874770158055519e+00
-4.416874770158055519e+00
-4.416874770158055519e+00
-4.416874770158055519e+00
-4.097902007756490050e+00
-4.080371426749057839e+00
-4.080371426749057839e+00
-4.110071543236029967e+00
-4.300705106473540873e+00
-4.515589677885700759e+00
-4.500387620882666084e+00
-4.550639214660467502e+00
-4.550639214660467502e+00
-4.530567381765842505e+00
-4.530567381765842505e+00
-4.530567381765842505e+00
-4.259096344261989131e+00
-4.284841439841010846e+00
-4.284841439841010846e+00
-4.268315059743305717e+00
-4.263267385656675401e+00
-4.263267385656675401e+00
-4.263267385656675401e+00
-4.263267385656675401e+00
-4.349084060731950530e+00
-4.353588189163131617e+00
-4.353588189163131617e+00
-4.126095524916286728e+00
-4.135489443104537699e+00
-4.135489443104537699e+00
-4.116871349115890588e+00
-4.410399786224943774e+00
-4.405698134852681136e+00
-4.405698134852681136e+00
-4.444473728756834774e+00
-4.444473728756834774e+00
-4.444473728756834774e+00
-4.444473728756834774e+00
-4.444473728756834774e+00
-4.454464796393192039e+00
-4.520784505944460463e+00
-4.281776689209594089e+00
-4.281776689209594089e+00
-4.224157994686165374e+00
-4.224157994686165374e+00
-4.519139757347979902e+00
-4.519139757347979902e+00
-4.519139757347979902e+00
-4.519139757347979902e+00
-4.519139757347979902e+00
-4.519139757347979902e+00
-4.336703118222657416e+00
-4.336703118222657416e+00
-4.425600867776424252e+00
-4.387423394488208395e+00
-4.294613771237431266e+00
-4.294613771237431266e+00
-4.294613771237431266e+00
-4.294613771237431266e+00
-4.294613771237431266e+00
-4.490121378102378991e+00
-4.490121378102378991e+00
-4.500774542048069371e+00
-4.500774542048069371e+00
-4.529941041130767232e+00
-4.529941041130767232e+00
-4.346260111739759679e+00
-4.346260111739759679e+00
-4.346260111739759679e+00
-4.443256780492557567e+00
-4.436989751631476686e+00
-4.211261396442528060e+00
-4.209447520459998593e+00
-4.209447520459998593e+00
-4.209447520459998593e+00
-4.209447520459998593e+00
-4.209447520459998593e+00
-4.296746943627876014e+00
-4.388659180735221099e+00
-4.404213055234338370e+00
-4.404213055234338370e+00
-4.379598190796880175e+00
-4.379598190796880175e+00
-4.206027868286954075e+00
-4.487882581379836644e+00
-4.487882581379836644e+00
-4.487882581379836644e+00
-4.487882581379836644e+00
-4.473085751937424526e+00
-4.473085751937424526e+00
-4.483325558159947377e+00
-4.884224662798041905e+00
-4.884224662798041905e+00
-4.884224662798041905e+00
-4.884224662798041905e+00
-4.531464256839523586e+00
-4.409916465782274919e+00
-4.409916465782274919e+00
-4.409916465782274919e+00
-4.409916465782274919e+00
-4.527802028045642579e+00
-4.510887776641695268e+00
-4.521891486467958465e+00
-4.521891486467958465e+00
-4.615831740263777405e+00
-4.615831740263777405e+00
-4.615831740263777405e+00
-4.609269605124893587e+00
-4.579833833525776221e+00
-4.543116593041855111e+00
-4.501841125597737303e+00
-4.548073454998280418e+00
-4.548073454998280418e+00
-4.548073454998280418e+00
-4.548073454998280418e+00
-4.342490123707742455e+00
-4.342490123707742455e+00
-4.452164051995249672e+00
-4.452164051995249672e+00
-4.452164051995249672e+00
-4.452164051995249672e+00
-4.452164051995249672e+00
-4.452164051995249672e+00
-4.452164051995249672e+00
-4.455978831438984322e+00
-4.455978831438984322e+00
-4.455978831438984322e+00
-4.473575678616716900e+00
-4.473575678616716900e+00
-4.338227955066532360e+00
-4.420506274282863579e+00
-4.482196210083332133e+00
-4.485429938625019375e+00
-4.485429938625019375e+00
-4.485429938625019375e+00
-4.400837890750621817e+00
-4.400837890750621817e+00
-4.400837890750621817e+00
-4.338413900239117993e+00
-4.338413900239117993e+00
-4.338413900239117993e+00
-4.338413900239117993e+00
-4.338413900239117993e+00
-4.373658792892880953e+00
-4.504992659840976188e+00
-4.504992659840976188e+00
-4.501204080728527401e+00
-4.501204080728527401e+00
-4.501204080728527401e+00
-4.513692759509772223e+00
-4.499037076680356684e+00
-4.499037076680356684e+00
-4.509867476413043974e+00
-4.201500098031935693e+00
-4.242908518559380227e+00
-4.649487168233944701e+00
-4.649487168233944701e+00
-4.649487168233944701e+00
-4.725239752027309947e+00
-4.575495987947795662e+00
-4.567396223468263017e+00
-4.567396223468263017e+00
-4.567396223468263017e+00
-4.566234716664342663e+00
-4.675590483382115359e+00
-4.675590483382115359e+00
-4.675590483382115359e+00
-4.168407951884078422e+00
-4.337609318501878697e+00
-4.337609318501878697e+00
-4.337609318501878697e+00
-4.337609318501878697e+00
-4.337609318501878697e+00
-4.380619178637682687e+00
-4.139759194852811852e+00
-4.139759194852811852e+00
-4.139759194852811852e+00
-4.310286979807252727e+00
-4.611857797056485353e+00
-4.352818565226045600e+00
-4.352818565226045600e+00
-4.352818565226045600e+00
-4.352818565226045600e+00
-4.352818565226045600e+00
-4.352818565226045600e+00
-4.352818565226045600e+00
-4.352818565226045600e+00
-4.352818565226045600e+00
-4.352818565226045600e+00
-4.241550050950054995e+00
-4.241550050950054995e+00
-4.241550050950054995e+00
-4.241550050950054995e+00
-4.580161218067004825e+00
-4.575676431319338988e+00
-4.575676431319338988e+00
-4.575676431319338988e+00
-4.575676431319338988e+00
-4.570031699189853747e+00
-4.570031699189853747e+00
-4.570031699189853747e+00
-4.570031699189853747e+00
-4.570031699189853747e+00
-4.570031699189853747e+00
-4.571263075018197064e+00
-4.571263075018197064e+00
-4.253865688601730533e+00
-4.253865688601730533e+00
-4.583161752111103660e+00
-4.583161752111103660e+00
-4.583161752111103660e+00
-4.270419279843740590e+00
-4.406227370249892417e+00
-4.406227370249892417e+00
-4.722212899432950195e+00
-4.722212899432950195e+00
-4.722212899432950195e+00
-4.837913244068138496e+00
-4.837913244068138496e+00
-4.843936356305958313e+00
-4.843936356305958313e+00
-4.225356714196987440e+00
-4.268469122206347777e+00
-4.215245384353090152e+00
-4.215245384353090152e+00
-4.185249909407336766e+00
-4.710815882530101639e+00
-4.710815882530101639e+00
-4.565691164252458023e+00
-4.447398462710794753e+00
-4.501943461691312542e+00
-4.450783539556972812e+00
-4.115261367423773464e+00
-4.587303734896890361e+00
-4.587303734896890361e+00
-4.242833304099852931e+00
-4.242833304099852931e+00
-4.478606469791421851e+00
-4.478606469791421851e+00
-4.478606469791421851e+00
-4.242038700676962648e+00
-4.242038700676962648e+00
-4.289616425510071274e+00
-4.136812990106574439e+00
-4.441116953162081771e+00
-4.441116953162081771e+00
-4.185472147642352425e+00
-4.185472147642352425e+00
-4.669658371888262494e+00
-4.630887759199999287e+00
-4.630887759199999287e+00
-4.630887759199999287e+00
-4.630887759199999287e+00
-4.630887759199999287e+00
-4.630887759199999287e+00
-4.654109517106388871e+00
-4.683831164383528645e+00
-4.683831164383528645e+00
-4.498780783785179871e+00
-4.498780783785179871e+00
-4.312757166697397615e+00
-4.312757166697397615e+00
-4.305908052894761084e+00
-4.305908052894761084e+00
-4.305908052894761084e+00
-4.161265081140212096e+00
-4.161265081140212096e+00
-4.161265081140212096e+00
-4.161265081140212096e+00
-4.161265081140212096e+00
-4.163757350947026481e+00
-4.431798527642496488e+00
-4.431798527642496488e+00
-4.431798527642496488e+00
-4.446749720525722260e+00
-4.446749720525722260e+00
-4.446749720525722260e+00
-4.446749720525722260e+00
-4.471519917556146417e+00
-4.481100513242593841e+00
-4.283648912491181626e+00
-4.283648912491181626e+00
-4.458453673608377521e+00
-4.458453673608377521e+00
-4.458453673608377521e+00
-4.342637590574786266e+00
-4.299398423401562752e+00
-4.299398423401562752e+00
-4.299398423401562752e+00
-4.299398423401562752e+00
-4.284851172449958945e+00
-4.385923867455899128e+00
-4.385923867455899128e+00
-4.282457884443699569e+00
-4.294489670889493738e+00
-4.278077811350043724e+00
-4.278077811350043724e+00
-4.278077811350043724e+00
-4.279574405023716999e+00
-4.287719632499856104e+00
-4.287719632499856104e+00
-4.576111729914001280e+00
-4.414819945995038353e+00
-4.414819945995038353e+00
-4.287035354040917845e+00
-4.287035354040917845e+00
-4.380049373427064019e+00
-4.380049373427064019e+00
-4.380049373427064019e+00
-4.380049373427064019e+00
-4.376639723370139734e+00
-4.385371796136057654e+00
-4.274941489809651607e+00
-4.580218012973156227e+00
-4.580218012973156227e+00
-4.580218012973156227e+00
-4.580218012973156227e+00
-4.594666182538283294e+00
-4.619767804175304526e+00
-4.614756842824588645e+00
-4.461279274322753174e+00
-4.500922692457452357e+00
-4.500922692457452357e+00
-4.515508070239090621e+00
-4.515508070239090621e+00
-4.372772788282814460e+00
-4.457842992487595524e+00
-4.523825594072709677e+00
-4.523825594072709677e+00
-4.341165779987993467e+00
-4.382665887963128171e+00
-4.660186108630663959e+00
-4.767958149586193350e+00
-4.767958149586193350e+00
-4.617539797606116991e+00
-4.164830431844959158e+00
-4.280756354911694928e+00
-4.280756354911694928e+00
-4.520158766029377162e+00
-4.520158766029377162e+00
-4.280978230880306157e+00
-4.280978230880306157e+00
-4.280978230880306157e+00
-4.280978230880306157e+00
-4.280978230880306157e+00
-4.508222572500577563e+00
-4.508222572500577563e+00
-4.508222572500577563e+00
-4.508222572500577563e+00
-4.508222572500577563e+00
-4.508222572500577563e+00
-4.188854467370151546e+00
-4.188854467370151546e+00
-4.188854467370151546e+00
-4.188854467370151546e+00
-4.445350286334918799e+00
-4.445350286334918799e+00
-4.445350286334918799e+00
-4.445350286334918799e+00
-4.363241545614181760e+00
-4.363241545614181760e+00
-4.363241545614181760e+00
-4.364363105639545104e+00
-4.281444095762415358e+00
-4.281444095762415358e+00
-4.260654320815033813e+00
-4.260654320815033813e+00
-4.262851795701021018e+00
-4.525378198160260546e+00
-4.525378198160260546e+00
-4.525378198160260546e+00
-4.288706267435463459e+00
-4.288706267435463459e+00
-4.250874727713569001e+00
-4.250874727713569001e+00
-4.355368014758301598e+00
-4.474501683746944458e+00
-4.474501683746944458e+00
-4.471126293308341992e+00
-4.471126293308341992e+00
-4.471126293308341992e+00
-4.504176903681464950e+00
-4.504176903681464950e+00
-4.445099783167435703e+00
-4.369200425136747334e+00
-4.445246797904535363e+00
-4.445246797904535363e+00
-4.445246797904535363e+00
-4.318291628079448330e+00
-4.318291628079448330e+00
-4.318291628079448330e+00
-4.318291628079448330e+00
-4.318291628079448330e+00
-4.313218743685006906e+00
-4.313218743685006906e+00
-4.313218743685006906e+00
-4.402427407981674534e+00
-4.402427407981674534e+00
-4.421597332743384179e+00
-4.421597332743384179e+00
-4.421597332743384179e+00
-4.421597332743384179e+00
-4.421597332743384179e+00
-4.439052286655027935e+00
-4.439052286655027935e+00
-4.439052286655027935e+00
-4.439052286655027935e+00
-4.459286560885184159e+00
-4.457287008318014720e+00
-4.457287008318014720e+00
-4.457287008318014720e+00
-4.457287008318014720e+00
-4.555268260598307251e+00
-4.555268260598307251e+00
-4.555268260598307251e+00
-4.544143107289850825e+00
-4.686429492644728079e+00
-4.184343463563724441e+00
-4.186584887177150271e+00
-4.186584887177150271e+00
-4.186584887177150271e+00
-4.186584887177150271e+00
-4.206210643360154933e+00
-4.349635413842951159e+00
-4.349635413842951159e+00
-4.349635413842951159e+00
-4.349635413842951159e+00
-4.349635413842951159e+00
-4.351438051849890520e+00
-4.351438051849890520e+00
-4.351438051849890520e+00
-4.576938849068071136e+00
-4.241460032167824856e+00
-4.382005290992554869e+00
-4.371747858512375018e+00
-4.449333364631175236e+00
-4.377596843181516206e+00
-4.377596843181516206e+00
-4.412259533137706136e+00
-4.412259533137706136e+00
-4.302479548246068930e+00
-4.302479548246068930e+00
-4.302479548246068930e+00
-4.483930479135844749e+00
-4.483930479135844749e+00
-4.436635143443465878e+00
-4.209268249561786135e+00
-4.209268249561786135e+00
-4.209268249561786135e+00
-4.209268249561786135e+00
-4.456193630178457710e+00
-4.456193630178457710e+00
-4.456193630178457710e+00
-4.489571318149662815e+00
-4.489571318149662815e+00
-4.489571318149662815e+00
-4.517530639967096917e+00
-4.517530639967096917e+00
-4.539106618406601790e+00
-4.712322897857557535e+00
-4.712322897857557535e+00
-4.712322897857557535e+00
-4.566198147810609953e+00
-4.566198147810609953e+00
-4.409852690092954219e+00
-4.409852690092954219e+00
-4.409852690092954219e+00
-4.378408897181999215e+00
-4.378408897181999215e+00
-4.378408897181999215e+00
-4.397225612653231863e+00
-4.516891465356534852e+00
-4.409840544920039740e+00
-4.409840544920039740e+00
-4.458185494615635847e+00
-4.325967767343783521e+00
-4.325967767343783521e+00
-4.488188384544410603e+00
-4.488188384544410603e+00
-4.471616429836624107e+00
-4.542654475408207659e+00
-4.542654475408207659e+00
-4.542654475408207659e+00
-4.542654475408207659e+00
-4.575212465122957539e+00
-4.575212465122957539e+00
-4.575212465122957539e+00
-4.706333232652109011e+00
-4.712813889213411045e+00
-4.535258240862074963e+00
-4.535258240862074963e+00
-4.535258240862074963e+00
-4.165168202832722599e+00
-4.165168202832722599e+00
-4.165168202832722599e+00
-4.369089637892764166e+00
-4.369089637892764166e+00
-4.479281633387406814e+00
-4.479281633387406814e+00
-4.479281633387406814e+00
-4.479281633387406814e+00
-4.479281633387406814e+00
-4.479281633387406814e+00
-4.760084299293569465e+00
-4.760084299293569465e+00
-4.358578581239881622e+00
-4.358578581239881622e+00
-4.358578581239881622e+00
-4.465224965938796586e+00
-4.465224965938796586e+00
-4.465224965938796586e+00
-4.465224965938796586e+00
-4.471743353271385502e+00
-4.471743353271385502e+00
-4.471743353271385502e+00
-4.471743353271385502e+00
-4.580940529521375204e+00
-4.253580590036234454e+00
-4.253580590036234454e+00
-4.253580590036234454e+00
-4.776866720970311952e+00
-4.776866720970311952e+00
-4.767175552141341477e+00
-4.767821402840801248e+00
-4.767821402840801248e+00
-4.767821402840801248e+00
-4.767821402840801248e+00
-4.725499972626155731e+00
-4.725499972626155731e+00
-4.763930002341416170e+00
-4.763930002341416170e+00
-4.763930002341416170e+00
-4.226914430758793806e+00
-4.226914430758793806e+00
-4.616482202978709815e+00
-4.726604478352678385e+00
-4.703356369096299616e+00
-4.703356369096299616e+00
-4.708094935500806599e+00
-4.379583329906073352e+00
-4.712012785959262651e+00
-4.509860113075983001e+00
-4.509860113075983001e+00
-4.509860113075983001e+00
-4.509860113075983001e+00
-4.939150606017426171e+00
-4.980939028918437650e+00
-4.701912086663718959e+00
-4.701912086663718959e+00
-4.701912086663718959e+00
-4.701912086663718959e+00
-4.672573793846004797e+00
-4.324192578852024127e+00
-4.484962125936478472e+00
-4.484962125936478472e+00
-4.489407640802516752e+00
-4.511333160689265931e+00
-4.511333160689265931e+00
-4.511333160689265931e+00
-4.548511283380927139e+00
-4.496847399134469292e+00
-4.675638130198102260e+00
-4.637958491197701427e+00
-4.637958491197701427e+00
-4.637958491197701427e+00
-4.637958491197701427e+00
-4.637958491197701427e+00
-4.637958491197701427e+00
-4.637958491197701427e+00
-4.637958491197701427e+00
-4.372454230062447600e+00
-4.626984065280667302e+00
-4.625696055606872470e+00
-4.625696055606872470e+00
-4.625696055606872470e+00
-4.714201116026427663e+00
-4.714201116026427663e+00
-4.574482428754635954e+00
-4.572924489618243271e+00
-4.590599651121380909e+00
-4.590599651121380909e+00
-4.590599651121380909e+00
-4.590599651121380909e+00
-4.688154090759251602e+00
-4.689286753572408983e+00
-4.689286753572408983e+00
-4.560043469235600000e+00
-4.510701534601665230e+00
-4.510701534601665230e+00
-4.547853195303920515e+00
-4.516092791354074265e+00
-4.629195460279399654e+00
-4.629195460279399654e+00
-4.405682538318449915e+00
-4.270986312230980353e+00
-4.347273456098236011e+00
-4.752325056319305574e+00
-4.751986870126038376e+00
-4.520834061662987402e+00
-4.520834061662987402e+00
-4.497170174170882717e+00
-4.486003118587024829e+00
-4.486003118587024829e+00
-4.680393881261444733e+00
-4.621282413096619912e+00
-4.560407273392390159e+00
-4.560407273392390159e+00
-4.573885262446612643e+00
-4.573885262446612643e+00
-4.573885262446612643e+00
-4.573885262446612643e+00
-4.573885262446612643e+00
-4.612923570207948742e+00
-4.593791153329512156e+00
-4.593791153329512156e+00
-4.593791153329512156e+00
-4.593791153329512156e+00
-4.529544824451241958e+00
-4.529544824451241958e+00
-4.529544824451241958e+00
-4.398383617423803571e+00
-4.516211898389100199e+00
-4.450609556182847371e+00
-4.450184066304860409e+00
-4.450184066304860409e+00
-4.450184066304860409e+00
-4.450184066304860409e+00
-4.450184066304860409e+00
-4.450184066304860409e+00
-4.450184066304860409e+00
-4.450184066304860409e+00
-4.344539422724613686e+00
-4.344539422724613686e+00
-4.330025222070370994e+00
-4.330025222070370994e+00
-4.672905229587115628e+00
-4.756058081852318153e+00
-4.756058081852318153e+00
-4.748951964969871042e+00
-4.748951964969871042e+00
-4.332510759267106160e+00
-4.286645813212934364e+00
-4.445430075239395151e+00
-4.445430075239395151e+00
-4.445430075239395151e+00
-4.445430075239395151e+00
-4.392518160788146275e+00
-4.335327391887661364e+00
-4.335327391887661364e+00
-4.576323898889745223e+00
-4.576323898889745223e+00
-4.576323898889745223e+00
-4.523990022361590313e+00
-4.523990022361590313e+00
-4.611209492831581436e+00
-4.626854412947864148e+00
-4.624697657235609327e+00
-4.552875138254854903e+00
-4.671957821712214631e+00
-4.267971879184174533e+00
-4.267971879184174533e+00
-4.267971879184174533e+00
-4.633100252941751762e+00
-4.633100252941751762e+00
-4.633100252941751762e+00
-4.633100252941751762e+00
-4.633100252941751762e+00
-4.633100252941751762e+00
-4.633100252941751762e+00
-4.633100252941751762e+00
-4.633100252941751762e+00
-4.633100252941751762e+00
-4.633100252941751762e+00
-4.633100252941751762e+00
-4.627474991163214035e+00
-4.628386202597184251e+00
-4.628386202597184251e+00
-4.989665811950701801e+00
-4.989665811950701801e+00
-4.369600348918073252e+00
-4.339744284644194039e+00
-4.339744284644194039e+00
-4.339744284644194039e+00
-4.339744284644194039e+00
-4.326513051037149005e+00
-4.326513051037149005e+00
-4.297941773589740500e+00
-4.297941773589740500e+00
-4.341238932252220906e+00
-4.341238932252220906e+00
-4.588638218079202247e+00
-4.588638218079202247e+00
-4.319972087700193697e+00
-4.319972087700193697e+00
-4.428721314804312748e+00
-4.438983305022839332e+00
-4.406540612629009424e+00
-4.406540612629009424e+00
-4.406540612629009424e+00
-4.406540612629009424e+00
-4.281763110744107870e+00
-4.409695803057089414e+00
-4.344051359686014635e+00
-4.188580391815140302e+00
-4.188580391815140302e+00
-4.199372316354335943e+00
-4.199372316354335943e+00
-4.186816908949136717e+00
-4.246912659310873472e+00
-4.246912659310873472e+00
-4.246912659310873472e+00
-4.246912659310873472e+00
-4.246912659310873472e+00
-4.246912659310873472e+00
-4.246912659310873472e+00
-4.345495368932389191e+00
-4.106648743170121740e+00
-4.053432169105094296e+00
-4.053432169105094296e+00
-4.291834562747246729e+00
-4.291834562747246729e+00
-4.291834562747246729e+00
-4.336240673481626118e+00
-4.523456765948682623e+00
-4.549296818226615358e+00
-4.318986118671156227e+00
-4.426144477584890602e+00
-4.260582734625210755e+00
-4.260582734625210755e+00
-4.245355943271907684e+00
-4.570910389266952478e+00
-4.524206626490386185e+00
-4.281826262737037148e+00
-4.281826262737037148e+00
-4.369505306876765083e+00
-4.369505306876765083e+00
-4.369505306876765083e+00
-4.283316519790674626e+00
-4.282520159504637824e+00
-4.282520159504637824e+00
-4.508473002506433680e+00
-4.508473002506433680e+00
-4.508473002506433680e+00
-4.508473002506433680e+00
-4.508473002506433680e+00
-4.510886025242893282e+00
-4.376005188496847609e+00
-4.376005188496847609e+00
-4.435141375579664924e+00
-4.465316156682865412e+00
-4.465316156682865412e+00
-4.465316156682865412e+00
-4.465316156682865412e+00
-4.465316156682865412e+00
-4.470633957566437999e+00
-4.470633957566437999e+00
-4.470633957566437999e+00
-4.428178382157822668e+00
-4.490107762145462367e+00
-4.395069682555329038e+00
-4.707836652478330386e+00
-4.675904153768102312e+00
-4.641115159511951305e+00
-4.082237944923416073e+00
-4.329296420714429772e+00
-4.329296420714429772e+00
-4.457655557232769183e+00
-4.045576514011200331e+00
-4.566884584609436359e+00
-4.504658600899452914e+00
-4.524475982139150254e+00
-4.524475982139150254e+00
-4.524475982139150254e+00
-4.511076524708696134e+00
-4.511076524708696134e+00
-4.496354455047498533e+00
-4.354034581489321099e+00
-4.354034581489321099e+00
-4.354034581489321099e+00
-4.364417331583023696e+00
-4.364417331583023696e+00
-4.364417331583023696e+00
-4.365276805246391056e+00
-4.365276805246391056e+00
-4.365276805246391056e+00
-4.365276805246391056e+00
-4.365276805246391056e+00
-4.365276805246391056e+00
-4.365276805246391056e+00
-4.364501356460994685e+00
-4.421197695577659736e+00
-4.421197695577659736e+00
-4.421197695577659736e+00
-4.421197695577659736e+00
-4.422239628734990546e+00
-4.352977907655848355e+00
-4.352977907655848355e+00
-4.352977907655848355e+00
-4.352977907655848355e+00
-4.352977907655848355e+00
-4.352977907655848355e+00
-4.352977907655848355e+00
-4.149251688268759786e+00
-4.154130058048678187e+00
-4.154130058048678187e+00
-4.595056511119143927e+00
-4.595056511119143927e+00
-4.576897091543361995e+00
-4.576897091543361995e+00
-4.470505124227599048e+00
-4.418686695836216316e+00
-4.418686695836216316e+00
-4.411208202457205019e+00
-4.415319943332902675e+00
-4.415319943332902675e+00
-4.475218231190703833e+00
-4.424775535642620383e+00
-4.447167946277688522e+00
-4.410014381643636128e+00
-4.410014381643636128e+00
-4.410014381643636128e+00
-4.410014381643636128e+00
-4.411529345214799669e+00
-4.404928051269015654e+00
-4.267983110052185225e+00
-4.582959085430754698e+00
-4.582959085430754698e+00
-4.677570123741524810e+00
-4.677570123741524810e+00
-4.677570123741524810e+00
-4.599300240166683373e+00
-4.599300240166683373e+00
-4.599300240166683373e+00
-4.599300240166683373e+00
-4.309410511755339179e+00
-4.187051635887254264e+00
-4.424705224658699976e+00
-4.486662636491324463e+00
-4.486662636491324463e+00
-4.486662636491324463e+00
-4.486662636491324463e+00
-4.486662636491324463e+00
-4.399414407980368757e+00
-4.399414407980368757e+00
-4.433571706870583107e+00
-4.433571706870583107e+00
-4.488540937140373721e+00
-4.488540937140373721e+00
-4.624297804568880288e+00
-4.625731639999036027e+00
-4.625731639999036027e+00
-4.421104541204782024e+00
-4.421104541204782024e+00
-4.531914555572883252e+00
-4.561381614802212603e+00
-4.503141706633384977e+00
-4.444845449504119195e+00
-4.670623315094837302e+00
-4.683120830048316918e+00
-4.683120830048316918e+00
-4.683120830048316918e+00
-4.693615378407023364e+00
-4.686145457472625786e+00
-4.686145457472625786e+00
-4.595279616901027708e+00
-4.595425498947965259e+00
-4.523165494001879061e+00
-4.523165494001879061e+00
-4.496250657287557573e+00
-4.496250657287557573e+00
-4.502434098081399050e+00
-4.502434098081399050e+00
-4.337690989089153071e+00
-4.406593491381293859e+00
-4.406593491381293859e+00
-4.406593491381293859e+00
-4.406593491381293859e+00
-4.519259655463041092e+00
-4.489186720910764983e+00
-4.489186720910764983e+00
-4.489186720910764983e+00
-4.489186720910764983e+00
-4.489186720910764983e+00
-4.489186720910764983e+00
-4.503005650335351717e+00
-4.613113451018858946e+00
-4.613113451018858946e+00
-4.613113451018858946e+00
-4.613113451018858946e+00
-4.732567046395945276e+00
-4.593151302179710349e+00
-4.593151302179710349e+00
-4.593151302179710349e+00
-4.593151302179710349e+00
-4.625835037846134590e+00
-4.625835037846134590e+00
-4.625835037846134590e+00
-4.642433030381914350e+00
-4.642433030381914350e+00
-4.642433030381914350e+00
-4.642433030381914350e+00
-4.642433030381914350e+00
-4.753171069019890282e+00
-4.518635344191423542e+00
-4.518635344191423542e+00
-4.518635344191423542e+00
-4.519174559776344857e+00
-4.519174559776344857e+00
-4.340528388116547731e+00
-4.340431949088661590e+00
-4.340431949088661590e+00
-4.340431949088661590e+00
-4.558656368602560072e+00
-4.558961823863455720e+00
-4.558961823863455720e+00
-4.558677465986202826e+00
-4.558677465986202826e+00
-4.558677465986202826e+00
-4.558677465986202826e+00
-4.558677465986202826e+00
-4.558677465986202826e+00
-4.558677465986202826e+00
-4.292674624144940942e+00
-4.308270491195831831e+00
-4.308270491195831831e+00
-4.579503378803511104e+00
-4.579503378803511104e+00
-4.579503378803511104e+00
-4.579503378803511104e+00
-4.579503378803511104e+00
-4.579503378803511104e+00
-4.386713961147668428e+00
-4.386713961147668428e+00
-4.481732097194553788e+00
-4.380301708867229138e+00
-4.380301708867229138e+00
-4.380301708867229138e+00
-4.386881707690931442e+00
-4.386881707690931442e+00
-4.383288312172147982e+00
-4.505270817781092951e+00
-4.438513420503549689e+00
-4.438261290707092854e+00
-4.438261290707092854e+00
-4.446062212868399754e+00
-4.604075189276462865e+00
-4.604075189276462865e+00
-4.403094613248653921e+00
-4.403094613248653921e+00
-4.587884816536092814e+00
-4.587884816536092814e+00
-4.336787732369193016e+00
-4.343868032564479620e+00
-4.343868032564479620e+00
-4.363474001302341421e+00
-4.691425549793046379e+00
-4.691425549793046379e+00
-4.691425549793046379e+00
-4.489094374496022333e+00
-4.489094374496022333e+00
-4.489094374496022333e+00
-4.484328665710857642e+00
-4.484328665710857642e+00
-4.460714625784213183e+00
-4.460714625784213183e+00
-4.460714625784213183e+00
-4.505895724428392590e+00
-4.654700898210922588e+00
-4.654700898210922588e+00
-4.670170123759186609e+00
-4.568801084697640569e+00
-4.568801084697640569e+00
-4.458311075063524420e+00
-4.458311075063524420e+00
-4.458311075063524420e+00
-4.458311075063524420e+00
-4.458311075063524420e+00
-4.458311075063524420e+00
-4.458311075063524420e+00
-4.385085278023749034e+00
-4.385085278023749034e+00
-4.385085278023749034e+00
-4.385085278023749034e+00
-4.385085278023749034e+00
-4.374008308915710685e+00
-4.374008308915710685e+00
-4.374008308915710685e+00
-4.585860925361598284e+00
-4.455230116774624882e+00
-4.674818049984737378e+00
-4.530615807216232582e+00
-4.624521485222461870e+00
-4.499582554705637172e+00
-4.499582554705637172e+00
-4.556266185635807098e+00
-4.556266185635807098e+00
-4.556266185635807098e+00
-4.556266185635807098e+00
-4.556266185635807098e+00
-4.544629957223647487e+00
-4.544629957223647487e+00
-4.580520971179270262e+00
-4.556588130601420872e+00
-4.556588130601420872e+00
-4.544422324187231688e+00
-4.702185860168970777e+00
-4.719058284222960253e+00
-4.719058284222960253e+00
-4.446680211914395109e+00
-4.446680211914395109e+00
-4.370307945871366506e+00
-4.370307945871366506e+00
-4.370307945871366506e+00
-4.370307945871366506e+00
-4.370307945871366506e+00
-4.172004387281119442e+00
-4.279489307027575684e+00
-4.279489307027575684e+00
-4.137709976745238549e+00
-4.137709976745238549e+00
-4.587152937252055196e+00
-4.591754173072968293e+00
-4.591754173072968293e+00
-4.591754173072968293e+00
-4.457560668473695031e+00
-4.479605616041653526e+00
-4.479605616041653526e+00
-4.479605616041653526e+00
-4.498774733074765386e+00
-4.498774733074765386e+00
-4.483719527314396380e+00
-4.483853426323884506e+00
-4.483853426323884506e+00
-4.493524283039032063e+00
-4.493524283039032063e+00
-4.296741257907398470e+00
-4.296741257907398470e+00
-4.296061988990093283e+00
-4.297715793056453570e+00
-4.297715793056453570e+00
-4.472858384437002677e+00
-4.428151546738695821e+00
-4.721140455535141278e+00
-4.569456423017306257e+00
-4.569745721053283916e+00
-4.569745721053283916e+00
-4.569745721053283916e+00
-4.516088016539025141e+00
-4.394784326101219385e+00
-4.656623930752750162e+00
-4.381501767925208846e+00
-4.564901391106457318e+00
-4.564901391106457318e+00
-4.590898754456829600e+00
-4.590898754456829600e+00
-4.590501477232176164e+00
-4.590501477232176164e+00
-4.681758821205046495e+00
-4.645869704658916355e+00
-4.645869704658916355e+00
-4.645869704658916355e+00
-4.678065792848856042e+00
-4.587063732839121499e+00
-4.587063732839121499e+00
-4.597497593011262040e+00
-4.564105443685820163e+00
-4.610380812286612340e+00
-4.723128812450114289e+00
-4.723128812450114289e+00
-4.709184485077503979e+00
-4.415105823301419541e+00
-4.415105823301419541e+00
-4.455897429503280271e+00
-4.455897429503280271e+00
-4.328666983516568756e+00
-4.328666983516568756e+00
-4.350491038312545022e+00
-4.350491038312545022e+00
-4.350491038312545022e+00
-4.649517873931451106e+00
-4.649517873931451106e+00
-4.657829391536377983e+00
-4.503211252806589293e+00
-4.382099813439144675e+00
-4.582406477809825240e+00
-4.582406477809825240e+00
-4.582406477809825240e+00
-4.582406477809825240e+00
-4.427803058379095269e+00
-4.322032142586084369e+00
-4.322032142586084369e+00
-4.322032142586084369e+00
-4.420529065366022081e+00
-4.420529065366022081e+00
-4.562212637774821111e+00
-4.563562451650652108e+00
-4.563562451650652108e+00
-4.563562451650652108e+00
-4.345106410010077802e+00
-4.345106410010077802e+00
-4.346792385360233268e+00
-4.346792385360233268e+00
-4.451876638601633296e+00
-4.451876638601633296e+00
-4.451876638601633296e+00
-4.451876638601633296e+00
-4.403380449688870435e+00
-4.411674512302409923e+00
-4.450780510428735681e+00
-4.450780510428735681e+00
-4.285716493559798224e+00
-4.597867875254221914e+00
-4.549862622480222996e+00
-4.629202000955491947e+00
-4.629202000955491947e+00
-4.739551145407748578e+00
-4.739551145407748578e+00
-4.739551145407748578e+00
-4.701812279352640012e+00
-4.631912943274078209e+00
-4.631912943274078209e+00
-4.631912943274078209e+00
-4.621934132723540145e+00
-4.700191801259581581e+00
-4.700191801259581581e+00
-4.692560773247369532e+00
-4.502080046817527048e+00
-4.502080046817527048e+00
-4.502080046817527048e+00
-4.502080046817527048e+00
-4.889136087708240375e+00
-4.504677624858982377e+00
-4.504760143558253382e+00
-4.756546919337028889e+00
-4.756546919337028889e+00
-4.770536231930265991e+00
-4.770536231930265991e+00
-4.781269355785140007e+00
-4.781269355785140007e+00
-4.781269355785140007e+00
-4.647300456882659248e+00
-4.889321363140942900e+00
-4.783086466921646185e+00
-4.783086466921646185e+00
-4.838752219289077949e+00
-4.835045414811871112e+00
-4.835045414811871112e+00
-4.835045414811871112e+00
-4.080171643652487745e+00
-4.446674385118861927e+00
-4.451764193422161675e+00
-4.451764193422161675e+00
-4.451764193422161675e+00
-4.456783426359263167e+00
-4.456783426359263167e+00
-4.352848400096126724e+00
-4.352848400096126724e+00
-4.307515546099764059e+00
-4.307515546099764059e+00
-4.307515546099764059e+00
-4.375428323729488866e+00
-4.144218065706218646e+00
-4.525026373994257334e+00
-4.520241592132757447e+00
-4.222634518621644517e+00
-4.129797507383789146e+00
-4.411850362957887128e+00
-4.551074747577430912e+00
-4.476620468900833316e+00
-4.476620468900833316e+00
-4.476620468900833316e+00
-4.463552427561562119e+00
-4.365098693778362460e+00
-4.560850707385191605e+00
-4.610261718047010682e+00
-4.654449457840381221e+00
-4.629966037674249080e+00
-4.629966037674249080e+00
-4.517148996406223027e+00
-4.817947897381420930e+00
-4.461135350722386761e+00
-4.461135350722386761e+00
-4.461135350722386761e+00
-4.522458565154958698e+00
-4.522458565154958698e+00
-4.522458565154958698e+00
-4.583776935481043147e+00
-4.638378300944525634e+00
-4.748391793970340835e+00
-4.715596275916873026e+00
-4.724478705579087112e+00
-4.790586559623863039e+00
-4.790586559623863039e+00
-4.270578840734793324e+00
-4.320281893599044132e+00
-4.320281893599044132e+00
-4.662613506668296992e+00
-4.635252320979535767e+00
-4.635252320979535767e+00
-4.635252320979535767e+00
-4.635252320979535767e+00
-4.547631296795365152e+00
-4.669771907785043474e+00
-4.678215615808416494e+00
-4.420143893684246983e+00
-4.589857545538771788e+00
-4.560115800237379169e+00
-4.686063269056823799e+00
-4.686063269056823799e+00
-4.686063269056823799e+00
-4.686063269056823799e+00
-4.686063269056823799e+00
-4.661081079127649573e+00
-4.661081079127649573e+00
-4.646912567145861317e+00
-4.646912567145861317e+00
-4.470721429149350001e+00
-4.480173209606906681e+00
-4.598408823881185548e+00
-4.598408823881185548e+00
-4.598010927891883703e+00
-4.598010927891883703e+00
-4.538034403306817843e+00
-4.538034403306817843e+00
-4.562637647082070202e+00
-4.562637647082070202e+00
-4.491755300474168600e+00
-4.482748157582392423e+00
-4.633773257587167294e+00
-4.633773257587167294e+00
-4.633773257587167294e+00
-4.633773257587167294e+00
-4.800861254497286623e+00
-4.800861254497286623e+00
-4.800861254497286623e+00
-4.827465957997869594e+00
-4.621121283359033605e+00
-4.579904743003890388e+00
-4.528429371221958100e+00
-4.443215098131920726e+00
-4.443215098131920726e+00
-4.441224786139530423e+00
-4.661971559300898349e+00
-4.661971559300898349e+00
-4.608158759774628521e+00
-4.463842191041267782e+00
-4.454537634940606061e+00
-4.454537634940606061e+00
-4.454537634940606061e+00
-4.454537634940606061e+00
-4.454537634940606061e+00
-4.591108072040276156e+00
-4.597075874282501751e+00
-4.430675420241787066e+00
-4.458397383143990034e+00
-4.715696787591665107e+00
-4.569325398462664722e+00
-4.566704864340574765e+00
-4.566704864340574765e+00
-4.566704864340574765e+00
-4.570816318044688131e+00
-4.570816318044688131e+00
-4.570816318044688131e+00
-4.570816318044688131e+00
-4.554639602648864027e+00
-4.640093036184810060e+00
-4.494113610242172818e+00
-4.466307835537928206e+00
-4.453597121541599257e+00
-4.453597121541599257e+00
-4.746907282407592632e+00
-4.511468302612652970e+00
-4.573306977543358798e+00
-4.573306977543358798e+00
-4.573306977543358798e+00
-4.573306977543358798e+00
-4.573306977543358798e+00
-4.573306977543358798e+00
-4.573306977543358798e+00
-4.573306977543358798e+00
-4.573306977543358798e+00
-4.573306977543358798e+00
-4.615507805073664649e+00
-4.642522117525908598e+00
-4.402681623733238681e+00
-4.620857379348927374e+00
-4.575661131776933566e+00
-4.575661131776933566e+00
-4.575661131776933566e+00
-4.639476757744771973e+00
-4.405668286998364991e+00
-4.405668286998364991e+00
-4.509575564159118422e+00
-4.578970657819648515e+00
-4.578970657819648515e+00
-4.578970657819648515e+00
-4.578970657819648515e+00
-4.578970657819648515e+00
-4.578970657819648515e+00
-4.578970657819648515e+00
-4.578970657819648515e+00
-4.578970657819648515e+00
-4.467887495670566977e+00
-4.365657400697874557e+00
-4.365657400697874557e+00
-4.523930897449775834e+00
-4.523930897449775834e+00
-4.523930897449775834e+00
-4.523930897449775834e+00
-4.315910604632586356e+00
-4.473578593016356741e+00
-4.346499009290367255e+00
-4.576666041010825303e+00
-4.579707103845533034e+00
-4.523062394750184900e+00
-4.523062394750184900e+00
-4.523062394750184900e+00
-4.750573421401234953e+00
-4.646263334609252560e+00
-4.793345887144190520e+00
-4.431548359593866948e+00
-4.431548359593866948e+00
-4.615849956087768824e+00
-4.779990204807460508e+00
-4.779990204807460508e+00
-4.779990204807460508e+00
-4.820167386614766514e+00
-4.820167386614766514e+00
-4.820167386614766514e+00
-4.626133930893559842e+00
-4.626133930893559842e+00
-4.642245569173233832e+00
-4.367016729251240292e+00
-4.367016729251240292e+00
-4.317641027157563371e+00
-4.317641027157563371e+00
-4.433037538127053701e+00
-4.433037538127053701e+00
-4.487713310615722762e+00
-4.535001769791385584e+00
-4.535001769791385584e+00
-4.699867759436516579e+00
-4.513188804462241244e+00
-4.513188804462241244e+00
-4.513188804462241244e+00
-4.473594994806084912e+00
-4.554398734265960869e+00
-4.433398768878325846e+00
-4.249021162012978081e+00
-4.272157600650980491e+00
-4.272157600650980491e+00
-4.513879235205995322e+00
-4.309469817452144191e+00
-4.343056753383613966e+00
-4.343056753383613966e+00
-4.343056753383613966e+00
-4.352791875337596039e+00
-4.352791875337596039e+00
-4.352791875337596039e+00
-4.352791875337596039e+00
-4.666972655991691532e+00
-4.573705900174130257e+00
-4.553972388724695897e+00
-4.616172028156198870e+00
-4.640340842970178237e+00
-4.640340842970178237e+00
-4.497014535011301106e+00
-4.497014535011301106e+00
-4.497014535011301106e+00
-4.497014535011301106e+00
-4.500029375392174735e+00
-4.500029375392174735e+00
-4.500029375392174735e+00
-4.391227702484905571e+00
-4.391227702484905571e+00
-4.391453477569898567e+00
-4.391453477569898567e+00
-4.390416012451882288e+00
-4.532605863436814708e+00
-4.584055790885432025e+00
-4.375375505093971995e+00
-4.391689335339725275e+00
-4.391689335339725275e+00
-4.391689335339725275e+00
-4.391689335339725275e+00
-4.410255294111377289e+00
-4.262825326991570130e+00
-4.262825326991570130e+00
-4.768579681297961059e+00
-4.755772792405743132e+00
-4.275363918765524573e+00
-4.242984271313189559e+00
-4.242984271313189559e+00
-4.427976036652004233e+00
-4.445366923402882975e+00
-4.445366923402882975e+00
-4.445366923402882975e+00
-4.445366923402882975e+00
-4.445366923402882975e+00
-4.174958719887677638e+00
-4.293556037003463111e+00
-4.246358562378379276e+00
-4.246358562378379276e+00
-4.246358562378379276e+00
-4.617087306005214664e+00
-4.617087306005214664e+00
-4.467380077505094249e+00
-4.733603207789207623e+00
-4.733603207789207623e+00
-4.733603207789207623e+00
-4.733603207789207623e+00
-4.748833449311122834e+00
-4.748833449311122834e+00
-4.649264883765730438e+00
-4.649264883765730438e+00
-4.754170157642201744e+00
-4.754170157642201744e+00
-4.366313972365856166e+00
-4.366313972365856166e+00
-4.366313972365856166e+00
-4.315629874045831649e+00
-4.315629874045831649e+00
-4.647687289375340924e+00
-4.647511439384548027e+00
-4.704122121094758135e+00
-4.704122121094758135e+00
-4.704122121094758135e+00
-4.704122121094758135e+00
-4.515023196872975930e+00
-4.525354220465748867e+00
-4.525354220465748867e+00
-4.485354818566575474e+00
-4.585280436828981010e+00
-4.556247100053040455e+00
-4.565726572045055498e+00
-4.565726572045055498e+00
-4.596126193793850234e+00
-4.596126193793850234e+00
-4.596126193793850234e+00
-4.506578368775964627e+00
-4.506578368775964627e+00
-4.506578368775964627e+00
-4.506578368775964627e+00
-4.506578368775964627e+00
-4.515983886056002206e+00
-4.515983886056002206e+00
-4.520762373689565905e+00
-4.515438854501221400e+00
-4.515438854501221400e+00
-4.521662874373377328e+00
-4.521662874373377328e+00
-4.521662874373377328e+00
-4.531584574102799579e+00
-4.531584574102799579e+00
-4.531584574102799579e+00
-4.615619127269606992e+00
-4.553560302209739064e+00
-4.553560302209739064e+00
-4.616888317637591221e+00
-4.615762945111866244e+00
-4.615762945111866244e+00
-4.346042603491033773e+00
-4.341265571820870584e+00
-4.235513072104536647e+00
-4.179723813969560275e+00
-4.179723813969560275e+00
-4.179723813969560275e+00
-4.154132240359373895e+00
-4.237367991162733993e+00
-4.280037719751891068e+00
-4.421851563063198931e+00
-4.421851563063198931e+00
-4.421851563063198931e+00
-4.421851563063198931e+00
-4.421851563063198931e+00
-4.449284772696213253e+00
-4.449284772696213253e+00
-4.382029525866223629e+00
-4.382234563389137527e+00
-4.382234563389137527e+00
-4.538057970194937063e+00
-4.698217476059600273e+00
-4.653282628684861422e+00
-4.650204272764919544e+00
-4.650204272764919544e+00
-4.650204272764919544e+00
-4.650204272764919544e+00
-4.650204272764919544e+00
-4.640449142230315793e+00
-4.620668560440905459e+00
-4.620668560440905459e+00
-4.351399590992250488e+00
-4.351399590992250488e+00
-4.569874138224887083e+00
-4.569874138224887083e+00
-4.569874138224887083e+00
-4.471164742766951861e+00
-4.470369610111410985e+00
-4.470369610111410985e+00
-4.480955935830906789e+00
-4.550854667432162159e+00
-4.502817808085869622e+00
-4.502817808085869622e+00
-4.529201407656941569e+00
-4.529289784500288185e+00
-4.528628014135465563e+00
-4.528628014135465563e+00
-4.528628014135465563e+00
-4.558421064213468377e+00
-4.549954939928370301e+00
-4.549954939928370301e+00
-4.549954939928370301e+00
-4.600836594333230778e+00
-4.595616999949975856e+00
-4.322384182374993777e+00
-4.680578276439589125e+00
-4.680578276439589125e+00
-4.705159303643369206e+00
-4.705159303643369206e+00
-4.705159303643369206e+00
-4.720274992297117223e+00
-4.476148070392492073e+00
-4.463240482157195821e+00
-4.463836884370902425e+00
-4.463177447320199498e+00
-4.559048252067478657e+00
-4.559048252067478657e+00
-4.558573276157633636e+00
-4.558573276157633636e+00
-4.558573276157633636e+00
-4.558573276157633636e+00
-4.624532325998973015e+00
-4.431534563635511681e+00
-4.478763627943231462e+00
-4.478763627943231462e+00
-4.566296138318315379e+00
-4.583166871084762839e+00
-4.636351497822706946e+00
-4.636351497822706946e+00
-4.639370879263585934e+00
-4.639391033997628533e+00
-4.386449175332041150e+00
-4.458922098130088330e+00
-4.350393209943761441e+00
-4.410132132362065249e+00
-4.188292465008850662e+00
-4.188292465008850662e+00
-4.195808158702070578e+00
-4.195808158702070578e+00
-4.195808158702070578e+00
-3.940884126139269306e+00
-4.078857040116004029e+00
-4.020850753944046119e+00
-4.608698209567256399e+00
-4.608698209567256399e+00
-4.536247602445151905e+00
-4.536247602445151905e+00
-4.080477250625969887e+00
-4.142747701719902587e+00
-4.313011838352296401e+00
-4.313011838352296401e+00
-4.263829146675575998e+00
-4.263829146675575998e+00
-4.509481757277787217e+00
-4.505840007615647735e+00
-4.216606912589914380e+00
-4.567172939419190669e+00
-4.230294377316732302e+00
-4.629831107180891081e+00
-4.639465909401980781e+00
-4.423587808411534539e+00
-4.423587808411534539e+00
-4.423587808411534539e+00
-4.426500345303696626e+00
-4.365556806086400954e+00
-4.365556806086400954e+00
-4.365556806086400954e+00
-4.361865443160197309e+00
-4.381814976606680290e+00
-4.381814976606680290e+00
-4.367937523231245400e+00
-4.396501713632658515e+00
-4.396501713632658515e+00
-4.396501713632658515e+00
-4.718775852948308369e+00
-4.714238157131743989e+00
-4.714238157131743989e+00
-4.714238157131743989e+00
-4.646287155148288051e+00
-4.700800561638290631e+00
-4.550493385902713683e+00
-4.350027155992449934e+00
-4.376767778690016542e+00
-4.378818318514752228e+00
-4.378818318514752228e+00
-4.598601625550093885e+00
-4.599642874576143292e+00
-4.491295314289665441e+00
-4.491295314289665441e+00
-4.491295314289665441e+00
-4.581701860828055750e+00
-4.581701860828055750e+00
-4.581701860828055750e+00
-4.581701860828055750e+00
-4.455113725449661999e+00
-4.455113725449661999e+00
-4.750484395515152336e+00
-4.750484395515152336e+00
-4.762263541791363686e+00
-4.762263541791363686e+00
-4.762179937218186332e+00
-4.762179937218186332e+00
-4.762179937218186332e+00
-4.762179937218186332e+00
-4.716363270553009635e+00
-4.716363270553009635e+00
-4.714197960440966284e+00
-4.545706759447219802e+00
-4.545706759447219802e+00
-4.593051160072271877e+00
-4.561500623816436395e+00
-4.561743195822004715e+00
-4.475817833966160286e+00
-4.475817833966160286e+00
-4.475817833966160286e+00
-4.475817833966160286e+00
-4.468057091636198130e+00
-4.468640294040416627e+00
-4.516021035051887011e+00
-4.572423553621389303e+00
-4.536945925347834141e+00
-4.538084096978812099e+00
-4.304323579644645292e+00
-4.266746092222675202e+00
-4.266746092222675202e+00
-4.266746092222675202e+00
-4.434654587228966882e+00
-4.434654587228966882e+00
-4.338872440968003730e+00
-4.346199803175427867e+00
-4.346199803175427867e+00
-4.346835039158340130e+00
-4.382087683956020996e+00
-4.453341431681083762e+00
-4.453341431681083762e+00
-4.389874330145953074e+00
-4.470747892555258396e+00
-4.543281615835449649e+00
-4.543281615835449649e+00
-4.543452855221477904e+00
-4.674497774163382857e+00
-4.674497774163382857e+00
-4.674497774163382857e+00
-4.674497774163382857e+00
-4.533322419751772081e+00
-4.533322419751772081e+00
-4.533322419751772081e+00
-4.533322419751772081e+00
-4.533322419751772081e+00
-4.533322419751772081e+00
-4.533322419751772081e+00
-4.496083893348952643e+00
-4.496083893348952643e+00
-4.496070899021323619e+00
-4.482256152655123671e+00
-4.482256152655123671e+00
-4.482594758029843973e+00
-4.482594758029843973e+00
-4.234034723488558249e+00
-4.237876974162635868e+00
-4.240757608651765764e+00
-4.240757608651765764e+00
-4.240757608651765764e+00
-4.146127412086753061e+00
-4.141118085578999519e+00
-4.141118085578999519e+00
-4.133428057645998521e+00
-4.265124771922171654e+00
-4.268676914322635518e+00
-4.226628369815312425e+00
-4.195014618444852239e+00
-4.204066990236738022e+00
-4.180147234809411749e+00
-4.665763009590643051e+00
-4.620941953411289660e+00
-4.620941953411289660e+00
-4.620941953411289660e+00
-4.620941953411289660e+00
-4.620941953411289660e+00
-4.620941953411289660e+00
-4.620659943790442981e+00
-4.412881836867783569e+00
-4.412881836867783569e+00
-4.555338179685853639e+00
-4.555338179685853639e+00
-4.619902175825078672e+00
-4.486311659113716210e+00
-4.486311659113716210e+00
-4.588130143119925286e+00
-4.500174635900350495e+00
-4.399489328416536615e+00
-4.399489328416536615e+00
-4.509265974057947268e+00
-4.509265974057947268e+00
-4.478972855040853851e+00
-4.569543556508794069e+00
-4.527480604068942149e+00
-4.527480604068942149e+00
-4.763118698583800104e+00
-4.733164687408531357e+00
-4.733164687408531357e+00
-4.541256779408861632e+00
-4.696340014365335769e+00
-4.696340014365335769e+00
-4.696340014365335769e+00
-4.673613010592367445e+00
-4.673613010592367445e+00
-4.673613010592367445e+00
-4.673613010592367445e+00
-4.423001526169045405e+00
-4.451349649390611063e+00
-4.437598958204416633e+00
-4.437598958204416633e+00
-4.437598958204416633e+00
-4.437598958204416633e+00
-4.437598958204416633e+00
-4.437598958204416633e+00
-4.521042105626743357e+00
-4.521042105626743357e+00
-4.521042105626743357e+00
-4.521042105626743357e+00
-4.521042105626743357e+00
-4.543108115314955953e+00
-4.500008717730670682e+00
-4.500008717730670682e+00
-4.500008717730670682e+00
-4.500008717730670682e+00
-4.500008717730670682e+00
-4.541242308436116204e+00
-4.541242308436116204e+00
-4.558600470471960264e+00
-4.510081774819846956e+00
-4.510081774819846956e+00
-4.510081774819846956e+00
-4.510081774819846956e+00
-4.650571661572835858e+00
-4.845198557294096098e+00
-4.845198557294096098e+00
-4.810701413395404913e+00
-4.810701413395404913e+00
-4.879224931584689173e+00
-4.361485647253699582e+00
-4.374110932862780743e+00
-4.371065142260569303e+00
-4.371065142260569303e+00
-4.671054692011821885e+00
-4.674588509720400964e+00
-4.654757786913590323e+00
-4.651652758683107791e+00
-4.536693292192082616e+00
-4.536693292192082616e+00
-4.536693292192082616e+00
-4.536693292192082616e+00
-4.559105788010500149e+00
-4.548956658657405505e+00
-4.494606709468048855e+00
-4.494798487432280609e+00
-4.494798487432280609e+00
-4.494798487432280609e+00
-4.502703603998108761e+00
-4.502703603998108761e+00
-4.476041582822458231e+00
-4.500244371126111531e+00
-4.500244371126111531e+00
-4.611746914563797262e+00
-4.636349764721068745e+00
-4.374880850663332765e+00
-4.374880850663332765e+00
-4.373727253786701574e+00
-4.373727253786701574e+00
-4.463418653649585899e+00
-4.473339982134143966e+00
-4.475994358112208360e+00
-4.272538400909687617e+00
-4.428660101769551716e+00
-4.675428390616768404e+00
-4.282651269307761410e+00
-4.386100081963975938e+00
-4.750493962037814377e+00
-4.750493962037814377e+00
-4.177296837599032919e+00
-4.478019790745763729e+00
-4.493741689005988249e+00
-4.465700362748602714e+00
-4.276770223897584877e+00
-4.455715580653691887e+00
-4.455715580653691887e+00
-4.474485346965699328e+00
-4.474485346965699328e+00
-4.496139817707066832e+00
-4.496139817707066832e+00
-4.475204456729069413e+00
-4.419228110426988820e+00
-4.419228110426988820e+00
-4.419228110426988820e+00
-4.419228110426988820e+00
-4.478064430966933962e+00
-4.478064430966933962e+00
-4.460227227110019399e+00
-4.552943946701498490e+00
-4.553832295360353832e+00
-4.265456526761958855e+00
-4.455886102678769056e+00
-4.455886102678769056e+00
-4.455886102678769056e+00
-4.455886102678769056e+00
-4.709362369481629784e+00
-4.709362369481629784e+00
-4.709362369481629784e+00
-4.709362369481629784e+00
-4.390471871067364695e+00
-4.375566820124214829e+00
-4.375566820124214829e+00
-4.380277095748946081e+00
-4.356128333895342486e+00
-4.469364068289245928e+00
-4.469364068289245928e+00
-4.469364068289245928e+00
-4.469926273798646044e+00
-4.479939046316822271e+00
-4.479939046316822271e+00
-4.552146992902845746e+00
-4.552146992902845746e+00
-4.552146992902845746e+00
-4.552146992902845746e+00
-4.486331685004074643e+00
-4.486316892731555761e+00
-4.486316892731555761e+00
-4.486316892731555761e+00
-4.486316892731555761e+00
-4.506948194937377750e+00
-4.506948194937377750e+00
-4.620099102347535514e+00
-4.620099102347535514e+00
-4.266993309030946868e+00
-4.295437543881496012e+00
-4.570796688632134064e+00
-4.570796688632134064e+00
-4.213908131059730167e+00
-4.635286598288830717e+00
-4.686758787864725662e+00
-4.686758787864725662e+00
-4.686758787864725662e+00
-4.686758787864725662e+00
-4.357410110045743856e+00
-4.409994027654351001e+00
-4.409994027654351001e+00
-4.682352303633708246e+00
-4.682352303633708246e+00
-4.682352303633708246e+00
-4.377216923487512901e+00
-4.503376849360114065e+00
-4.503376849360114065e+00
-4.364388824525819999e+00
-4.364388824525819999e+00
-4.317133192606537939e+00
-4.374074774685684730e+00
-4.374074774685684730e+00
-4.408811458660327531e+00
-4.378816332528476352e+00
-4.641764621725507745e+00
-4.641764621725507745e+00
-4.693200578350709584e+00
-4.715297374522033458e+00
-4.510985138307914255e+00
-4.460238391983001094e+00
-4.460238391983001094e+00
-4.440873474103571361e+00
-4.440873474103571361e+00
-4.440873474103571361e+00
-4.440873474103571361e+00
-4.380553786970553531e+00
-4.380553786970553531e+00
-4.452199524391234675e+00
-4.452199524391234675e+00
-4.452199524391234675e+00
-4.450959117586206659e+00
-4.438129903412857402e+00
-4.380021052127942127e+00
-4.380021052127942127e+00
-4.687920018096611408e+00
-4.687920018096611408e+00
-4.499358965332179494e+00
-4.457919160655483104e+00
-4.457919160655483104e+00
-4.579834173246513096e+00
-4.607583305512561012e+00
-4.607583305512561012e+00
-4.607583305512561012e+00
-4.632115316419188389e+00
-4.778507312995222023e+00
-4.778507312995222023e+00
-4.778507312995222023e+00
-4.788830879112933481e+00
-4.788830879112933481e+00
-4.432709875975281655e+00
-4.768957739326143752e+00
-4.607122954799156567e+00
-4.614571662608288882e+00
-4.614571662608288882e+00
-4.614571662608288882e+00
-4.568716279555252946e+00
-4.568716279555252946e+00
-4.568716279555252946e+00
-4.569132982947674115e+00
-4.569132982947674115e+00
-4.580871967650984367e+00
-4.580871967650984367e+00
-4.558649490137091753e+00
-4.558649490137091753e+00
-4.473627680343968294e+00
-4.473627680343968294e+00
-4.473627680343968294e+00
-4.473627680343968294e+00
-4.473627680343968294e+00
-4.591037828450914127e+00
-4.585298562508342002e+00
-4.579631655383578526e+00
-4.579631655383578526e+00
-4.579631655383578526e+00
-4.579631655383578526e+00
-4.579631655383578526e+00
-4.689722064674740842e+00
-4.689722064674740842e+00
-4.685859872693937334e+00
-4.373064968358550964e+00
-4.373064968358550964e+00
-4.373064968358550964e+00
-4.373064968358550964e+00
-4.373064968358550964e+00
-4.373064968358550964e+00
-4.753534236072959551e+00
-4.753534236072959551e+00
-4.570725349186520958e+00
-4.570725349186520958e+00
-4.549651913942420300e+00
-4.640978501091656661e+00
-4.640978501091656661e+00
-4.478196606171434446e+00
-4.461221534543436285e+00
-4.311931114431572176e+00
-4.412418782056279909e+00
-4.412418782056279909e+00
-4.388373879536789701e+00
-4.438844841822180420e+00
-4.438844841822180420e+00
-4.438844841822180420e+00
-4.487086553255489996e+00
-4.364242269843201072e+00
-4.364242269843201072e+00
-4.378422900827404263e+00
-4.378422900827404263e+00
-4.378422900827404263e+00
-4.319854513414131070e+00
-4.709523486961487926e+00
-4.702802873130777606e+00
-4.585592566712213269e+00
-4.667132238574701830e+00
-4.667132238574701830e+00
-4.677269523377524330e+00
-4.677269523377524330e+00
-4.661182092280719225e+00
-4.655133918559510420e+00
-4.636475056394330885e+00
-4.636475056394330885e+00
-4.636475056394330885e+00
-4.636475056394330885e+00
-4.662169272035001200e+00
-4.651909526560433328e+00
-4.703070239876039338e+00
-4.709066718964360021e+00
-4.581670494490791334e+00
-4.675713496501673561e+00
-4.642583727974190388e+00
-4.359089884532653336e+00
-4.527655121100983671e+00
-4.527655121100983671e+00
-4.430981644234780248e+00
-4.430981644234780248e+00
-4.430981644234780248e+00
-4.423940373262186476e+00
-4.429565366730844111e+00
-4.429565366730844111e+00
-4.429565366730844111e+00
-4.429565366730844111e+00
-4.429565366730844111e+00
-4.425463214035724846e+00
-4.425463214035724846e+00
-4.441545495335798677e+00
-4.623395366114669613e+00
-4.633911154317742920e+00
-4.633911154317742920e+00
-4.658199080693639083e+00
-4.658199080693639083e+00
-4.487436679610762091e+00
-4.342674253530618422e+00
-4.728331569013102254e+00
-4.751902924786170601e+00
-4.668901311786183506e+00
-4.141041521213832510e+00
-4.264847867727540098e+00
-4.204489956810027351e+00
-4.422518664962778345e+00
-4.451764035377565598e+00
-4.451764035377565598e+00
-4.422773316624885709e+00
-4.422773316624885709e+00
-4.698558281272053883e+00
-4.420604146875409590e+00
