# Variable: dg_gbvi_00000153
# Sample shape: (2565,)
# Date: 2013-03-08 06:18:11.767655
-7.516891028226056370e+00
-5.538025411600909997e+00
-4.380890190461776079e+00
-4.628607394056933444e+00
-4.217929539663807681e+00
-4.205309265189306700e+00
-4.120780998797767936e+00
-5.323038453654385549e+00
-5.015392123070891550e+00
-4.627741287726493624e+00
-4.627741287726493624e+00
-4.627741287726493624e+00
-4.627741287726493624e+00
-4.748040277552599164e+00
-4.723799351148007197e+00
-4.727388504707063177e+00
-4.705594593450774354e+00
-4.705594593450774354e+00
-4.705594593450774354e+00
-4.644517743374752428e+00
-4.479699084179241453e+00
-4.004969940172463438e+00
-4.004969940172463438e+00
-4.015785222056723391e+00
-3.916856018868974498e+00
-3.907642662855674409e+00
-3.907642662855674409e+00
-3.715315718895775277e+00
-4.112673416083274525e+00
-4.012547208453992376e+00
-4.027258920562005073e+00
-4.027258920562005073e+00
-4.027258920562005073e+00
-4.027258920562005073e+00
-4.027258920562005073e+00
-4.027258920562005073e+00
-4.027258920562005073e+00
-4.087572985788946234e+00
-4.117896838711310181e+00
-4.091465503727388153e+00
-4.105592785924355503e+00
-4.061207808750169512e+00
-4.094435383980951748e+00
-4.094435383980951748e+00
-4.103793300937036648e+00
-3.906228353492148031e+00
-3.903784413867100955e+00
-4.141745303250237598e+00
-4.141813082427772130e+00
-4.141813082427772130e+00
-4.141813082427772130e+00
-4.141813082427772130e+00
-4.141813082427772130e+00
-4.141813082427772130e+00
-4.141813082427772130e+00
-3.964296935549961542e+00
-4.264995374360960767e+00
-4.264995374360960767e+00
-4.264995374360960767e+00
-4.264995374360960767e+00
-4.034199252335649355e+00
-4.034199252335649355e+00
-4.034199252335649355e+00
-4.040778901835222925e+00
-4.040778901835222925e+00
-4.040778901835222925e+00
-4.040778901835222925e+00
-4.040778901835222925e+00
-4.040778901835222925e+00
-3.856731540792903257e+00
-3.856731540792903257e+00
-3.856731540792903257e+00
-3.854175303647380701e+00
-3.843400081451421091e+00
-3.843400081451421091e+00
-3.843400081451421091e+00
-3.843400081451421091e+00
-4.135258567003676333e+00
-4.147976334514843266e+00
-4.141934946549861607e+00
-3.875387100497269532e+00
-3.886232077779995020e+00
-3.886232077779995020e+00
-3.886232077779995020e+00
-3.924521166906035141e+00
-4.102428511340650452e+00
-3.722393250871077974e+00
-3.754951355085845766e+00
-3.754951355085845766e+00
-3.754951355085845766e+00
-3.730594997200566088e+00
-3.730594997200566088e+00
-3.831419603731567758e+00
-3.831419603731567758e+00
-3.831419603731567758e+00
-3.929659545392924613e+00
-3.929659545392924613e+00
-3.929659545392924613e+00
-3.929659545392924613e+00
-3.877947325203397799e+00
-3.902532290995566644e+00
-3.907352609241316443e+00
-3.907352609241316443e+00
-3.907352609241316443e+00
-3.907352609241316443e+00
-3.907352609241316443e+00
-4.050157035511655401e+00
-4.050157035511655401e+00
-4.050157035511655401e+00
-4.050157035511655401e+00
-4.050157035511655401e+00
-4.050157035511655401e+00
-4.050157035511655401e+00
-4.050157035511655401e+00
-4.050157035511655401e+00
-4.050157035511655401e+00
-4.050157035511655401e+00
-4.050157035511655401e+00
-4.110930739219071484e+00
-4.110930739219071484e+00
-4.110713533394002361e+00
-4.018983202991162074e+00
-4.018983202991162074e+00
-4.032766801386686417e+00
-4.032766801386686417e+00
-4.032766801386686417e+00
-4.028241096241426789e+00
-4.028241096241426789e+00
-4.028241096241426789e+00
-4.012448519838679672e+00
-4.012448519838679672e+00
-4.012366905229322711e+00
-4.012366905229322711e+00
-4.016358486306014441e+00
-4.016358486306014441e+00
-4.016358486306014441e+00
-4.016358486306014441e+00
-4.016358486306014441e+00
-4.007508808539411937e+00
-3.926190377458472103e+00
-3.812563211137898644e+00
-4.113331106358523392e+00
-4.109273437032481269e+00
-4.109273437032481269e+00
-4.104150447716516048e+00
-4.104150447716516048e+00
-4.137104228037778775e+00
-4.122483660572311415e+00
-4.086875668682090179e+00
-4.086875668682090179e+00
-4.086875668682090179e+00
-4.070118117542566694e+00
-4.096487543874423487e+00
-4.091254395090229146e+00
-4.091254395090229146e+00
-4.091254395090229146e+00
-4.088124366355552652e+00
-4.088124366355552652e+00
-4.088124366355552652e+00
-3.951395627681989264e+00
-3.951395627681989264e+00
-3.951395627681989264e+00
-3.951395627681989264e+00
-3.940724804757343769e+00
-3.940724804757343769e+00
-3.940724804757343769e+00
-3.940724804757343769e+00
-4.096244544445147184e+00
-4.096244544445147184e+00
-4.096244544445147184e+00
-4.096244544445147184e+00
-4.096244544445147184e+00
-4.096244544445147184e+00
-4.082284393912951614e+00
-4.082284393912951614e+00
-4.060969199006710717e+00
-4.054044341712100596e+00
-4.070295538012730141e+00
-4.042769169871952784e+00
-4.042769169871952784e+00
-4.042769169871952784e+00
-4.042769169871952784e+00
-4.025572261019422449e+00
-4.025572261019422449e+00
-4.033433522645589520e+00
-4.035549196282847362e+00
-4.035549196282847362e+00
-4.107208884728026810e+00
-4.107208884728026810e+00
-4.062938408216236752e+00
-4.062938408216236752e+00
-4.064685762129154334e+00
-4.064685762129154334e+00
-4.064685762129154334e+00
-4.064685762129154334e+00
-4.064685762129154334e+00
-4.064685762129154334e+00
-4.021975327165925762e+00
-3.713525372896641752e+00
-3.709291384646314249e+00
-3.709291384646314249e+00
-3.709291384646314249e+00
-3.709291384646314249e+00
-3.709291384646314249e+00
-3.709291384646314249e+00
-3.689983868322443517e+00
-3.689983868322443517e+00
-3.933227370142413637e+00
-3.933227370142413637e+00
-3.928129825123967134e+00
-3.928129825123967134e+00
-4.043027446303728567e+00
-4.043027446303728567e+00
-4.043027446303728567e+00
-4.154985534788417034e+00
-4.154985534788417034e+00
-4.127853929739475625e+00
-4.127853929739475625e+00
-4.020012068250951920e+00
-4.028134671155107149e+00
-4.028134671155107149e+00
-4.080397530854405375e+00
-4.080397530854405375e+00
-4.071211012120111938e+00
-4.097976623441206279e+00
-4.097976623441206279e+00
-4.067126867517111499e+00
-4.067126867517111499e+00
-4.067126867517111499e+00
-4.063239815655010467e+00
-4.063239815655010467e+00
-4.054615787565571949e+00
-4.068410358275770911e+00
-4.068410358275770911e+00
-4.068410358275770911e+00
-4.036841240328858049e+00
-4.042867587659705109e+00
-4.042867587659705109e+00
-4.045411142577981067e+00
-4.038225036549088820e+00
-4.038225036549088820e+00
-4.038225036549088820e+00
-4.056922313295128646e+00
-4.062765133859795874e+00
-3.923867021751709760e+00
-3.968964593822297271e+00
-3.906085251533851110e+00
-3.980622989926848820e+00
-3.980622989926848820e+00
-4.003491932436981315e+00
-4.003491932436981315e+00
-4.003491932436981315e+00
-4.003491932436981315e+00
-4.003491932436981315e+00
-3.992310758220842803e+00
-3.992310758220842803e+00
-3.992310758220842803e+00
-3.956651655121377953e+00
-3.988715693618781089e+00
-4.005673006340280118e+00
-4.005673006340280118e+00
-3.936255211085206263e+00
-3.790700430140188981e+00
-3.795606176802447607e+00
-3.800436734122802029e+00
-3.886029899564989787e+00
-3.886029899564989787e+00
-3.864369386173814647e+00
-3.864369386173814647e+00
-3.997043103037926759e+00
-4.026388647399903320e+00
-3.964199208551249853e+00
-3.964199208551249853e+00
-3.964199208551249853e+00
-3.967529783727929971e+00
-3.967529783727929971e+00
-3.940441365387937545e+00
-3.940441365387937545e+00
-3.940441365387937545e+00
-3.907680271510714398e+00
-3.942950279375772027e+00
-3.942950279375772027e+00
-3.968100754053665469e+00
-4.027785766438702453e+00
-4.027785766438702453e+00
-4.027785766438702453e+00
-3.862950581957230956e+00
-3.881847700637438336e+00
-3.881847700637438336e+00
-3.873678563124614449e+00
-3.873678563124614449e+00
-3.873678563124614449e+00
-3.873678563124614449e+00
-3.875871239910835708e+00
-3.875777355216466269e+00
-3.866604824768118398e+00
-3.852895782136897207e+00
-3.852895782136897207e+00
-3.681866098871292792e+00
-3.681866098871292792e+00
-3.797177700188511640e+00
-3.812770581278434712e+00
-3.812770581278434712e+00
-3.812770581278434712e+00
-3.812770581278434712e+00
-3.812770581278434712e+00
-3.800353762816034653e+00
-3.800353762816034653e+00
-3.809826990396569801e+00
-3.809826990396569801e+00
-3.835643833472587971e+00
-3.790414087598262594e+00
-3.790414087598262594e+00
-3.786896138493894171e+00
-3.793016365970816040e+00
-3.793016365970816040e+00
-3.788477940942312383e+00
-3.788477940942312383e+00
-3.785209097343025686e+00
-3.791141935624707138e+00
-3.791141935624707138e+00
-3.791141935624707138e+00
-3.791141935624707138e+00
-3.791141935624707138e+00
-3.701080773296778759e+00
-3.701080773296778759e+00
-3.719205697310940195e+00
-3.719205697310940195e+00
-3.719205697310940195e+00
-3.791141979729567790e+00
-3.713651255570275200e+00
-3.467314789601206204e+00
-3.469840332342378098e+00
-3.440058179638914471e+00
-3.440058179638914471e+00
-3.466021676531283902e+00
-3.316589792778477985e+00
-3.465484300596427758e+00
-3.465484300596427758e+00
-3.468026983874013425e+00
-3.468026983874013425e+00
-3.465468521721620121e+00
-3.576444667001681843e+00
-3.586245900290939481e+00
-3.586245900290939481e+00
-3.597678513352959406e+00
-3.597678513352959406e+00
-3.597678513352959406e+00
-3.608603398412074892e+00
-3.585547251113066380e+00
-3.690573860543789664e+00
-3.762245909366533247e+00
-3.762245909366533247e+00
-3.754545525568870445e+00
-3.762409904458871690e+00
-3.762409904458871690e+00
-3.762409904458871690e+00
-3.783752779035633118e+00
-3.782350092099432182e+00
-3.782350092099432182e+00
-3.782350092099432182e+00
-3.782350092099432182e+00
-3.762326637643247373e+00
-3.762326637643247373e+00
-3.747019689622725025e+00
-3.747019689622725025e+00
-3.747019689622725025e+00
-3.747019689622725025e+00
-3.747019689622725025e+00
-3.744752126945428472e+00
-3.744752126945428472e+00
-3.744600163245157542e+00
-3.766491430877267454e+00
-3.766491430877267454e+00
-3.766491430877267454e+00
-3.766491430877267454e+00
-3.766491430877267454e+00
-3.766491430877267454e+00
-3.766491430877267454e+00
-3.769490818719928082e+00
-3.775373134187301360e+00
-3.775373134187301360e+00
-3.775373134187301360e+00
-3.775373134187301360e+00
-3.775373134187301360e+00
-3.775373134187301360e+00
-3.771040840494002122e+00
-3.771040840494002122e+00
-3.771040840494002122e+00
-3.758407344664321581e+00
-3.788262902747736582e+00
-3.778276405125519766e+00
-3.778276405125519766e+00
-3.883624254713179624e+00
-3.883624254713179624e+00
-3.934134170965452704e+00
-3.873630754198649218e+00
-3.873630754198649218e+00
-3.873630754198649218e+00
-3.804058738349448188e+00
-3.805231437067310818e+00
-3.824961501838235467e+00
-3.820972213398978745e+00
-3.822633757292664303e+00
-3.822633757292664303e+00
-3.813581255058074326e+00
-3.813581255058074326e+00
-3.813581255058074326e+00
-3.907631863169365172e+00
-3.907631863169365172e+00
-3.924299119226401178e+00
-3.954215418735087528e+00
-3.956881283332633004e+00
-3.936572237332233826e+00
-3.936572237332233826e+00
-3.933498646357487250e+00
-3.710976510214751833e+00
-3.710976510214751833e+00
-3.710597523498226913e+00
-3.761214307912438493e+00
-3.629468276841028462e+00
-3.620300858560559387e+00
-3.471802235519835911e+00
-3.471802235519835911e+00
-3.500943539330749754e+00
-3.500943539330749754e+00
-3.502061961842769744e+00
-3.708563404980795841e+00
-3.429234142282601816e+00
-3.429234142282601816e+00
-3.727735432549620143e+00
-3.727835570456039527e+00
-3.751288122244211376e+00
-3.751288122244211376e+00
-3.751288122244211376e+00
-3.751288122244211376e+00
-3.773912423623170476e+00
-3.773912423623170476e+00
-3.773912423623170476e+00
-3.761880115206378328e+00
-3.747546731210532833e+00
-3.747546731210532833e+00
-3.747546731210532833e+00
-3.747069450478784258e+00
-3.738325474936672776e+00
-3.741909762018132746e+00
-3.741909762018132746e+00
-3.741909762018132746e+00
-3.764692633963657720e+00
-3.764692633963657720e+00
-3.764692633963657720e+00
-3.764692633963657720e+00
-3.764692633963657720e+00
-3.655673166447460432e+00
-3.679962837656948871e+00
-3.682778056469860672e+00
-3.660102372459218323e+00
-3.660102372459218323e+00
-3.660102372459218323e+00
-3.660102372459218323e+00
-3.622644284774819479e+00
-3.700526776451783295e+00
-3.700526776451783295e+00
-3.621292424381583608e+00
-3.621391005452855527e+00
-3.647420188197982416e+00
-3.647420188197982416e+00
-3.647420188197982416e+00
-3.647026010279458497e+00
-3.647026010279458497e+00
-3.647026010279458497e+00
-3.561710270211393414e+00
-3.561710270211393414e+00
-3.561710270211393414e+00
-3.577460230783152451e+00
-3.580121846944509301e+00
-3.565981698058440230e+00
-3.518098393987959316e+00
-3.518098393987959316e+00
-3.615822264151717480e+00
-3.630877698429719747e+00
-3.621412877865336277e+00
-3.621412877865336277e+00
-3.621412877865336277e+00
-3.621412877865336277e+00
-3.598208961422484808e+00
-3.635861831356133056e+00
-3.635861831356133056e+00
-3.700301888927884697e+00
-3.700301888927884697e+00
-3.750465355314650751e+00
-3.750465355314650751e+00
-3.750465355314650751e+00
-3.750465355314650751e+00
-3.750465355314650751e+00
-3.750465355314650751e+00
-3.750465355314650751e+00
-3.745097698771804318e+00
-3.859583857298429788e+00
-3.835396271090049769e+00
-3.835396271090049769e+00
-3.835396271090049769e+00
-3.835396271090049769e+00
-3.835396271090049769e+00
-3.835396271090049769e+00
-3.835396271090049769e+00
-3.833524677690195670e+00
-3.838058410349068250e+00
-3.820157449649815629e+00
-3.788729999857570085e+00
-3.788729999857570085e+00
-3.788173400310439920e+00
-3.807272763825315653e+00
-3.807272763825315653e+00
-3.807272763825315653e+00
-3.807272763825315653e+00
-3.807272763825315653e+00
-3.807272763825315653e+00
-3.781263490287192663e+00
-3.844555786128999841e+00
-3.844555786128999841e+00
-3.686148535394897507e+00
-3.757051530011572549e+00
-3.757051530011572549e+00
-3.729762507799446070e+00
-3.731044318037554319e+00
-3.754911301062310081e+00
-3.754911301062310081e+00
-3.754911301062310081e+00
-3.754911301062310081e+00
-3.754911301062310081e+00
-3.732119462143396404e+00
-3.732119462143396404e+00
-3.748511190546006677e+00
-3.746345320940066781e+00
-3.746345320940066781e+00
-3.658014534208826163e+00
-3.658014534208826163e+00
-3.658014534208826163e+00
-3.684920094110338606e+00
-3.684920094110338606e+00
-3.684920094110338606e+00
-3.652463769822621220e+00
-3.779333185173442633e+00
-3.779333185173442633e+00
-3.779333185173442633e+00
-3.779333185173442633e+00
-3.779333185173442633e+00
-3.798642211661941825e+00
-3.798642211661941825e+00
-3.798642211661941825e+00
-3.654782432836632733e+00
-3.654782432836632733e+00
-3.654782432836632733e+00
-3.654782432836632733e+00
-3.700627217407312930e+00
-3.683999891678665595e+00
-3.704126293125161951e+00
-3.704126293125161951e+00
-3.704126293125161951e+00
-3.704126293125161951e+00
-3.704126293125161951e+00
-3.793950543352804239e+00
-3.729245073159340063e+00
-3.729245073159340063e+00
-3.721106589882623439e+00
-3.767882642970469487e+00
-3.767882642970469487e+00
-3.787687078829119702e+00
-3.787687078829119702e+00
-3.787687078829119702e+00
-3.779121522823406298e+00
-3.779121522823406298e+00
-3.779121522823406298e+00
-3.781031753706195708e+00
-3.750319021843625755e+00
-3.747615814235660814e+00
-3.747615814235660814e+00
-3.746621892990114944e+00
-3.745161750749275154e+00
-3.745161750749275154e+00
-3.745161750749275154e+00
-3.745161750749275154e+00
-3.745161750749275154e+00
-3.745161750749275154e+00
-3.614207217594796351e+00
-3.532436628407919166e+00
-3.532436628407919166e+00
-3.532436628407919166e+00
-3.532436628407919166e+00
-3.532436628407919166e+00
-3.532436628407919166e+00
-3.532436628407919166e+00
-3.532436628407919166e+00
-3.545650532813408695e+00
-3.545650532813408695e+00
-3.545650532813408695e+00
-3.490393992120728317e+00
-3.490393992120728317e+00
-3.507643813110816300e+00
-3.507643813110816300e+00
-3.540315294861977602e+00
-3.540315294861977602e+00
-3.540315294861977602e+00
-3.548513653088553266e+00
-3.565719392515384278e+00
-3.587257783524709698e+00
-3.569138622813294859e+00
-3.553767484356023409e+00
-3.553767484356023409e+00
-3.569277611060499567e+00
-3.571209237196436792e+00
-3.613165677131152886e+00
-3.559959486580785093e+00
-3.838830172781048322e+00
-3.817608838815940597e+00
-3.814547303994898275e+00
-3.814547303994898275e+00
-3.491044009074384391e+00
-3.491044009074384391e+00
-3.656084148318742955e+00
-3.656084148318742955e+00
-3.656084148318742955e+00
-3.697181773335568522e+00
-3.649772071668020423e+00
-3.623219734061533082e+00
-3.623219734061533082e+00
-3.665651865563811729e+00
-3.659265017668793085e+00
-3.659265017668793085e+00
-3.644994082137235747e+00
-3.644994082137235747e+00
-3.644994082137235747e+00
-3.802604431931985385e+00
-3.757236797688950247e+00
-3.757236797688950247e+00
-3.706854024336348363e+00
-3.706854024336348363e+00
-3.729733364729206802e+00
-3.729733364729206802e+00
-3.730725554119697307e+00
-3.730725554119697307e+00
-3.739880889028139421e+00
-3.739880889028139421e+00
-3.693098221466534437e+00
-3.693098221466534437e+00
-3.717375430023143856e+00
-3.701801263189696822e+00
-4.008568847960512826e+00
-3.978044771052856365e+00
-3.978044771052856365e+00
-4.093773227068955300e+00
-4.076405834003506534e+00
-4.076405834003506534e+00
-4.076405834003506534e+00
-3.730210271089323903e+00
-3.714600249976835578e+00
-3.730340595482463772e+00
-3.730340595482463772e+00
-3.849135727389367378e+00
-3.849135727389367378e+00
-3.849135727389367378e+00
-3.849135727389367378e+00
-3.849135727389367378e+00
-3.849135727389367378e+00
-3.849135727389367378e+00
-3.849135727389367378e+00
-3.858329394500532583e+00
-3.890731516784348809e+00
-3.890731516784348809e+00
-3.907531697076359389e+00
-3.927443903784287649e+00
-3.927443903784287649e+00
-3.944742759378383035e+00
-3.944742759378383035e+00
-3.944742759378383035e+00
-3.944742759378383035e+00
-3.939474361007391678e+00
-3.901460196743349762e+00
-3.901460196743349762e+00
-3.901460196743349762e+00
-3.769118779658023222e+00
-3.662915512766315995e+00
-3.615342828814003262e+00
-4.124030593319537807e+00
-4.124030593319537807e+00
-4.124030593319537807e+00
-4.738810141223467554e+00
-4.567944200877667171e+00
-4.567944200877667171e+00
-4.567944200877667171e+00
-4.567944200877667171e+00
-4.565758061492630304e+00
-4.172195305722809167e+00
-4.172195305722809167e+00
-4.022698365601322656e+00
-4.100647910640263127e+00
-4.100647910640263127e+00
-4.106925279139171714e+00
-4.100758804788602774e+00
-4.100758804788602774e+00
-4.161783674382259157e+00
-3.995344538551370395e+00
-3.995344538551370395e+00
-4.107791108421292137e+00
-4.107791108421292137e+00
-4.080802983044217846e+00
-4.080802983044217846e+00
-4.080802983044217846e+00
-4.344074818897808221e+00
-4.344074818897808221e+00
-4.344074818897808221e+00
-4.340852698144992416e+00
-4.340852698144992416e+00
-4.503849264738983393e+00
-4.503849264738983393e+00
-4.503849264738983393e+00
-4.475774139675492869e+00
-4.485509963478273576e+00
-4.486135375390984059e+00
-4.486135375390984059e+00
-4.486135375390984059e+00
-4.486135375390984059e+00
-4.187269781843771632e+00
-4.178887042035713151e+00
-4.178887042035713151e+00
-4.441778575282990360e+00
-4.189470782636113277e+00
-4.189470782636113277e+00
-4.072545540855579738e+00
-4.291507157314641496e+00
-4.304437828289259471e+00
-4.304437828289259471e+00
-4.269776113322260258e+00
-4.304032453747992371e+00
-4.304032453747992371e+00
-4.304032453747992371e+00
-4.304032453747992371e+00
-4.181535357677295117e+00
-4.181535357677295117e+00
-4.283805312030363410e+00
-4.345244229082766196e+00
-4.339816955015879607e+00
-4.339816955015879607e+00
-4.321554861876169440e+00
-4.306065933386453715e+00
-4.316973626628263006e+00
-4.140607975164275700e+00
-4.140607975164275700e+00
-4.291931226152991385e+00
-4.289184898303490812e+00
-4.289184898303490812e+00
-4.289184898303490812e+00
-4.335017252148563927e+00
-4.335017252148563927e+00
-4.314376783508772739e+00
-4.467779739053245436e+00
-4.489225674362214313e+00
-4.489225674362214313e+00
-4.489225674362214313e+00
-4.625435438387525799e+00
-4.625435438387525799e+00
-4.604558948271998631e+00
-4.604558948271998631e+00
-4.456741572736548029e+00
-4.456741572736548029e+00
-4.307857448976367465e+00
-4.316509921936816596e+00
-4.339340337435966255e+00
-4.311155410967840496e+00
-4.311155410967840496e+00
-4.295271140343076333e+00
-4.295271140343076333e+00
-4.286817042726941196e+00
-4.286817042726941196e+00
-4.271756753119301919e+00
-4.206713207106592911e+00
-4.152744697178348154e+00
-4.338951656252036493e+00
-4.370490300297494635e+00
-4.370490300297494635e+00
-4.350156181344505768e+00
-4.350156181344505768e+00
-4.350156181344505768e+00
-4.350156181344505768e+00
-4.350156181344505768e+00
-4.350156181344505768e+00
-4.350156181344505768e+00
-4.375558388130464493e+00
-4.302899396388471409e+00
-4.237134244921770154e+00
-4.237134244921770154e+00
-4.245760100448532803e+00
-4.263065028615401708e+00
-4.198171080953870593e+00
-4.177627964399214910e+00
-4.163696416839053782e+00
-4.163696416839053782e+00
-4.176825769462543470e+00
-4.176825769462543470e+00
-4.440745429380224429e+00
-4.418393354775846049e+00
-4.437753584982116806e+00
-4.437753584982116806e+00
-4.437753584982116806e+00
-4.424327741085031462e+00
-4.424327741085031462e+00
-4.449216483650421772e+00
-4.421936581089377150e+00
-4.195327283141159214e+00
-4.261193414793543077e+00
-4.261193414793543077e+00
-4.261193414793543077e+00
-4.261193414793543077e+00
-4.279564239821781690e+00
-4.279564239821781690e+00
-4.284705561734703849e+00
-3.955330753493977891e+00
-3.943351733368618994e+00
-3.943351733368618994e+00
-3.912640987504273582e+00
-3.892908338249021050e+00
-3.892908338249021050e+00
-3.892908338249021050e+00
-3.905630616531301502e+00
-3.910551328477325672e+00
-3.910551328477325672e+00
-3.910551328477325672e+00
-3.910551328477325672e+00
-3.926667143709429819e+00
-3.926667143709429819e+00
-3.926667143709429819e+00
-4.028497065287985457e+00
-4.028497065287985457e+00
-4.028497065287985457e+00
-4.050016303931064598e+00
-4.044066946801039286e+00
-4.053247806815389431e+00
-4.053247806815389431e+00
-4.053247806815389431e+00
-4.059444327403494590e+00
-4.059444327403494590e+00
-4.059444327403494590e+00
-4.059444327403494590e+00
-4.060250233472767256e+00
-3.967739734489953207e+00
-3.883969982030028856e+00
-3.863384154782596447e+00
-3.860756385269862534e+00
-3.872727612567505862e+00
-3.795450213699811837e+00
-3.952766805449644760e+00
-3.919234396196113135e+00
-3.919234396196113135e+00
-3.919234396196113135e+00
-3.944206929729380029e+00
-3.944206929729380029e+00
-3.944206929729380029e+00
-3.944206929729380029e+00
-3.944206929729380029e+00
-3.961910566499426523e+00
-3.961910566499426523e+00
-3.962252381056379669e+00
-4.124967398196871748e+00
-4.124967398196871748e+00
-4.122296419211383345e+00
-3.984587444161492797e+00
-3.984587444161492797e+00
-4.016515315097755945e+00
-4.016515315097755945e+00
-3.995730890595114104e+00
-3.995730890595114104e+00
-3.995730890595114104e+00
-3.943501872412337850e+00
-3.943501872412337850e+00
-3.919171769145299411e+00
-3.940982232276785346e+00
-3.940982232276785346e+00
-3.940982232276785346e+00
-3.940982232276785346e+00
-3.954991431416910341e+00
-3.971649548984832467e+00
-4.001806308271580015e+00
-3.997176546061155911e+00
-4.000524328024663845e+00
-4.033708068588143902e+00
-4.033708068588143902e+00
-3.808162861003523858e+00
-4.015796135515483201e+00
-4.015796135515483201e+00
-4.015796135515483201e+00
-4.017662480040034900e+00
-3.748009957523537938e+00
-3.748009957523537938e+00
-3.748009957523537938e+00
-3.748009957523537938e+00
-3.718181187790944087e+00
-3.722332912091749879e+00
-3.722332912091749879e+00
-3.495839927084122056e+00
-3.728550937101092089e+00
-3.728550937101092089e+00
-3.728550937101092089e+00
-3.728550937101092089e+00
-3.728550937101092089e+00
-3.728550937101092089e+00
-3.728550937101092089e+00
-3.728550937101092089e+00
-3.860326794971769004e+00
-3.821959302823163984e+00
-3.844695064879773305e+00
-3.776548014898860828e+00
-3.776548014898860828e+00
-3.815168605307984517e+00
-3.792468578205882235e+00
-3.863657129259561618e+00
-3.720514952885807247e+00
-3.720514952885807247e+00
-3.748648697976923128e+00
-3.748648697976923128e+00
-3.750822496994701272e+00
-3.761096203781641556e+00
-3.905684183679279720e+00
-3.878276808852646695e+00
-3.802960390907458965e+00
-3.802960390907458965e+00
-4.041965894020430383e+00
-4.041965894020430383e+00
-4.041965894020430383e+00
-4.011801388266530211e+00
-4.011698758467712622e+00
-4.011698758467712622e+00
-4.011698758467712622e+00
-4.011698758467712622e+00
-4.020620573249810370e+00
-4.020620573249810370e+00
-4.020620573249810370e+00
-3.880562423471738853e+00
-3.952563447377589245e+00
-4.012556000706821280e+00
-4.012556000706821280e+00
-4.012556000706821280e+00
-4.111937666980945316e+00
-4.111937666980945316e+00
-3.996676782794585048e+00
-3.983372116942355490e+00
-3.983372116942355490e+00
-3.963022705057682060e+00
-4.008228029411707638e+00
-3.758628514301228574e+00
-3.758628514301228574e+00
-3.758628514301228574e+00
-3.758628514301228574e+00
-3.758628514301228574e+00
-3.757694192804170719e+00
-3.757694192804170719e+00
-3.736243464390934577e+00
-3.736243464390934577e+00
-3.736243464390934577e+00
-3.736243464390934577e+00
-3.709934367612050643e+00
-3.703946418109809180e+00
-3.703946418109809180e+00
-3.719643778877501639e+00
-3.719643778877501639e+00
-3.719643778877501639e+00
-3.711530921914101278e+00
-3.858201349677435665e+00
-3.858201349677435665e+00
-3.858201349677435665e+00
-3.858201349677435665e+00
-3.748872189230688878e+00
-3.748872189230688878e+00
-3.824520473036651769e+00
-3.841760258848981646e+00
-3.841760258848981646e+00
-3.839230481324327204e+00
-3.839230481324327204e+00
-3.839230481324327204e+00
-3.832016503582410305e+00
-3.826544178504097005e+00
-3.899407864738024809e+00
-3.899407864738024809e+00
-3.899407864738024809e+00
-3.903314685883757740e+00
-3.903314685883757740e+00
-3.894855247265882614e+00
-3.894855247265882614e+00
-3.894855247265882614e+00
-3.894855247265882614e+00
-3.894855247265882614e+00
-3.869185588223353456e+00
-3.869185588223353456e+00
-3.880301594501389228e+00
-3.880301594501389228e+00
-3.880301594501389228e+00
-3.880301594501389228e+00
-3.908927329400397888e+00
-3.937238074067939131e+00
-3.913457167379256418e+00
-3.913457167379256418e+00
-3.913457167379256418e+00
-3.927310143062958669e+00
-3.743983080546445574e+00
-3.665371236444709080e+00
-3.603232803664090156e+00
-3.603232803664090156e+00
-3.603232803664090156e+00
-3.603232803664090156e+00
-3.638750370384201904e+00
-3.638750370384201904e+00
-3.724027402867803982e+00
-3.863936593253252560e+00
-3.847025627282952165e+00
-3.847025627282952165e+00
-3.885521508276895908e+00
-3.997832646713307181e+00
-3.997832646713307181e+00
-3.997832646713307181e+00
-4.130159142138397854e+00
-4.127613564383545430e+00
-4.127613564383545430e+00
-4.137891741009845248e+00
-4.067657971092644154e+00
-4.067657971092644154e+00
-4.061262931887372751e+00
-4.098085745307684213e+00
-3.821329728796906355e+00
-3.621926340439046488e+00
-3.597510513524247333e+00
-3.561729960514911308e+00
-3.563077001410014155e+00
-3.563077001410014155e+00
-3.563077001410014155e+00
-3.434226980613111824e+00
-3.434226980613111824e+00
-3.434226980613111824e+00
-3.432424140657269973e+00
-3.540946352253332208e+00
-3.523333043125157715e+00
-3.523333043125157715e+00
-3.517588232116688474e+00
-3.732369372647673433e+00
-3.732369372647673433e+00
-3.732369372647673433e+00
-3.741153877630674085e+00
-3.741153877630674085e+00
-3.741153877630674085e+00
-3.705510249493667363e+00
-3.464155556059166585e+00
-3.485041996213089188e+00
-3.485041996213089188e+00
-3.592178753570050453e+00
-3.548844888505168438e+00
-3.548844888505168438e+00
-3.548844888505168438e+00
-3.548844888505168438e+00
-3.667292483318289609e+00
-3.670609009536351497e+00
-3.673220050282453464e+00
-3.673220050282453464e+00
-3.673220050282453464e+00
-3.673220050282453464e+00
-3.675909603830401995e+00
-3.705577657978879724e+00
-3.648779276140075911e+00
-3.517377623486107385e+00
-3.517377623486107385e+00
-3.759221714845879525e+00
-3.759452865413731804e+00
-3.781039045202199578e+00
-3.754921509672666691e+00
-3.754921509672666691e+00
-3.754921509672666691e+00
-3.754921509672666691e+00
-3.805532393429345461e+00
-3.805532393429345461e+00
-3.966925618369001150e+00
-3.966925618369001150e+00
-3.953696355163696996e+00
-3.908676821694634818e+00
-3.908676821694634818e+00
-4.119161215469034687e+00
-4.119161215469034687e+00
-4.122241404234534556e+00
-4.124005379858076914e+00
-4.124005379858076914e+00
-4.124005379858076914e+00
-4.124005379858076914e+00
-4.124005379858076914e+00
-4.125069771087439996e+00
-4.042761830629374664e+00
-4.156625545526867249e+00
-4.169185383982360271e+00
-4.194239068907401169e+00
-4.215152704553616125e+00
-4.215152704553616125e+00
-4.187654179160749557e+00
-4.200730994209464164e+00
-4.218646932442648989e+00
-4.230102698044598597e+00
-4.156946209219413824e+00
-4.313511099568601459e+00
-4.357556501760107004e+00
-4.119007957538216580e+00
-4.126821538456717064e+00
-4.128270367894467441e+00
-4.128270367894467441e+00
-4.187163249223408990e+00
-4.227312988131889604e+00
-4.227312988131889604e+00
-4.227312988131889604e+00
-4.147976462488767169e+00
-4.147976462488767169e+00
-4.122188741471052076e+00
-4.149420836345917074e+00
-4.149420836345917074e+00
-4.145596205405666979e+00
-4.145596205405666979e+00
-4.145596205405666979e+00
-4.285934582424109074e+00
-4.320538919312642001e+00
-4.198148762614091645e+00
-4.198148762614091645e+00
-4.186041851713097728e+00
-4.205183682492101838e+00
-4.201117457634661712e+00
-4.201117457634661712e+00
-4.201117457634661712e+00
-4.201117457634661712e+00
-4.202292123262719059e+00
-4.146102672036548142e+00
-4.142832394337009561e+00
-4.129485452588094851e+00
-4.129515009804896941e+00
-4.167141110001709947e+00
-4.054265679975879166e+00
-4.054265679975879166e+00
-4.054265679975879166e+00
-4.127215401580458298e+00
-4.127215401580458298e+00
-4.244070996671845286e+00
-4.435083689312006250e+00
-4.222039019085445766e+00
-4.222039019085445766e+00
-4.222039019085445766e+00
-4.222039019085445766e+00
-4.185467334462600775e+00
-4.185467334462600775e+00
-4.185467334462600775e+00
-4.185467334462600775e+00
-4.185467334462600775e+00
-4.185467334462600775e+00
-4.194148202916128554e+00
-4.194148202916128554e+00
-4.194148202916128554e+00
-4.194148202916128554e+00
-4.194148202916128554e+00
-4.194148202916128554e+00
-4.176765247145952209e+00
-4.176765247145952209e+00
-4.176765247145952209e+00
-4.176765247145952209e+00
-4.179463946306634092e+00
-4.033785349399486186e+00
-4.033785349399486186e+00
-4.033785349399486186e+00
-4.374945412922126131e+00
-4.338866860340423237e+00
-4.336631868868394690e+00
-4.336631868868394690e+00
-4.419420499464815855e+00
-4.419420499464815855e+00
-4.419420499464815855e+00
-4.466016455588012413e+00
-4.448350753368664812e+00
-4.448350753368664812e+00
-4.448350753368664812e+00
-4.448350753368664812e+00
-4.487800628956554405e+00
-4.487800628956554405e+00
-4.487800628956554405e+00
-4.449895630158993143e+00
-4.448889413342443255e+00
-4.401961811137963920e+00
-4.445751342638616599e+00
-4.445751342638616599e+00
-4.425249991597945076e+00
-4.425249991597945076e+00
-4.425249991597945076e+00
-4.425249991597945076e+00
-4.425249991597945076e+00
-4.425249991597945076e+00
-4.425249991597945076e+00
-4.390810885395930896e+00
-4.390810885395930896e+00
-4.390810885395930896e+00
-4.390810885395930896e+00
-4.390810885395930896e+00
-4.320587624475003885e+00
-4.323991651910684908e+00
-4.333647409361534031e+00
-4.332316299334542542e+00
-4.302151600293967704e+00
-4.298345351118197044e+00
-4.298345351118197044e+00
-4.306186129265018536e+00
-4.306186129265018536e+00
-4.306186129265018536e+00
-4.306186129265018536e+00
-4.285389562329760871e+00
-4.285389562329760871e+00
-4.076818669316045529e+00
-4.076818669316045529e+00
-4.076818669316045529e+00
-4.118001095657622734e+00
-4.243737045532363972e+00
-4.243737045532363972e+00
-4.220178167099397193e+00
-4.220178167099397193e+00
-4.216533372793396239e+00
-4.390441739505307694e+00
-4.390441739505307694e+00
-4.332441845999214003e+00
-4.250323428868953535e+00
-4.375865987482800534e+00
-4.375865987482800534e+00
-4.340382693871703168e+00
-4.358566755535600024e+00
-4.358566755535600024e+00
-4.297433733519611998e+00
-4.313230464573766909e+00
-4.313230464573766909e+00
-4.313230464573766909e+00
-4.313230464573766909e+00
-4.313230464573766909e+00
-4.313230464573766909e+00
-4.313230464573766909e+00
-4.333229212091553428e+00
-4.333229212091553428e+00
-4.333229212091553428e+00
-4.268718305247968026e+00
-4.259110287042993548e+00
-4.259110287042993548e+00
-4.301440473035269108e+00
-4.185012543488365822e+00
-4.185012543488365822e+00
-4.185012543488365822e+00
-4.253789572604109281e+00
-4.252312579271464443e+00
-3.999251275235700120e+00
-4.060256914668293859e+00
-4.060256914668293859e+00
-4.250284529004141554e+00
-4.237209904843635577e+00
-4.290425502348541364e+00
-4.290425502348541364e+00
-4.270038139399465749e+00
-4.376117912390371067e+00
-4.376117912390371067e+00
-4.427029893671701188e+00
-4.427029893671701188e+00
-4.343255343006934055e+00
-4.343255343006934055e+00
-4.256458173557377656e+00
-4.256458173557377656e+00
-4.280298950540025515e+00
-4.280298950540025515e+00
-4.283365737468283641e+00
-4.283365737468283641e+00
-4.283365737468283641e+00
-4.283365737468283641e+00
-4.244215980908243147e+00
-4.244215980908243147e+00
-4.244215980908243147e+00
-4.204352940902795766e+00
-4.148957739384695032e+00
-4.150871189869660860e+00
-4.150871189869660860e+00
-4.150871189869660860e+00
-4.203853991487846997e+00
-4.232056762754664803e+00
-4.187529656787421395e+00
-4.156436796082656038e+00
-4.156436796082656038e+00
-4.209441379371268610e+00
-4.244326225782658391e+00
-4.109183548762756821e+00
-4.109183548762756821e+00
-4.115238577591656899e+00
-4.026587115903208058e+00
-4.034783874478091725e+00
-4.034783874478091725e+00
-4.034783874478091725e+00
-4.197723418067034196e+00
-4.299780777012173871e+00
-4.299780777012173871e+00
-4.299780777012173871e+00
-4.298618843661553335e+00
-4.298618843661553335e+00
-4.298618843661553335e+00
-4.298618843661553335e+00
-4.298618843661553335e+00
-4.260852413778987824e+00
-4.258776922994826464e+00
-4.258776922994826464e+00
-4.285412880819050585e+00
-4.278435730256271441e+00
-4.326045961297710463e+00
-4.326045961297710463e+00
-4.347222244814934911e+00
-4.270995653673278269e+00
-4.270995653673278269e+00
-4.298004596220268425e+00
-4.244591458907978954e+00
-4.206700519743854727e+00
-4.258629657050219564e+00
-4.131641494814956239e+00
-4.160238842477713028e+00
-4.149266425939194036e+00
-4.149266425939194036e+00
-4.137210961643705609e+00
-4.100851537486081888e+00
-4.267894783452272911e+00
-4.295288948756258662e+00
-4.213064003861563656e+00
-3.900019448934998856e+00
-3.896202026120986428e+00
-3.864214137837918450e+00
-3.864214137837918450e+00
-3.913285102511789848e+00
-3.913285102511789848e+00
-3.913285102511789848e+00
-4.107093122379900763e+00
-3.858152158985142854e+00
-3.932101015780126385e+00
-4.215465440278138409e+00
-4.218305757550458779e+00
-4.174472687518540504e+00
-4.211123017409555302e+00
-4.264930761996298614e+00
-4.189893855627872199e+00
-4.189893855627872199e+00
-4.189893855627872199e+00
-4.189893855627872199e+00
-4.189893855627872199e+00
-4.040580645299627349e+00
-4.040580645299627349e+00
-4.116334396395495254e+00
-4.076974919982545131e+00
-4.076974919982545131e+00
-4.076974919982545131e+00
-3.986836163076358019e+00
-3.975317215854173636e+00
-4.252865593377664233e+00
-4.252865593377664233e+00
-4.252865593377664233e+00
-4.252865593377664233e+00
-4.307742878746267046e+00
-4.278623259191645545e+00
-4.263206495641612470e+00
-4.263206495641612470e+00
-4.136080155349721288e+00
-4.136080155349721288e+00
-4.119069305354716271e+00
-4.166386346827163578e+00
-4.176422152458671988e+00
-4.176422152458671988e+00
-4.184277605268060363e+00
-4.170842385348479731e+00
-4.170842385348479731e+00
-4.170842385348479731e+00
-4.173995554147970743e+00
-4.059998570715574573e+00
-4.059998570715574573e+00
-4.059998570715574573e+00
-4.070407656369711802e+00
-3.925965412105302921e+00
-4.005387988182477876e+00
-4.005387988182477876e+00
-3.939031907623046003e+00
-3.939031907623046003e+00
-3.939031907623046003e+00
-3.942523667995477155e+00
-3.942523667995477155e+00
-3.959854573308279502e+00
-4.028293563756842666e+00
-4.028293563756842666e+00
-4.028293563756842666e+00
-4.028293563756842666e+00
-4.035874184929054920e+00
-4.035874184929054920e+00
-4.035874184929054920e+00
-4.035874184929054920e+00
-4.035874184929054920e+00
-4.041379998963579467e+00
-4.041379998963579467e+00
-3.995899150939035138e+00
-3.950519647820426528e+00
-3.950519647820426528e+00
-4.039812524126233484e+00
-4.001467000420623421e+00
-3.996863107158229234e+00
-3.996863107158229234e+00
-4.005099819107031500e+00
-4.005099819107031500e+00
-4.254695256726210850e+00
-4.254695256726210850e+00
-4.254695256726210850e+00
-4.289092705495571423e+00
-4.289092705495571423e+00
-4.207145062714372941e+00
-4.207145062714372941e+00
-4.207145062714372941e+00
-4.184231983918585307e+00
-4.189510179870537421e+00
-4.183637523731441377e+00
-4.183637523731441377e+00
-4.135735275037516701e+00
-4.104053604877025307e+00
-4.104053604877025307e+00
-4.306649314147293239e+00
-4.306649314147293239e+00
-4.306649314147293239e+00
-4.183074482649887571e+00
-4.183074482649887571e+00
-4.183074482649887571e+00
-4.183074482649887571e+00
-4.183074482649887571e+00
-4.302845616378163207e+00
-4.302845616378163207e+00
-4.302845616378163207e+00
-4.302845616378163207e+00
-4.302845616378163207e+00
-4.302845616378163207e+00
-4.418943869781325695e+00
-4.409082096236673465e+00
-4.409082096236673465e+00
-4.293491861470788429e+00
-4.082294557047675632e+00
-4.105104927333802500e+00
-4.105104927333802500e+00
-4.060719425160299600e+00
-4.082129308516760702e+00
-4.343876206397475848e+00
-4.320305350347259044e+00
-4.320305350347259044e+00
-4.320305350347259044e+00
-4.312248002231637400e+00
-4.312248002231637400e+00
-4.312248002231637400e+00
-4.321954287274018647e+00
-4.335396371300726415e+00
-4.290841647492146471e+00
-4.290841647492146471e+00
-4.315960413724712730e+00
-4.292952762492595831e+00
-4.264705465643293003e+00
-4.264705465643293003e+00
-4.255241554834266360e+00
-4.324596884643844064e+00
-4.276769350266222958e+00
-4.274126040257927528e+00
-4.274126040257927528e+00
-4.274126040257927528e+00
-4.274126040257927528e+00
-4.274126040257927528e+00
-4.299179737989418548e+00
-4.299179737989418548e+00
-4.156158589652912738e+00
-4.124081775317553600e+00
-4.282417038658945074e+00
-4.282417038658945074e+00
-4.282417038658945074e+00
-4.282417038658945074e+00
-4.382516864240903587e+00
-4.382516864240903587e+00
-4.382516864240903587e+00
-4.382516864240903587e+00
-4.374651458468830079e+00
-4.374651458468830079e+00
-4.374651458468830079e+00
-4.361327485110995994e+00
-4.371276159026473707e+00
-4.371276159026473707e+00
-4.491823896822784157e+00
-4.491823896822784157e+00
-4.355524633518928823e+00
-4.355365252466424586e+00
-4.346923457466239427e+00
-4.341419617066364367e+00
-4.277678049216421030e+00
-4.277678049216421030e+00
-4.252872352627374397e+00
-4.252872352627374397e+00
-4.216916920038841887e+00
-4.162161244605980137e+00
-4.257767750326264533e+00
-4.262223347386277617e+00
-4.262223347386277617e+00
-4.274561284233264757e+00
-4.163636023469200254e+00
-4.224709365489613511e+00
-4.161470899505515852e+00
-4.190788189832372446e+00
-4.190788189832372446e+00
-4.341399755768231117e+00
-4.336492951762305204e+00
-4.336492951762305204e+00
-4.343810257032276745e+00
-4.416599438770404618e+00
-4.430178148727395460e+00
-4.430178148727395460e+00
-4.366475596677058313e+00
-4.366475596677058313e+00
-4.288223396863433123e+00
-4.201773491194016330e+00
-4.203601072538643457e+00
-4.460976339888828690e+00
-4.359990538934829907e+00
-4.386061007414892465e+00
-4.386061007414892465e+00
-4.386061007414892465e+00
-4.386061007414892465e+00
-4.386061007414892465e+00
-4.386061007414892465e+00
-4.287198672924071197e+00
-4.233418444235345746e+00
-4.233418444235345746e+00
-4.233418444235345746e+00
-4.233894758945100811e+00
-4.233894758945100811e+00
-4.233894758945100811e+00
-4.250430771742831126e+00
-4.250430771742831126e+00
-4.219153016628391484e+00
-4.219153016628391484e+00
-4.119896370763299842e+00
-4.398186054694415148e+00
-4.280090898257053134e+00
-4.279476330764762082e+00
-4.279476330764762082e+00
-4.285708159438678777e+00
-4.285708159438678777e+00
-4.254033813504517703e+00
-4.182761259834195222e+00
-4.182761259834195222e+00
-4.159739693128348570e+00
-4.095249190544875795e+00
-4.095249190544875795e+00
-4.096991424013378236e+00
-4.096991424013378236e+00
-4.455132095756120236e+00
-4.455132095756120236e+00
-4.527237348091360580e+00
-4.497030546662691641e+00
-4.449512847586321485e+00
-4.472712399511951098e+00
-4.472712399511951098e+00
-4.489809823610533712e+00
-4.476501391479487779e+00
-4.534830217581045986e+00
-4.534830217581045986e+00
-4.522728440402173256e+00
-4.319531341625405751e+00
-4.341947591996612843e+00
-4.393763946039257462e+00
-4.382697759394570625e+00
-4.402854504334664298e+00
-4.402854504334664298e+00
-4.402854504334664298e+00
-4.416593255715620003e+00
-4.438028150872487032e+00
-4.361055744432034587e+00
-4.372984934678558311e+00
-4.584822356473255311e+00
-4.490505728626626336e+00
-4.507606021997427881e+00
-4.507606021997427881e+00
-4.385657291376307221e+00
-4.385657291376307221e+00
-4.385657291376307221e+00
-4.259973138848097918e+00
-4.513260078629257599e+00
-4.514811777748689359e+00
-4.589684977427764601e+00
-4.589684977427764601e+00
-4.537845513983713275e+00
-4.537845513983713275e+00
-4.480038406482177216e+00
-4.513432203100768092e+00
-4.476466208401308933e+00
-4.476466208401308933e+00
-4.441078032672272968e+00
-4.462457010109754485e+00
-4.259491638483638098e+00
-4.259491638483638098e+00
-4.239733819640012946e+00
-4.534140390713342406e+00
-4.562187236553471692e+00
-4.562187236553471692e+00
-4.599298005894400632e+00
-4.481678852547614333e+00
-4.481678852547614333e+00
-4.457941328230806910e+00
-4.457941328230806910e+00
-4.457941328230806910e+00
-4.609737255804553513e+00
-4.609737255804553513e+00
-4.609737255804553513e+00
-4.609737255804553513e+00
-4.587651257794981952e+00
-4.557247659197922296e+00
-4.557247659197922296e+00
-4.557108667229348598e+00
-4.542950980889645329e+00
-4.542950980889645329e+00
-4.542950980889645329e+00
-4.738773227792216325e+00
-4.794211008970398424e+00
-4.794211008970398424e+00
-4.794211008970398424e+00
-4.794211008970398424e+00
-4.788490631179772805e+00
-4.760227381524010148e+00
-4.551949366886287152e+00
-4.551949366886287152e+00
-4.567520090027535673e+00
-4.567520090027535673e+00
-4.667878016500575100e+00
-4.705637164629929536e+00
-4.675055011130181626e+00
-4.675055011130181626e+00
-4.675055011130181626e+00
-4.675055011130181626e+00
-4.675055011130181626e+00
-4.456349011149490558e+00
-4.456349011149490558e+00
-4.456349011149490558e+00
-4.456349011149490558e+00
-4.454225014487814605e+00
-4.457127496500504549e+00
-4.457127496500504549e+00
-4.457127496500504549e+00
-4.457127496500504549e+00
-4.457127496500504549e+00
-4.475846398864364417e+00
-4.426087129896519201e+00
-4.426087129896519201e+00
-4.602438345624276117e+00
-4.632988887311917381e+00
-4.651307122490474733e+00
-4.651645896643223921e+00
-4.639276825039818419e+00
-4.627973406949759116e+00
-4.627973406949759116e+00
-4.193321819282719964e+00
-4.193321819282719964e+00
-4.229095158318832759e+00
-4.229095158318832759e+00
-4.218892060128593968e+00
-4.255169248828796214e+00
-4.047696400730928623e+00
-4.047696400730928623e+00
-4.096920868656448000e+00
-4.133057135518998670e+00
-4.241733260652800652e+00
-4.241733260652800652e+00
-4.241733260652800652e+00
-4.159655547533268383e+00
-4.159655547533268383e+00
-4.166203607419212140e+00
-4.265698574899167816e+00
-4.277415082890271059e+00
-4.277415082890271059e+00
-4.277415082890271059e+00
-4.277415082890271059e+00
-4.277415082890271059e+00
-4.215352397798785233e+00
-4.215352397798785233e+00
-4.215352397798785233e+00
-4.231966230724347966e+00
-4.231966230724347966e+00
-4.297260925325335101e+00
-4.297260925325335101e+00
-4.275825863423635909e+00
-4.275825863423635909e+00
-4.296001620299001011e+00
-4.274422726022629959e+00
-4.343835213874315038e+00
-4.323557114639671184e+00
-4.476749577449737671e+00
-4.476749577449737671e+00
-4.476749577449737671e+00
-4.460144035795589268e+00
-4.495513138167428480e+00
-4.426536274254931236e+00
-4.426536274254931236e+00
-4.408365331044307389e+00
-4.408365331044307389e+00
-4.437341105093635107e+00
-4.437341105093635107e+00
-4.437341105093635107e+00
-4.437341105093635107e+00
-4.399338446649216472e+00
-4.399338446649216472e+00
-4.399338446649216472e+00
-4.399338446649216472e+00
-4.340285145782986298e+00
-4.291018590813930444e+00
-4.346895066294234056e+00
-4.253302547784364229e+00
-4.228142706783637017e+00
-4.206214754925050592e+00
-4.155070360004621932e+00
-4.157177793431202417e+00
-4.196196270553201657e+00
-4.187828952275383543e+00
-4.174824971461741363e+00
-4.264494184450292380e+00
-4.264494184450292380e+00
-4.385589977807066830e+00
-4.146301160116538043e+00
-4.146301160116538043e+00
-4.165212089487765112e+00
-4.228549898063532986e+00
-4.204443434461059503e+00
-4.210260903189435133e+00
-4.195461895725236978e+00
-4.195461895725236978e+00
-4.195461895725236978e+00
-4.177624493699052088e+00
-4.217312970157301777e+00
-4.241312608817977114e+00
-4.248560873921694458e+00
-4.257877933249025304e+00
-4.255943916107468361e+00
-4.273582543606007533e+00
-4.274349474957360506e+00
-4.281178435372449798e+00
-4.293445000087908525e+00
-4.293445000087908525e+00
-4.281997270208718120e+00
-4.253335049789734867e+00
-4.296802110216510151e+00
-4.296802110216510151e+00
-4.296802110216510151e+00
-4.204537431259233848e+00
-4.304093842925634128e+00
-4.176463988651716974e+00
-4.176463988651716974e+00
-4.323478047750120901e+00
-4.230125884230139910e+00
-4.249682397210271745e+00
-4.222776539162720333e+00
-4.222776539162720333e+00
-4.249321168515194813e+00
-4.249321168515194813e+00
-4.364016525234932331e+00
-4.370180382633422234e+00
-4.109611644173212675e+00
-4.109611644173212675e+00
-4.275732075284902400e+00
-4.395523899981484739e+00
-4.395523899981484739e+00
-4.395523899981484739e+00
-4.089735389953601974e+00
-4.282543092822864494e+00
-4.284681479613371202e+00
-4.284681479613371202e+00
-4.284681479613371202e+00
-4.284681479613371202e+00
-4.288157158945754333e+00
-4.240808625169308677e+00
-4.297277697449400691e+00
-4.270297583060965074e+00
-4.270297583060965074e+00
-4.270297583060965074e+00
-4.270297583060965074e+00
-4.269454717130692245e+00
-4.269454717130692245e+00
-4.237685539253145173e+00
-4.209873503436287301e+00
-4.209873503436287301e+00
-4.169357707028940929e+00
-4.194696815717703586e+00
-4.294073892622720656e+00
-4.294073892622720656e+00
-4.200107357526653651e+00
-4.148739715554292218e+00
-4.146084381214241610e+00
-4.147146090054001810e+00
-4.203313724828305453e+00
-4.203313724828305453e+00
-4.203313724828305453e+00
-4.175740663830340260e+00
-4.175740663830340260e+00
-4.175740663830340260e+00
-4.181957029505764645e+00
-4.180531021769457567e+00
-4.378734989597615090e+00
-4.382921407205884634e+00
-4.311456793566120105e+00
-4.270869355603646333e+00
-4.270869355603646333e+00
-4.270869355603646333e+00
-4.306684762436789882e+00
-4.318635967818290844e+00
-4.318635967818290844e+00
-4.318635967818290844e+00
-4.318635967818290844e+00
-4.318635967818290844e+00
-4.318635967818290844e+00
-4.285611227656567657e+00
-4.316024198108535437e+00
-4.316024198108535437e+00
-4.211460476520099583e+00
-4.172461613154196947e+00
-4.172461613154196947e+00
-4.172461613154196947e+00
-4.112605196738624791e+00
-4.112605196738624791e+00
-4.131731608544213508e+00
-4.198831673636922446e+00
-4.191275187230057320e+00
-4.184998675201193841e+00
-4.322819816267003290e+00
-4.105709204250303834e+00
-4.105709204250303834e+00
-4.105709204250303834e+00
-4.093651978501536171e+00
-4.135746288233822732e+00
-4.086338085607500226e+00
-4.086338085607500226e+00
-4.304734971255635756e+00
-4.317542948337336206e+00
-4.317542948337336206e+00
-4.307053653778461388e+00
-4.325063960361162252e+00
-4.325063960361162252e+00
-4.325063960361162252e+00
-4.325063960361162252e+00
-4.194753309003587560e+00
-4.194753309003587560e+00
-4.194753309003587560e+00
-4.194753309003587560e+00
-4.194753309003587560e+00
-4.194753309003587560e+00
-4.199547402052510314e+00
-4.194930288138622565e+00
-4.384263816368222599e+00
-4.384263816368222599e+00
-4.306533115395609457e+00
-4.306533115395609457e+00
-4.306533115395609457e+00
-4.306533115395609457e+00
-4.306533115395609457e+00
-4.322818775194633645e+00
-4.322818775194633645e+00
-4.348698515583356183e+00
-4.322168577292349489e+00
-4.328016192176000310e+00
-4.328016192176000310e+00
-4.287721886474255228e+00
-4.287721886474255228e+00
-4.250605151481579469e+00
-4.252645407753809614e+00
-4.347912626365038946e+00
-4.377105714011725546e+00
-4.377105714011725546e+00
-4.377105714011725546e+00
-4.377105714011725546e+00
-4.377105714011725546e+00
-4.375059272649206576e+00
-4.375059272649206576e+00
-4.375059272649206576e+00
-4.170695611768279853e+00
-4.207750920460352262e+00
-4.233635643454573660e+00
-4.233635643454573660e+00
-4.069674246670265561e+00
-4.069674246670265561e+00
-4.069674246670265561e+00
-4.069674246670265561e+00
-4.254007127851567205e+00
-4.254007127851567205e+00
-4.254007127851567205e+00
-4.232307425112471932e+00
-4.213068294574634720e+00
-4.351400134553120580e+00
-4.351400134553120580e+00
-4.351400134553120580e+00
-4.352987903877308717e+00
-4.238848683690532582e+00
-4.238848683690532582e+00
-4.242560966111315501e+00
-4.242560966111315501e+00
-4.338728346245122935e+00
-4.335840185140876102e+00
-4.335840185140876102e+00
-4.222070582582024834e+00
-4.193091273466751367e+00
-4.204511719907816136e+00
-4.204511719907816136e+00
-4.201700994977275450e+00
-4.201700994977275450e+00
-4.305449827212802560e+00
-4.298183761039807926e+00
-4.272449088567850772e+00
-4.161207030710931676e+00
-4.184044621682551757e+00
-4.184044621682551757e+00
-4.168196655729420108e+00
-4.088454398587516359e+00
-4.218558537450974200e+00
-4.218558537450974200e+00
-4.266047462951873648e+00
-4.266047462951873648e+00
-4.266047462951873648e+00
-4.261052086474953704e+00
-4.101613060520892695e+00
-4.126735520673036284e+00
-4.262407243914656974e+00
-4.262407243914656974e+00
-4.260001094202223726e+00
-4.260001094202223726e+00
-4.200592469118903161e+00
-4.200592469118903161e+00
-4.200592469118903161e+00
-4.200592469118903161e+00
-4.200525426253996386e+00
-4.179244754250075466e+00
-4.205409700273896156e+00
-4.205409700273896156e+00
-4.239944985143095479e+00
-4.227382311014930671e+00
-4.227382311014930671e+00
-4.227382311014930671e+00
-4.227382311014930671e+00
-4.241779791140328548e+00
-4.330660702002494311e+00
-4.288008292927600884e+00
-4.288852584468329177e+00
-4.266031063394302159e+00
-4.266031063394302159e+00
-4.219497176907283986e+00
-4.219497176907283986e+00
-4.100587968657324112e+00
-4.089411119860778321e+00
-4.089411119860778321e+00
-4.089411119860778321e+00
-4.089411119860778321e+00
-3.967841723841617263e+00
-4.005962351966777746e+00
-4.095813335412182177e+00
-4.095813335412182177e+00
-4.159750679215099112e+00
-4.203807811418839968e+00
-4.203807811418839968e+00
-4.203807811418839968e+00
-4.160152230368491466e+00
-4.130258277243513909e+00
-4.130510832634369578e+00
-4.158379488500809629e+00
-3.946788457404899031e+00
-4.006571110833497151e+00
-3.940041025482349468e+00
-4.057247155534655647e+00
-4.057247155534655647e+00
-4.006498434084221572e+00
-3.976864583620838722e+00
-3.976864583620838722e+00
-4.002159048971535071e+00
-4.002159048971535071e+00
-4.002159048971535071e+00
-4.013198509567890149e+00
-4.013198509567890149e+00
-3.978768681603324531e+00
-3.978768681603324531e+00
-4.078995980988457504e+00
-3.965024895713118447e+00
-3.965024895713118447e+00
-3.965024895713118447e+00
-3.965024895713118447e+00
-4.199705242785658932e+00
-4.221096255743819192e+00
-4.221096255743819192e+00
-4.221096255743819192e+00
-4.004016519763503368e+00
-4.051954356847532246e+00
-4.037093353102426008e+00
-3.964890080022453578e+00
-4.041294324889555867e+00
-4.191892146889278692e+00
-4.108552894101554998e+00
-4.040206572024803933e+00
-4.025574947187736896e+00
-4.022115352174163050e+00
-4.022115352174163050e+00
-3.987090102501719802e+00
-3.920806074052868073e+00
-4.091421674231349392e+00
-4.050842331493281989e+00
-4.050842331493281989e+00
-4.050842331493281989e+00
-4.050100505247548277e+00
-4.050100505247548277e+00
-4.115989608268304956e+00
-4.223008553513911245e+00
-4.223008553513911245e+00
-4.223008553513911245e+00
-4.058168863228101664e+00
-4.170259056824416000e+00
-4.198062759363288876e+00
-4.251633710758629725e+00
-4.192374758759020992e+00
-4.192374758759020992e+00
-4.184654133290982791e+00
-4.133850218639183893e+00
-4.133850218639183893e+00
-4.090886078138963100e+00
-4.047017634491393068e+00
-3.914903703664385670e+00
-3.871986901916455892e+00
-4.016706527715701469e+00
-4.016706527715701469e+00
-4.176267639616161098e+00
-4.130823973240579150e+00
-4.154953123893754707e+00
-4.106888721990604729e+00
-4.106962814382881355e+00
-4.110520606614195493e+00
-4.110520606614195493e+00
-4.137371225165885846e+00
-4.092250148638147067e+00
-4.130232118534671315e+00
-4.130232118534671315e+00
-4.142817761176846858e+00
-4.166059439832845435e+00
-4.166059439832845435e+00
-4.163745059157329287e+00
-4.131615398571209852e+00
-4.185248454383121874e+00
-4.243605857542211091e+00
-4.243605857542211091e+00
-4.273020332884746253e+00
-4.230085856369215414e+00
-4.230267183788256169e+00
-4.230267183788256169e+00
-4.072235273003024680e+00
-4.048523610371348447e+00
-4.048523610371348447e+00
-4.048523610371348447e+00
-4.048523610371348447e+00
-4.069502921290893305e+00
-4.156861790814953217e+00
-4.156861790814953217e+00
-4.165369162241791656e+00
-4.165369162241791656e+00
-4.165369162241791656e+00
-4.146937611238836752e+00
-4.206601673597781144e+00
-4.206601673597781144e+00
-4.223677456610512415e+00
-4.202967031034448908e+00
-4.204441546607670332e+00
-4.186239090933687734e+00
-4.201298208674423940e+00
-4.180580764169457453e+00
-4.183029646345413965e+00
-4.034547759693420943e+00
-4.028788104110366142e+00
-3.993080846605787659e+00
-4.013594421132772538e+00
-4.013594421132772538e+00
-4.013594421132772538e+00
-4.070502772697280669e+00
-4.070502772697280669e+00
-4.032851844855663614e+00
-4.069807780959790122e+00
-4.037388423209612220e+00
-4.051959914843973110e+00
-4.048425845074095974e+00
-4.074162980008365409e+00
-4.058132743799444775e+00
-4.176572905151584969e+00
-4.148462819900209375e+00
-4.148462819900209375e+00
-4.333948229917216288e+00
-4.312197849883633971e+00
-4.237712255084775670e+00
-4.195461675890464370e+00
-4.147325708510878783e+00
-4.138132566507660037e+00
-4.138132566507660037e+00
-4.138132566507660037e+00
-4.152044329893355368e+00
-4.152725780873807615e+00
-4.152725780873807615e+00
-4.154890759149187041e+00
-4.104926445445824079e+00
-4.220066985313484231e+00
-4.277281224239120938e+00
-4.225198021666247250e+00
-4.055545218926149609e+00
-4.329959403009250529e+00
-4.328922841930579857e+00
-4.221756048696104102e+00
-4.138612971277911612e+00
-4.224339379010981332e+00
-4.299827771149177025e+00
-4.375864032557070793e+00
-4.107866044178710041e+00
-4.107866044178710041e+00
-4.107866044178710041e+00
-4.117018931803186454e+00
-4.117018931803186454e+00
-4.192187419696451478e+00
-4.173598074394066160e+00
-4.227812620855375236e+00
-4.227812620855375236e+00
-4.202493264690854602e+00
-4.202493264690854602e+00
-4.189604919774681413e+00
-4.203551980074788474e+00
-4.203551980074788474e+00
-4.189448333613545294e+00
-4.019817055288608110e+00
-4.019817055288608110e+00
-4.093812223246994009e+00
-4.093812223246994009e+00
-4.192540873943804591e+00
-4.192540873943804591e+00
-4.272909277293200248e+00
-4.272909277293200248e+00
-4.272909277293200248e+00
-4.148804330518481187e+00
-4.148804330518481187e+00
-4.148586445428031233e+00
-4.270582516509733750e+00
-4.284138975297124396e+00
-4.255946936320108342e+00
-4.255946936320108342e+00
-4.149602699522795923e+00
-4.276796535991103099e+00
-4.276796535991103099e+00
-4.276796535991103099e+00
-4.276796535991103099e+00
-4.276796535991103099e+00
-4.276796535991103099e+00
-4.273750910383753876e+00
-4.261045727844813946e+00
-4.260453541421485468e+00
-4.259588559140576436e+00
-4.238703846629450211e+00
-4.045319003843932393e+00
-4.204981292246759317e+00
-4.204981292246759317e+00
-4.204981292246759317e+00
-4.238277260564616178e+00
-4.100595174904166917e+00
-4.206437753970338811e+00
-4.184452605784705348e+00
-3.999735281060188719e+00
-3.972989728895880202e+00
-3.972989728895880202e+00
-4.132939376722945646e+00
-4.139220437379838025e+00
-4.139220437379838025e+00
-4.135151965627802184e+00
-4.135151965627802184e+00
-4.499608020821994181e+00
-4.586854236709226207e+00
-4.592921476621259380e+00
-4.592921476621259380e+00
-4.592921476621259380e+00
-4.567552785201350218e+00
-4.567552785201350218e+00
-4.567552785201350218e+00
-4.602567073185103830e+00
-4.647901717845265956e+00
-4.336632931008684189e+00
-4.326550747735324443e+00
-4.326550747735324443e+00
-4.293358926552222954e+00
-4.331622770324349503e+00
-4.381549676095404244e+00
-4.360385663272493773e+00
-4.318962147873102175e+00
-4.292590940542611477e+00
-4.292590940542611477e+00
-4.292590940542611477e+00
-4.276150781927728239e+00
-4.281915283979774500e+00
-4.309889435633584398e+00
-4.264071779877065538e+00
-4.130937530549500636e+00
-4.130937530549500636e+00
-4.126303567456750976e+00
-4.126303567456750976e+00
-4.118506505997713063e+00
-4.226467891061360227e+00
-4.226467891061360227e+00
-4.192946493290089727e+00
-4.192946493290089727e+00
-4.083380883690019836e+00
-4.083380883690019836e+00
-4.083380883690019836e+00
-4.248958715079882431e+00
-4.294456971985261440e+00
-4.233169256518155343e+00
-4.233169256518155343e+00
-4.233169256518155343e+00
-4.233169256518155343e+00
-4.142861341821030940e+00
-4.161169094997712925e+00
-4.174115207514395465e+00
-4.182393739764750151e+00
-4.182393739764750151e+00
-4.172928469919641614e+00
-4.167513526990904715e+00
-4.167513526990904715e+00
-4.167513526990904715e+00
-4.166996665157904900e+00
-4.185674171514317976e+00
-4.153707056059206870e+00
-4.147379018537513673e+00
-4.222551485038203545e+00
-4.099271999711899817e+00
-4.142536438176636970e+00
-4.108584444086674559e+00
-4.160563746942388619e+00
-4.023501725589772704e+00
-3.999817563080970029e+00
-4.204870465687657877e+00
-4.272421723244606895e+00
-4.232721977600186314e+00
-4.263237197388128230e+00
-4.179020933652329184e+00
-4.179020933652329184e+00
-4.170284393094710218e+00
-4.170284393094710218e+00
-4.170284393094710218e+00
-4.151303084245494546e+00
-4.170495905061041064e+00
-4.236900709984718461e+00
-4.181280025029743719e+00
-4.181280025029743719e+00
-4.181280025029743719e+00
-4.035516660896576013e+00
-4.035516660896576013e+00
-4.065626853562509524e+00
-4.124270896268017239e+00
-4.114226049055234924e+00
-4.224442943564352682e+00
-4.149714973416582353e+00
-4.149714973416582353e+00
-4.092474701015023086e+00
-4.375364005599556627e+00
-4.375364005599556627e+00
-4.375364005599556627e+00
-4.402587347475376056e+00
-4.402587347475376056e+00
-4.402587347475376056e+00
-4.402587347475376056e+00
-4.397862780858226905e+00
-4.509665709654113286e+00
-4.551282746083671782e+00
-4.551282746083671782e+00
-4.414522251768269179e+00
-4.423555872382562981e+00
-4.423555872382562981e+00
-4.420695034687944336e+00
-4.306615021269627697e+00
-4.239280786075168450e+00
-4.239280786075168450e+00
-4.154316902832367653e+00
-4.154316902832367653e+00
-4.154316902832367653e+00
-4.419323478661503657e+00
-4.481238332049846562e+00
-4.481238332049846562e+00
-4.591627101877409523e+00
-4.577814678915053115e+00
-4.579318610037830695e+00
-4.444209266351525578e+00
-4.458271919777543779e+00
-4.325400785388525016e+00
-4.326957556046559183e+00
-4.326957556046559183e+00
-4.354032495872109720e+00
-4.354032495872109720e+00
-4.367144080978871301e+00
-4.423199398239677116e+00
-4.423199398239677116e+00
-4.366385980496880315e+00
-4.366385980496880315e+00
-4.374789532903823996e+00
-4.301496089855828764e+00
-4.301496089855828764e+00
-4.301496089855828764e+00
-4.301496089855828764e+00
-4.301496089855828764e+00
-4.335885218100941962e+00
-4.381810525206225826e+00
-4.381810525206225826e+00
-4.354298779208082060e+00
-4.354298779208082060e+00
-4.354449464568116213e+00
-4.370901795142590807e+00
-4.370901795142590807e+00
-4.370901795142590807e+00
-4.342431703648564678e+00
-4.282293432936847388e+00
-4.282293432936847388e+00
-4.188265940480681238e+00
-4.188265940480681238e+00
-4.168615673219223439e+00
-4.219926394373382905e+00
-4.307423456287883923e+00
-4.129940104489374875e+00
-4.129940104489374875e+00
-4.129940104489374875e+00
-4.129940104489374875e+00
-4.128127436835570485e+00
-4.182843417678610898e+00
-4.097689235048827427e+00
-4.149924988929414305e+00
-4.149924988929414305e+00
-4.149924988929414305e+00
-4.261131917466350671e+00
-4.261131917466350671e+00
-4.261131917466350671e+00
-4.313868930843308469e+00
-4.257076764558717308e+00
-4.206793437396910917e+00
-4.206793437396910917e+00
-4.224400484629903474e+00
-4.224400484629903474e+00
-4.196676991435038140e+00
-4.205597145937810311e+00
-4.126985734307083931e+00
-4.088322506237757281e+00
-4.149487905048181879e+00
-4.149487905048181879e+00
-4.153213295257471849e+00
-4.138808966026139124e+00
-4.138808966026139124e+00
-4.138808966026139124e+00
-4.315091792481783095e+00
-4.315091792481783095e+00
-4.315091792481783095e+00
-4.315091792481783095e+00
-4.315091792481783095e+00
-4.215172423382471223e+00
-4.223112387922776989e+00
-4.212843104544745643e+00
-4.366474454780602699e+00
-4.366474454780602699e+00
-4.554260140263903800e+00
-4.241608636935819021e+00
-4.241608636935819021e+00
-4.296787062581264749e+00
-4.287527823665743476e+00
-4.411238882369722170e+00
-4.411238882369722170e+00
-4.411238882369722170e+00
-4.395100053270919460e+00
-4.395100053270919460e+00
-4.395100053270919460e+00
-4.395100053270919460e+00
-4.461354452640910573e+00
-4.412621001933047182e+00
-4.412621001933047182e+00
-4.459818164552896924e+00
-4.227870844364740144e+00
-4.227870844364740144e+00
-4.238014308220134474e+00
-4.216496936153812491e+00
-4.216496936153812491e+00
-4.216496936153812491e+00
-4.200906603692452279e+00
-4.325708600582120589e+00
-4.439304608250584927e+00
-4.506520060195758681e+00
-4.506520060195758681e+00
-4.433525054377247088e+00
-4.252729427093178138e+00
-4.252729427093178138e+00
-4.296757780427731710e+00
-4.295988080825500433e+00
-4.302800647762356157e+00
-4.302800647762356157e+00
-4.302800647762356157e+00
-4.302800647762356157e+00
-4.302800647762356157e+00
-4.283500804316785704e+00
-4.420887880020354821e+00
-4.420887880020354821e+00
-4.414653044551361205e+00
-4.211687229575352021e+00
-4.211687229575352021e+00
-4.383773636786352235e+00
-4.400243033218267819e+00
-4.400243033218267819e+00
-4.243500579520179450e+00
-4.082231121044461730e+00
-4.082231121044461730e+00
-4.082231121044461730e+00
-4.082231121044461730e+00
-4.084525600544764323e+00
-4.084525600544764323e+00
-4.084525600544764323e+00
-3.955079230194239237e+00
-3.945550395602439586e+00
-3.925159127647723789e+00
-3.927159460329517682e+00
-4.004242856319804922e+00
-4.004242856319804922e+00
-4.004242856319804922e+00
-3.921199407929714109e+00
-4.157930455722981478e+00
-4.118089574812120901e+00
-4.095055615650206704e+00
-4.095366969076879471e+00
-4.095366969076879471e+00
-4.095366969076879471e+00
-4.198140908320872278e+00
-4.193198354357788205e+00
-4.193198354357788205e+00
-4.193198354357788205e+00
-4.159937039393518887e+00
-4.193322659789444629e+00
-4.179126948128086383e+00
-4.194871534285829817e+00
-4.194871534285829817e+00
-4.172916052424459288e+00
-4.172916052424459288e+00
-4.089669867087046384e+00
-4.125435511963895685e+00
-4.163517313789152574e+00
-4.163517313789152574e+00
-4.157873585013713402e+00
-4.157873585013713402e+00
-4.123989608384797556e+00
-4.150722105398133799e+00
-4.150722105398133799e+00
-4.136502279095740420e+00
-4.136502279095740420e+00
-4.235106449658376349e+00
-4.187066573610716880e+00
-4.217396217265450886e+00
-4.217396217265450886e+00
-4.217396217265450886e+00
-4.406841415981251231e+00
-4.406841415981251231e+00
-4.406841415981251231e+00
-4.406841415981251231e+00
-4.406841415981251231e+00
-4.406841415981251231e+00
-4.280788090893763886e+00
-4.280788090893763886e+00
-4.349088337500674584e+00
-4.349088337500674584e+00
-4.349088337500674584e+00
-4.349088337500674584e+00
-4.349088337500674584e+00
-4.354644034733722080e+00
-4.354644034733722080e+00
-4.354644034733722080e+00
-4.354644034733722080e+00
-4.354644034733722080e+00
-4.347661600287208827e+00
-4.305611245705959433e+00
-4.074052047547663591e+00
-4.322450988229935120e+00
-4.235993804131844342e+00
-4.235993804131844342e+00
-4.596733668491471470e+00
-4.596733668491471470e+00
-4.625516145107646082e+00
-4.623623581636699953e+00
-4.406351356955222620e+00
-4.406351356955222620e+00
-4.411922287323583269e+00
-4.271417251159454587e+00
-4.232800758112712280e+00
-4.106983466290921037e+00
-4.132051213907645959e+00
-4.334734942104909727e+00
-4.334734942104909727e+00
-4.394167114937452823e+00
-4.427558511481697323e+00
-4.329780306887843544e+00
-4.317259008296952416e+00
-4.323193124969445300e+00
-4.324766060911608534e+00
-4.447037553410393862e+00
-4.447037553410393862e+00
-4.417126322850269737e+00
-4.449560951028062483e+00
-4.338328364763418321e+00
-4.338328364763418321e+00
-4.338328364763418321e+00
-4.376415673327288758e+00
-4.237262066438223229e+00
-4.255734280487929233e+00
-4.233227965380766733e+00
-4.233227965380766733e+00
-4.246100690415706147e+00
-4.291901764384676632e+00
-4.341741962081627548e+00
-4.231644025781588603e+00
-4.231644025781588603e+00
-4.303333825529719547e+00
-4.359274508132949144e+00
-4.359274508132949144e+00
-4.347805259767326014e+00
-4.321774835983668517e+00
-4.054939901797022017e+00
-4.126384466386213035e+00
-4.229473509622946992e+00
-4.229473509622946992e+00
-4.426624573255555362e+00
-4.376453012646454255e+00
-4.379047981413314972e+00
-4.379047981413314972e+00
-4.396047305268361072e+00
-4.396047305268361072e+00
-4.399170688323719602e+00
-4.236851065431888053e+00
-4.236851065431888053e+00
-4.265153356657243933e+00
-4.265153356657243933e+00
-4.295039178994578322e+00
-4.295039178994578322e+00
-4.286536477353529939e+00
-4.290426833924105843e+00
-4.290426833924105843e+00
-4.290426833924105843e+00
-4.258776149842609549e+00
-4.220364181323020603e+00
-4.081376466647252954e+00
-4.081711998342724357e+00
-4.081711998342724357e+00
-4.080338731704121535e+00
-4.199742632336696424e+00
-4.199742632336696424e+00
-4.217194384853344857e+00
-4.149980130217056029e+00
-4.171326746900944293e+00
-4.171326746900944293e+00
-4.171326746900944293e+00
-4.037703089788221789e+00
-4.080605406085952680e+00
-4.076876457343415083e+00
-4.049311954596022112e+00
-4.127464454045131070e+00
-4.127464454045131070e+00
-4.127464454045131070e+00
-4.127464454045131070e+00
-4.109402133502381815e+00
-4.262621146429686370e+00
-4.231427255942459276e+00
-4.231427255942459276e+00
