# Variable: HC_radius
# Sample shape: (2565,)
# Date: 2013-03-08 06:18:14.245443
1.250000000000000000e+00
1.950369197012312483e+00
1.950369197012312483e+00
1.950369197012312483e+00
1.950369197012312483e+00
1.950369197012312483e+00
1.950369197012312483e+00
1.199766996065700919e+00
1.199766996065700919e+00
1.199766996065700919e+00
1.199766996065700919e+00
1.199766996065700919e+00
1.199766996065700919e+00
1.199766996065700919e+00
1.199766996065700919e+00
1.199766996065700919e+00
1.199766996065700919e+00
1.199766996065700919e+00
1.199766996065700919e+00
1.199766996065700919e+00
1.199766996065700919e+00
1.104875175169663937e+00
1.104875175169663937e+00
1.104875175169663937e+00
1.104875175169663937e+00
1.104875175169663937e+00
1.104875175169663937e+00
1.104875175169663937e+00
1.104875175169663937e+00
1.104875175169663937e+00
1.104875175169663937e+00
1.104875175169663937e+00
1.104875175169663937e+00
1.104875175169663937e+00
1.104875175169663937e+00
1.104875175169663937e+00
1.104875175169663937e+00
1.108355021189888268e+00
1.108355021189888268e+00
1.108355021189888268e+00
1.108355021189888268e+00
1.108355021189888268e+00
1.108355021189888268e+00
1.108355021189888268e+00
1.108355021189888268e+00
1.108355021189888268e+00
1.108355021189888268e+00
1.087469907433679550e+00
1.087469907433679550e+00
1.087469907433679550e+00
1.087469907433679550e+00
1.087469907433679550e+00
1.087469907433679550e+00
1.087469907433679550e+00
1.087469907433679550e+00
1.087469907433679550e+00
1.087469907433679550e+00
1.087469907433679550e+00
1.087469907433679550e+00
1.087469907433679550e+00
1.087469907433679550e+00
1.087469907433679550e+00
1.087469907433679550e+00
1.072899663775503498e+00
1.072899663775503498e+00
1.072899663775503498e+00
1.072899663775503498e+00
1.072899663775503498e+00
1.072899663775503498e+00
1.072899663775503498e+00
1.072899663775503498e+00
1.072899663775503498e+00
1.072899663775503498e+00
1.072899663775503498e+00
1.072899663775503498e+00
1.072899663775503498e+00
1.072899663775503498e+00
1.072899663775503498e+00
1.072899663775503498e+00
1.072899663775503498e+00
1.072899663775503498e+00
1.072899663775503498e+00
1.072899663775503498e+00
1.072899663775503498e+00
1.072899663775503498e+00
1.072899663775503498e+00
1.072899663775503498e+00
1.072899663775503498e+00
1.072899663775503498e+00
1.072899663775503498e+00
1.072899663775503498e+00
1.072899663775503498e+00
1.072899663775503498e+00
1.072899663775503498e+00
1.072899663775503498e+00
1.137036023689491415e+00
1.137036023689491415e+00
1.137036023689491415e+00
1.137036023689491415e+00
1.137036023689491415e+00
1.137036023689491415e+00
1.137036023689491415e+00
1.137036023689491415e+00
1.137036023689491415e+00
1.137036023689491415e+00
1.137036023689491415e+00
1.137036023689491415e+00
1.137036023689491415e+00
1.137036023689491415e+00
1.137036023689491415e+00
1.137036023689491415e+00
1.137036023689491415e+00
1.137036023689491415e+00
1.137036023689491415e+00
1.137036023689491415e+00
1.137036023689491415e+00
1.137036023689491415e+00
1.137036023689491415e+00
1.137036023689491415e+00
1.137036023689491415e+00
1.137036023689491415e+00
1.137036023689491415e+00
1.137036023689491415e+00
1.137036023689491415e+00
1.137036023689491415e+00
1.137036023689491415e+00
1.137036023689491415e+00
1.137036023689491415e+00
1.137036023689491415e+00
1.137036023689491415e+00
1.137036023689491415e+00
1.137036023689491415e+00
1.137036023689491415e+00
1.137036023689491415e+00
1.137036023689491415e+00
1.137036023689491415e+00
1.137036023689491415e+00
1.137036023689491415e+00
1.137036023689491415e+00
1.098807594021307121e+00
1.098807594021307121e+00
1.098807594021307121e+00
1.098807594021307121e+00
1.098807594021307121e+00
1.098807594021307121e+00
1.098807594021307121e+00
1.098807594021307121e+00
1.098807594021307121e+00
1.098807594021307121e+00
1.098807594021307121e+00
1.098807594021307121e+00
1.098807594021307121e+00
1.098807594021307121e+00
1.098807594021307121e+00
1.098807594021307121e+00
1.098807594021307121e+00
1.098807594021307121e+00
1.098807594021307121e+00
1.098807594021307121e+00
1.098807594021307121e+00
1.098807594021307121e+00
1.098807594021307121e+00
1.098807594021307121e+00
1.098807594021307121e+00
1.098807594021307121e+00
1.098807594021307121e+00
1.098807594021307121e+00
1.130720809814036443e+00
1.130720809814036443e+00
1.130720809814036443e+00
1.130720809814036443e+00
1.130720809814036443e+00
1.130720809814036443e+00
1.130720809814036443e+00
1.130720809814036443e+00
1.130720809814036443e+00
1.130720809814036443e+00
1.130720809814036443e+00
1.130720809814036443e+00
1.130720809814036443e+00
1.130720809814036443e+00
1.130720809814036443e+00
1.130720809814036443e+00
1.130720809814036443e+00
1.130720809814036443e+00
1.130720809814036443e+00
1.130720809814036443e+00
1.130720809814036443e+00
1.130720809814036443e+00
1.130720809814036443e+00
1.130720809814036443e+00
1.130720809814036443e+00
1.130720809814036443e+00
1.130720809814036443e+00
1.130720809814036443e+00
1.130720809814036443e+00
1.130720809814036443e+00
1.130720809814036443e+00
1.130720809814036443e+00
1.130720809814036443e+00
1.130720809814036443e+00
1.130720809814036443e+00
1.130720809814036443e+00
1.130720809814036443e+00
1.130720809814036443e+00
1.130720809814036443e+00
1.130720809814036443e+00
1.130720809814036443e+00
1.130720809814036443e+00
1.130720809814036443e+00
1.130720809814036443e+00
1.130720809814036443e+00
1.130720809814036443e+00
1.130720809814036443e+00
1.130720809814036443e+00
1.130720809814036443e+00
1.130720809814036443e+00
1.130720809814036443e+00
1.130720809814036443e+00
1.130720809814036443e+00
1.130720809814036443e+00
1.130720809814036443e+00
1.130720809814036443e+00
1.130720809814036443e+00
1.130720809814036443e+00
1.130720809814036443e+00
1.130720809814036443e+00
1.130720809814036443e+00
1.130720809814036443e+00
1.130720809814036443e+00
1.130720809814036443e+00
1.130720809814036443e+00
1.130720809814036443e+00
1.130720809814036443e+00
1.130720809814036443e+00
1.130720809814036443e+00
1.130720809814036443e+00
1.130720809814036443e+00
1.130720809814036443e+00
1.130720809814036443e+00
1.130720809814036443e+00
1.130720809814036443e+00
1.130720809814036443e+00
1.130720809814036443e+00
1.130720809814036443e+00
1.130720809814036443e+00
1.130720809814036443e+00
1.150373957353416854e+00
1.150373957353416854e+00
1.150373957353416854e+00
1.150373957353416854e+00
1.150373957353416854e+00
1.150373957353416854e+00
1.150373957353416854e+00
1.150373957353416854e+00
1.150373957353416854e+00
1.150373957353416854e+00
1.150373957353416854e+00
1.150373957353416854e+00
1.150373957353416854e+00
1.150373957353416854e+00
1.150373957353416854e+00
1.110808468099670376e+00
1.110808468099670376e+00
1.110808468099670376e+00
1.110808468099670376e+00
1.110808468099670376e+00
1.110808468099670376e+00
1.110808468099670376e+00
1.110808468099670376e+00
1.110808468099670376e+00
1.110808468099670376e+00
1.110808468099670376e+00
1.110808468099670376e+00
1.110808468099670376e+00
1.110808468099670376e+00
1.110808468099670376e+00
1.110808468099670376e+00
1.110808468099670376e+00
1.110808468099670376e+00
1.110808468099670376e+00
1.110808468099670376e+00
1.110808468099670376e+00
1.110808468099670376e+00
1.110808468099670376e+00
1.110808468099670376e+00
1.060777613707158284e+00
1.060777613707158284e+00
1.060777613707158284e+00
1.060777613707158284e+00
1.060777613707158284e+00
1.060777613707158284e+00
1.060777613707158284e+00
1.060777613707158284e+00
1.060777613707158284e+00
1.060777613707158284e+00
1.060777613707158284e+00
1.060777613707158284e+00
1.060777613707158284e+00
1.060777613707158284e+00
1.060777613707158284e+00
1.060777613707158284e+00
1.060777613707158284e+00
1.060777613707158284e+00
1.060777613707158284e+00
1.060777613707158284e+00
1.060777613707158284e+00
1.060777613707158284e+00
1.060777613707158284e+00
1.060777613707158284e+00
1.060777613707158284e+00
1.048326922309153586e+00
1.048326922309153586e+00
1.048326922309153586e+00
1.048326922309153586e+00
1.048326922309153586e+00
1.048326922309153586e+00
1.048326922309153586e+00
1.048326922309153586e+00
1.018152619483266408e+00
1.018152619483266408e+00
1.018152619483266408e+00
1.018152619483266408e+00
1.018152619483266408e+00
1.018152619483266408e+00
1.018152619483266408e+00
1.018152619483266408e+00
1.018152619483266408e+00
1.018152619483266408e+00
1.018152619483266408e+00
1.018152619483266408e+00
1.018152619483266408e+00
1.018152619483266408e+00
1.018152619483266408e+00
1.018152619483266408e+00
1.027946772844021250e+00
1.027946772844021250e+00
1.027946772844021250e+00
1.027946772844021250e+00
1.027946772844021250e+00
1.027946772844021250e+00
1.027946772844021250e+00
1.027946772844021250e+00
1.027946772844021250e+00
1.027946772844021250e+00
1.027946772844021250e+00
1.027946772844021250e+00
1.027946772844021250e+00
1.027946772844021250e+00
1.027946772844021250e+00
1.027946772844021250e+00
1.027946772844021250e+00
1.027946772844021250e+00
1.027946772844021250e+00
1.027946772844021250e+00
1.027946772844021250e+00
1.027946772844021250e+00
1.027946772844021250e+00
1.027946772844021250e+00
1.027946772844021250e+00
1.027946772844021250e+00
1.027946772844021250e+00
1.027946772844021250e+00
1.027946772844021250e+00
1.027946772844021250e+00
1.027946772844021250e+00
1.027946772844021250e+00
1.027946772844021250e+00
1.027946772844021250e+00
1.027946772844021250e+00
1.027946772844021250e+00
1.027946772844021250e+00
1.027946772844021250e+00
1.027946772844021250e+00
1.027946772844021250e+00
1.027946772844021250e+00
1.027946772844021250e+00
1.027946772844021250e+00
1.027946772844021250e+00
1.027946772844021250e+00
1.027946772844021250e+00
1.027946772844021250e+00
1.027946772844021250e+00
1.027946772844021250e+00
1.027946772844021250e+00
1.027946772844021250e+00
1.027946772844021250e+00
1.027946772844021250e+00
1.027946772844021250e+00
1.027946772844021250e+00
1.027946772844021250e+00
1.027946772844021250e+00
1.027946772844021250e+00
1.027946772844021250e+00
1.027946772844021250e+00
1.027946772844021250e+00
1.027946772844021250e+00
1.027946772844021250e+00
1.027946772844021250e+00
1.027946772844021250e+00
1.027946772844021250e+00
1.027946772844021250e+00
1.027946772844021250e+00
1.027946772844021250e+00
1.027946772844021250e+00
1.027946772844021250e+00
1.027946772844021250e+00
1.027946772844021250e+00
1.027946772844021250e+00
1.027946772844021250e+00
1.027946772844021250e+00
1.027946772844021250e+00
1.027946772844021250e+00
1.027946772844021250e+00
1.027946772844021250e+00
1.027946772844021250e+00
1.027946772844021250e+00
1.027946772844021250e+00
1.027946772844021250e+00
1.027946772844021250e+00
1.027946772844021250e+00
1.027946772844021250e+00
1.027946772844021250e+00
1.027946772844021250e+00
1.027946772844021250e+00
1.027946772844021250e+00
1.027946772844021250e+00
1.027946772844021250e+00
1.027946772844021250e+00
1.027946772844021250e+00
1.027946772844021250e+00
1.027946772844021250e+00
1.027946772844021250e+00
1.027946772844021250e+00
1.027946772844021250e+00
1.027946772844021250e+00
1.036023192534611725e+00
1.036023192534611725e+00
1.036023192534611725e+00
1.036023192534611725e+00
1.036023192534611725e+00
1.036023192534611725e+00
1.036023192534611725e+00
1.036023192534611725e+00
1.036023192534611725e+00
1.036023192534611725e+00
1.036023192534611725e+00
1.036023192534611725e+00
1.036023192534611725e+00
1.036023192534611725e+00
1.036023192534611725e+00
1.036023192534611725e+00
1.036023192534611725e+00
1.036023192534611725e+00
1.036023192534611725e+00
1.036023192534611725e+00
1.036023192534611725e+00
1.036023192534611725e+00
1.036023192534611725e+00
1.036023192534611725e+00
1.036023192534611725e+00
1.036023192534611725e+00
1.036023192534611725e+00
1.005793930641904810e+00
1.005793930641904810e+00
1.005793930641904810e+00
1.005793930641904810e+00
1.005793930641904810e+00
1.005793930641904810e+00
1.005793930641904810e+00
1.005793930641904810e+00
1.005793930641904810e+00
1.005793930641904810e+00
1.005793930641904810e+00
1.005793930641904810e+00
1.005793930641904810e+00
1.005793930641904810e+00
1.005793930641904810e+00
1.005793930641904810e+00
1.000399375628913345e+00
1.000399375628913345e+00
1.000399375628913345e+00
1.000399375628913345e+00
1.000399375628913345e+00
1.000399375628913345e+00
1.000399375628913345e+00
1.000399375628913345e+00
1.000399375628913345e+00
1.000399375628913345e+00
1.000399375628913345e+00
1.000399375628913345e+00
1.000399375628913345e+00
1.000399375628913345e+00
1.000399375628913345e+00
1.000399375628913345e+00
1.000399375628913345e+00
1.000399375628913345e+00
1.000399375628913345e+00
1.040063386946132429e+00
1.040063386946132429e+00
1.040063386946132429e+00
1.040063386946132429e+00
1.040063386946132429e+00
1.040063386946132429e+00
1.040063386946132429e+00
1.040063386946132429e+00
1.040063386946132429e+00
1.040063386946132429e+00
1.040063386946132429e+00
1.040063386946132429e+00
1.040063386946132429e+00
1.040063386946132429e+00
1.040063386946132429e+00
1.040063386946132429e+00
1.040063386946132429e+00
1.040063386946132429e+00
1.040063386946132429e+00
1.040063386946132429e+00
1.040063386946132429e+00
1.040063386946132429e+00
1.040063386946132429e+00
1.040063386946132429e+00
1.040063386946132429e+00
1.040063386946132429e+00
1.040063386946132429e+00
1.040063386946132429e+00
1.040063386946132429e+00
1.040063386946132429e+00
1.040063386946132429e+00
1.040063386946132429e+00
1.040063386946132429e+00
1.040063386946132429e+00
1.040063386946132429e+00
1.045172206396183689e+00
1.045172206396183689e+00
1.045172206396183689e+00
1.045172206396183689e+00
1.045172206396183689e+00
1.045172206396183689e+00
1.045172206396183689e+00
1.045172206396183689e+00
1.045172206396183689e+00
1.045172206396183689e+00
1.045172206396183689e+00
1.045172206396183689e+00
1.045172206396183689e+00
1.045172206396183689e+00
1.045172206396183689e+00
1.045172206396183689e+00
1.045172206396183689e+00
1.045172206396183689e+00
1.045172206396183689e+00
1.045172206396183689e+00
1.045172206396183689e+00
1.045172206396183689e+00
1.045172206396183689e+00
1.045172206396183689e+00
1.045172206396183689e+00
1.045172206396183689e+00
1.045172206396183689e+00
1.045172206396183689e+00
1.045172206396183689e+00
1.045172206396183689e+00
1.045172206396183689e+00
1.045172206396183689e+00
1.045172206396183689e+00
1.045172206396183689e+00
1.045172206396183689e+00
1.045172206396183689e+00
1.045172206396183689e+00
1.045172206396183689e+00
1.045172206396183689e+00
1.045172206396183689e+00
1.045172206396183689e+00
1.045172206396183689e+00
1.045172206396183689e+00
1.045172206396183689e+00
1.045172206396183689e+00
1.045172206396183689e+00
1.045172206396183689e+00
1.045172206396183689e+00
1.045172206396183689e+00
1.045172206396183689e+00
1.045172206396183689e+00
1.045172206396183689e+00
1.045172206396183689e+00
1.045172206396183689e+00
1.045172206396183689e+00
1.045172206396183689e+00
1.045172206396183689e+00
1.045172206396183689e+00
1.045172206396183689e+00
1.045172206396183689e+00
1.045172206396183689e+00
1.045172206396183689e+00
1.045172206396183689e+00
1.045172206396183689e+00
1.045172206396183689e+00
1.045172206396183689e+00
1.045172206396183689e+00
1.045172206396183689e+00
1.045172206396183689e+00
1.045172206396183689e+00
1.045172206396183689e+00
1.045172206396183689e+00
1.045172206396183689e+00
1.045172206396183689e+00
1.045172206396183689e+00
1.045172206396183689e+00
1.045172206396183689e+00
1.045172206396183689e+00
1.045172206396183689e+00
1.045172206396183689e+00
1.045172206396183689e+00
1.045172206396183689e+00
1.045172206396183689e+00
1.045172206396183689e+00
1.045172206396183689e+00
1.027649587072579696e+00
1.027649587072579696e+00
1.027649587072579696e+00
1.027649587072579696e+00
1.027649587072579696e+00
1.027649587072579696e+00
1.027649587072579696e+00
1.027649587072579696e+00
1.027649587072579696e+00
1.027649587072579696e+00
1.027649587072579696e+00
1.027649587072579696e+00
1.027649587072579696e+00
1.027649587072579696e+00
1.027649587072579696e+00
1.027649587072579696e+00
1.027649587072579696e+00
1.027649587072579696e+00
1.027649587072579696e+00
1.027649587072579696e+00
1.027649587072579696e+00
1.027649587072579696e+00
1.027649587072579696e+00
1.027649587072579696e+00
1.027649587072579696e+00
1.027649587072579696e+00
1.027649587072579696e+00
1.027649587072579696e+00
1.027649587072579696e+00
1.027649587072579696e+00
1.027649587072579696e+00
1.027649587072579696e+00
1.027649587072579696e+00
1.027649587072579696e+00
1.027649587072579696e+00
1.027649587072579696e+00
1.027649587072579696e+00
1.027649587072579696e+00
1.027649587072579696e+00
1.027649587072579696e+00
1.027649587072579696e+00
1.027649587072579696e+00
1.027649587072579696e+00
1.027649587072579696e+00
1.027649587072579696e+00
1.027649587072579696e+00
1.027649587072579696e+00
1.027649587072579696e+00
1.027649587072579696e+00
1.027649587072579696e+00
1.027649587072579696e+00
1.027649587072579696e+00
1.027649587072579696e+00
1.027649587072579696e+00
1.027649587072579696e+00
1.027649587072579696e+00
1.027649587072579696e+00
1.027649587072579696e+00
1.027649587072579696e+00
1.027649587072579696e+00
1.019995845421921787e+00
1.019995845421921787e+00
1.019995845421921787e+00
1.019995845421921787e+00
1.019995845421921787e+00
1.019995845421921787e+00
1.108714512773512517e+00
1.108714512773512517e+00
1.108714512773512517e+00
1.108714512773512517e+00
1.108714512773512517e+00
1.108714512773512517e+00
1.108714512773512517e+00
1.108714512773512517e+00
1.108714512773512517e+00
1.108714512773512517e+00
1.108714512773512517e+00
1.077854824755806185e+00
1.077854824755806185e+00
1.077854824755806185e+00
1.077854824755806185e+00
1.077854824755806185e+00
1.077854824755806185e+00
1.077854824755806185e+00
1.077854824755806185e+00
1.077854824755806185e+00
1.077854824755806185e+00
1.077854824755806185e+00
1.077854824755806185e+00
1.077854824755806185e+00
1.077854824755806185e+00
1.088966069952059135e+00
1.088966069952059135e+00
1.088966069952059135e+00
1.088966069952059135e+00
1.088966069952059135e+00
1.088966069952059135e+00
1.088966069952059135e+00
1.088966069952059135e+00
1.088966069952059135e+00
1.088966069952059135e+00
1.088966069952059135e+00
1.088966069952059135e+00
1.088966069952059135e+00
1.088966069952059135e+00
1.088966069952059135e+00
1.088966069952059135e+00
1.088966069952059135e+00
1.088966069952059135e+00
1.088966069952059135e+00
1.088966069952059135e+00
1.088966069952059135e+00
1.088966069952059135e+00
1.088966069952059135e+00
1.088966069952059135e+00
1.088966069952059135e+00
1.088966069952059135e+00
1.088966069952059135e+00
1.088966069952059135e+00
1.088966069952059135e+00
1.088966069952059135e+00
1.088966069952059135e+00
1.088966069952059135e+00
1.088966069952059135e+00
1.088966069952059135e+00
1.088966069952059135e+00
1.088966069952059135e+00
1.088966069952059135e+00
1.088966069952059135e+00
1.088966069952059135e+00
1.088966069952059135e+00
1.088966069952059135e+00
1.128252886830139579e+00
1.128252886830139579e+00
1.128252886830139579e+00
1.128252886830139579e+00
1.128252886830139579e+00
1.128252886830139579e+00
1.128252886830139579e+00
1.128252886830139579e+00
1.128252886830139579e+00
1.128252886830139579e+00
1.128252886830139579e+00
1.128252886830139579e+00
1.128252886830139579e+00
1.128252886830139579e+00
1.128252886830139579e+00
1.128252886830139579e+00
1.128252886830139579e+00
1.128252886830139579e+00
1.128252886830139579e+00
1.128252886830139579e+00
1.128252886830139579e+00
1.128252886830139579e+00
1.128252886830139579e+00
1.128252886830139579e+00
1.128252886830139579e+00
1.128252886830139579e+00
1.128252886830139579e+00
1.128252886830139579e+00
1.128252886830139579e+00
1.128252886830139579e+00
1.128252886830139579e+00
1.128252886830139579e+00
1.128252886830139579e+00
1.128252886830139579e+00
1.128252886830139579e+00
1.128252886830139579e+00
1.128252886830139579e+00
1.128252886830139579e+00
1.128252886830139579e+00
1.128252886830139579e+00
1.128252886830139579e+00
1.128252886830139579e+00
1.128252886830139579e+00
1.128252886830139579e+00
1.128252886830139579e+00
1.128252886830139579e+00
1.128252886830139579e+00
1.128252886830139579e+00
1.128252886830139579e+00
1.128252886830139579e+00
1.128252886830139579e+00
1.128252886830139579e+00
1.128252886830139579e+00
1.128252886830139579e+00
1.128252886830139579e+00
1.128252886830139579e+00
1.128252886830139579e+00
1.128252886830139579e+00
1.128252886830139579e+00
1.128252886830139579e+00
1.128252886830139579e+00
1.128252886830139579e+00
1.128252886830139579e+00
1.128252886830139579e+00
1.128252886830139579e+00
1.128252886830139579e+00
1.128252886830139579e+00
1.022082393480955975e+00
1.022082393480955975e+00
1.022082393480955975e+00
1.022082393480955975e+00
1.022082393480955975e+00
1.022082393480955975e+00
1.022082393480955975e+00
1.022082393480955975e+00
1.022082393480955975e+00
1.022082393480955975e+00
1.022082393480955975e+00
1.022082393480955975e+00
1.022082393480955975e+00
1.022082393480955975e+00
1.022082393480955975e+00
1.022082393480955975e+00
1.022082393480955975e+00
1.022082393480955975e+00
1.022082393480955975e+00
1.022082393480955975e+00
1.022082393480955975e+00
1.022082393480955975e+00
1.022082393480955975e+00
1.022082393480955975e+00
1.022082393480955975e+00
1.022082393480955975e+00
1.022082393480955975e+00
1.022082393480955975e+00
1.003249352587106014e+00
1.003249352587106014e+00
1.003249352587106014e+00
1.003249352587106014e+00
1.003249352587106014e+00
1.003249352587106014e+00
1.003249352587106014e+00
1.003249352587106014e+00
1.003249352587106014e+00
1.003249352587106014e+00
1.003249352587106014e+00
1.003249352587106014e+00
1.003249352587106014e+00
1.003249352587106014e+00
1.003249352587106014e+00
1.003249352587106014e+00
1.003249352587106014e+00
1.003249352587106014e+00
1.003249352587106014e+00
1.003249352587106014e+00
1.003249352587106014e+00
1.003249352587106014e+00
1.003249352587106014e+00
1.003249352587106014e+00
1.003249352587106014e+00
1.003249352587106014e+00
1.003249352587106014e+00
1.003249352587106014e+00
1.003249352587106014e+00
1.003249352587106014e+00
1.003249352587106014e+00
1.003249352587106014e+00
1.003249352587106014e+00
1.003249352587106014e+00
1.003249352587106014e+00
1.003249352587106014e+00
1.003249352587106014e+00
1.003249352587106014e+00
1.003249352587106014e+00
1.003249352587106014e+00
1.003249352587106014e+00
1.003249352587106014e+00
1.003249352587106014e+00
1.003249352587106014e+00
1.003249352587106014e+00
1.003249352587106014e+00
1.003249352587106014e+00
1.003249352587106014e+00
1.003249352587106014e+00
1.003249352587106014e+00
1.003249352587106014e+00
1.003249352587106014e+00
1.003249352587106014e+00
1.003249352587106014e+00
1.003249352587106014e+00
1.003249352587106014e+00
1.003249352587106014e+00
1.003249352587106014e+00
1.003249352587106014e+00
1.003249352587106014e+00
1.003249352587106014e+00
1.003249352587106014e+00
1.003249352587106014e+00
1.028157117474401971e+00
1.028157117474401971e+00
1.028157117474401971e+00
1.028157117474401971e+00
1.028157117474401971e+00
1.028157117474401971e+00
1.028157117474401971e+00
1.028157117474401971e+00
1.028157117474401971e+00
1.028157117474401971e+00
1.028157117474401971e+00
1.028157117474401971e+00
1.028157117474401971e+00
1.028157117474401971e+00
1.028157117474401971e+00
1.028157117474401971e+00
1.012010719125108427e+00
1.012010719125108427e+00
1.012010719125108427e+00
1.012010719125108427e+00
1.012010719125108427e+00
1.012010719125108427e+00
1.012010719125108427e+00
1.012010719125108427e+00
1.012010719125108427e+00
1.012010719125108427e+00
1.012010719125108427e+00
1.012010719125108427e+00
1.012010719125108427e+00
1.012010719125108427e+00
1.012010719125108427e+00
1.023462453978690512e+00
1.023462453978690512e+00
1.023462453978690512e+00
1.023462453978690512e+00
1.023462453978690512e+00
1.023462453978690512e+00
1.023462453978690512e+00
1.023462453978690512e+00
1.023462453978690512e+00
1.023462453978690512e+00
1.023462453978690512e+00
1.023462453978690512e+00
1.023462453978690512e+00
1.023462453978690512e+00
1.023462453978690512e+00
1.023462453978690512e+00
1.023462453978690512e+00
1.023462453978690512e+00
1.023462453978690512e+00
1.023462453978690512e+00
1.023462453978690512e+00
1.023462453978690512e+00
1.023462453978690512e+00
1.023462453978690512e+00
1.023462453978690512e+00
1.023462453978690512e+00
1.023462453978690512e+00
1.023462453978690512e+00
1.023462453978690512e+00
1.023462453978690512e+00
1.023462453978690512e+00
1.023462453978690512e+00
1.023462453978690512e+00
1.023462453978690512e+00
1.023462453978690512e+00
1.023462453978690512e+00
1.023462453978690512e+00
1.023462453978690512e+00
1.023462453978690512e+00
1.023462453978690512e+00
1.023462453978690512e+00
1.023462453978690512e+00
1.023462453978690512e+00
1.023462453978690512e+00
1.023462453978690512e+00
1.023462453978690512e+00
1.023462453978690512e+00
1.023462453978690512e+00
1.023462453978690512e+00
1.023462453978690512e+00
1.023462453978690512e+00
1.023462453978690512e+00
1.023462453978690512e+00
1.023462453978690512e+00
1.023462453978690512e+00
1.023462453978690512e+00
1.023462453978690512e+00
1.023462453978690512e+00
1.023462453978690512e+00
1.023462453978690512e+00
1.023462453978690512e+00
1.023462453978690512e+00
1.023462453978690512e+00
1.023462453978690512e+00
1.023462453978690512e+00
1.022230335789115152e+00
1.022230335789115152e+00
1.022230335789115152e+00
1.022230335789115152e+00
1.022230335789115152e+00
1.022230335789115152e+00
1.022230335789115152e+00
1.022230335789115152e+00
1.022230335789115152e+00
1.022230335789115152e+00
1.022230335789115152e+00
1.022230335789115152e+00
1.052058898018778388e+00
1.052058898018778388e+00
1.052058898018778388e+00
1.052058898018778388e+00
1.052058898018778388e+00
1.052058898018778388e+00
1.052058898018778388e+00
1.052058898018778388e+00
1.052058898018778388e+00
1.052058898018778388e+00
1.052058898018778388e+00
1.052058898018778388e+00
1.052058898018778388e+00
1.052058898018778388e+00
1.042209088204903544e+00
1.042209088204903544e+00
1.042209088204903544e+00
1.042209088204903544e+00
1.011613837925355641e+00
1.011613837925355641e+00
1.011613837925355641e+00
1.011613837925355641e+00
1.011613837925355641e+00
1.011613837925355641e+00
1.011613837925355641e+00
1.011613837925355641e+00
1.011613837925355641e+00
1.011613837925355641e+00
1.011613837925355641e+00
1.011613837925355641e+00
1.011613837925355641e+00
1.011613837925355641e+00
1.011613837925355641e+00
1.011613837925355641e+00
1.011613837925355641e+00
1.011613837925355641e+00
1.011613837925355641e+00
1.011613837925355641e+00
1.011613837925355641e+00
1.011613837925355641e+00
1.011613837925355641e+00
1.011613837925355641e+00
1.011613837925355641e+00
1.011613837925355641e+00
1.011613837925355641e+00
1.011613837925355641e+00
1.011613837925355641e+00
1.011613837925355641e+00
1.011613837925355641e+00
1.011613837925355641e+00
1.011613837925355641e+00
1.011613837925355641e+00
1.081505945088953924e+00
1.081505945088953924e+00
1.081505945088953924e+00
1.081505945088953924e+00
1.081505945088953924e+00
1.081505945088953924e+00
1.081505945088953924e+00
1.098373659304590966e+00
1.098373659304590966e+00
1.098373659304590966e+00
1.098373659304590966e+00
1.098373659304590966e+00
1.098373659304590966e+00
1.098373659304590966e+00
1.098373659304590966e+00
1.098373659304590966e+00
1.098373659304590966e+00
1.098373659304590966e+00
1.098373659304590966e+00
1.098373659304590966e+00
1.098373659304590966e+00
1.098373659304590966e+00
1.098373659304590966e+00
1.098373659304590966e+00
1.098373659304590966e+00
1.098373659304590966e+00
1.098373659304590966e+00
1.098373659304590966e+00
1.098373659304590966e+00
1.098373659304590966e+00
1.098373659304590966e+00
1.098373659304590966e+00
1.098373659304590966e+00
1.098373659304590966e+00
1.098373659304590966e+00
1.098373659304590966e+00
1.098373659304590966e+00
1.098373659304590966e+00
1.098373659304590966e+00
1.098373659304590966e+00
1.098373659304590966e+00
1.098373659304590966e+00
1.098373659304590966e+00
1.098373659304590966e+00
1.098373659304590966e+00
1.098373659304590966e+00
1.098373659304590966e+00
1.098373659304590966e+00
1.098373659304590966e+00
1.098373659304590966e+00
1.098373659304590966e+00
1.098373659304590966e+00
1.098373659304590966e+00
1.098373659304590966e+00
1.098373659304590966e+00
1.098373659304590966e+00
1.116647499291370638e+00
1.116647499291370638e+00
1.116647499291370638e+00
1.116647499291370638e+00
1.116647499291370638e+00
1.116647499291370638e+00
1.116647499291370638e+00
1.116647499291370638e+00
1.117482726736175769e+00
1.117482726736175769e+00
1.117482726736175769e+00
1.117482726736175769e+00
1.117482726736175769e+00
1.117482726736175769e+00
1.117482726736175769e+00
1.117482726736175769e+00
1.117482726736175769e+00
1.117482726736175769e+00
1.117482726736175769e+00
1.117482726736175769e+00
1.117482726736175769e+00
1.117482726736175769e+00
1.117482726736175769e+00
1.117482726736175769e+00
1.117482726736175769e+00
1.117482726736175769e+00
1.117482726736175769e+00
1.117482726736175769e+00
1.117482726736175769e+00
1.117482726736175769e+00
1.117482726736175769e+00
1.117482726736175769e+00
1.117482726736175769e+00
1.117482726736175769e+00
1.117482726736175769e+00
1.117482726736175769e+00
1.117482726736175769e+00
1.117482726736175769e+00
1.117482726736175769e+00
1.117482726736175769e+00
1.117482726736175769e+00
1.117482726736175769e+00
1.117482726736175769e+00
1.117482726736175769e+00
1.117482726736175769e+00
1.117482726736175769e+00
1.117482726736175769e+00
1.117482726736175769e+00
1.117482726736175769e+00
1.117482726736175769e+00
1.117482726736175769e+00
1.117482726736175769e+00
1.117482726736175769e+00
1.117482726736175769e+00
1.117482726736175769e+00
1.080986656465593443e+00
1.080986656465593443e+00
1.080986656465593443e+00
1.080986656465593443e+00
1.080986656465593443e+00
1.163599079491587585e+00
1.163599079491587585e+00
1.163599079491587585e+00
1.163599079491587585e+00
1.163599079491587585e+00
1.163599079491587585e+00
1.163599079491587585e+00
1.163599079491587585e+00
1.163599079491587585e+00
1.163599079491587585e+00
1.163599079491587585e+00
1.163599079491587585e+00
1.163599079491587585e+00
1.163599079491587585e+00
1.163599079491587585e+00
1.163599079491587585e+00
1.163599079491587585e+00
1.163599079491587585e+00
1.163599079491587585e+00
1.180238287605245961e+00
1.180238287605245961e+00
1.180238287605245961e+00
1.180238287605245961e+00
1.180238287605245961e+00
1.180238287605245961e+00
1.180238287605245961e+00
1.180238287605245961e+00
1.180238287605245961e+00
1.180238287605245961e+00
1.180238287605245961e+00
1.180238287605245961e+00
1.180238287605245961e+00
1.180238287605245961e+00
1.180238287605245961e+00
1.180238287605245961e+00
1.180238287605245961e+00
1.180238287605245961e+00
1.178412684967380386e+00
1.178412684967380386e+00
1.178412684967380386e+00
1.178412684967380386e+00
1.178412684967380386e+00
1.178412684967380386e+00
1.178412684967380386e+00
1.178412684967380386e+00
1.178412684967380386e+00
1.178412684967380386e+00
1.178412684967380386e+00
1.178412684967380386e+00
1.178412684967380386e+00
1.178412684967380386e+00
1.178412684967380386e+00
1.178412684967380386e+00
1.178412684967380386e+00
1.178412684967380386e+00
1.178412684967380386e+00
1.178412684967380386e+00
1.178412684967380386e+00
1.178412684967380386e+00
1.178412684967380386e+00
1.178412684967380386e+00
1.178412684967380386e+00
1.178412684967380386e+00
1.178412684967380386e+00
1.178412684967380386e+00
1.178412684967380386e+00
1.178412684967380386e+00
1.178412684967380386e+00
1.178412684967380386e+00
1.178412684967380386e+00
1.178412684967380386e+00
1.178412684967380386e+00
1.178412684967380386e+00
1.178412684967380386e+00
1.178412684967380386e+00
1.178412684967380386e+00
1.178412684967380386e+00
1.178412684967380386e+00
1.178412684967380386e+00
1.178412684967380386e+00
1.178412684967380386e+00
1.178412684967380386e+00
1.178412684967380386e+00
1.178412684967380386e+00
1.178412684967380386e+00
1.178412684967380386e+00
1.178412684967380386e+00
1.178412684967380386e+00
1.178412684967380386e+00
1.178412684967380386e+00
1.178412684967380386e+00
1.178412684967380386e+00
1.178412684967380386e+00
1.178412684967380386e+00
1.178412684967380386e+00
1.178412684967380386e+00
1.178412684967380386e+00
1.178412684967380386e+00
1.178412684967380386e+00
1.178412684967380386e+00
1.178412684967380386e+00
1.178412684967380386e+00
1.178412684967380386e+00
1.178412684967380386e+00
1.178412684967380386e+00
1.178412684967380386e+00
1.178412684967380386e+00
1.170133936132209174e+00
1.170133936132209174e+00
1.170133936132209174e+00
1.170133936132209174e+00
1.060272679259754769e+00
1.060272679259754769e+00
1.060272679259754769e+00
1.060272679259754769e+00
1.060272679259754769e+00
1.060272679259754769e+00
1.060272679259754769e+00
1.060272679259754769e+00
1.060272679259754769e+00
1.060272679259754769e+00
1.060272679259754769e+00
1.060272679259754769e+00
1.060272679259754769e+00
1.060272679259754769e+00
1.060272679259754769e+00
1.060272679259754769e+00
1.060272679259754769e+00
1.060272679259754769e+00
1.060272679259754769e+00
1.060272679259754769e+00
1.060272679259754769e+00
1.057088383896735984e+00
1.057088383896735984e+00
1.057088383896735984e+00
1.057088383896735984e+00
1.057088383896735984e+00
1.057088383896735984e+00
1.057088383896735984e+00
1.057088383896735984e+00
1.057088383896735984e+00
1.057088383896735984e+00
1.057088383896735984e+00
1.057088383896735984e+00
1.132845523100652896e+00
1.132845523100652896e+00
1.132845523100652896e+00
1.132845523100652896e+00
1.132845523100652896e+00
1.132845523100652896e+00
1.132845523100652896e+00
1.058434961335660729e+00
1.058434961335660729e+00
1.058434961335660729e+00
1.058434961335660729e+00
1.058434961335660729e+00
1.058434961335660729e+00
1.058434961335660729e+00
1.058434961335660729e+00
1.058434961335660729e+00
1.058434961335660729e+00
1.058434961335660729e+00
1.058434961335660729e+00
1.058434961335660729e+00
1.058434961335660729e+00
1.103360863209240428e+00
1.103360863209240428e+00
1.103360863209240428e+00
1.103360863209240428e+00
1.103360863209240428e+00
1.103360863209240428e+00
1.103360863209240428e+00
1.103360863209240428e+00
1.103360863209240428e+00
1.056180298572946041e+00
1.056180298572946041e+00
1.056180298572946041e+00
1.056180298572946041e+00
1.056180298572946041e+00
1.056180298572946041e+00
1.056180298572946041e+00
1.056180298572946041e+00
1.056180298572946041e+00
1.056180298572946041e+00
1.056180298572946041e+00
1.056180298572946041e+00
1.056180298572946041e+00
1.056180298572946041e+00
1.056180298572946041e+00
1.056180298572946041e+00
1.056180298572946041e+00
1.056180298572946041e+00
1.056180298572946041e+00
1.056180298572946041e+00
1.056180298572946041e+00
1.056180298572946041e+00
1.056180298572946041e+00
1.056180298572946041e+00
1.056180298572946041e+00
1.056180298572946041e+00
1.056180298572946041e+00
1.056180298572946041e+00
1.056180298572946041e+00
1.056180298572946041e+00
1.056180298572946041e+00
1.056180298572946041e+00
1.056180298572946041e+00
1.056180298572946041e+00
1.056180298572946041e+00
1.056180298572946041e+00
1.056180298572946041e+00
1.056180298572946041e+00
1.056180298572946041e+00
1.079945973568187778e+00
1.079945973568187778e+00
1.079945973568187778e+00
1.079945973568187778e+00
1.079945973568187778e+00
1.079945973568187778e+00
1.079945973568187778e+00
1.079945973568187778e+00
1.079945973568187778e+00
1.079945973568187778e+00
1.079945973568187778e+00
1.079945973568187778e+00
1.079945973568187778e+00
1.079945973568187778e+00
1.157529578995549535e+00
1.157529578995549535e+00
1.157529578995549535e+00
1.123855673794498911e+00
1.123855673794498911e+00
1.123855673794498911e+00
1.123855673794498911e+00
1.174372993181546754e+00
1.174372993181546754e+00
1.174372993181546754e+00
1.174372993181546754e+00
1.174372993181546754e+00
1.174372993181546754e+00
1.174372993181546754e+00
1.174372993181546754e+00
1.174372993181546754e+00
1.174372993181546754e+00
1.174372993181546754e+00
1.174372993181546754e+00
1.174372993181546754e+00
1.174372993181546754e+00
1.174372993181546754e+00
1.174372993181546754e+00
1.174372993181546754e+00
1.174372993181546754e+00
1.174372993181546754e+00
1.174372993181546754e+00
1.174372993181546754e+00
1.174372993181546754e+00
1.174372993181546754e+00
1.174372993181546754e+00
1.174372993181546754e+00
1.151396531725775940e+00
1.151396531725775940e+00
1.151396531725775940e+00
1.151396531725775940e+00
1.151396531725775940e+00
1.151396531725775940e+00
1.151396531725775940e+00
1.151396531725775940e+00
1.151396531725775940e+00
1.136477333232592590e+00
1.136477333232592590e+00
1.136477333232592590e+00
1.106546708373643773e+00
1.106546708373643773e+00
1.106546708373643773e+00
1.106546708373643773e+00
1.118138755969007248e+00
1.118138755969007248e+00
1.168001404286497902e+00
1.168001404286497902e+00
1.168001404286497902e+00
1.168001404286497902e+00
1.168001404286497902e+00
1.168001404286497902e+00
1.168001404286497902e+00
1.168001404286497902e+00
1.168001404286497902e+00
1.168001404286497902e+00
1.168001404286497902e+00
1.168001404286497902e+00
1.168001404286497902e+00
1.168001404286497902e+00
1.168001404286497902e+00
1.168001404286497902e+00
1.168001404286497902e+00
1.168001404286497902e+00
1.168001404286497902e+00
1.168001404286497902e+00
1.168001404286497902e+00
1.168001404286497902e+00
1.168001404286497902e+00
1.168001404286497902e+00
1.059537943833727125e+00
1.059537943833727125e+00
1.059537943833727125e+00
1.059537943833727125e+00
1.059537943833727125e+00
1.059537943833727125e+00
1.059537943833727125e+00
1.059537943833727125e+00
1.101763539138392423e+00
1.101763539138392423e+00
1.101763539138392423e+00
1.101763539138392423e+00
1.032518057422350921e+00
1.032518057422350921e+00
1.032518057422350921e+00
1.032518057422350921e+00
1.032518057422350921e+00
1.032518057422350921e+00
1.032518057422350921e+00
1.032518057422350921e+00
1.032518057422350921e+00
1.032518057422350921e+00
1.032518057422350921e+00
1.032518057422350921e+00
1.032518057422350921e+00
1.032518057422350921e+00
1.032518057422350921e+00
1.032518057422350921e+00
1.032518057422350921e+00
1.032518057422350921e+00
1.032518057422350921e+00
1.032518057422350921e+00
1.032518057422350921e+00
1.032518057422350921e+00
1.032518057422350921e+00
1.032518057422350921e+00
1.032518057422350921e+00
1.032518057422350921e+00
1.032518057422350921e+00
1.032518057422350921e+00
1.032518057422350921e+00
1.032518057422350921e+00
1.032518057422350921e+00
1.032518057422350921e+00
1.032518057422350921e+00
1.032518057422350921e+00
1.032518057422350921e+00
1.032518057422350921e+00
1.032518057422350921e+00
1.032518057422350921e+00
1.032518057422350921e+00
1.032518057422350921e+00
1.032518057422350921e+00
1.032518057422350921e+00
1.032518057422350921e+00
1.032518057422350921e+00
1.032518057422350921e+00
1.032518057422350921e+00
1.032518057422350921e+00
1.032518057422350921e+00
1.063807705984304741e+00
1.063807705984304741e+00
1.063807705984304741e+00
1.162311246880424642e+00
1.162311246880424642e+00
1.162311246880424642e+00
1.162311246880424642e+00
1.162311246880424642e+00
1.162311246880424642e+00
1.130875066561224385e+00
1.130875066561224385e+00
1.130875066561224385e+00
1.130875066561224385e+00
1.130875066561224385e+00
1.130875066561224385e+00
1.130875066561224385e+00
1.130875066561224385e+00
1.130875066561224385e+00
1.130875066561224385e+00
1.130875066561224385e+00
1.130875066561224385e+00
1.130875066561224385e+00
1.130875066561224385e+00
1.130875066561224385e+00
1.130875066561224385e+00
1.130875066561224385e+00
1.130875066561224385e+00
1.130875066561224385e+00
1.130875066561224385e+00
1.130875066561224385e+00
1.130875066561224385e+00
1.190039554824873447e+00
1.187595891382724922e+00
1.187595891382724922e+00
1.187595891382724922e+00
1.187595891382724922e+00
1.187595891382724922e+00
1.187595891382724922e+00
1.197390703663658185e+00
1.197390703663658185e+00
1.197390703663658185e+00
1.197390703663658185e+00
1.197390703663658185e+00
1.197390703663658185e+00
1.197390703663658185e+00
1.165585997080518244e+00
1.165585997080518244e+00
1.165585997080518244e+00
1.165585997080518244e+00
1.165585997080518244e+00
1.165585997080518244e+00
1.165585997080518244e+00
1.165585997080518244e+00
1.165585997080518244e+00
1.165585997080518244e+00
1.165585997080518244e+00
1.135902904575767813e+00
1.135902904575767813e+00
1.135902904575767813e+00
1.135902904575767813e+00
1.135902904575767813e+00
1.135902904575767813e+00
1.135902904575767813e+00
1.135902904575767813e+00
1.135902904575767813e+00
1.135902904575767813e+00
1.135902904575767813e+00
1.135902904575767813e+00
1.135902904575767813e+00
1.135902904575767813e+00
1.135902904575767813e+00
1.135902904575767813e+00
1.135902904575767813e+00
1.135902904575767813e+00
1.135902904575767813e+00
1.135902904575767813e+00
1.135902904575767813e+00
1.135902904575767813e+00
1.135902904575767813e+00
1.135902904575767813e+00
1.135902904575767813e+00
1.135902904575767813e+00
1.135902904575767813e+00
1.135902904575767813e+00
1.135902904575767813e+00
1.135902904575767813e+00
1.135902904575767813e+00
1.135902904575767813e+00
1.135902904575767813e+00
1.135902904575767813e+00
1.135902904575767813e+00
1.135902904575767813e+00
1.135902904575767813e+00
1.135902904575767813e+00
1.135902904575767813e+00
1.135902904575767813e+00
1.135902904575767813e+00
1.135902904575767813e+00
1.135902904575767813e+00
1.135902904575767813e+00
1.135902904575767813e+00
1.135902904575767813e+00
1.135902904575767813e+00
1.135902904575767813e+00
1.135902904575767813e+00
1.135902904575767813e+00
1.135902904575767813e+00
1.135902904575767813e+00
1.135902904575767813e+00
1.146145272674158777e+00
1.146145272674158777e+00
1.146145272674158777e+00
1.146145272674158777e+00
1.146145272674158777e+00
1.146145272674158777e+00
1.146145272674158777e+00
1.146145272674158777e+00
1.146145272674158777e+00
1.146145272674158777e+00
1.097186166208522495e+00
1.060270787950964966e+00
1.060270787950964966e+00
1.060270787950964966e+00
1.060270787950964966e+00
1.132489662322403667e+00
1.132489662322403667e+00
1.132489662322403667e+00
1.029796388548074093e+00
1.029796388548074093e+00
1.029796388548074093e+00
1.029796388548074093e+00
1.029796388548074093e+00
1.029796388548074093e+00
1.021338948485100317e+00
1.021338948485100317e+00
1.021338948485100317e+00
1.021338948485100317e+00
1.021338948485100317e+00
1.021338948485100317e+00
1.021338948485100317e+00
1.021338948485100317e+00
1.021338948485100317e+00
1.021338948485100317e+00
1.054933995929113300e+00
1.054933995929113300e+00
1.054933995929113300e+00
1.054933995929113300e+00
1.054933995929113300e+00
1.054933995929113300e+00
1.054933995929113300e+00
1.018371416722233302e+00
1.088710872488360071e+00
1.088710872488360071e+00
1.088710872488360071e+00
1.088710872488360071e+00
1.088710872488360071e+00
1.088710872488360071e+00
1.088710872488360071e+00
1.088710872488360071e+00
1.088710872488360071e+00
1.088710872488360071e+00
1.088710872488360071e+00
1.088710872488360071e+00
1.088710872488360071e+00
1.135353098304477948e+00
1.135353098304477948e+00
1.135353098304477948e+00
1.135353098304477948e+00
1.154882028239529124e+00
1.202154346143849750e+00
1.202154346143849750e+00
1.202154346143849750e+00
1.202154346143849750e+00
1.202154346143849750e+00
1.202154346143849750e+00
1.202154346143849750e+00
1.091546239915513361e+00
1.091546239915513361e+00
1.091546239915513361e+00
1.091546239915513361e+00
1.048998414483961472e+00
1.073460580054545366e+00
1.073460580054545366e+00
1.073460580054545366e+00
1.073460580054545366e+00
1.073460580054545366e+00
1.073460580054545366e+00
1.073460580054545366e+00
1.073460580054545366e+00
1.073460580054545366e+00
1.073460580054545366e+00
1.073460580054545366e+00
1.073460580054545366e+00
1.073460580054545366e+00
1.073460580054545366e+00
1.073460580054545366e+00
1.073460580054545366e+00
1.086220502893930462e+00
1.086220502893930462e+00
1.086220502893930462e+00
1.086220502893930462e+00
1.086220502893930462e+00
1.086220502893930462e+00
1.086220502893930462e+00
1.086220502893930462e+00
1.086220502893930462e+00
1.086220502893930462e+00
1.086220502893930462e+00
1.086220502893930462e+00
1.086220502893930462e+00
1.086220502893930462e+00
1.086220502893930462e+00
1.086220502893930462e+00
1.086220502893930462e+00
1.086220502893930462e+00
1.086220502893930462e+00
1.086220502893930462e+00
1.086220502893930462e+00
1.086220502893930462e+00
1.086220502893930462e+00
1.086220502893930462e+00
1.086220502893930462e+00
1.086220502893930462e+00
1.084263808146132879e+00
1.084263808146132879e+00
1.084263808146132879e+00
1.084263808146132879e+00
1.084263808146132879e+00
1.126773170747523034e+00
1.126773170747523034e+00
1.126773170747523034e+00
1.126773170747523034e+00
1.126773170747523034e+00
1.126773170747523034e+00
1.126773170747523034e+00
1.126773170747523034e+00
1.126773170747523034e+00
1.126773170747523034e+00
1.126773170747523034e+00
1.126773170747523034e+00
1.126773170747523034e+00
1.126773170747523034e+00
1.126773170747523034e+00
1.126773170747523034e+00
1.126773170747523034e+00
1.126773170747523034e+00
1.126773170747523034e+00
1.126773170747523034e+00
1.126773170747523034e+00
1.126773170747523034e+00
1.126773170747523034e+00
1.126773170747523034e+00
1.126773170747523034e+00
1.126773170747523034e+00
1.126773170747523034e+00
1.126773170747523034e+00
1.126773170747523034e+00
1.126773170747523034e+00
1.158186724462728634e+00
1.158186724462728634e+00
1.158186724462728634e+00
1.091598071483672161e+00
1.091598071483672161e+00
1.091598071483672161e+00
1.091598071483672161e+00
1.091598071483672161e+00
1.091598071483672161e+00
1.091598071483672161e+00
1.091598071483672161e+00
1.091598071483672161e+00
1.091598071483672161e+00
1.091598071483672161e+00
1.091598071483672161e+00
1.091598071483672161e+00
1.091598071483672161e+00
1.091598071483672161e+00
1.091598071483672161e+00
1.091598071483672161e+00
1.091598071483672161e+00
1.091598071483672161e+00
1.091598071483672161e+00
1.091598071483672161e+00
1.091598071483672161e+00
1.091598071483672161e+00
1.091598071483672161e+00
1.091598071483672161e+00
1.079584290531771185e+00
1.079584290531771185e+00
1.079584290531771185e+00
1.079584290531771185e+00
1.079584290531771185e+00
1.079584290531771185e+00
1.079584290531771185e+00
1.079584290531771185e+00
1.079584290531771185e+00
1.079584290531771185e+00
1.079584290531771185e+00
1.079584290531771185e+00
1.079584290531771185e+00
1.079584290531771185e+00
1.079584290531771185e+00
1.079584290531771185e+00
1.079584290531771185e+00
1.074782365457593425e+00
1.074782365457593425e+00
1.074782365457593425e+00
1.074782365457593425e+00
1.074782365457593425e+00
1.074782365457593425e+00
1.074782365457593425e+00
1.074782365457593425e+00
1.074782365457593425e+00
1.074782365457593425e+00
1.074782365457593425e+00
1.074782365457593425e+00
1.074782365457593425e+00
1.074782365457593425e+00
1.074782365457593425e+00
1.074782365457593425e+00
1.074782365457593425e+00
1.074782365457593425e+00
1.100831607150395186e+00
1.100831607150395186e+00
1.100831607150395186e+00
1.100831607150395186e+00
1.100831607150395186e+00
1.100831607150395186e+00
1.100831607150395186e+00
1.100831607150395186e+00
1.100831607150395186e+00
1.100831607150395186e+00
1.100831607150395186e+00
1.064074773180083477e+00
1.064074773180083477e+00
1.064074773180083477e+00
1.064074773180083477e+00
1.064074773180083477e+00
1.064074773180083477e+00
1.064074773180083477e+00
1.064074773180083477e+00
1.064074773180083477e+00
1.064074773180083477e+00
1.064074773180083477e+00
1.064074773180083477e+00
1.064074773180083477e+00
1.064074773180083477e+00
1.064074773180083477e+00
1.064074773180083477e+00
1.169140978365198036e+00
1.169140978365198036e+00
1.108644245990311195e+00
1.108644245990311195e+00
1.108644245990311195e+00
1.108644245990311195e+00
1.108644245990311195e+00
1.108644245990311195e+00
1.108644245990311195e+00
1.108644245990311195e+00
1.108644245990311195e+00
1.108644245990311195e+00
1.108644245990311195e+00
1.108644245990311195e+00
1.108644245990311195e+00
1.108644245990311195e+00
1.108644245990311195e+00
1.108644245990311195e+00
1.108644245990311195e+00
1.108644245990311195e+00
1.108644245990311195e+00
1.108644245990311195e+00
1.108644245990311195e+00
1.097909649808121335e+00
1.097909649808121335e+00
1.097909649808121335e+00
1.097909649808121335e+00
1.097909649808121335e+00
1.097909649808121335e+00
1.097909649808121335e+00
1.097909649808121335e+00
1.097909649808121335e+00
1.097909649808121335e+00
1.075852933141099310e+00
1.075852933141099310e+00
1.075852933141099310e+00
1.075852933141099310e+00
1.075852933141099310e+00
1.075852933141099310e+00
1.075852933141099310e+00
1.075852933141099310e+00
1.075852933141099310e+00
1.075852933141099310e+00
1.075852933141099310e+00
1.075852933141099310e+00
1.075852933141099310e+00
1.075852933141099310e+00
1.075852933141099310e+00
1.075852933141099310e+00
1.075852933141099310e+00
1.075852933141099310e+00
1.075852933141099310e+00
1.075852933141099310e+00
1.075852933141099310e+00
1.075852933141099310e+00
1.075852933141099310e+00
1.075852933141099310e+00
1.075852933141099310e+00
1.075852933141099310e+00
1.075852933141099310e+00
1.075852933141099310e+00
1.075852933141099310e+00
1.075852933141099310e+00
1.075852933141099310e+00
1.075852933141099310e+00
1.075852933141099310e+00
1.075852933141099310e+00
1.075852933141099310e+00
1.075852933141099310e+00
1.075852933141099310e+00
1.055057387080700959e+00
1.055057387080700959e+00
1.055057387080700959e+00
1.055057387080700959e+00
1.055057387080700959e+00
1.055057387080700959e+00
1.055057387080700959e+00
1.074091205032072116e+00
1.074091205032072116e+00
1.074091205032072116e+00
1.074091205032072116e+00
1.074091205032072116e+00
1.074091205032072116e+00
1.074091205032072116e+00
1.074091205032072116e+00
1.074091205032072116e+00
1.074091205032072116e+00
1.074091205032072116e+00
1.074091205032072116e+00
1.074091205032072116e+00
1.074091205032072116e+00
1.074091205032072116e+00
1.074091205032072116e+00
1.074091205032072116e+00
1.074091205032072116e+00
1.074091205032072116e+00
1.074091205032072116e+00
1.074091205032072116e+00
1.074091205032072116e+00
1.074091205032072116e+00
1.074091205032072116e+00
1.074091205032072116e+00
1.074091205032072116e+00
1.074091205032072116e+00
1.074091205032072116e+00
1.074091205032072116e+00
1.074091205032072116e+00
1.074091205032072116e+00
1.074091205032072116e+00
1.139552652845693403e+00
1.139552652845693403e+00
1.139552652845693403e+00
1.139552652845693403e+00
1.139552652845693403e+00
1.139552652845693403e+00
1.139552652845693403e+00
1.139552652845693403e+00
1.139552652845693403e+00
1.139552652845693403e+00
1.139552652845693403e+00
1.139552652845693403e+00
1.139552652845693403e+00
1.139552652845693403e+00
1.139552652845693403e+00
1.139552652845693403e+00
1.139552652845693403e+00
1.139552652845693403e+00
1.139552652845693403e+00
1.139552652845693403e+00
1.139552652845693403e+00
1.139552652845693403e+00
1.139552652845693403e+00
1.139552652845693403e+00
1.139552652845693403e+00
1.139552652845693403e+00
1.120830265090470235e+00
1.152911971250382361e+00
1.152911971250382361e+00
1.152911971250382361e+00
1.152911971250382361e+00
1.152911971250382361e+00
1.152911971250382361e+00
1.152911971250382361e+00
1.152911971250382361e+00
1.152911971250382361e+00
1.152911971250382361e+00
1.152911971250382361e+00
1.152911971250382361e+00
1.152911971250382361e+00
1.110777220334211224e+00
1.110777220334211224e+00
1.110777220334211224e+00
1.110777220334211224e+00
1.110777220334211224e+00
1.110777220334211224e+00
1.110777220334211224e+00
1.110777220334211224e+00
1.110777220334211224e+00
1.110777220334211224e+00
1.110777220334211224e+00
1.110777220334211224e+00
1.110777220334211224e+00
1.110777220334211224e+00
1.110777220334211224e+00
1.110777220334211224e+00
1.110777220334211224e+00
1.110777220334211224e+00
1.110777220334211224e+00
1.110777220334211224e+00
1.110777220334211224e+00
1.110777220334211224e+00
1.110777220334211224e+00
1.110777220334211224e+00
1.110777220334211224e+00
1.110777220334211224e+00
1.110777220334211224e+00
1.110777220334211224e+00
1.110777220334211224e+00
1.110777220334211224e+00
1.110777220334211224e+00
1.110777220334211224e+00
1.110777220334211224e+00
1.110777220334211224e+00
1.110777220334211224e+00
1.110777220334211224e+00
1.110777220334211224e+00
1.110777220334211224e+00
1.110777220334211224e+00
1.101467775186247611e+00
1.101467775186247611e+00
1.101467775186247611e+00
1.101467775186247611e+00
1.101467775186247611e+00
1.119135362879902118e+00
1.119135362879902118e+00
1.119135362879902118e+00
1.119135362879902118e+00
1.119135362879902118e+00
1.119135362879902118e+00
1.119135362879902118e+00
1.119135362879902118e+00
1.119135362879902118e+00
1.119135362879902118e+00
1.119135362879902118e+00
1.119135362879902118e+00
1.119135362879902118e+00
1.119135362879902118e+00
1.119135362879902118e+00
1.045722539277154528e+00
1.045722539277154528e+00
1.078504873252886354e+00
1.078504873252886354e+00
1.078504873252886354e+00
1.078504873252886354e+00
1.078504873252886354e+00
1.078504873252886354e+00
1.056954295835515367e+00
1.009223441199435189e+00
1.009223441199435189e+00
1.179786886868892326e+00
1.179786886868892326e+00
1.179786886868892326e+00
1.179786886868892326e+00
1.179786886868892326e+00
1.179786886868892326e+00
1.179786886868892326e+00
1.144855925095410454e+00
1.144855925095410454e+00
1.144855925095410454e+00
1.144855925095410454e+00
1.144855925095410454e+00
1.144855925095410454e+00
1.144855925095410454e+00
1.144855925095410454e+00
1.144855925095410454e+00
1.144855925095410454e+00
1.144855925095410454e+00
1.144855925095410454e+00
1.060231399642715955e+00
1.060231399642715955e+00
1.060231399642715955e+00
1.060231399642715955e+00
1.060231399642715955e+00
1.060231399642715955e+00
1.060231399642715955e+00
1.060231399642715955e+00
1.060231399642715955e+00
1.060231399642715955e+00
1.060231399642715955e+00
1.060231399642715955e+00
1.060231399642715955e+00
1.060231399642715955e+00
1.060231399642715955e+00
1.060231399642715955e+00
1.060231399642715955e+00
1.060231399642715955e+00
1.060231399642715955e+00
1.060231399642715955e+00
1.060231399642715955e+00
1.060231399642715955e+00
1.060231399642715955e+00
1.060231399642715955e+00
1.060231399642715955e+00
1.060231399642715955e+00
1.060231399642715955e+00
1.060231399642715955e+00
1.060231399642715955e+00
1.060231399642715955e+00
1.060231399642715955e+00
1.073605562750248099e+00
1.073605562750248099e+00
1.073605562750248099e+00
1.073605562750248099e+00
1.073605562750248099e+00
1.073605562750248099e+00
1.073605562750248099e+00
1.073605562750248099e+00
1.073605562750248099e+00
1.073605562750248099e+00
1.113872631830827853e+00
1.113872631830827853e+00
1.113872631830827853e+00
1.113872631830827853e+00
1.113872631830827853e+00
1.113872631830827853e+00
1.113872631830827853e+00
1.113872631830827853e+00
1.113872631830827853e+00
1.113872631830827853e+00
1.113872631830827853e+00
1.113872631830827853e+00
1.132720263213037537e+00
1.132720263213037537e+00
1.132720263213037537e+00
1.132720263213037537e+00
1.132720263213037537e+00
1.132720263213037537e+00
1.132720263213037537e+00
1.132720263213037537e+00
1.132720263213037537e+00
1.132720263213037537e+00
1.132720263213037537e+00
1.162214887921916073e+00
1.162214887921916073e+00
1.162214887921916073e+00
1.162214887921916073e+00
1.162214887921916073e+00
1.162214887921916073e+00
1.162214887921916073e+00
1.162214887921916073e+00
1.162214887921916073e+00
1.162214887921916073e+00
1.162214887921916073e+00
1.162214887921916073e+00
1.162214887921916073e+00
1.162214887921916073e+00
1.145853003899229394e+00
1.145853003899229394e+00
1.145853003899229394e+00
1.145853003899229394e+00
1.145853003899229394e+00
1.145853003899229394e+00
1.145853003899229394e+00
1.145853003899229394e+00
1.145853003899229394e+00
1.145853003899229394e+00
1.145853003899229394e+00
1.145853003899229394e+00
1.145853003899229394e+00
1.145853003899229394e+00
1.145853003899229394e+00
1.145853003899229394e+00
1.145853003899229394e+00
1.145853003899229394e+00
1.046645428551136847e+00
1.046645428551136847e+00
1.046645428551136847e+00
1.046645428551136847e+00
1.046645428551136847e+00
1.046645428551136847e+00
1.046645428551136847e+00
1.046645428551136847e+00
1.046645428551136847e+00
1.068849621622978363e+00
1.068849621622978363e+00
1.068849621622978363e+00
1.068849621622978363e+00
1.068849621622978363e+00
1.068849621622978363e+00
1.068849621622978363e+00
1.068849621622978363e+00
1.068849621622978363e+00
1.068849621622978363e+00
1.068849621622978363e+00
1.068849621622978363e+00
1.068849621622978363e+00
1.068849621622978363e+00
1.068849621622978363e+00
1.068849621622978363e+00
1.068849621622978363e+00
1.068849621622978363e+00
1.068849621622978363e+00
1.068849621622978363e+00
1.068849621622978363e+00
1.068849621622978363e+00
1.068849621622978363e+00
1.068849621622978363e+00
1.068849621622978363e+00
1.068849621622978363e+00
1.068849621622978363e+00
1.068849621622978363e+00
1.068849621622978363e+00
1.068849621622978363e+00
1.068849621622978363e+00
1.068849621622978363e+00
1.068849621622978363e+00
1.068849621622978363e+00
1.068849621622978363e+00
1.068849621622978363e+00
1.068849621622978363e+00
1.068849621622978363e+00
1.068849621622978363e+00
1.068849621622978363e+00
1.068849621622978363e+00
1.068849621622978363e+00
1.068849621622978363e+00
1.068849621622978363e+00
1.068849621622978363e+00
1.068849621622978363e+00
1.068849621622978363e+00
1.068849621622978363e+00
1.068849621622978363e+00
1.068849621622978363e+00
1.068849621622978363e+00
1.146552525004441492e+00
1.146552525004441492e+00
1.146552525004441492e+00
1.146552525004441492e+00
1.146552525004441492e+00
1.138652670479466611e+00
1.138652670479466611e+00
1.138652670479466611e+00
1.138652670479466611e+00
1.138652670479466611e+00
1.138652670479466611e+00
1.138652670479466611e+00
1.138652670479466611e+00
1.138652670479466611e+00
1.138652670479466611e+00
1.138652670479466611e+00
1.138652670479466611e+00
1.111059667487142910e+00
1.111059667487142910e+00
1.111059667487142910e+00
1.111059667487142910e+00
1.111059667487142910e+00
1.111059667487142910e+00
1.111059667487142910e+00
1.111059667487142910e+00
1.128121548582605049e+00
1.128121548582605049e+00
1.128121548582605049e+00
1.128121548582605049e+00
1.128121548582605049e+00
1.128121548582605049e+00
1.128121548582605049e+00
1.128121548582605049e+00
1.128121548582605049e+00
1.128121548582605049e+00
1.128121548582605049e+00
1.128121548582605049e+00
1.114167675086949361e+00
1.114167675086949361e+00
1.114167675086949361e+00
1.114167675086949361e+00
1.114167675086949361e+00
1.114167675086949361e+00
1.114167675086949361e+00
1.114167675086949361e+00
1.114167675086949361e+00
1.114167675086949361e+00
1.114167675086949361e+00
1.114167675086949361e+00
1.114167675086949361e+00
1.114167675086949361e+00
1.114167675086949361e+00
1.114167675086949361e+00
1.114167675086949361e+00
1.114167675086949361e+00
1.114167675086949361e+00
1.114167675086949361e+00
1.114167675086949361e+00
1.114167675086949361e+00
1.114167675086949361e+00
1.114167675086949361e+00
1.114167675086949361e+00
1.114167675086949361e+00
1.114167675086949361e+00
1.114167675086949361e+00
1.114167675086949361e+00
1.114167675086949361e+00
1.114167675086949361e+00
1.114167675086949361e+00
1.127681874730507738e+00
1.127681874730507738e+00
1.127681874730507738e+00
1.127681874730507738e+00
1.127681874730507738e+00
1.127681874730507738e+00
1.127681874730507738e+00
1.127681874730507738e+00
1.127681874730507738e+00
1.127681874730507738e+00
1.127681874730507738e+00
1.127681874730507738e+00
1.127681874730507738e+00
1.127681874730507738e+00
1.127681874730507738e+00
1.127681874730507738e+00
1.127681874730507738e+00
1.127681874730507738e+00
1.098490277302443641e+00
1.098490277302443641e+00
1.098490277302443641e+00
1.098490277302443641e+00
1.098490277302443641e+00
1.098490277302443641e+00
1.098490277302443641e+00
1.098490277302443641e+00
1.095099886695463320e+00
1.095099886695463320e+00
1.095099886695463320e+00
1.095099886695463320e+00
1.095099886695463320e+00
1.095099886695463320e+00
1.095099886695463320e+00
1.095099886695463320e+00
1.095099886695463320e+00
1.095099886695463320e+00
1.095099886695463320e+00
1.095099886695463320e+00
1.095099886695463320e+00
1.095099886695463320e+00
1.095099886695463320e+00
1.095099886695463320e+00
1.095099886695463320e+00
1.095099886695463320e+00
1.095099886695463320e+00
1.095099886695463320e+00
1.095099886695463320e+00
1.095099886695463320e+00
1.095099886695463320e+00
1.095099886695463320e+00
1.095099886695463320e+00
1.095099886695463320e+00
1.095099886695463320e+00
1.095099886695463320e+00
1.095099886695463320e+00
1.095099886695463320e+00
1.095099886695463320e+00
1.095099886695463320e+00
1.088393454284553474e+00
1.088393454284553474e+00
1.088393454284553474e+00
1.088393454284553474e+00
1.088393454284553474e+00
1.088393454284553474e+00
1.088393454284553474e+00
1.088393454284553474e+00
1.088393454284553474e+00
1.088393454284553474e+00
1.088393454284553474e+00
1.088393454284553474e+00
1.088393454284553474e+00
1.088393454284553474e+00
1.088393454284553474e+00
1.088393454284553474e+00
1.088393454284553474e+00
1.088393454284553474e+00
1.088393454284553474e+00
1.088393454284553474e+00
1.088393454284553474e+00
1.088393454284553474e+00
1.088393454284553474e+00
1.088393454284553474e+00
1.088393454284553474e+00
1.088393454284553474e+00
1.088393454284553474e+00
1.088393454284553474e+00
1.088393454284553474e+00
1.088393454284553474e+00
1.088393454284553474e+00
1.088393454284553474e+00
1.088393454284553474e+00
1.088393454284553474e+00
1.088393454284553474e+00
1.088393454284553474e+00
1.088393454284553474e+00
1.088393454284553474e+00
1.088393454284553474e+00
1.088393454284553474e+00
1.088393454284553474e+00
1.088393454284553474e+00
1.088393454284553474e+00
1.088393454284553474e+00
1.088393454284553474e+00
1.088393454284553474e+00
1.086125602673078117e+00
1.086125602673078117e+00
1.042149628638812775e+00
1.042149628638812775e+00
1.042149628638812775e+00
1.042149628638812775e+00
1.042149628638812775e+00
1.042149628638812775e+00
1.042149628638812775e+00
1.042149628638812775e+00
1.042149628638812775e+00
1.042149628638812775e+00
1.042149628638812775e+00
1.069061241675524743e+00
1.069061241675524743e+00
1.069061241675524743e+00
1.069061241675524743e+00
1.069061241675524743e+00
1.069061241675524743e+00
1.069061241675524743e+00
1.069061241675524743e+00
1.069061241675524743e+00
1.069061241675524743e+00
1.069061241675524743e+00
1.069061241675524743e+00
1.069061241675524743e+00
1.069061241675524743e+00
1.069061241675524743e+00
1.069061241675524743e+00
1.069061241675524743e+00
1.069061241675524743e+00
1.069061241675524743e+00
1.069061241675524743e+00
1.069061241675524743e+00
1.069061241675524743e+00
1.069061241675524743e+00
1.069061241675524743e+00
1.069061241675524743e+00
1.069061241675524743e+00
1.069061241675524743e+00
1.069061241675524743e+00
1.069061241675524743e+00
1.069061241675524743e+00
1.069061241675524743e+00
1.069061241675524743e+00
1.069061241675524743e+00
1.069061241675524743e+00
1.069061241675524743e+00
1.069061241675524743e+00
1.069061241675524743e+00
1.069061241675524743e+00
1.069061241675524743e+00
1.069061241675524743e+00
1.069061241675524743e+00
1.069061241675524743e+00
1.069061241675524743e+00
1.069061241675524743e+00
1.069061241675524743e+00
1.069061241675524743e+00
1.069061241675524743e+00
1.069061241675524743e+00
1.069061241675524743e+00
1.069061241675524743e+00
1.008638288233353331e+00
1.008638288233353331e+00
1.008638288233353331e+00
1.008638288233353331e+00
1.008638288233353331e+00
1.008638288233353331e+00
1.008638288233353331e+00
1.008638288233353331e+00
1.008638288233353331e+00
1.008638288233353331e+00
1.008638288233353331e+00
1.008638288233353331e+00
1.008638288233353331e+00
1.008638288233353331e+00
1.008638288233353331e+00
1.008638288233353331e+00
1.008638288233353331e+00
1.008638288233353331e+00
1.008638288233353331e+00
1.008638288233353331e+00
1.008638288233353331e+00
1.008638288233353331e+00
1.008638288233353331e+00
1.008638288233353331e+00
1.008638288233353331e+00
1.008638288233353331e+00
1.008638288233353331e+00
1.008638288233353331e+00
1.008638288233353331e+00
1.008638288233353331e+00
1.008638288233353331e+00
1.008638288233353331e+00
1.008638288233353331e+00
1.008638288233353331e+00
1.008638288233353331e+00
1.008638288233353331e+00
1.008638288233353331e+00
1.008638288233353331e+00
1.008638288233353331e+00
1.008638288233353331e+00
1.008638288233353331e+00
1.008638288233353331e+00
