# Variable: HO_radius
# Sample shape: (2565,)
# Date: 2013-03-08 06:18:16.509125
1.000000000000000000e+00
1.000000000000000000e+00
1.000000000000000000e+00
1.000000000000000000e+00
1.005743067042473848e+00
1.788716876620425333e+00
1.788716876620425333e+00
1.788716876620425333e+00
1.788716876620425333e+00
1.788716876620425333e+00
1.927031585689705118e+00
1.927031585689705118e+00
1.927031585689705118e+00
1.927031585689705118e+00
1.927031585689705118e+00
1.927031585689705118e+00
1.927031585689705118e+00
1.927031585689705118e+00
1.927031585689705118e+00
1.927031585689705118e+00
1.927031585689705118e+00
1.927031585689705118e+00
1.927031585689705118e+00
1.927031585689705118e+00
1.927031585689705118e+00
1.927031585689705118e+00
1.927031585689705118e+00
1.927031585689705118e+00
1.927031585689705118e+00
1.927031585689705118e+00
1.927031585689705118e+00
1.927031585689705118e+00
1.927031585689705118e+00
1.927031585689705118e+00
1.927031585689705118e+00
1.927031585689705118e+00
1.927031585689705118e+00
1.927031585689705118e+00
1.927031585689705118e+00
1.927031585689705118e+00
1.927031585689705118e+00
1.927031585689705118e+00
1.927031585689705118e+00
1.927031585689705118e+00
1.927031585689705118e+00
1.927031585689705118e+00
1.927031585689705118e+00
1.927031585689705118e+00
1.927031585689705118e+00
1.927031585689705118e+00
1.927031585689705118e+00
1.927031585689705118e+00
1.927031585689705118e+00
1.927031585689705118e+00
1.927031585689705118e+00
1.927031585689705118e+00
1.927031585689705118e+00
1.927031585689705118e+00
1.927031585689705118e+00
1.927031585689705118e+00
1.927031585689705118e+00
1.927031585689705118e+00
1.927031585689705118e+00
1.927031585689705118e+00
1.927031585689705118e+00
1.927031585689705118e+00
1.927031585689705118e+00
1.927031585689705118e+00
1.927031585689705118e+00
1.927031585689705118e+00
1.927031585689705118e+00
1.927031585689705118e+00
1.927031585689705118e+00
1.927031585689705118e+00
1.999265582751051484e+00
1.942321796003574130e+00
1.942321796003574130e+00
1.942321796003574130e+00
1.942321796003574130e+00
1.942321796003574130e+00
1.942321796003574130e+00
1.992899211334092424e+00
1.992899211334092424e+00
1.992899211334092424e+00
1.966863460016367471e+00
1.966863460016367471e+00
1.966863460016367471e+00
1.966863460016367471e+00
1.966863460016367471e+00
1.966863460016367471e+00
1.966863460016367471e+00
1.966863460016367471e+00
1.966863460016367471e+00
1.966863460016367471e+00
1.966863460016367471e+00
1.966863460016367471e+00
1.966863460016367471e+00
1.966863460016367471e+00
1.966863460016367471e+00
1.966863460016367471e+00
1.966863460016367471e+00
1.966863460016367471e+00
1.966863460016367471e+00
1.966863460016367471e+00
1.966863460016367471e+00
1.966863460016367471e+00
1.966863460016367471e+00
1.966863460016367471e+00
1.966863460016367471e+00
1.966863460016367471e+00
1.966863460016367471e+00
1.966863460016367471e+00
1.966863460016367471e+00
1.966863460016367471e+00
1.966863460016367471e+00
1.966863460016367471e+00
1.966863460016367471e+00
1.966863460016367471e+00
1.966863460016367471e+00
1.966863460016367471e+00
1.966863460016367471e+00
1.966863460016367471e+00
1.966863460016367471e+00
1.966863460016367471e+00
1.966863460016367471e+00
1.966863460016367471e+00
1.966863460016367471e+00
1.966863460016367471e+00
1.966863460016367471e+00
1.966863460016367471e+00
1.966863460016367471e+00
1.966863460016367471e+00
1.966863460016367471e+00
1.966863460016367471e+00
1.966863460016367471e+00
1.966863460016367471e+00
1.966863460016367471e+00
1.966863460016367471e+00
1.966863460016367471e+00
1.966863460016367471e+00
1.966863460016367471e+00
1.966863460016367471e+00
1.966863460016367471e+00
1.966863460016367471e+00
1.966863460016367471e+00
1.966863460016367471e+00
1.966863460016367471e+00
1.966863460016367471e+00
1.966863460016367471e+00
1.966863460016367471e+00
1.966863460016367471e+00
1.966863460016367471e+00
1.966863460016367471e+00
1.966863460016367471e+00
1.966863460016367471e+00
1.966863460016367471e+00
1.966863460016367471e+00
1.966863460016367471e+00
1.966863460016367471e+00
1.966863460016367471e+00
1.966863460016367471e+00
1.966863460016367471e+00
1.966863460016367471e+00
1.966863460016367471e+00
1.966863460016367471e+00
1.966863460016367471e+00
1.966863460016367471e+00
1.966863460016367471e+00
1.966863460016367471e+00
1.966863460016367471e+00
1.966863460016367471e+00
1.966863460016367471e+00
1.966863460016367471e+00
1.966863460016367471e+00
1.966863460016367471e+00
1.966863460016367471e+00
1.966863460016367471e+00
1.966863460016367471e+00
1.966863460016367471e+00
1.966863460016367471e+00
1.966863460016367471e+00
1.966863460016367471e+00
1.966863460016367471e+00
1.966863460016367471e+00
1.966863460016367471e+00
1.966863460016367471e+00
1.966863460016367471e+00
1.966863460016367471e+00
1.966863460016367471e+00
1.966863460016367471e+00
1.966863460016367471e+00
1.966863460016367471e+00
1.966863460016367471e+00
1.966863460016367471e+00
1.958638559264904044e+00
1.958638559264904044e+00
1.958638559264904044e+00
1.958638559264904044e+00
1.958638559264904044e+00
1.958638559264904044e+00
1.958638559264904044e+00
1.958638559264904044e+00
1.958638559264904044e+00
1.958638559264904044e+00
1.958638559264904044e+00
1.958638559264904044e+00
1.958638559264904044e+00
1.958638559264904044e+00
1.958638559264904044e+00
1.958638559264904044e+00
1.958638559264904044e+00
1.958638559264904044e+00
1.958638559264904044e+00
1.958638559264904044e+00
1.958638559264904044e+00
1.958638559264904044e+00
1.958638559264904044e+00
1.958638559264904044e+00
1.958638559264904044e+00
1.958638559264904044e+00
1.958638559264904044e+00
1.958638559264904044e+00
1.918999777111467298e+00
1.921523906485522515e+00
1.921523906485522515e+00
1.921523906485522515e+00
1.921523906485522515e+00
1.921523906485522515e+00
1.921523906485522515e+00
1.921523906485522515e+00
1.921523906485522515e+00
1.921523906485522515e+00
1.921523906485522515e+00
1.921523906485522515e+00
1.921523906485522515e+00
1.921523906485522515e+00
1.921523906485522515e+00
1.921523906485522515e+00
1.921523906485522515e+00
1.921523906485522515e+00
1.921523906485522515e+00
1.921523906485522515e+00
1.921523906485522515e+00
1.921523906485522515e+00
1.921523906485522515e+00
1.921523906485522515e+00
1.921523906485522515e+00
1.921523906485522515e+00
1.921523906485522515e+00
1.921523906485522515e+00
1.921523906485522515e+00
1.921523906485522515e+00
1.921523906485522515e+00
1.921523906485522515e+00
1.921523906485522515e+00
1.921523906485522515e+00
1.921523906485522515e+00
1.921523906485522515e+00
1.921523906485522515e+00
1.921523906485522515e+00
1.921523906485522515e+00
1.921523906485522515e+00
1.921523906485522515e+00
1.921523906485522515e+00
1.921523906485522515e+00
1.921523906485522515e+00
1.921523906485522515e+00
1.921523906485522515e+00
1.921523906485522515e+00
1.921523906485522515e+00
1.921523906485522515e+00
1.921523906485522515e+00
1.921523906485522515e+00
1.921523906485522515e+00
1.921523906485522515e+00
1.921523906485522515e+00
1.921523906485522515e+00
1.921523906485522515e+00
1.921523906485522515e+00
1.921523906485522515e+00
1.921523906485522515e+00
1.921523906485522515e+00
1.921523906485522515e+00
1.921523906485522515e+00
1.921523906485522515e+00
1.921523906485522515e+00
1.921523906485522515e+00
1.921523906485522515e+00
1.921523906485522515e+00
1.921523906485522515e+00
1.921523906485522515e+00
1.921523906485522515e+00
1.921523906485522515e+00
1.921523906485522515e+00
1.921523906485522515e+00
1.921523906485522515e+00
1.921523906485522515e+00
1.921523906485522515e+00
1.921523906485522515e+00
1.921523906485522515e+00
1.921523906485522515e+00
1.921523906485522515e+00
1.921523906485522515e+00
1.921523906485522515e+00
1.921523906485522515e+00
1.921523906485522515e+00
1.921523906485522515e+00
1.921523906485522515e+00
1.921523906485522515e+00
1.921523906485522515e+00
1.921523906485522515e+00
1.921523906485522515e+00
1.921523906485522515e+00
1.963295747189228724e+00
1.963295747189228724e+00
1.963295747189228724e+00
1.963295747189228724e+00
1.963295747189228724e+00
1.963295747189228724e+00
1.963295747189228724e+00
1.963295747189228724e+00
1.963295747189228724e+00
1.963295747189228724e+00
1.963295747189228724e+00
1.963295747189228724e+00
1.963295747189228724e+00
1.963295747189228724e+00
1.963295747189228724e+00
1.963295747189228724e+00
1.963295747189228724e+00
1.963295747189228724e+00
1.963295747189228724e+00
1.963295747189228724e+00
1.963295747189228724e+00
1.963295747189228724e+00
1.954643831115651764e+00
1.954643831115651764e+00
1.954643831115651764e+00
1.954643831115651764e+00
1.954643831115651764e+00
1.954643831115651764e+00
1.954643831115651764e+00
1.954643831115651764e+00
1.954643831115651764e+00
1.954643831115651764e+00
1.954643831115651764e+00
1.954643831115651764e+00
1.954643831115651764e+00
1.954643831115651764e+00
1.954643831115651764e+00
1.954643831115651764e+00
1.954643831115651764e+00
1.954643831115651764e+00
1.954643831115651764e+00
1.954643831115651764e+00
1.954643831115651764e+00
1.954643831115651764e+00
1.954643831115651764e+00
1.954643831115651764e+00
1.954643831115651764e+00
1.954643831115651764e+00
1.954643831115651764e+00
1.954643831115651764e+00
1.954643831115651764e+00
1.954643831115651764e+00
1.954643831115651764e+00
1.954643831115651764e+00
1.954643831115651764e+00
1.954643831115651764e+00
1.954643831115651764e+00
1.954643831115651764e+00
1.954643831115651764e+00
1.954643831115651764e+00
1.954643831115651764e+00
1.954643831115651764e+00
1.954643831115651764e+00
1.954643831115651764e+00
1.954643831115651764e+00
1.954643831115651764e+00
1.954643831115651764e+00
1.954643831115651764e+00
1.954643831115651764e+00
1.954643831115651764e+00
1.954643831115651764e+00
1.954643831115651764e+00
1.954643831115651764e+00
1.954643831115651764e+00
1.954643831115651764e+00
1.954643831115651764e+00
1.954643831115651764e+00
1.954643831115651764e+00
1.954643831115651764e+00
1.954643831115651764e+00
1.954643831115651764e+00
1.954643831115651764e+00
1.954643831115651764e+00
1.988963035127186751e+00
1.988963035127186751e+00
1.988963035127186751e+00
1.988963035127186751e+00
1.988963035127186751e+00
1.988963035127186751e+00
1.988963035127186751e+00
1.988963035127186751e+00
1.988963035127186751e+00
1.988963035127186751e+00
1.988963035127186751e+00
1.988963035127186751e+00
1.988963035127186751e+00
1.988963035127186751e+00
1.988963035127186751e+00
1.988963035127186751e+00
1.988963035127186751e+00
1.988963035127186751e+00
1.988963035127186751e+00
1.988963035127186751e+00
1.988963035127186751e+00
1.988963035127186751e+00
1.988963035127186751e+00
1.988963035127186751e+00
1.988963035127186751e+00
2.132531080460298600e+00
2.132531080460298600e+00
2.132531080460298600e+00
2.132531080460298600e+00
2.132531080460298600e+00
2.115456695954874178e+00
2.115456695954874178e+00
2.115456695954874178e+00
2.115456695954874178e+00
2.115456695954874178e+00
2.115456695954874178e+00
2.036911470349742181e+00
2.036911470349742181e+00
2.070374954265631118e+00
2.070374954265631118e+00
2.070374954265631118e+00
2.071701618312572268e+00
2.071701618312572268e+00
2.071701618312572268e+00
2.086623126984123111e+00
2.086623126984123111e+00
2.086623126984123111e+00
2.086623126984123111e+00
2.086623126984123111e+00
2.072040149359739125e+00
2.072040149359739125e+00
2.072040149359739125e+00
2.072040149359739125e+00
2.072040149359739125e+00
2.072040149359739125e+00
2.072040149359739125e+00
2.072040149359739125e+00
2.072040149359739125e+00
2.072040149359739125e+00
2.072040149359739125e+00
2.072040149359739125e+00
2.072040149359739125e+00
2.072040149359739125e+00
2.072040149359739125e+00
2.072040149359739125e+00
2.072040149359739125e+00
2.072040149359739125e+00
2.072040149359739125e+00
2.072040149359739125e+00
2.072040149359739125e+00
2.072040149359739125e+00
2.072040149359739125e+00
2.072040149359739125e+00
2.072040149359739125e+00
2.096103882567176058e+00
2.096103882567176058e+00
2.096103882567176058e+00
2.096103882567176058e+00
2.096103882567176058e+00
2.096103882567176058e+00
2.096103882567176058e+00
2.096103882567176058e+00
2.096103882567176058e+00
2.096103882567176058e+00
2.096103882567176058e+00
2.096103882567176058e+00
2.096103882567176058e+00
2.096103882567176058e+00
2.096103882567176058e+00
2.096103882567176058e+00
2.096103882567176058e+00
2.096103882567176058e+00
2.096103882567176058e+00
2.096103882567176058e+00
2.096103882567176058e+00
2.096103882567176058e+00
2.096103882567176058e+00
2.096103882567176058e+00
2.096103882567176058e+00
2.096103882567176058e+00
2.152635249228190162e+00
2.152635249228190162e+00
2.152635249228190162e+00
2.152635249228190162e+00
2.152635249228190162e+00
2.152635249228190162e+00
2.152635249228190162e+00
2.152635249228190162e+00
2.152635249228190162e+00
2.152635249228190162e+00
2.152635249228190162e+00
2.152635249228190162e+00
2.152635249228190162e+00
2.224942926263630660e+00
2.224942926263630660e+00
2.224942926263630660e+00
2.224942926263630660e+00
2.224942926263630660e+00
2.224942926263630660e+00
2.224942926263630660e+00
2.224942926263630660e+00
2.224942926263630660e+00
2.224942926263630660e+00
2.224942926263630660e+00
2.224942926263630660e+00
2.224942926263630660e+00
2.224942926263630660e+00
2.224942926263630660e+00
2.224942926263630660e+00
2.224942926263630660e+00
2.224942926263630660e+00
2.322079707481429001e+00
2.322079707481429001e+00
2.322079707481429001e+00
2.322079707481429001e+00
2.322079707481429001e+00
2.322079707481429001e+00
2.322079707481429001e+00
2.322079707481429001e+00
2.322079707481429001e+00
2.245270409424615199e+00
2.245270409424615199e+00
2.245270409424615199e+00
2.245270409424615199e+00
2.245270409424615199e+00
2.245270409424615199e+00
2.245270409424615199e+00
2.245270409424615199e+00
2.318496567928320484e+00
2.318496567928320484e+00
2.318496567928320484e+00
2.318496567928320484e+00
2.335947817623506673e+00
2.335947817623506673e+00
2.335947817623506673e+00
2.335947817623506673e+00
2.630744045350162263e+00
2.523770358709225725e+00
2.523770358709225725e+00
2.523770358709225725e+00
2.523770358709225725e+00
2.523770358709225725e+00
2.523770358709225725e+00
2.523770358709225725e+00
2.523770358709225725e+00
2.523770358709225725e+00
2.523770358709225725e+00
2.523770358709225725e+00
2.523770358709225725e+00
2.523770358709225725e+00
2.484799829966990004e+00
2.484799829966990004e+00
2.484799829966990004e+00
2.484799829966990004e+00
2.484799829966990004e+00
2.484799829966990004e+00
2.484799829966990004e+00
2.484799829966990004e+00
2.484799829966990004e+00
2.484799829966990004e+00
2.484799829966990004e+00
2.484799829966990004e+00
2.484799829966990004e+00
2.484799829966990004e+00
2.484799829966990004e+00
2.484799829966990004e+00
2.484799829966990004e+00
2.484799829966990004e+00
2.484799829966990004e+00
2.484799829966990004e+00
2.484799829966990004e+00
2.484799829966990004e+00
2.720601434286669562e+00
2.720601434286669562e+00
2.624057870598352160e+00
2.624057870598352160e+00
2.624057870598352160e+00
2.624057870598352160e+00
2.624057870598352160e+00
2.624057870598352160e+00
2.624057870598352160e+00
2.624057870598352160e+00
2.624057870598352160e+00
2.624057870598352160e+00
2.827247297961384742e+00
2.827247297961384742e+00
2.827247297961384742e+00
2.827247297961384742e+00
2.827247297961384742e+00
2.827247297961384742e+00
2.827247297961384742e+00
2.827247297961384742e+00
2.827247297961384742e+00
2.827247297961384742e+00
2.827247297961384742e+00
2.827247297961384742e+00
2.827247297961384742e+00
2.827247297961384742e+00
2.827247297961384742e+00
2.827247297961384742e+00
2.827247297961384742e+00
2.827247297961384742e+00
2.827247297961384742e+00
2.827247297961384742e+00
2.827247297961384742e+00
2.827247297961384742e+00
2.686285817039095747e+00
2.686285817039095747e+00
2.686285817039095747e+00
2.686285817039095747e+00
2.686285817039095747e+00
2.804409549338136909e+00
2.804409549338136909e+00
2.882832578559593184e+00
2.882832578559593184e+00
2.725059511870874029e+00
2.725059511870874029e+00
2.725059511870874029e+00
2.725059511870874029e+00
2.870422389416230402e+00
2.870422389416230402e+00
2.870422389416230402e+00
2.870422389416230402e+00
2.870422389416230402e+00
2.870422389416230402e+00
2.870422389416230402e+00
2.870422389416230402e+00
2.969453773002230346e+00
2.969453773002230346e+00
2.969453773002230346e+00
2.969453773002230346e+00
2.969453773002230346e+00
2.969453773002230346e+00
2.969453773002230346e+00
2.969453773002230346e+00
2.978615461933565634e+00
2.978615461933565634e+00
2.978615461933565634e+00
2.978615461933565634e+00
2.978615461933565634e+00
2.978615461933565634e+00
2.978615461933565634e+00
2.978615461933565634e+00
2.978615461933565634e+00
2.978615461933565634e+00
2.978615461933565634e+00
2.978615461933565634e+00
2.978615461933565634e+00
2.978615461933565634e+00
2.978615461933565634e+00
2.978615461933565634e+00
2.978615461933565634e+00
2.978615461933565634e+00
2.978615461933565634e+00
2.978615461933565634e+00
2.978615461933565634e+00
2.978615461933565634e+00
2.978615461933565634e+00
2.978615461933565634e+00
2.978615461933565634e+00
2.978615461933565634e+00
2.993760540073150622e+00
2.993760540073150622e+00
2.993760540073150622e+00
2.993760540073150622e+00
2.993760540073150622e+00
2.993760540073150622e+00
2.993760540073150622e+00
2.993760540073150622e+00
2.993760540073150622e+00
2.993760540073150622e+00
2.993760540073150622e+00
2.993760540073150622e+00
2.993760540073150622e+00
2.993760540073150622e+00
2.993760540073150622e+00
2.993760540073150622e+00
2.993760540073150622e+00
2.992661386488966624e+00
2.992661386488966624e+00
2.992661386488966624e+00
2.992661386488966624e+00
2.992661386488966624e+00
2.992661386488966624e+00
2.992661386488966624e+00
2.992661386488966624e+00
2.992661386488966624e+00
2.992661386488966624e+00
2.992661386488966624e+00
2.992661386488966624e+00
2.992661386488966624e+00
2.992661386488966624e+00
2.992661386488966624e+00
2.992661386488966624e+00
2.992661386488966624e+00
2.992661386488966624e+00
2.992661386488966624e+00
2.992661386488966624e+00
2.992661386488966624e+00
2.992661386488966624e+00
2.992661386488966624e+00
2.992661386488966624e+00
2.992661386488966624e+00
2.992661386488966624e+00
2.992661386488966624e+00
2.992661386488966624e+00
2.992661386488966624e+00
2.992661386488966624e+00
2.992661386488966624e+00
2.992661386488966624e+00
2.992661386488966624e+00
2.992661386488966624e+00
2.992661386488966624e+00
2.992661386488966624e+00
2.992661386488966624e+00
2.992661386488966624e+00
2.992661386488966624e+00
2.992661386488966624e+00
2.992661386488966624e+00
2.992661386488966624e+00
2.992661386488966624e+00
2.992661386488966624e+00
2.992661386488966624e+00
2.992661386488966624e+00
2.992661386488966624e+00
2.992661386488966624e+00
2.992661386488966624e+00
2.992661386488966624e+00
2.966485390741497419e+00
2.966485390741497419e+00
2.966485390741497419e+00
2.966485390741497419e+00
2.966485390741497419e+00
2.966485390741497419e+00
2.966485390741497419e+00
2.966485390741497419e+00
2.966485390741497419e+00
2.966485390741497419e+00
2.966485390741497419e+00
2.966485390741497419e+00
2.966485390741497419e+00
2.902433253963178750e+00
2.902433253963178750e+00
2.902433253963178750e+00
2.902433253963178750e+00
2.902433253963178750e+00
2.902433253963178750e+00
2.902433253963178750e+00
2.902433253963178750e+00
2.952480437194273222e+00
2.952480437194273222e+00
2.952480437194273222e+00
2.952480437194273222e+00
2.952480437194273222e+00
2.952480437194273222e+00
2.952480437194273222e+00
2.952480437194273222e+00
2.952480437194273222e+00
2.952480437194273222e+00
2.931192654788707497e+00
2.931192654788707497e+00
2.931192654788707497e+00
2.931192654788707497e+00
2.931192654788707497e+00
2.931192654788707497e+00
2.931192654788707497e+00
2.931192654788707497e+00
2.931192654788707497e+00
2.931192654788707497e+00
2.931192654788707497e+00
2.931192654788707497e+00
2.931192654788707497e+00
2.931192654788707497e+00
2.931192654788707497e+00
2.931192654788707497e+00
2.931192654788707497e+00
2.931192654788707497e+00
2.931192654788707497e+00
2.931192654788707497e+00
2.931192654788707497e+00
2.931192654788707497e+00
2.931192654788707497e+00
2.931192654788707497e+00
2.931192654788707497e+00
2.931192654788707497e+00
2.931192654788707497e+00
2.931192654788707497e+00
2.931192654788707497e+00
2.931192654788707497e+00
2.931192654788707497e+00
2.931192654788707497e+00
2.931192654788707497e+00
2.931192654788707497e+00
2.931192654788707497e+00
2.931192654788707497e+00
2.931192654788707497e+00
2.931192654788707497e+00
2.931192654788707497e+00
2.961632405578063842e+00
2.895540960859794843e+00
2.895540960859794843e+00
2.895540960859794843e+00
2.895540960859794843e+00
2.969109977214642537e+00
2.952081098028742190e+00
2.952081098028742190e+00
2.952081098028742190e+00
2.952081098028742190e+00
2.952081098028742190e+00
2.952081098028742190e+00
2.952081098028742190e+00
2.952081098028742190e+00
2.952081098028742190e+00
2.952081098028742190e+00
2.952081098028742190e+00
2.952081098028742190e+00
2.870700430338984255e+00
2.870700430338984255e+00
2.955730314386559865e+00
2.955730314386559865e+00
2.955730314386559865e+00
2.955730314386559865e+00
2.955730314386559865e+00
2.955730314386559865e+00
2.955730314386559865e+00
2.955730314386559865e+00
2.955730314386559865e+00
2.955730314386559865e+00
2.955730314386559865e+00
2.955730314386559865e+00
2.955730314386559865e+00
2.981796641516159418e+00
2.981796641516159418e+00
2.981796641516159418e+00
2.981796641516159418e+00
2.981796641516159418e+00
2.981796641516159418e+00
2.981796641516159418e+00
2.981796641516159418e+00
2.981796641516159418e+00
2.981796641516159418e+00
2.935358883865286650e+00
2.935358883865286650e+00
2.931982115536901912e+00
2.931982115536901912e+00
2.931982115536901912e+00
2.931982115536901912e+00
2.912457977952712440e+00
2.912457977952712440e+00
2.912457977952712440e+00
2.811463950503585885e+00
2.811463950503585885e+00
2.811463950503585885e+00
2.811463950503585885e+00
2.811463950503585885e+00
2.811463950503585885e+00
2.811463950503585885e+00
2.811463950503585885e+00
2.811463950503585885e+00
2.811463950503585885e+00
2.811463950503585885e+00
2.896036752470845244e+00
2.896036752470845244e+00
2.896036752470845244e+00
2.896036752470845244e+00
2.896036752470845244e+00
2.896036752470845244e+00
2.896036752470845244e+00
2.899058925338521497e+00
2.899058925338521497e+00
2.899058925338521497e+00
2.899058925338521497e+00
2.899058925338521497e+00
2.854303980048008338e+00
2.854303980048008338e+00
2.925003739389508528e+00
2.925003739389508528e+00
2.925003739389508528e+00
2.925003739389508528e+00
2.925003739389508528e+00
2.925003739389508528e+00
2.925003739389508528e+00
2.925003739389508528e+00
2.925003739389508528e+00
2.925003739389508528e+00
2.925003739389508528e+00
2.925003739389508528e+00
2.872057802025199003e+00
2.872057802025199003e+00
2.872057802025199003e+00
2.872057802025199003e+00
2.872057802025199003e+00
2.872057802025199003e+00
2.872057802025199003e+00
2.872057802025199003e+00
2.872057802025199003e+00
2.872057802025199003e+00
2.872057802025199003e+00
2.714480900204144120e+00
2.859264086156300788e+00
2.859264086156300788e+00
2.859264086156300788e+00
2.859264086156300788e+00
2.859264086156300788e+00
2.859264086156300788e+00
2.859264086156300788e+00
2.859264086156300788e+00
2.859264086156300788e+00
2.865709587721362972e+00
2.865709587721362972e+00
2.865709587721362972e+00
2.865709587721362972e+00
2.865709587721362972e+00
2.865709587721362972e+00
2.865709587721362972e+00
2.865709587721362972e+00
2.865709587721362972e+00
2.974800189733565414e+00
2.974800189733565414e+00
2.974800189733565414e+00
2.974800189733565414e+00
2.974800189733565414e+00
2.928563333397005142e+00
2.928563333397005142e+00
2.928563333397005142e+00
2.671667673167113399e+00
2.671667673167113399e+00
2.671667673167113399e+00
2.671667673167113399e+00
2.671667673167113399e+00
2.671667673167113399e+00
2.671667673167113399e+00
2.671667673167113399e+00
2.671667673167113399e+00
2.671667673167113399e+00
2.671667673167113399e+00
2.671667673167113399e+00
2.671667673167113399e+00
2.671667673167113399e+00
2.671667673167113399e+00
2.671667673167113399e+00
2.671667673167113399e+00
2.671667673167113399e+00
2.935178976957230290e+00
2.935178976957230290e+00
2.935178976957230290e+00
2.935178976957230290e+00
2.986754865668285852e+00
2.986754865668285852e+00
2.986754865668285852e+00
2.986754865668285852e+00
2.986754865668285852e+00
2.986754865668285852e+00
2.986754865668285852e+00
2.986754865668285852e+00
2.986754865668285852e+00
2.986754865668285852e+00
2.986754865668285852e+00
2.986754865668285852e+00
2.986754865668285852e+00
2.859429079349898650e+00
2.859429079349898650e+00
2.859429079349898650e+00
2.859429079349898650e+00
2.859429079349898650e+00
2.859429079349898650e+00
2.859429079349898650e+00
2.876972352277073153e+00
2.876972352277073153e+00
2.876972352277073153e+00
2.876972352277073153e+00
2.876972352277073153e+00
2.965644213863477319e+00
2.965644213863477319e+00
2.965644213863477319e+00
2.965644213863477319e+00
2.965644213863477319e+00
2.965644213863477319e+00
2.965644213863477319e+00
2.965644213863477319e+00
2.965644213863477319e+00
2.965644213863477319e+00
2.965644213863477319e+00
2.965644213863477319e+00
2.965644213863477319e+00
2.965644213863477319e+00
2.965644213863477319e+00
2.965644213863477319e+00
2.965644213863477319e+00
2.965644213863477319e+00
2.965644213863477319e+00
2.965644213863477319e+00
2.965644213863477319e+00
2.965644213863477319e+00
2.965644213863477319e+00
2.965644213863477319e+00
2.965644213863477319e+00
2.965644213863477319e+00
2.965644213863477319e+00
2.965644213863477319e+00
2.965644213863477319e+00
2.965644213863477319e+00
2.965644213863477319e+00
2.965644213863477319e+00
2.965644213863477319e+00
2.965644213863477319e+00
2.965644213863477319e+00
2.965644213863477319e+00
2.965644213863477319e+00
2.965644213863477319e+00
2.766489932304491806e+00
2.766489932304491806e+00
2.766489932304491806e+00
2.766489932304491806e+00
2.766489932304491806e+00
2.766489932304491806e+00
2.766489932304491806e+00
2.766489932304491806e+00
2.766489932304491806e+00
2.766489932304491806e+00
2.766489932304491806e+00
2.766489932304491806e+00
2.766489932304491806e+00
2.766489932304491806e+00
2.751907783531363894e+00
2.751907783531363894e+00
2.751907783531363894e+00
2.751907783531363894e+00
2.566140227646402483e+00
2.566140227646402483e+00
2.942859258783857790e+00
2.942859258783857790e+00
2.942859258783857790e+00
2.942859258783857790e+00
2.942859258783857790e+00
2.942859258783857790e+00
2.942859258783857790e+00
2.942859258783857790e+00
2.942859258783857790e+00
2.942859258783857790e+00
2.942859258783857790e+00
2.942859258783857790e+00
2.942859258783857790e+00
2.854604063209856157e+00
2.854604063209856157e+00
2.854604063209856157e+00
2.854604063209856157e+00
2.854604063209856157e+00
2.854604063209856157e+00
2.854604063209856157e+00
2.854604063209856157e+00
2.854604063209856157e+00
2.854604063209856157e+00
2.854604063209856157e+00
2.854604063209856157e+00
2.854604063209856157e+00
2.854604063209856157e+00
2.854604063209856157e+00
2.854604063209856157e+00
2.854604063209856157e+00
2.854604063209856157e+00
2.854604063209856157e+00
2.854604063209856157e+00
2.854604063209856157e+00
2.854604063209856157e+00
2.854604063209856157e+00
2.854604063209856157e+00
2.854604063209856157e+00
2.854604063209856157e+00
2.854604063209856157e+00
2.854604063209856157e+00
2.854604063209856157e+00
2.914631256388085401e+00
2.914631256388085401e+00
2.914631256388085401e+00
2.914631256388085401e+00
2.914631256388085401e+00
2.956496319836149134e+00
2.956496319836149134e+00
2.956496319836149134e+00
2.956496319836149134e+00
2.956496319836149134e+00
2.956496319836149134e+00
2.956496319836149134e+00
2.956496319836149134e+00
2.956496319836149134e+00
2.956496319836149134e+00
2.956496319836149134e+00
2.956496319836149134e+00
2.956496319836149134e+00
2.956496319836149134e+00
2.956496319836149134e+00
2.956496319836149134e+00
2.956496319836149134e+00
2.956496319836149134e+00
2.956496319836149134e+00
2.956496319836149134e+00
2.956496319836149134e+00
2.956496319836149134e+00
2.956496319836149134e+00
2.863312431095338173e+00
2.863312431095338173e+00
2.921247960015886491e+00
2.921247960015886491e+00
2.921247960015886491e+00
2.921247960015886491e+00
2.921247960015886491e+00
2.921247960015886491e+00
2.921247960015886491e+00
2.921247960015886491e+00
2.921247960015886491e+00
2.921247960015886491e+00
2.921247960015886491e+00
2.921247960015886491e+00
2.921247960015886491e+00
2.921247960015886491e+00
2.915972781334545960e+00
2.915972781334545960e+00
2.915972781334545960e+00
2.915972781334545960e+00
2.915972781334545960e+00
2.915972781334545960e+00
2.937589572482728340e+00
2.937589572482728340e+00
2.937589572482728340e+00
2.937589572482728340e+00
2.937589572482728340e+00
2.937589572482728340e+00
2.937589572482728340e+00
2.884026336028319815e+00
2.884026336028319815e+00
2.884026336028319815e+00
2.884026336028319815e+00
2.884026336028319815e+00
2.884026336028319815e+00
2.884026336028319815e+00
2.884026336028319815e+00
2.884026336028319815e+00
2.884026336028319815e+00
2.884026336028319815e+00
2.884026336028319815e+00
2.884026336028319815e+00
2.884026336028319815e+00
2.884026336028319815e+00
2.884026336028319815e+00
2.884026336028319815e+00
2.884026336028319815e+00
2.884026336028319815e+00
2.884026336028319815e+00
2.884026336028319815e+00
2.884026336028319815e+00
2.884026336028319815e+00
2.884026336028319815e+00
2.884026336028319815e+00
2.884026336028319815e+00
2.884026336028319815e+00
2.884026336028319815e+00
2.884026336028319815e+00
2.884026336028319815e+00
2.884026336028319815e+00
2.884026336028319815e+00
2.884026336028319815e+00
2.884026336028319815e+00
2.867661532300221694e+00
2.867661532300221694e+00
2.867661532300221694e+00
2.867661532300221694e+00
2.867661532300221694e+00
2.867661532300221694e+00
2.867661532300221694e+00
2.867661532300221694e+00
2.867661532300221694e+00
2.867661532300221694e+00
2.886552789738580760e+00
2.886552789738580760e+00
2.886552789738580760e+00
2.886552789738580760e+00
2.953050999717610203e+00
2.953050999717610203e+00
2.953050999717610203e+00
2.953050999717610203e+00
2.953050999717610203e+00
2.953050999717610203e+00
2.956529016726369807e+00
2.956529016726369807e+00
2.956529016726369807e+00
2.956529016726369807e+00
2.956529016726369807e+00
2.956529016726369807e+00
2.956529016726369807e+00
2.956529016726369807e+00
2.956529016726369807e+00
2.956529016726369807e+00
2.956529016726369807e+00
2.956529016726369807e+00
2.956529016726369807e+00
2.956529016726369807e+00
2.956529016726369807e+00
2.956529016726369807e+00
2.956529016726369807e+00
2.956529016726369807e+00
2.956529016726369807e+00
2.956529016726369807e+00
2.956529016726369807e+00
2.956529016726369807e+00
2.956529016726369807e+00
2.956529016726369807e+00
2.956529016726369807e+00
2.956529016726369807e+00
2.956529016726369807e+00
2.956529016726369807e+00
2.956529016726369807e+00
2.956529016726369807e+00
2.956529016726369807e+00
2.956529016726369807e+00
2.956529016726369807e+00
2.956529016726369807e+00
2.956529016726369807e+00
2.956529016726369807e+00
2.956529016726369807e+00
2.956529016726369807e+00
2.956529016726369807e+00
2.956529016726369807e+00
2.956529016726369807e+00
2.956529016726369807e+00
2.956529016726369807e+00
2.956529016726369807e+00
2.956529016726369807e+00
2.956529016726369807e+00
2.956529016726369807e+00
2.956529016726369807e+00
2.956529016726369807e+00
2.956529016726369807e+00
2.956529016726369807e+00
2.956529016726369807e+00
2.956529016726369807e+00
2.956529016726369807e+00
2.956529016726369807e+00
2.956529016726369807e+00
2.956529016726369807e+00
2.956529016726369807e+00
2.956529016726369807e+00
2.956529016726369807e+00
2.956529016726369807e+00
2.956529016726369807e+00
2.956529016726369807e+00
2.956529016726369807e+00
2.956529016726369807e+00
2.956529016726369807e+00
2.950981699495092148e+00
2.950981699495092148e+00
2.950981699495092148e+00
2.950981699495092148e+00
2.950981699495092148e+00
2.950981699495092148e+00
2.950981699495092148e+00
2.950981699495092148e+00
2.950981699495092148e+00
2.950981699495092148e+00
2.950981699495092148e+00
2.950981699495092148e+00
2.950981699495092148e+00
2.950981699495092148e+00
2.950981699495092148e+00
2.950981699495092148e+00
2.950981699495092148e+00
2.950981699495092148e+00
2.950981699495092148e+00
2.950981699495092148e+00
2.950981699495092148e+00
2.950981699495092148e+00
2.950981699495092148e+00
2.950981699495092148e+00
2.950981699495092148e+00
2.950981699495092148e+00
2.950981699495092148e+00
2.950981699495092148e+00
2.950981699495092148e+00
2.950981699495092148e+00
2.909838957314553554e+00
2.909838957314553554e+00
2.909838957314553554e+00
2.909838957314553554e+00
2.909838957314553554e+00
2.909838957314553554e+00
2.909838957314553554e+00
2.909838957314553554e+00
2.909838957314553554e+00
2.909838957314553554e+00
2.909838957314553554e+00
2.909838957314553554e+00
2.909838957314553554e+00
2.909838957314553554e+00
2.909838957314553554e+00
2.909838957314553554e+00
2.909838957314553554e+00
2.909838957314553554e+00
2.909838957314553554e+00
2.909838957314553554e+00
2.909838957314553554e+00
2.909838957314553554e+00
2.909838957314553554e+00
2.909838957314553554e+00
2.909838957314553554e+00
2.909838957314553554e+00
2.909838957314553554e+00
2.909838957314553554e+00
2.909838957314553554e+00
2.909838957314553554e+00
2.909838957314553554e+00
2.909838957314553554e+00
2.909838957314553554e+00
2.909838957314553554e+00
2.909838957314553554e+00
2.909838957314553554e+00
2.909838957314553554e+00
2.909838957314553554e+00
2.992256717171082325e+00
2.992256717171082325e+00
2.992256717171082325e+00
2.992256717171082325e+00
2.992256717171082325e+00
2.888484141966364493e+00
2.888484141966364493e+00
2.888484141966364493e+00
2.888484141966364493e+00
2.909653698962415547e+00
2.909653698962415547e+00
2.909653698962415547e+00
2.909653698962415547e+00
2.909653698962415547e+00
2.909653698962415547e+00
2.909653698962415547e+00
2.909653698962415547e+00
2.909653698962415547e+00
2.909653698962415547e+00
2.909653698962415547e+00
2.909653698962415547e+00
2.909653698962415547e+00
2.909653698962415547e+00
2.909653698962415547e+00
2.909653698962415547e+00
2.909653698962415547e+00
2.909653698962415547e+00
2.909653698962415547e+00
2.909653698962415547e+00
2.909653698962415547e+00
2.909653698962415547e+00
2.909653698962415547e+00
2.909653698962415547e+00
2.909653698962415547e+00
2.909653698962415547e+00
2.909653698962415547e+00
2.909653698962415547e+00
2.909653698962415547e+00
2.909653698962415547e+00
2.909653698962415547e+00
2.909653698962415547e+00
2.909653698962415547e+00
2.909653698962415547e+00
2.909653698962415547e+00
2.909653698962415547e+00
2.895109763043751006e+00
2.895109763043751006e+00
2.895109763043751006e+00
2.895109763043751006e+00
2.895109763043751006e+00
2.895109763043751006e+00
2.895109763043751006e+00
2.895109763043751006e+00
2.895109763043751006e+00
2.895109763043751006e+00
2.895109763043751006e+00
2.895109763043751006e+00
2.895109763043751006e+00
2.895109763043751006e+00
2.895109763043751006e+00
2.895109763043751006e+00
2.895109763043751006e+00
2.895109763043751006e+00
2.895109763043751006e+00
2.895109763043751006e+00
2.895109763043751006e+00
2.948239695708740005e+00
2.948239695708740005e+00
2.948239695708740005e+00
2.948239695708740005e+00
2.948239695708740005e+00
2.948239695708740005e+00
2.948239695708740005e+00
2.948239695708740005e+00
2.948239695708740005e+00
2.948239695708740005e+00
2.948239695708740005e+00
2.948239695708740005e+00
2.948239695708740005e+00
2.948239695708740005e+00
2.948239695708740005e+00
2.948239695708740005e+00
2.948239695708740005e+00
2.948239695708740005e+00
2.948239695708740005e+00
2.948239695708740005e+00
2.948239695708740005e+00
2.948239695708740005e+00
2.948239695708740005e+00
2.948239695708740005e+00
2.948239695708740005e+00
2.948239695708740005e+00
2.948239695708740005e+00
2.948239695708740005e+00
2.948239695708740005e+00
2.948239695708740005e+00
2.948239695708740005e+00
2.948239695708740005e+00
2.948239695708740005e+00
2.948239695708740005e+00
2.948239695708740005e+00
2.965903423739311595e+00
2.965903423739311595e+00
2.965903423739311595e+00
2.965903423739311595e+00
2.965903423739311595e+00
2.965903423739311595e+00
2.965903423739311595e+00
2.965903423739311595e+00
2.965903423739311595e+00
2.965903423739311595e+00
2.965903423739311595e+00
2.965903423739311595e+00
2.965903423739311595e+00
2.965903423739311595e+00
2.965903423739311595e+00
2.965903423739311595e+00
2.965903423739311595e+00
2.965903423739311595e+00
2.965903423739311595e+00
2.965903423739311595e+00
2.965903423739311595e+00
2.965903423739311595e+00
2.965903423739311595e+00
2.965903423739311595e+00
2.965903423739311595e+00
2.965903423739311595e+00
2.965903423739311595e+00
2.965903423739311595e+00
2.927876286780741300e+00
2.927876286780741300e+00
2.927876286780741300e+00
2.927876286780741300e+00
2.927876286780741300e+00
2.927876286780741300e+00
2.927876286780741300e+00
2.927876286780741300e+00
2.927876286780741300e+00
2.927876286780741300e+00
2.927876286780741300e+00
2.927876286780741300e+00
2.927876286780741300e+00
2.927876286780741300e+00
2.927876286780741300e+00
2.927876286780741300e+00
2.927876286780741300e+00
2.901213410181224805e+00
2.901213410181224805e+00
2.901213410181224805e+00
2.901213410181224805e+00
2.901213410181224805e+00
2.901213410181224805e+00
2.901213410181224805e+00
2.901213410181224805e+00
2.901213410181224805e+00
2.901213410181224805e+00
2.901213410181224805e+00
2.908820705354953962e+00
2.908820705354953962e+00
2.908820705354953962e+00
2.908820705354953962e+00
2.908820705354953962e+00
2.908820705354953962e+00
2.908820705354953962e+00
2.908820705354953962e+00
2.908820705354953962e+00
2.908820705354953962e+00
2.908820705354953962e+00
2.908820705354953962e+00
2.908820705354953962e+00
2.908820705354953962e+00
2.908820705354953962e+00
2.908820705354953962e+00
2.908820705354953962e+00
2.908820705354953962e+00
2.908820705354953962e+00
2.908820705354953962e+00
2.908820705354953962e+00
2.908820705354953962e+00
2.913338761112950870e+00
2.913338761112950870e+00
2.913338761112950870e+00
2.913338761112950870e+00
2.913338761112950870e+00
2.913338761112950870e+00
2.913338761112950870e+00
2.913338761112950870e+00
2.913338761112950870e+00
2.913338761112950870e+00
2.913338761112950870e+00
2.913338761112950870e+00
2.913338761112950870e+00
2.913338761112950870e+00
2.913338761112950870e+00
2.913338761112950870e+00
2.913338761112950870e+00
2.913338761112950870e+00
2.913338761112950870e+00
2.913338761112950870e+00
2.913338761112950870e+00
2.913338761112950870e+00
2.913338761112950870e+00
2.913338761112950870e+00
2.913338761112950870e+00
2.913338761112950870e+00
2.913338761112950870e+00
2.913338761112950870e+00
2.913338761112950870e+00
2.913338761112950870e+00
2.913338761112950870e+00
2.913338761112950870e+00
2.913338761112950870e+00
2.913338761112950870e+00
2.913338761112950870e+00
2.913338761112950870e+00
2.913338761112950870e+00
2.913338761112950870e+00
2.913338761112950870e+00
2.913338761112950870e+00
2.913338761112950870e+00
2.913338761112950870e+00
2.913338761112950870e+00
2.913338761112950870e+00
2.913338761112950870e+00
2.913338761112950870e+00
2.913338761112950870e+00
2.913338761112950870e+00
2.913338761112950870e+00
2.913338761112950870e+00
2.913338761112950870e+00
2.913338761112950870e+00
2.913338761112950870e+00
2.913338761112950870e+00
2.913338761112950870e+00
2.913338761112950870e+00
2.918090519818244744e+00
2.918090519818244744e+00
2.918090519818244744e+00
2.918090519818244744e+00
2.918090519818244744e+00
2.918090519818244744e+00
2.918090519818244744e+00
2.918090519818244744e+00
2.918090519818244744e+00
2.918090519818244744e+00
2.918090519818244744e+00
2.918090519818244744e+00
2.918090519818244744e+00
2.918090519818244744e+00
2.918090519818244744e+00
2.918090519818244744e+00
2.918090519818244744e+00
2.918090519818244744e+00
2.918090519818244744e+00
2.918090519818244744e+00
2.918090519818244744e+00
2.918090519818244744e+00
2.918090519818244744e+00
2.918090519818244744e+00
2.918090519818244744e+00
2.918090519818244744e+00
2.918090519818244744e+00
2.918090519818244744e+00
2.918090519818244744e+00
2.918090519818244744e+00
2.918090519818244744e+00
2.918090519818244744e+00
2.918090519818244744e+00
2.918090519818244744e+00
2.918090519818244744e+00
2.918090519818244744e+00
2.918090519818244744e+00
2.918090519818244744e+00
2.918090519818244744e+00
2.918090519818244744e+00
2.918090519818244744e+00
2.918090519818244744e+00
2.918090519818244744e+00
2.918090519818244744e+00
2.918090519818244744e+00
2.938007461202094106e+00
2.938007461202094106e+00
2.938007461202094106e+00
2.938007461202094106e+00
2.938007461202094106e+00
2.938007461202094106e+00
2.938007461202094106e+00
2.938007461202094106e+00
2.938007461202094106e+00
2.938007461202094106e+00
2.938007461202094106e+00
2.938007461202094106e+00
2.938007461202094106e+00
2.938007461202094106e+00
2.938007461202094106e+00
2.938007461202094106e+00
2.938007461202094106e+00
2.938007461202094106e+00
2.938007461202094106e+00
2.938007461202094106e+00
2.938007461202094106e+00
2.938007461202094106e+00
2.938007461202094106e+00
2.938007461202094106e+00
2.938007461202094106e+00
2.938007461202094106e+00
2.938007461202094106e+00
2.922076778865163593e+00
2.922076778865163593e+00
2.922076778865163593e+00
2.922076778865163593e+00
2.922076778865163593e+00
2.922076778865163593e+00
2.922076778865163593e+00
2.922076778865163593e+00
2.930356722706332295e+00
2.930356722706332295e+00
2.930356722706332295e+00
2.930356722706332295e+00
2.930356722706332295e+00
2.930356722706332295e+00
2.930356722706332295e+00
2.930356722706332295e+00
2.930356722706332295e+00
2.930356722706332295e+00
2.930356722706332295e+00
2.930356722706332295e+00
2.930356722706332295e+00
2.930356722706332295e+00
2.930356722706332295e+00
2.930356722706332295e+00
2.930356722706332295e+00
2.930356722706332295e+00
2.930356722706332295e+00
2.930356722706332295e+00
2.930356722706332295e+00
2.930356722706332295e+00
2.930356722706332295e+00
2.930356722706332295e+00
2.930356722706332295e+00
2.930356722706332295e+00
2.930356722706332295e+00
2.930356722706332295e+00
2.930356722706332295e+00
2.930356722706332295e+00
2.930356722706332295e+00
2.930356722706332295e+00
2.930356722706332295e+00
2.930356722706332295e+00
2.930356722706332295e+00
2.930356722706332295e+00
2.930356722706332295e+00
2.930356722706332295e+00
2.930356722706332295e+00
2.930356722706332295e+00
2.930356722706332295e+00
2.930356722706332295e+00
2.930356722706332295e+00
2.930356722706332295e+00
2.930356722706332295e+00
2.930356722706332295e+00
2.930356722706332295e+00
2.930356722706332295e+00
2.930356722706332295e+00
2.930356722706332295e+00
2.930356722706332295e+00
2.930356722706332295e+00
2.930356722706332295e+00
2.930356722706332295e+00
2.930356722706332295e+00
2.930356722706332295e+00
2.930356722706332295e+00
2.930356722706332295e+00
2.930356722706332295e+00
2.930356722706332295e+00
2.930356722706332295e+00
2.922470551785310011e+00
2.922470551785310011e+00
2.922470551785310011e+00
2.922470551785310011e+00
2.922470551785310011e+00
2.922470551785310011e+00
2.922470551785310011e+00
2.922470551785310011e+00
2.922470551785310011e+00
2.922470551785310011e+00
2.922470551785310011e+00
2.922470551785310011e+00
2.922470551785310011e+00
2.922470551785310011e+00
2.922470551785310011e+00
2.922470551785310011e+00
2.922470551785310011e+00
2.922470551785310011e+00
2.922470551785310011e+00
2.922470551785310011e+00
2.922470551785310011e+00
2.922470551785310011e+00
2.922470551785310011e+00
2.922470551785310011e+00
2.922470551785310011e+00
2.922470551785310011e+00
2.922470551785310011e+00
2.922470551785310011e+00
2.922470551785310011e+00
2.922470551785310011e+00
2.922470551785310011e+00
2.922470551785310011e+00
2.922470551785310011e+00
2.922470551785310011e+00
2.922470551785310011e+00
2.922470551785310011e+00
2.922470551785310011e+00
2.922470551785310011e+00
2.922470551785310011e+00
2.922470551785310011e+00
2.922470551785310011e+00
2.922470551785310011e+00
2.922470551785310011e+00
2.922470551785310011e+00
2.922470551785310011e+00
2.922470551785310011e+00
2.922470551785310011e+00
2.922470551785310011e+00
2.922470551785310011e+00
2.922470551785310011e+00
2.922470551785310011e+00
2.922470551785310011e+00
2.922470551785310011e+00
2.922470551785310011e+00
2.922470551785310011e+00
2.922470551785310011e+00
2.922470551785310011e+00
2.922470551785310011e+00
2.922470551785310011e+00
2.922470551785310011e+00
2.922470551785310011e+00
2.922470551785310011e+00
2.922470551785310011e+00
2.922470551785310011e+00
2.922470551785310011e+00
2.922470551785310011e+00
2.922470551785310011e+00
2.922470551785310011e+00
2.922470551785310011e+00
2.922470551785310011e+00
2.922470551785310011e+00
2.922470551785310011e+00
2.922470551785310011e+00
2.922470551785310011e+00
2.922470551785310011e+00
2.922470551785310011e+00
2.922470551785310011e+00
2.922470551785310011e+00
2.922470551785310011e+00
2.922470551785310011e+00
2.922470551785310011e+00
2.922470551785310011e+00
2.922470551785310011e+00
2.922470551785310011e+00
2.922470551785310011e+00
2.922470551785310011e+00
2.922470551785310011e+00
2.922470551785310011e+00
2.922470551785310011e+00
2.922470551785310011e+00
2.922470551785310011e+00
2.922470551785310011e+00
2.922470551785310011e+00
2.922470551785310011e+00
2.922470551785310011e+00
2.922470551785310011e+00
2.922470551785310011e+00
2.922470551785310011e+00
2.922470551785310011e+00
2.922470551785310011e+00
2.922470551785310011e+00
2.922470551785310011e+00
2.939901377591028098e+00
2.939901377591028098e+00
2.939901377591028098e+00
2.939901377591028098e+00
2.939901377591028098e+00
2.939901377591028098e+00
2.939901377591028098e+00
2.939901377591028098e+00
2.939901377591028098e+00
2.939901377591028098e+00
2.939901377591028098e+00
2.939901377591028098e+00
2.939901377591028098e+00
2.939901377591028098e+00
2.939901377591028098e+00
2.939901377591028098e+00
2.939901377591028098e+00
2.939901377591028098e+00
2.939901377591028098e+00
2.939901377591028098e+00
2.939901377591028098e+00
2.939901377591028098e+00
2.939901377591028098e+00
2.939901377591028098e+00
2.939901377591028098e+00
2.939901377591028098e+00
2.939901377591028098e+00
2.939901377591028098e+00
2.939901377591028098e+00
2.939901377591028098e+00
2.939901377591028098e+00
2.939901377591028098e+00
2.939901377591028098e+00
2.939901377591028098e+00
2.939901377591028098e+00
2.939901377591028098e+00
2.939901377591028098e+00
2.939901377591028098e+00
2.939901377591028098e+00
2.939901377591028098e+00
2.939901377591028098e+00
2.939901377591028098e+00
2.939901377591028098e+00
2.939901377591028098e+00
2.939901377591028098e+00
2.939901377591028098e+00
2.977317775634828578e+00
2.901993755247080475e+00
2.901993755247080475e+00
2.901993755247080475e+00
2.901993755247080475e+00
2.901993755247080475e+00
2.901993755247080475e+00
2.901993755247080475e+00
2.901993755247080475e+00
2.901993755247080475e+00
2.901993755247080475e+00
2.901993755247080475e+00
2.949834901138110421e+00
2.949834901138110421e+00
2.949834901138110421e+00
2.949834901138110421e+00
2.949834901138110421e+00
2.949834901138110421e+00
2.949834901138110421e+00
2.949834901138110421e+00
2.949834901138110421e+00
2.949834901138110421e+00
2.949834901138110421e+00
2.949834901138110421e+00
2.949834901138110421e+00
2.949834901138110421e+00
2.949834901138110421e+00
2.949834901138110421e+00
2.949834901138110421e+00
2.949834901138110421e+00
2.949834901138110421e+00
2.949834901138110421e+00
2.949834901138110421e+00
2.976101956532933634e+00
2.976101956532933634e+00
2.976101956532933634e+00
2.976101956532933634e+00
2.976101956532933634e+00
2.976101956532933634e+00
2.976101956532933634e+00
2.976101956532933634e+00
2.943618338564381709e+00
2.943618338564381709e+00
2.943618338564381709e+00
2.943618338564381709e+00
2.943618338564381709e+00
2.943618338564381709e+00
2.943618338564381709e+00
2.943618338564381709e+00
2.943618338564381709e+00
2.943618338564381709e+00
2.943618338564381709e+00
2.943618338564381709e+00
2.943618338564381709e+00
2.943618338564381709e+00
2.943618338564381709e+00
2.943618338564381709e+00
2.943618338564381709e+00
2.943618338564381709e+00
2.943618338564381709e+00
2.993534028594317054e+00
2.993534028594317054e+00
2.993534028594317054e+00
2.993534028594317054e+00
2.993534028594317054e+00
2.993534028594317054e+00
2.993534028594317054e+00
2.963180596413694801e+00
2.963180596413694801e+00
2.963180596413694801e+00
2.963180596413694801e+00
2.963180596413694801e+00
2.963180596413694801e+00
2.963180596413694801e+00
2.963180596413694801e+00
2.967206687584411196e+00
2.967206687584411196e+00
2.967206687584411196e+00
2.967206687584411196e+00
2.967206687584411196e+00
2.967206687584411196e+00
2.967206687584411196e+00
2.967206687584411196e+00
2.865729571073052373e+00
2.865729571073052373e+00
2.865729571073052373e+00
2.646035143301033177e+00
2.646035143301033177e+00
2.646035143301033177e+00
2.646035143301033177e+00
2.646035143301033177e+00
2.646035143301033177e+00
2.646035143301033177e+00
2.646035143301033177e+00
2.646035143301033177e+00
2.646035143301033177e+00
2.646035143301033177e+00
2.646035143301033177e+00
2.646035143301033177e+00
2.646035143301033177e+00
2.646035143301033177e+00
2.646035143301033177e+00
2.646035143301033177e+00
2.646035143301033177e+00
2.646035143301033177e+00
2.646035143301033177e+00
2.646035143301033177e+00
2.646035143301033177e+00
2.646035143301033177e+00
2.646035143301033177e+00
2.646035143301033177e+00
2.646035143301033177e+00
2.646035143301033177e+00
2.646035143301033177e+00
2.646035143301033177e+00
2.646035143301033177e+00
2.646035143301033177e+00
2.646035143301033177e+00
2.646035143301033177e+00
2.646035143301033177e+00
2.646035143301033177e+00
2.646035143301033177e+00
2.646035143301033177e+00
2.646035143301033177e+00
2.646035143301033177e+00
2.646035143301033177e+00
2.617703281766153633e+00
2.617703281766153633e+00
2.617703281766153633e+00
2.625535990429206379e+00
2.625535990429206379e+00
2.625535990429206379e+00
2.625535990429206379e+00
2.625535990429206379e+00
2.625535990429206379e+00
2.625535990429206379e+00
2.625535990429206379e+00
2.625535990429206379e+00
2.625535990429206379e+00
2.625535990429206379e+00
2.625535990429206379e+00
2.625535990429206379e+00
2.625535990429206379e+00
2.625535990429206379e+00
2.625535990429206379e+00
2.625535990429206379e+00
2.625535990429206379e+00
2.625535990429206379e+00
2.625535990429206379e+00
2.625535990429206379e+00
2.625535990429206379e+00
2.625535990429206379e+00
2.625535990429206379e+00
2.625535990429206379e+00
2.625535990429206379e+00
2.697911019734696936e+00
2.697911019734696936e+00
2.697911019734696936e+00
2.697911019734696936e+00
2.685684975626895454e+00
2.685684975626895454e+00
2.648433897319908414e+00
2.648433897319908414e+00
2.648433897319908414e+00
2.669531167800227145e+00
2.669531167800227145e+00
2.669531167800227145e+00
2.669531167800227145e+00
2.669531167800227145e+00
2.669531167800227145e+00
2.669531167800227145e+00
2.669531167800227145e+00
2.669531167800227145e+00
2.631949404516411128e+00
2.631949404516411128e+00
2.631949404516411128e+00
2.631949404516411128e+00
2.631949404516411128e+00
2.631949404516411128e+00
2.631949404516411128e+00
2.631949404516411128e+00
2.631949404516411128e+00
2.631949404516411128e+00
2.631949404516411128e+00
2.631949404516411128e+00
2.631949404516411128e+00
2.631949404516411128e+00
2.631949404516411128e+00
2.631949404516411128e+00
2.631949404516411128e+00
2.631949404516411128e+00
2.631949404516411128e+00
2.631949404516411128e+00
2.631949404516411128e+00
2.631949404516411128e+00
2.631949404516411128e+00
2.631949404516411128e+00
2.631949404516411128e+00
2.631949404516411128e+00
2.631949404516411128e+00
2.631949404516411128e+00
2.631949404516411128e+00
2.631949404516411128e+00
2.631949404516411128e+00
2.631949404516411128e+00
2.631949404516411128e+00
2.631949404516411128e+00
2.631949404516411128e+00
2.631949404516411128e+00
2.631949404516411128e+00
2.631949404516411128e+00
2.631949404516411128e+00
2.631949404516411128e+00
2.631949404516411128e+00
2.631949404516411128e+00
2.631949404516411128e+00
2.631949404516411128e+00
2.631949404516411128e+00
2.631949404516411128e+00
2.631949404516411128e+00
2.631949404516411128e+00
2.626859933109753520e+00
2.626859933109753520e+00
2.626859933109753520e+00
2.626859933109753520e+00
2.626859933109753520e+00
2.626859933109753520e+00
2.626859933109753520e+00
2.626859933109753520e+00
2.585524873249730682e+00
2.585524873249730682e+00
2.563360099250121316e+00
2.563360099250121316e+00
2.566785627262189617e+00
2.566785627262189617e+00
2.572143377695501165e+00
2.572143377695501165e+00
2.572143377695501165e+00
2.572143377695501165e+00
2.572143377695501165e+00
2.572143377695501165e+00
2.572143377695501165e+00
2.572143377695501165e+00
2.572143377695501165e+00
2.572143377695501165e+00
2.572143377695501165e+00
2.572143377695501165e+00
2.572143377695501165e+00
2.556131423953225124e+00
2.556131423953225124e+00
2.556131423953225124e+00
2.582191568829289352e+00
2.568273750142822553e+00
2.568273750142822553e+00
2.568273750142822553e+00
2.568273750142822553e+00
2.568273750142822553e+00
2.568273750142822553e+00
2.568273750142822553e+00
2.568273750142822553e+00
2.568273750142822553e+00
2.568273750142822553e+00
2.568273750142822553e+00
2.568273750142822553e+00
2.568273750142822553e+00
2.568273750142822553e+00
2.568273750142822553e+00
2.568273750142822553e+00
2.568273750142822553e+00
2.568273750142822553e+00
2.568273750142822553e+00
2.568273750142822553e+00
2.568273750142822553e+00
2.568273750142822553e+00
2.568273750142822553e+00
2.568273750142822553e+00
2.568273750142822553e+00
2.568273750142822553e+00
2.568273750142822553e+00
2.568273750142822553e+00
2.568273750142822553e+00
2.568273750142822553e+00
2.568273750142822553e+00
2.568273750142822553e+00
2.568273750142822553e+00
2.568273750142822553e+00
2.568273750142822553e+00
2.568273750142822553e+00
2.568273750142822553e+00
2.568273750142822553e+00
2.568273750142822553e+00
2.580457327422083225e+00
2.580457327422083225e+00
2.580457327422083225e+00
2.580457327422083225e+00
2.580457327422083225e+00
2.580457327422083225e+00
2.580457327422083225e+00
2.580457327422083225e+00
2.580457327422083225e+00
2.580457327422083225e+00
2.580457327422083225e+00
2.580457327422083225e+00
2.580457327422083225e+00
2.580457327422083225e+00
2.580457327422083225e+00
2.580457327422083225e+00
2.580457327422083225e+00
2.580457327422083225e+00
2.580457327422083225e+00
2.580457327422083225e+00
2.580457327422083225e+00
2.580457327422083225e+00
2.580457327422083225e+00
2.580457327422083225e+00
2.580457327422083225e+00
2.580457327422083225e+00
2.580457327422083225e+00
2.598429243082102325e+00
2.598429243082102325e+00
2.598429243082102325e+00
2.598429243082102325e+00
2.598429243082102325e+00
2.598429243082102325e+00
2.598429243082102325e+00
2.654868986830243305e+00
2.654868986830243305e+00
2.654868986830243305e+00
2.654868986830243305e+00
2.654868986830243305e+00
2.654868986830243305e+00
2.654868986830243305e+00
2.654868986830243305e+00
2.654868986830243305e+00
2.654868986830243305e+00
2.654868986830243305e+00
2.654868986830243305e+00
2.654868986830243305e+00
2.654868986830243305e+00
2.654868986830243305e+00
2.654868986830243305e+00
2.654868986830243305e+00
2.654868986830243305e+00
2.654868986830243305e+00
2.654868986830243305e+00
2.654868986830243305e+00
2.654868986830243305e+00
2.646574907845780977e+00
2.646574907845780977e+00
2.646574907845780977e+00
2.646574907845780977e+00
2.646574907845780977e+00
2.646574907845780977e+00
2.646574907845780977e+00
2.646574907845780977e+00
2.646574907845780977e+00
2.646574907845780977e+00
2.646574907845780977e+00
2.646574907845780977e+00
2.646574907845780977e+00
2.646574907845780977e+00
2.646574907845780977e+00
2.646574907845780977e+00
2.646574907845780977e+00
2.646574907845780977e+00
2.646574907845780977e+00
2.646574907845780977e+00
2.646574907845780977e+00
2.646574907845780977e+00
2.646574907845780977e+00
2.646574907845780977e+00
2.646574907845780977e+00
2.646574907845780977e+00
2.646574907845780977e+00
2.646574907845780977e+00
2.646574907845780977e+00
2.646574907845780977e+00
2.646574907845780977e+00
2.646574907845780977e+00
2.646574907845780977e+00
2.646574907845780977e+00
2.646574907845780977e+00
2.646574907845780977e+00
2.646574907845780977e+00
2.646574907845780977e+00
2.646574907845780977e+00
2.779539584150504616e+00
2.779539584150504616e+00
2.779539584150504616e+00
2.779539584150504616e+00
2.779539584150504616e+00
2.779539584150504616e+00
2.779539584150504616e+00
2.779539584150504616e+00
2.779539584150504616e+00
2.779539584150504616e+00
2.779539584150504616e+00
2.779539584150504616e+00
2.779539584150504616e+00
2.779539584150504616e+00
2.798287803624710968e+00
2.798287803624710968e+00
2.798287803624710968e+00
2.798287803624710968e+00
2.798287803624710968e+00
2.798287803624710968e+00
2.798287803624710968e+00
2.798287803624710968e+00
2.798287803624710968e+00
2.798287803624710968e+00
2.798287803624710968e+00
2.798287803624710968e+00
2.798287803624710968e+00
2.798287803624710968e+00
2.798287803624710968e+00
2.798287803624710968e+00
2.798287803624710968e+00
2.798287803624710968e+00
2.798287803624710968e+00
2.798287803624710968e+00
2.798287803624710968e+00
2.798287803624710968e+00
2.798287803624710968e+00
2.798287803624710968e+00
2.798287803624710968e+00
2.798287803624710968e+00
2.798287803624710968e+00
2.798287803624710968e+00
2.798287803624710968e+00
2.798287803624710968e+00
2.798287803624710968e+00
2.798287803624710968e+00
2.776693398850804240e+00
2.776693398850804240e+00
2.776693398850804240e+00
2.776693398850804240e+00
2.776693398850804240e+00
2.776693398850804240e+00
2.776693398850804240e+00
2.776693398850804240e+00
2.776693398850804240e+00
2.776693398850804240e+00
2.776693398850804240e+00
2.776693398850804240e+00
2.776693398850804240e+00
2.776693398850804240e+00
2.776693398850804240e+00
2.819238562665733028e+00
2.819238562665733028e+00
2.819238562665733028e+00
2.819238562665733028e+00
2.819238562665733028e+00
2.819238562665733028e+00
2.819238562665733028e+00
2.868490888160844410e+00
2.868490888160844410e+00
2.868490888160844410e+00
2.868490888160844410e+00
2.868490888160844410e+00
2.868490888160844410e+00
2.868490888160844410e+00
2.868490888160844410e+00
2.736091778215717696e+00
2.736091778215717696e+00
2.736091778215717696e+00
2.736091778215717696e+00
2.736091778215717696e+00
2.736091778215717696e+00
2.791019794997016135e+00
2.791019794997016135e+00
2.791019794997016135e+00
2.791019794997016135e+00
2.791019794997016135e+00
2.791019794997016135e+00
2.791019794997016135e+00
2.791019794997016135e+00
2.791019794997016135e+00
2.791019794997016135e+00
2.734379521271597557e+00
2.758214200471780675e+00
2.758214200471780675e+00
2.758214200471780675e+00
2.738334300160263801e+00
2.738334300160263801e+00
2.738334300160263801e+00
2.738334300160263801e+00
2.738334300160263801e+00
2.738334300160263801e+00
2.799641689750601348e+00
2.799641689750601348e+00
2.799641689750601348e+00
2.799641689750601348e+00
2.799641689750601348e+00
2.799641689750601348e+00
2.799641689750601348e+00
2.799641689750601348e+00
2.799641689750601348e+00
2.799731876879713255e+00
2.799731876879713255e+00
2.799731876879713255e+00
2.838198251280398487e+00
2.739690587458255777e+00
2.739690587458255777e+00
2.739690587458255777e+00
2.739690587458255777e+00
2.739690587458255777e+00
2.739690587458255777e+00
2.739690587458255777e+00
2.739690587458255777e+00
2.739690587458255777e+00
2.739690587458255777e+00
2.739690587458255777e+00
2.739690587458255777e+00
2.739690587458255777e+00
2.739690587458255777e+00
2.739690587458255777e+00
2.739690587458255777e+00
2.739690587458255777e+00
2.739690587458255777e+00
2.739690587458255777e+00
2.739690587458255777e+00
2.739690587458255777e+00
2.739690587458255777e+00
2.739690587458255777e+00
2.739690587458255777e+00
2.739690587458255777e+00
2.739690587458255777e+00
2.739690587458255777e+00
2.739690587458255777e+00
2.739690587458255777e+00
2.695794430311843737e+00
2.695794430311843737e+00
2.695794430311843737e+00
2.695794430311843737e+00
2.695794430311843737e+00
2.695794430311843737e+00
2.695794430311843737e+00
2.695794430311843737e+00
2.695794430311843737e+00
2.695794430311843737e+00
2.695794430311843737e+00
2.695794430311843737e+00
2.695794430311843737e+00
2.695794430311843737e+00
2.695794430311843737e+00
2.695794430311843737e+00
2.695794430311843737e+00
2.695794430311843737e+00
2.695794430311843737e+00
2.695794430311843737e+00
2.695794430311843737e+00
2.695794430311843737e+00
2.695794430311843737e+00
2.695794430311843737e+00
2.695794430311843737e+00
2.695794430311843737e+00
2.695794430311843737e+00
2.695794430311843737e+00
2.695794430311843737e+00
2.695794430311843737e+00
2.695794430311843737e+00
2.695794430311843737e+00
2.695794430311843737e+00
2.695794430311843737e+00
2.695794430311843737e+00
2.695794430311843737e+00
2.695794430311843737e+00
2.695794430311843737e+00
2.695794430311843737e+00
2.695794430311843737e+00
2.695794430311843737e+00
2.695794430311843737e+00
2.695794430311843737e+00
2.695794430311843737e+00
2.695794430311843737e+00
2.695794430311843737e+00
2.695794430311843737e+00
2.695794430311843737e+00
2.695794430311843737e+00
2.695794430311843737e+00
2.695794430311843737e+00
2.695794430311843737e+00
2.695794430311843737e+00
2.695794430311843737e+00
2.705730591805475704e+00
2.705730591805475704e+00
2.705730591805475704e+00
2.705730591805475704e+00
2.705730591805475704e+00
2.705730591805475704e+00
2.705730591805475704e+00
2.705730591805475704e+00
2.705730591805475704e+00
2.705730591805475704e+00
2.705730591805475704e+00
2.705730591805475704e+00
2.705730591805475704e+00
2.705730591805475704e+00
2.705730591805475704e+00
2.705730591805475704e+00
2.678368314840153364e+00
2.678368314840153364e+00
2.678368314840153364e+00
2.689652293877887068e+00
2.689652293877887068e+00
2.689652293877887068e+00
2.689652293877887068e+00
2.689652293877887068e+00
2.689383923371651886e+00
2.689383923371651886e+00
2.689383923371651886e+00
2.689383923371651886e+00
2.687188863957320706e+00
2.687188863957320706e+00
2.697200096469002606e+00
2.697200096469002606e+00
2.693675480965557423e+00
2.693675480965557423e+00
2.707346847055086769e+00
2.707346847055086769e+00
2.707346847055086769e+00
2.707346847055086769e+00
2.679711104495909879e+00
2.679711104495909879e+00
2.679711104495909879e+00
2.688374431203556014e+00
2.688374431203556014e+00
2.688374431203556014e+00
2.688374431203556014e+00
2.688374431203556014e+00
2.688374431203556014e+00
2.688374431203556014e+00
2.688374431203556014e+00
2.688374431203556014e+00
2.688374431203556014e+00
2.688374431203556014e+00
2.688374431203556014e+00
2.688374431203556014e+00
2.688374431203556014e+00
2.688374431203556014e+00
2.674501720401785132e+00
2.674501720401785132e+00
2.674501720401785132e+00
2.674501720401785132e+00
2.674501720401785132e+00
2.674501720401785132e+00
2.674501720401785132e+00
2.674501720401785132e+00
2.674501720401785132e+00
2.674501720401785132e+00
2.674501720401785132e+00
2.674501720401785132e+00
2.674501720401785132e+00
2.674501720401785132e+00
2.674501720401785132e+00
2.672601727445306885e+00
2.672601727445306885e+00
2.672601727445306885e+00
2.672601727445306885e+00
2.672601727445306885e+00
2.672601727445306885e+00
2.672601727445306885e+00
2.672601727445306885e+00
2.672601727445306885e+00
2.672601727445306885e+00
2.672601727445306885e+00
2.672601727445306885e+00
2.672601727445306885e+00
2.672601727445306885e+00
2.672601727445306885e+00
2.672601727445306885e+00
2.672601727445306885e+00
2.672601727445306885e+00
2.672601727445306885e+00
2.672601727445306885e+00
2.672601727445306885e+00
2.672601727445306885e+00
2.672601727445306885e+00
2.672601727445306885e+00
2.672601727445306885e+00
2.672601727445306885e+00
2.672601727445306885e+00
2.672601727445306885e+00
2.672601727445306885e+00
2.672601727445306885e+00
2.672601727445306885e+00
2.672601727445306885e+00
2.672601727445306885e+00
2.672601727445306885e+00
2.672601727445306885e+00
2.672601727445306885e+00
2.768994072619988422e+00
2.634796527814055267e+00
2.634796527814055267e+00
2.634796527814055267e+00
2.634796527814055267e+00
2.634796527814055267e+00
2.634796527814055267e+00
2.634796527814055267e+00
2.634796527814055267e+00
2.634796527814055267e+00
2.634796527814055267e+00
2.634796527814055267e+00
2.634796527814055267e+00
2.634796527814055267e+00
2.634796527814055267e+00
2.634796527814055267e+00
2.634796527814055267e+00
