# Variable: HP_radius
# Sample shape: (2565,)
# Date: 2013-03-08 06:18:14.547257
1.000000000000000000e+00
1.000000000000000000e+00
2.548303114108040557e+00
1.907016996188343416e+00
1.578434252151272421e+00
1.744747337427041245e+00
1.530698298513671007e+00
1.530698298513671007e+00
1.530698298513671007e+00
1.318279654534640022e+00
1.318279654534640022e+00
1.318279654534640022e+00
1.671621833044187655e+00
1.671621833044187655e+00
1.671621833044187655e+00
1.677527834284961106e+00
1.377974333382751659e+00
1.377974333382751659e+00
1.377974333382751659e+00
2.068447191129477503e+00
2.799576982239348588e+00
2.799576982239348588e+00
2.762516869078000425e+00
2.762516869078000425e+00
2.762516869078000425e+00
2.026239115218324560e+00
1.345967414221640679e+00
2.587202564642996361e+00
2.587202564642996361e+00
1.890276197536949088e+00
1.890276197536949088e+00
1.890276197536949088e+00
1.890276197536949088e+00
1.890276197536949088e+00
1.890276197536949088e+00
1.025489193347426387e+00
1.025489193347426387e+00
1.025489193347426387e+00
1.025489193347426387e+00
1.025489193347426387e+00
1.025489193347426387e+00
1.025489193347426387e+00
1.025489193347426387e+00
1.632120607870759965e+00
1.632120607870759965e+00
1.632120607870759965e+00
1.770952254410391280e+00
2.616474671934732044e+00
2.204561196574303494e+00
2.247976852151682081e+00
2.247976852151682081e+00
2.247976852151682081e+00
1.642104942505027587e+00
1.269568471117378694e+00
1.269568471117378694e+00
1.269568471117378694e+00
1.832460676844039682e+00
1.634392726922142547e+00
2.464364012129218739e+00
1.075822214920999276e+00
1.075822214920999276e+00
1.234274148789985759e+00
1.839053777439932702e+00
1.747936913612368359e+00
1.747936913612368359e+00
1.747936913612368359e+00
1.477500226369134584e+00
2.157543829474537045e+00
2.683289168177854567e+00
2.683289168177854567e+00
2.683289168177854567e+00
2.683289168177854567e+00
1.541511128487238480e+00
1.541511128487238480e+00
2.617678988078143032e+00
2.617678988078143032e+00
2.617678988078143032e+00
2.617678988078143032e+00
2.617678988078143032e+00
2.617678988078143032e+00
2.772836994410605271e+00
2.772836994410605271e+00
2.772836994410605271e+00
1.332579017276526390e+00
1.976083604374606395e+00
1.523162547359232066e+00
1.523162547359232066e+00
1.523162547359232066e+00
1.523162547359232066e+00
2.083855012025301878e+00
2.083855012025301878e+00
2.083855012025301878e+00
1.298601528787795445e+00
1.714121597295561017e+00
1.595748722444078949e+00
1.595748722444078949e+00
1.138703056843148875e+00
1.769146636117880700e+00
2.853254752308099107e+00
2.620497369407213117e+00
2.620497369407213117e+00
1.726634089606694289e+00
1.726634089606694289e+00
1.158623522687537655e+00
1.158623522687537655e+00
1.090347276078730276e+00
1.325581198061407617e+00
1.247795822910961805e+00
1.470998346859515360e+00
1.172290770641071012e+00
1.561800524760641018e+00
1.518786375587757531e+00
1.518786375587757531e+00
1.939057738644797801e+00
1.662367116545791390e+00
1.662367116545791390e+00
2.361256836174018936e+00
2.361256836174018936e+00
2.361256836174018936e+00
1.977711275227016285e+00
2.902895314524625014e+00
2.902895314524625014e+00
2.902895314524625014e+00
2.902895314524625014e+00
2.919161100609546811e+00
2.919161100609546811e+00
2.278131017899257760e+00
2.278131017899257760e+00
1.448060120111894111e+00
2.464691729781119722e+00
2.464691729781119722e+00
2.464691729781119722e+00
2.476948062936691120e+00
2.476948062936691120e+00
2.476948062936691120e+00
2.476948062936691120e+00
2.476948062936691120e+00
2.957563525680301009e+00
2.957563525680301009e+00
2.957563525680301009e+00
2.743761442234283532e+00
2.743761442234283532e+00
2.743761442234283532e+00
2.658306976653656672e+00
2.658306976653656672e+00
2.658306976653656672e+00
2.658306976653656672e+00
2.658306976653656672e+00
2.801765183207432397e+00
1.942541465664716860e+00
1.682776862466228263e+00
2.254299048147601070e+00
2.067745465408331373e+00
2.067745465408331373e+00
2.236081041223371368e+00
2.705062462936257184e+00
2.705062462936257184e+00
2.705062462936257184e+00
2.613642392591172037e+00
2.885109405341536259e+00
2.793686847974648391e+00
2.793686847974648391e+00
2.793686847974648391e+00
2.793686847974648391e+00
2.945942622240685704e+00
2.755602298572151110e+00
2.755602298572151110e+00
2.683619505871331246e+00
1.454717170905046153e+00
1.454717170905046153e+00
1.208977849560312956e+00
1.208977849560312956e+00
1.585920218904905532e+00
1.585920218904905532e+00
1.585920218904905532e+00
1.585920218904905532e+00
1.620393128339322919e+00
1.939692386923907552e+00
1.313081886358765660e+00
1.422675228457925156e+00
1.422675228457925156e+00
1.422675228457925156e+00
1.422675228457925156e+00
1.451537563687323118e+00
1.451537563687323118e+00
1.451537563687323118e+00
1.451537563687323118e+00
1.297137398978665201e+00
1.297137398978665201e+00
1.297137398978665201e+00
1.093395761589556647e+00
1.396794705235564260e+00
1.392671334104873981e+00
1.392671334104873981e+00
1.392671334104873981e+00
1.392671334104873981e+00
1.392671334104873981e+00
1.392671334104873981e+00
1.162787513422705032e+00
1.162787513422705032e+00
1.162787513422705032e+00
1.162787513422705032e+00
1.162787513422705032e+00
1.162787513422705032e+00
1.162787513422705032e+00
1.162787513422705032e+00
1.162787513422705032e+00
1.162787513422705032e+00
1.162787513422705032e+00
1.162787513422705032e+00
1.162787513422705032e+00
1.162787513422705032e+00
1.162787513422705032e+00
1.162787513422705032e+00
1.162787513422705032e+00
1.162787513422705032e+00
1.162787513422705032e+00
1.162787513422705032e+00
1.162787513422705032e+00
1.162787513422705032e+00
1.428694874352520294e+00
1.976404364689179349e+00
1.976404364689179349e+00
2.044599915833814840e+00
1.998427867479476649e+00
1.998427867479476649e+00
2.354872156438684527e+00
2.906314669494197922e+00
2.809072135168737994e+00
1.985737366054578068e+00
1.985737366054578068e+00
1.860144435412339980e+00
2.054680464319891708e+00
1.904470332300407298e+00
1.904470332300407298e+00
1.904470332300407298e+00
1.904470332300407298e+00
1.904470332300407298e+00
1.904470332300407298e+00
1.317409942203767947e+00
1.317409942203767947e+00
1.748983189774619085e+00
1.598184167374107512e+00
1.598184167374107512e+00
1.747216541773258136e+00
1.763612868054460714e+00
1.763612868054460714e+00
1.763612868054460714e+00
1.763612868054460714e+00
1.763612868054460714e+00
1.763612868054460714e+00
2.383761856991157835e+00
2.383761856991157835e+00
2.383761856991157835e+00
2.383761856991157835e+00
2.383761856991157835e+00
2.383761856991157835e+00
2.383761856991157835e+00
2.383761856991157835e+00
2.383761856991157835e+00
1.617170779984271389e+00
1.617170779984271389e+00
1.963858197704569264e+00
1.963858197704569264e+00
1.802474547474701927e+00
1.802474547474701927e+00
1.802474547474701927e+00
1.860360584437308784e+00
1.336963338327730400e+00
1.336963338327730400e+00
1.336963338327730400e+00
1.336963338327730400e+00
1.336963338327730400e+00
1.336963338327730400e+00
1.336963338327730400e+00
1.336963338327730400e+00
1.336963338327730400e+00
1.336963338327730400e+00
1.201780898469804626e+00
1.201780898469804626e+00
1.528858720496044654e+00
1.528858720496044654e+00
1.528858720496044654e+00
1.695761979848511070e+00
1.695761979848511070e+00
1.695761979848511070e+00
1.695761979848511070e+00
1.695761979848511070e+00
1.695761979848511070e+00
1.695761979848511070e+00
1.695761979848511070e+00
1.695761979848511070e+00
2.219975387581559989e+00
2.309863914351398151e+00
2.624686658007483242e+00
2.624686658007483242e+00
1.925799861934351043e+00
2.619433888072014494e+00
1.731615173673513031e+00
1.346702862454118410e+00
1.192836663774730965e+00
1.192836663774730965e+00
1.192836663774730965e+00
1.192836663774730965e+00
1.192836663774730965e+00
1.192836663774730965e+00
1.192836663774730965e+00
1.192836663774730965e+00
1.192836663774730965e+00
1.192836663774730965e+00
1.192836663774730965e+00
1.192836663774730965e+00
1.192836663774730965e+00
1.192836663774730965e+00
1.192836663774730965e+00
1.192836663774730965e+00
1.192836663774730965e+00
1.192836663774730965e+00
1.192836663774730965e+00
1.192836663774730965e+00
1.192836663774730965e+00
1.086895302684856901e+00
1.162770475393657188e+00
1.162770475393657188e+00
1.162770475393657188e+00
1.162770475393657188e+00
1.162770475393657188e+00
1.162770475393657188e+00
1.162770475393657188e+00
1.095706519124743483e+00
1.095706519124743483e+00
1.095706519124743483e+00
1.095706519124743483e+00
1.423009397943387988e+00
1.423009397943387988e+00
1.339140730859780248e+00
1.339140730859780248e+00
1.339140730859780248e+00
1.339140730859780248e+00
1.398597931379291115e+00
1.398597931379291115e+00
1.319860028865588175e+00
1.319860028865588175e+00
1.533877527896688964e+00
1.533877527896688964e+00
1.533877527896688964e+00
1.533877527896688964e+00
1.533877527896688964e+00
1.533877527896688964e+00
1.327059331483208426e+00
1.327059331483208426e+00
1.327059331483208426e+00
1.327059331483208426e+00
1.327059331483208426e+00
1.327059331483208426e+00
1.327059331483208426e+00
1.371039931902592768e+00
1.371039931902592768e+00
1.371039931902592768e+00
1.371039931902592768e+00
1.371039931902592768e+00
1.371039931902592768e+00
1.352322671467090620e+00
1.454283142089170644e+00
1.864820514817589592e+00
1.864820514817589592e+00
1.864820514817589592e+00
1.864820514817589592e+00
1.373186410640514499e+00
1.373186410640514499e+00
1.373186410640514499e+00
1.373186410640514499e+00
1.328637210557024551e+00
1.328637210557024551e+00
1.328637210557024551e+00
1.328637210557024551e+00
1.328637210557024551e+00
1.328637210557024551e+00
1.328637210557024551e+00
1.492912381934210275e+00
1.492912381934210275e+00
1.492912381934210275e+00
1.492912381934210275e+00
1.492912381934210275e+00
1.492912381934210275e+00
1.492912381934210275e+00
1.492912381934210275e+00
1.492912381934210275e+00
1.492912381934210275e+00
1.492912381934210275e+00
1.492912381934210275e+00
1.371877847338159206e+00
1.371877847338159206e+00
1.371877847338159206e+00
1.371877847338159206e+00
1.371877847338159206e+00
1.371877847338159206e+00
1.361128758642699443e+00
1.267671084348645616e+00
1.267671084348645616e+00
1.267671084348645616e+00
1.267671084348645616e+00
1.267671084348645616e+00
1.267671084348645616e+00
1.267671084348645616e+00
1.267671084348645616e+00
1.286751624593508225e+00
1.286751624593508225e+00
1.286751624593508225e+00
1.286751624593508225e+00
1.286751624593508225e+00
1.286751624593508225e+00
1.286751624593508225e+00
1.286751624593508225e+00
1.208215547877375950e+00
1.208215547877375950e+00
1.208215547877375950e+00
1.208215547877375950e+00
1.208215547877375950e+00
1.208215547877375950e+00
1.208215547877375950e+00
1.208215547877375950e+00
1.208215547877375950e+00
1.208215547877375950e+00
1.208215547877375950e+00
1.208215547877375950e+00
1.208215547877375950e+00
1.208215547877375950e+00
1.208215547877375950e+00
1.208215547877375950e+00
1.208215547877375950e+00
1.208215547877375950e+00
1.208215547877375950e+00
1.208215547877375950e+00
1.208215547877375950e+00
1.208215547877375950e+00
1.208215547877375950e+00
1.208215547877375950e+00
1.208215547877375950e+00
1.208215547877375950e+00
1.208215547877375950e+00
1.208215547877375950e+00
1.208215547877375950e+00
1.208215547877375950e+00
1.208215547877375950e+00
1.219568752729518035e+00
1.219568752729518035e+00
1.219568752729518035e+00
1.219568752729518035e+00
1.219568752729518035e+00
1.219568752729518035e+00
1.219568752729518035e+00
1.219568752729518035e+00
1.219568752729518035e+00
1.219568752729518035e+00
1.219568752729518035e+00
1.219568752729518035e+00
1.219568752729518035e+00
1.219568752729518035e+00
1.219568752729518035e+00
1.219568752729518035e+00
1.219568752729518035e+00
1.219568752729518035e+00
1.219568752729518035e+00
1.219568752729518035e+00
1.219568752729518035e+00
1.219568752729518035e+00
1.293845491476478760e+00
1.293845491476478760e+00
1.293845491476478760e+00
1.293845491476478760e+00
1.293845491476478760e+00
1.294250210729107842e+00
1.559754773734622013e+00
1.629075643400717199e+00
1.629075643400717199e+00
1.629075643400717199e+00
1.629075643400717199e+00
1.629075643400717199e+00
1.629075643400717199e+00
1.647782880429180086e+00
1.284049134325256691e+00
1.284049134325256691e+00
1.552979947659471005e+00
1.552979947659471005e+00
1.552979947659471005e+00
1.552979947659471005e+00
1.552979947659471005e+00
1.552979947659471005e+00
1.551673864118814583e+00
1.551673864118814583e+00
1.551673864118814583e+00
1.551673864118814583e+00
1.551673864118814583e+00
1.551673864118814583e+00
1.551673864118814583e+00
1.551673864118814583e+00
1.551673864118814583e+00
1.185639904872082262e+00
1.185639904872082262e+00
1.185639904872082262e+00
1.185639904872082262e+00
1.338255750070728611e+00
1.338255750070728611e+00
1.702825065664210102e+00
1.702825065664210102e+00
1.702825065664210102e+00
1.808518379936407960e+00
1.808518379936407960e+00
1.808518379936407960e+00
1.523714324682995613e+00
1.523714324682995613e+00
1.523714324682995613e+00
1.523714324682995613e+00
1.523714324682995613e+00
1.523714324682995613e+00
1.603992319969179237e+00
1.603992319969179237e+00
1.917214133899484363e+00
2.233757788026927926e+00
2.233757788026927926e+00
1.991124458122558227e+00
2.050445273959374592e+00
2.050445273959374592e+00
1.687886170529274033e+00
1.687886170529274033e+00
1.687886170529274033e+00
2.076075126337887156e+00
1.493323023636862423e+00
1.493323023636862423e+00
1.493323023636862423e+00
1.493323023636862423e+00
1.493323023636862423e+00
1.493323023636862423e+00
1.493323023636862423e+00
1.493323023636862423e+00
1.493323023636862423e+00
1.322165976227361872e+00
1.882429935250695241e+00
1.475941125741389470e+00
1.475941125741389470e+00
2.689462939895326254e+00
1.165228559009313658e+00
1.583614636482331584e+00
1.583614636482331584e+00
2.728614891043370516e+00
2.728614891043370516e+00
2.245686198338160633e+00
2.245686198338160633e+00
1.670974458417042507e+00
1.670974458417042507e+00
2.646177058409685756e+00
2.560228561883793663e+00
2.560228561883793663e+00
2.560228561883793663e+00
2.560228561883793663e+00
2.510928533053893297e+00
2.510928533053893297e+00
2.500199058396646468e+00
2.500199058396646468e+00
2.500199058396646468e+00
2.554069723032012185e+00
2.426545881080696354e+00
2.940966756037234564e+00
2.940966756037234564e+00
2.940966756037234564e+00
2.940966756037234564e+00
2.464482790270379198e+00
2.464482790270379198e+00
2.464482790270379198e+00
2.464482790270379198e+00
2.464482790270379198e+00
2.991502068926111590e+00
2.991502068926111590e+00
1.745158728376331014e+00
1.745158728376331014e+00
1.745158728376331014e+00
1.745158728376331014e+00
1.268260676815232468e+00
1.268260676815232468e+00
1.268260676815232468e+00
1.839637399509616245e+00
1.839637399509616245e+00
2.805590636802197224e+00
1.810913258728225728e+00
1.810913258728225728e+00
1.793151027318746760e+00
1.793151027318746760e+00
1.367866036734428414e+00
1.549756564541577841e+00
1.549756564541577841e+00
1.549756564541577841e+00
1.549756564541577841e+00
1.549756564541577841e+00
1.549756564541577841e+00
1.102767976770160363e+00
1.102767976770160363e+00
1.102767976770160363e+00
1.102767976770160363e+00
1.102767976770160363e+00
1.102767976770160363e+00
2.433031553813345127e+00
2.906272279320023522e+00
2.311508841015468718e+00
2.311508841015468718e+00
2.311508841015468718e+00
2.311508841015468718e+00
2.311508841015468718e+00
1.988142491652336474e+00
1.988142491652336474e+00
1.988142491652336474e+00
1.988142491652336474e+00
1.988142491652336474e+00
1.988142491652336474e+00
1.988142491652336474e+00
2.181579368942360375e+00
2.181579368942360375e+00
2.181579368942360375e+00
2.687289073809219886e+00
2.687289073809219886e+00
2.687289073809219886e+00
2.687289073809219886e+00
2.687289073809219886e+00
1.961161426824269416e+00
2.682445218758964689e+00
2.672720734108315011e+00
1.871200730736326978e+00
1.871200730736326978e+00
2.934414198237660365e+00
2.934414198237660365e+00
2.934414198237660365e+00
2.934414198237660365e+00
2.934414198237660365e+00
2.934414198237660365e+00
2.934414198237660365e+00
2.736675893159449924e+00
2.736675893159449924e+00
2.736675893159449924e+00
2.736675893159449924e+00
2.750550278197177345e+00
2.750550278197177345e+00
2.462335048220539502e+00
2.668476802726806874e+00
2.241303263406075441e+00
2.241303263406075441e+00
2.241303263406075441e+00
2.241303263406075441e+00
1.981614326726874431e+00
2.037603757240049163e+00
1.510372584823381992e+00
1.510372584823381992e+00
1.510372584823381992e+00
1.495131176914731963e+00
1.495131176914731963e+00
1.495131176914731963e+00
1.495131176914731963e+00
1.794455307052269966e+00
1.794455307052269966e+00
1.895796471579280329e+00
1.895796471579280329e+00
1.895796471579280329e+00
1.994470220029773699e+00
1.994470220029773699e+00
1.994470220029773699e+00
2.109723015509624044e+00
1.919812856779475441e+00
1.919812856779475441e+00
1.919812856779475441e+00
2.779886123726512004e+00
2.779886123726512004e+00
2.779886123726512004e+00
2.664998340189182358e+00
2.664998340189182358e+00
2.664998340189182358e+00
2.664998340189182358e+00
2.309969014043846691e+00
2.309969014043846691e+00
2.257158612594681202e+00
2.257158612594681202e+00
1.482554229470743667e+00
1.978557823292332651e+00
1.978557823292332651e+00
2.580609048416727891e+00
2.876434717382902573e+00
2.876434717382902573e+00
2.889558957018885543e+00
2.889558957018885543e+00
2.702499255002087430e+00
2.681383759112792475e+00
2.603025852059936529e+00
2.603025852059936529e+00
2.603025852059936529e+00
2.221500342042492804e+00
2.221500342042492804e+00
2.221500342042492804e+00
2.168485838571731161e+00
2.458624171974231221e+00
2.458624171974231221e+00
2.878901471099925224e+00
2.797740096878845950e+00
2.811230250510257100e+00
2.811230250510257100e+00
2.811230250510257100e+00
2.811230250510257100e+00
2.811230250510257100e+00
2.811230250510257100e+00
2.811230250510257100e+00
2.811230250510257100e+00
2.632508175670348116e+00
2.632508175670348116e+00
2.632508175670348116e+00
2.632508175670348116e+00
2.541370349847761556e+00
2.006297966201924243e+00
2.006297966201924243e+00
2.492472807485925479e+00
2.492472807485925479e+00
2.973068296818805134e+00
2.264539070895834616e+00
1.963309651765383856e+00
2.519238596332326718e+00
2.519238596332326718e+00
2.519238596332326718e+00
2.519238596332326718e+00
1.720288904367998972e+00
1.720288904367998972e+00
1.513803743096131527e+00
1.513803743096131527e+00
1.207480640052630338e+00
1.207480640052630338e+00
1.207480640052630338e+00
1.615021079764574763e+00
1.615021079764574763e+00
1.615021079764574763e+00
1.615021079764574763e+00
1.991337193448946774e+00
1.991337193448946774e+00
1.888810540716834296e+00
2.006779158290122211e+00
2.006779158290122211e+00
1.294445869569840424e+00
1.363383449769176581e+00
1.363383449769176581e+00
1.363383449769176581e+00
1.363383449769176581e+00
1.363383449769176581e+00
1.363383449769176581e+00
1.363383449769176581e+00
1.363383449769176581e+00
1.476697619811097928e+00
1.476697619811097928e+00
1.476697619811097928e+00
1.476697619811097928e+00
1.476697619811097928e+00
1.476697619811097928e+00
1.476697619811097928e+00
1.476697619811097928e+00
1.200321947443927950e+00
1.200321947443927950e+00
1.200321947443927950e+00
1.200321947443927950e+00
1.349982054501884798e+00
1.349982054501884798e+00
1.311965809741856281e+00
1.311965809741856281e+00
1.311965809741856281e+00
1.311965809741856281e+00
1.311965809741856281e+00
1.311965809741856281e+00
1.311965809741856281e+00
1.311965809741856281e+00
1.311965809741856281e+00
1.311965809741856281e+00
1.311965809741856281e+00
1.311965809741856281e+00
1.311965809741856281e+00
1.311965809741856281e+00
1.311965809741856281e+00
1.392648548632704264e+00
1.392648548632704264e+00
1.392648548632704264e+00
1.392648548632704264e+00
1.392648548632704264e+00
1.392648548632704264e+00
1.392648548632704264e+00
1.392648548632704264e+00
1.781238065351786082e+00
1.781238065351786082e+00
1.781238065351786082e+00
1.583538640920218787e+00
1.621057679737089474e+00
1.621057679737089474e+00
1.621057679737089474e+00
1.621057679737089474e+00
1.621057679737089474e+00
1.621057679737089474e+00
1.621057679737089474e+00
1.621057679737089474e+00
1.621057679737089474e+00
1.621057679737089474e+00
1.621057679737089474e+00
2.465594106515935025e+00
2.551997019246027509e+00
2.551997019246027509e+00
2.551997019246027509e+00
2.551997019246027509e+00
2.551997019246027509e+00
2.551997019246027509e+00
2.637236314176952590e+00
2.637236314176952590e+00
1.732532972758897394e+00
1.602056178810443932e+00
1.820351561107473870e+00
2.297283673816683969e+00
2.456949070180829864e+00
2.456949070180829864e+00
2.456949070180829864e+00
2.456949070180829864e+00
2.456949070180829864e+00
2.456949070180829864e+00
2.456949070180829864e+00
2.456949070180829864e+00
2.456949070180829864e+00
2.437138314986331267e+00
1.102065618425916993e+00
1.102065618425916993e+00
1.415318101248058458e+00
1.223847594713338705e+00
1.223847594713338705e+00
1.223847594713338705e+00
1.223847594713338705e+00
1.223847594713338705e+00
1.223847594713338705e+00
1.326428278224460966e+00
1.326428278224460966e+00
1.326428278224460966e+00
1.326428278224460966e+00
1.326428278224460966e+00
1.388722341790422199e+00
1.388722341790422199e+00
1.388722341790422199e+00
1.388722341790422199e+00
1.140133340209513291e+00
1.140133340209513291e+00
1.140133340209513291e+00
1.140133340209513291e+00
1.140133340209513291e+00
1.140133340209513291e+00
1.140133340209513291e+00
1.140133340209513291e+00
1.140133340209513291e+00
1.140133340209513291e+00
1.140133340209513291e+00
1.140133340209513291e+00
1.140133340209513291e+00
1.140133340209513291e+00
1.140133340209513291e+00
1.038521419197420137e+00
1.038521419197420137e+00
1.038521419197420137e+00
1.038521419197420137e+00
1.038521419197420137e+00
1.038521419197420137e+00
1.038521419197420137e+00
1.038521419197420137e+00
1.038521419197420137e+00
1.038521419197420137e+00
1.038521419197420137e+00
1.038521419197420137e+00
1.038521419197420137e+00
1.038521419197420137e+00
1.038521419197420137e+00
1.038521419197420137e+00
1.038521419197420137e+00
1.038521419197420137e+00
1.038521419197420137e+00
1.038521419197420137e+00
1.400704157935916072e+00
1.400704157935916072e+00
1.400704157935916072e+00
1.400704157935916072e+00
1.442001451240149557e+00
1.442001451240149557e+00
1.442001451240149557e+00
1.442001451240149557e+00
1.442001451240149557e+00
1.442001451240149557e+00
1.442001451240149557e+00
1.047791428745140196e+00
1.319463145135052251e+00
1.319463145135052251e+00
1.265483357647516405e+00
1.265483357647516405e+00
1.253338416867959104e+00
1.253338416867959104e+00
1.253338416867959104e+00
1.253338416867959104e+00
1.253338416867959104e+00
1.253338416867959104e+00
1.253338416867959104e+00
1.253338416867959104e+00
1.253338416867959104e+00
1.253338416867959104e+00
1.253338416867959104e+00
1.253338416867959104e+00
1.253338416867959104e+00
1.253338416867959104e+00
1.253338416867959104e+00
1.293306942317951069e+00
1.293306942317951069e+00
1.293306942317951069e+00
1.293306942317951069e+00
1.293306942317951069e+00
1.293306942317951069e+00
1.293306942317951069e+00
1.187507016286267536e+00
1.187507016286267536e+00
1.187507016286267536e+00
1.187507016286267536e+00
1.187507016286267536e+00
1.187507016286267536e+00
1.111268898328759080e+00
1.111268898328759080e+00
1.111268898328759080e+00
1.111268898328759080e+00
1.111268898328759080e+00
1.111268898328759080e+00
1.111268898328759080e+00
1.111268898328759080e+00
1.111268898328759080e+00
1.111268898328759080e+00
1.111268898328759080e+00
1.111268898328759080e+00
1.111268898328759080e+00
1.111268898328759080e+00
1.111268898328759080e+00
1.134332703127960862e+00
1.134332703127960862e+00
1.134332703127960862e+00
1.134332703127960862e+00
1.134332703127960862e+00
1.134332703127960862e+00
1.134332703127960862e+00
1.134332703127960862e+00
1.134332703127960862e+00
1.134332703127960862e+00
1.134332703127960862e+00
1.134332703127960862e+00
1.134332703127960862e+00
1.134332703127960862e+00
1.134332703127960862e+00
1.063688583755152406e+00
1.063688583755152406e+00
1.063688583755152406e+00
1.063688583755152406e+00
1.063688583755152406e+00
1.063688583755152406e+00
1.056846275568273485e+00
1.056846275568273485e+00
1.056846275568273485e+00
1.056846275568273485e+00
1.056846275568273485e+00
1.056846275568273485e+00
1.056846275568273485e+00
1.056846275568273485e+00
1.056846275568273485e+00
1.056846275568273485e+00
1.056846275568273485e+00
1.056846275568273485e+00
1.056846275568273485e+00
1.056846275568273485e+00
1.056846275568273485e+00
1.056846275568273485e+00
1.056846275568273485e+00
1.056846275568273485e+00
1.056846275568273485e+00
1.056846275568273485e+00
1.056846275568273485e+00
1.056846275568273485e+00
1.172922972897494587e+00
1.172922972897494587e+00
1.152613758378315811e+00
1.152613758378315811e+00
1.152613758378315811e+00
1.152613758378315811e+00
1.152613758378315811e+00
1.152613758378315811e+00
1.152613758378315811e+00
1.152613758378315811e+00
1.152613758378315811e+00
1.152613758378315811e+00
1.152613758378315811e+00
1.152613758378315811e+00
1.152613758378315811e+00
1.152613758378315811e+00
1.152613758378315811e+00
1.152613758378315811e+00
1.152613758378315811e+00
1.152613758378315811e+00
1.152613758378315811e+00
1.152613758378315811e+00
1.152613758378315811e+00
1.152613758378315811e+00
1.152613758378315811e+00
1.152613758378315811e+00
1.152613758378315811e+00
1.152613758378315811e+00
1.152613758378315811e+00
1.152613758378315811e+00
1.152613758378315811e+00
1.152613758378315811e+00
1.152613758378315811e+00
1.152613758378315811e+00
1.152613758378315811e+00
1.152613758378315811e+00
1.152613758378315811e+00
1.152613758378315811e+00
1.152613758378315811e+00
1.152613758378315811e+00
1.152613758378315811e+00
1.152613758378315811e+00
1.152613758378315811e+00
1.152613758378315811e+00
1.152613758378315811e+00
1.152613758378315811e+00
1.152613758378315811e+00
1.152613758378315811e+00
1.152613758378315811e+00
1.152613758378315811e+00
1.152613758378315811e+00
1.098972460990625288e+00
1.098972460990625288e+00
1.098972460990625288e+00
1.098972460990625288e+00
1.098972460990625288e+00
1.098972460990625288e+00
1.098972460990625288e+00
1.098972460990625288e+00
1.098972460990625288e+00
1.098972460990625288e+00
1.098972460990625288e+00
1.098972460990625288e+00
1.127113976791298100e+00
1.127113976791298100e+00
1.127113976791298100e+00
1.127113976791298100e+00
1.127113976791298100e+00
1.127113976791298100e+00
1.127113976791298100e+00
1.127113976791298100e+00
1.127113976791298100e+00
1.127113976791298100e+00
1.127113976791298100e+00
1.127113976791298100e+00
1.127113976791298100e+00
1.127113976791298100e+00
1.127113976791298100e+00
1.127113976791298100e+00
1.127113976791298100e+00
1.127113976791298100e+00
1.127113976791298100e+00
1.170628515821124926e+00
1.170628515821124926e+00
1.170628515821124926e+00
1.170628515821124926e+00
1.170628515821124926e+00
1.170628515821124926e+00
1.170628515821124926e+00
1.170628515821124926e+00
1.170628515821124926e+00
1.009948083324220480e+00
1.933650910751229635e+00
1.933650910751229635e+00
1.933650910751229635e+00
1.933650910751229635e+00
1.933650910751229635e+00
2.641728141031858268e+00
2.641728141031858268e+00
2.849623925342542829e+00
2.650527241929839128e+00
2.258319746207290812e+00
2.527517407217498402e+00
2.527517407217498402e+00
2.527517407217498402e+00
2.527517407217498402e+00
2.527517407217498402e+00
2.527517407217498402e+00
2.527517407217498402e+00
2.484814135335954077e+00
2.484814135335954077e+00
2.484814135335954077e+00
2.484814135335954077e+00
2.839159985078553827e+00
2.839159985078553827e+00
2.931541389431598255e+00
1.945323992873037700e+00
1.945323992873037700e+00
1.945323992873037700e+00
2.019521231294188812e+00
2.075751362048808168e+00
2.075751362048808168e+00
2.079712419037134552e+00
2.079712419037134552e+00
2.079712419037134552e+00
2.079712419037134552e+00
2.079712419037134552e+00
2.079712419037134552e+00
2.079712419037134552e+00
2.626383998756741001e+00
2.626383998756741001e+00
1.704236333350631405e+00
1.704236333350631405e+00
2.216378582270912112e+00
2.768918688658356331e+00
1.737603155509687580e+00
1.634608200301253422e+00
1.634608200301253422e+00
1.634608200301253422e+00
1.634608200301253422e+00
1.634608200301253422e+00
1.593432849652240302e+00
1.593432849652240302e+00
1.599969328504029509e+00
1.599969328504029509e+00
1.599969328504029509e+00
1.599969328504029509e+00
1.599969328504029509e+00
1.284437120177160718e+00
1.284437120177160718e+00
1.284437120177160718e+00
1.284437120177160718e+00
1.284437120177160718e+00
1.284437120177160718e+00
1.284437120177160718e+00
1.284437120177160718e+00
1.284437120177160718e+00
1.408298436176142809e+00
1.266241466355412237e+00
1.303611683613453254e+00
1.303611683613453254e+00
1.303611683613453254e+00
1.303611683613453254e+00
1.303611683613453254e+00
1.303611683613453254e+00
1.303611683613453254e+00
1.303611683613453254e+00
1.303611683613453254e+00
1.253515125830115595e+00
1.275915332362844712e+00
1.275915332362844712e+00
1.275915332362844712e+00
1.275915332362844712e+00
1.275915332362844712e+00
1.275915332362844712e+00
1.275915332362844712e+00
1.275915332362844712e+00
1.275915332362844712e+00
1.349922123700892040e+00
1.349922123700892040e+00
1.349922123700892040e+00
1.349922123700892040e+00
1.349922123700892040e+00
1.349922123700892040e+00
1.349922123700892040e+00
1.323300084945942423e+00
1.323300084945942423e+00
1.323300084945942423e+00
1.326265347624247859e+00
1.523525474010423597e+00
1.523525474010423597e+00
1.523525474010423597e+00
1.888746448872276940e+00
1.888746448872276940e+00
1.888746448872276940e+00
1.897471545713182550e+00
1.602858306003571487e+00
1.602858306003571487e+00
1.719530916577926449e+00
1.719530916577926449e+00
1.383316192788583532e+00
1.383316192788583532e+00
1.383316192788583532e+00
1.383316192788583532e+00
1.383316192788583532e+00
1.485723372682166810e+00
1.485723372682166810e+00
1.485723372682166810e+00
1.485723372682166810e+00
1.439045408351246946e+00
1.351419297253296348e+00
1.351419297253296348e+00
1.430596213833419839e+00
1.257958552827331822e+00
1.257958552827331822e+00
1.257958552827331822e+00
1.257958552827331822e+00
1.257958552827331822e+00
1.257958552827331822e+00
1.340184191053713336e+00
1.340184191053713336e+00
1.340184191053713336e+00
1.340184191053713336e+00
1.340184191053713336e+00
1.340184191053713336e+00
1.340184191053713336e+00
1.340184191053713336e+00
1.848926215712571430e+00
1.571795039096701485e+00
1.909168135072644379e+00
1.909168135072644379e+00
1.556555182823128103e+00
1.556555182823128103e+00
1.556555182823128103e+00
1.479975577256082531e+00
1.479975577256082531e+00
1.479975577256082531e+00
1.479975577256082531e+00
1.479975577256082531e+00
1.479975577256082531e+00
1.479975577256082531e+00
1.479975577256082531e+00
1.479975577256082531e+00
1.479975577256082531e+00
1.429192267472240374e+00
1.429192267472240374e+00
1.429192267472240374e+00
1.429192267472240374e+00
1.429192267472240374e+00
1.208576613292345669e+00
1.208576613292345669e+00
1.208576613292345669e+00
1.416662063870961719e+00
1.416662063870961719e+00
1.416662063870961719e+00
2.108163525193803789e+00
2.108163525193803789e+00
1.869717005460208137e+00
1.892862515902255849e+00
1.892862515902255849e+00
1.892862515902255849e+00
1.892862515902255849e+00
1.892862515902255849e+00
1.892862515902255849e+00
1.892862515902255849e+00
2.682735607608450756e+00
2.682735607608450756e+00
2.682735607608450756e+00
2.682735607608450756e+00
2.706151129292328594e+00
2.706151129292328594e+00
2.706151129292328594e+00
2.706151129292328594e+00
2.706151129292328594e+00
2.824613366723604191e+00
2.824613366723604191e+00
2.824613366723604191e+00
2.824613366723604191e+00
2.824613366723604191e+00
2.824613366723604191e+00
2.824613366723604191e+00
2.701971443996458166e+00
2.623036856580908793e+00
2.793685547738851582e+00
2.417248939684702780e+00
2.417248939684702780e+00
2.417248939684702780e+00
2.602847320027896760e+00
2.570398372546773391e+00
2.570398372546773391e+00
2.570398372546773391e+00
2.570398372546773391e+00
2.570398372546773391e+00
2.338083665849189252e+00
2.261551986952779814e+00
2.261551986952779814e+00
2.261551986952779814e+00
2.261551986952779814e+00
2.261551986952779814e+00
2.274916331254156265e+00
2.274916331254156265e+00
2.226538617362725070e+00
2.226538617362725070e+00
2.226538617362725070e+00
2.226538617362725070e+00
1.906513054979609434e+00
1.906513054979609434e+00
1.906513054979609434e+00
1.906513054979609434e+00
1.906513054979609434e+00
1.906513054979609434e+00
1.906513054979609434e+00
1.906513054979609434e+00
1.906513054979609434e+00
1.906513054979609434e+00
1.906513054979609434e+00
1.906513054979609434e+00
1.906513054979609434e+00
1.906513054979609434e+00
2.992293658531453460e+00
2.992293658531453460e+00
1.865964768603614043e+00
1.865964768603614043e+00
1.308411478278151741e+00
1.834719201445750958e+00
1.834719201445750958e+00
1.834719201445750958e+00
1.052051375183594484e+00
1.052051375183594484e+00
1.052051375183594484e+00
1.052051375183594484e+00
1.052051375183594484e+00
1.052051375183594484e+00
1.052051375183594484e+00
1.052051375183594484e+00
1.052051375183594484e+00
1.052051375183594484e+00
1.052051375183594484e+00
1.052051375183594484e+00
1.052051375183594484e+00
1.052051375183594484e+00
1.052051375183594484e+00
1.052051375183594484e+00
1.052051375183594484e+00
1.052051375183594484e+00
1.052051375183594484e+00
1.052051375183594484e+00
1.052051375183594484e+00
1.052051375183594484e+00
1.052051375183594484e+00
1.052051375183594484e+00
1.052051375183594484e+00
1.052051375183594484e+00
1.052051375183594484e+00
1.052051375183594484e+00
1.052051375183594484e+00
1.702260668382968412e+00
1.702260668382968412e+00
1.702260668382968412e+00
1.702260668382968412e+00
1.702260668382968412e+00
1.702260668382968412e+00
1.702260668382968412e+00
1.702260668382968412e+00
1.702260668382968412e+00
1.702260668382968412e+00
1.702260668382968412e+00
1.702260668382968412e+00
1.702260668382968412e+00
1.702260668382968412e+00
1.702260668382968412e+00
1.702260668382968412e+00
1.702260668382968412e+00
1.702260668382968412e+00
1.702260668382968412e+00
1.702260668382968412e+00
1.702260668382968412e+00
1.165573112384496124e+00
1.323009725435353223e+00
1.323009725435353223e+00
1.323009725435353223e+00
1.323009725435353223e+00
1.323009725435353223e+00
1.323009725435353223e+00
1.323009725435353223e+00
1.323009725435353223e+00
1.323009725435353223e+00
1.323009725435353223e+00
1.323009725435353223e+00
1.443638457511360551e+00
1.443638457511360551e+00
1.443638457511360551e+00
1.443638457511360551e+00
1.443638457511360551e+00
1.443638457511360551e+00
1.271052485874250015e+00
1.271052485874250015e+00
1.271052485874250015e+00
1.271052485874250015e+00
1.284073356478824257e+00
1.284073356478824257e+00
1.284073356478824257e+00
1.284073356478824257e+00
1.284073356478824257e+00
1.284073356478824257e+00
1.284073356478824257e+00
1.284073356478824257e+00
1.284073356478824257e+00
1.284073356478824257e+00
1.284073356478824257e+00
1.284073356478824257e+00
1.284073356478824257e+00
1.284073356478824257e+00
1.627182394014402345e+00
1.627182394014402345e+00
1.890651844501443746e+00
2.169656010582801997e+00
2.169656010582801997e+00
2.169656010582801997e+00
2.169656010582801997e+00
2.169656010582801997e+00
2.169656010582801997e+00
2.169656010582801997e+00
2.542259497615187325e+00
2.542259497615187325e+00
2.542259497615187325e+00
2.542259497615187325e+00
2.542259497615187325e+00
2.542259497615187325e+00
2.542259497615187325e+00
2.690669290131614488e+00
2.611457850736607522e+00
2.611457850736607522e+00
2.488305581748397000e+00
1.835725988384487195e+00
1.835725988384487195e+00
1.835725988384487195e+00
2.625453103230635854e+00
2.527049863296830345e+00
2.527049863296830345e+00
2.527049863296830345e+00
2.372048427664438019e+00
2.372048427664438019e+00
2.372048427664438019e+00
2.402407234663195723e+00
2.402407234663195723e+00
2.531068394231056562e+00
2.531068394231056562e+00
2.531068394231056562e+00
2.531020261180093378e+00
2.531020261180093378e+00
2.531020261180093378e+00
2.080975625518138639e+00
2.080975625518138639e+00
2.080975625518138639e+00
2.080975625518138639e+00
2.832393655290331047e+00
2.832393655290331047e+00
2.832393655290331047e+00
2.832393655290331047e+00
2.044865560076452926e+00
2.044865560076452926e+00
2.044865560076452926e+00
2.044865560076452926e+00
2.044865560076452926e+00
2.044865560076452926e+00
2.044865560076452926e+00
1.721573065865808161e+00
1.721573065865808161e+00
1.721573065865808161e+00
2.121187393359118989e+00
2.121187393359118989e+00
2.432513448678458978e+00
2.266898189998138857e+00
2.266898189998138857e+00
2.266898189998138857e+00
2.266898189998138857e+00
2.720718949179032897e+00
2.720718949179032897e+00
2.720718949179032897e+00
2.720718949179032897e+00
2.720718949179032897e+00
2.720718949179032897e+00
2.720718949179032897e+00
2.720718949179032897e+00
2.720718949179032897e+00
1.655908303473869525e+00
1.655908303473869525e+00
2.566957256482340632e+00
2.542182212171455458e+00
2.542182212171455458e+00
2.360065778911076162e+00
2.360065778911076162e+00
2.360065778911076162e+00
2.360065778911076162e+00
2.360065778911076162e+00
2.360065778911076162e+00
2.360065778911076162e+00
2.375474479226437730e+00
2.375474479226437730e+00
1.944417951475833295e+00
1.944417951475833295e+00
1.714332376246889389e+00
1.444207548186064560e+00
1.246112654425618693e+00
1.246112654425618693e+00
1.246112654425618693e+00
1.408604069787936286e+00
1.408604069787936286e+00
1.355477481572214815e+00
1.355477481572214815e+00
1.344002628414013412e+00
1.344002628414013412e+00
1.344002628414013412e+00
1.344002628414013412e+00
1.325671873311185411e+00
1.325671873311185411e+00
1.394759981765197665e+00
1.810895539844753488e+00
1.810895539844753488e+00
1.810895539844753488e+00
1.810895539844753488e+00
1.810895539844753488e+00
1.810895539844753488e+00
1.810895539844753488e+00
2.005644181328087861e+00
1.637838891108656325e+00
1.637838891108656325e+00
1.431651272427034938e+00
1.431651272427034938e+00
1.431651272427034938e+00
1.431651272427034938e+00
1.431651272427034938e+00
1.431651272427034938e+00
1.431651272427034938e+00
1.656715320597075269e+00
1.656715320597075269e+00
1.656715320597075269e+00
1.644156498386549536e+00
1.644156498386549536e+00
1.644156498386549536e+00
1.292996380621382224e+00
1.292996380621382224e+00
1.292996380621382224e+00
1.292996380621382224e+00
1.292996380621382224e+00
1.292996380621382224e+00
1.292996380621382224e+00
1.292996380621382224e+00
1.292996380621382224e+00
1.292996380621382224e+00
1.292996380621382224e+00
1.367436999536555620e+00
2.126865821015877067e+00
2.126865821015877067e+00
2.132220891910410643e+00
1.500861364355287275e+00
1.500861364355287275e+00
1.500861364355287275e+00
1.500861364355287275e+00
1.500861364355287275e+00
1.826614794026406585e+00
1.826614794026406585e+00
1.826614794026406585e+00
1.826614794026406585e+00
1.715987452693483295e+00
1.715987452693483295e+00
1.715987452693483295e+00
1.715987452693483295e+00
1.715987452693483295e+00
1.715987452693483295e+00
1.715987452693483295e+00
1.715987452693483295e+00
1.715987452693483295e+00
1.684164809351569536e+00
1.684164809351569536e+00
1.684164809351569536e+00
1.486697956657702102e+00
1.486697956657702102e+00
1.486697956657702102e+00
1.486697956657702102e+00
1.443825076271343377e+00
1.045700141869260857e+00
2.429771512417978840e+00
2.429771512417978840e+00
2.429771512417978840e+00
2.429771512417978840e+00
2.429771512417978840e+00
2.429771512417978840e+00
2.272383470368184444e+00
2.134836196157928079e+00
2.134836196157928079e+00
2.134836196157928079e+00
2.134836196157928079e+00
2.134836196157928079e+00
2.146456833285574017e+00
2.146456833285574017e+00
2.718696277936088812e+00
2.718696277936088812e+00
2.718696277936088812e+00
2.718696277936088812e+00
2.718696277936088812e+00
2.718696277936088812e+00
2.962027588487858409e+00
2.962027588487858409e+00
2.962027588487858409e+00
2.962027588487858409e+00
2.962027588487858409e+00
2.830585194492905465e+00
2.830585194492905465e+00
2.830585194492905465e+00
2.672009919888649332e+00
1.895526818719880158e+00
1.895526818719880158e+00
1.895526818719880158e+00
1.895526818719880158e+00
1.895526818719880158e+00
1.895526818719880158e+00
1.770625650623097513e+00
1.770625650623097513e+00
1.880116177581156345e+00
1.954761204447708511e+00
1.954761204447708511e+00
1.954761204447708511e+00
1.954761204447708511e+00
1.954761204447708511e+00
1.954761204447708511e+00
1.954761204447708511e+00
1.315213988935139078e+00
1.315213988935139078e+00
1.315213988935139078e+00
1.315213988935139078e+00
1.565120818288343374e+00
1.204303818740509069e+00
1.204303818740509069e+00
1.281659367420138640e+00
1.281659367420138640e+00
1.281659367420138640e+00
1.281659367420138640e+00
1.631170938063872367e+00
1.631170938063872367e+00
1.631170938063872367e+00
1.749103736900520234e+00
1.749103736900520234e+00
1.973161078399279678e+00
2.200483277875159960e+00
2.200483277875159960e+00
2.200483277875159960e+00
2.200483277875159960e+00
1.836405259237247289e+00
1.836405259237247289e+00
2.288107118154083963e+00
2.288107118154083963e+00
2.527977381872337226e+00
1.915905378462337660e+00
1.915905378462337660e+00
1.915905378462337660e+00
1.978531396181323343e+00
2.626854829694196702e+00
2.725967911225926077e+00
2.725967911225926077e+00
2.725967911225926077e+00
2.313243587485262598e+00
2.313243587485262598e+00
2.313243587485262598e+00
2.313243587485262598e+00
2.313243587485262598e+00
2.313243587485262598e+00
2.313243587485262598e+00
2.313243587485262598e+00
2.313243587485262598e+00
2.313243587485262598e+00
2.313243587485262598e+00
2.313243587485262598e+00
2.361414582711182764e+00
2.361414582711182764e+00
2.361414582711182764e+00
2.361414582711182764e+00
2.361414582711182764e+00
2.361414582711182764e+00
2.361414582711182764e+00
2.760880464742713869e+00
2.415578238522127386e+00
2.415578238522127386e+00
2.415578238522127386e+00
2.415578238522127386e+00
2.415578238522127386e+00
2.415578238522127386e+00
2.415578238522127386e+00
2.435570630055871266e+00
2.539569672425598945e+00
2.539569672425598945e+00
2.539569672425598945e+00
2.539569672425598945e+00
2.539569672425598945e+00
2.539569672425598945e+00
1.985200961641037987e+00
1.985200961641037987e+00
1.985200961641037987e+00
1.985200961641037987e+00
1.982662220844868095e+00
2.887405612675931543e+00
2.693530485732156254e+00
2.693530485732156254e+00
2.693530485732156254e+00
2.915449759129070895e+00
2.915449759129070895e+00
2.915449759129070895e+00
2.915449759129070895e+00
2.915449759129070895e+00
2.915449759129070895e+00
2.915449759129070895e+00
2.679568522483596116e+00
1.888726314756999258e+00
1.943817582941629540e+00
1.943817582941629540e+00
1.943817582941629540e+00
1.517769709881566342e+00
1.517769709881566342e+00
1.517769709881566342e+00
1.517769709881566342e+00
1.517769709881566342e+00
2.205010965742534079e+00
1.448892270023532713e+00
1.448892270023532713e+00
1.448892270023532713e+00
1.448892270023532713e+00
1.288327766346636816e+00
1.288327766346636816e+00
1.288327766346636816e+00
1.288327766346636816e+00
1.288327766346636816e+00
1.288327766346636816e+00
1.288327766346636816e+00
1.288327766346636816e+00
1.288327766346636816e+00
1.288327766346636816e+00
1.288327766346636816e+00
1.288327766346636816e+00
1.288327766346636816e+00
1.288327766346636816e+00
1.288327766346636816e+00
1.288327766346636816e+00
1.288327766346636816e+00
1.397803003533278687e+00
1.397803003533278687e+00
1.397803003533278687e+00
1.397803003533278687e+00
1.397803003533278687e+00
1.397803003533278687e+00
1.397803003533278687e+00
1.540221769467483348e+00
1.540221769467483348e+00
1.540221769467483348e+00
1.835252686532746758e+00
1.835252686532746758e+00
1.835252686532746758e+00
1.835252686532746758e+00
1.835252686532746758e+00
1.835252686532746758e+00
1.835252686532746758e+00
1.835252686532746758e+00
1.835252686532746758e+00
1.835252686532746758e+00
1.835252686532746758e+00
2.358401324413515354e+00
2.358401324413515354e+00
1.887393892323707467e+00
1.887393892323707467e+00
1.887393892323707467e+00
1.969526400970175173e+00
1.969526400970175173e+00
1.443133817958517362e+00
1.443133817958517362e+00
1.443133817958517362e+00
1.182325547848513736e+00
1.182325547848513736e+00
1.401167556394063762e+00
1.861497463325677337e+00
1.880024454676037182e+00
1.880024454676037182e+00
1.298063423912000358e+00
1.858476934275722581e+00
1.875360583266702186e+00
1.875360583266702186e+00
1.875360583266702186e+00
1.452007300423082681e+00
1.452007300423082681e+00
1.079980827638239660e+00
1.079980827638239660e+00
1.079980827638239660e+00
1.079980827638239660e+00
1.578864359499357661e+00
1.578864359499357661e+00
2.529508784326924165e+00
2.529508784326924165e+00
2.529508784326924165e+00
2.356894488288653555e+00
2.356894488288653555e+00
2.686953062185937657e+00
2.686953062185937657e+00
2.686953062185937657e+00
2.366926627140071737e+00
2.366926627140071737e+00
2.436711583496596667e+00
2.436711583496596667e+00
2.436711583496596667e+00
2.436711583496596667e+00
2.436711583496596667e+00
2.436711583496596667e+00
2.568922502505739835e+00
2.568922502505739835e+00
2.568922502505739835e+00
2.667659073948375426e+00
2.721701094757680739e+00
2.721701094757680739e+00
2.911105918395634706e+00
2.911105918395634706e+00
2.182857560504177563e+00
2.336046339567791730e+00
2.336046339567791730e+00
2.336046339567791730e+00
2.336046339567791730e+00
2.336046339567791730e+00
2.336046339567791730e+00
2.336046339567791730e+00
2.336046339567791730e+00
2.457829365873780869e+00
2.418430335588996449e+00
2.418430335588996449e+00
2.709392896062414291e+00
2.709392896062414291e+00
2.709392896062414291e+00
2.709392896062414291e+00
2.709405646627396802e+00
2.709405646627396802e+00
2.709405646627396802e+00
2.709405646627396802e+00
2.709405646627396802e+00
2.709405646627396802e+00
2.709405646627396802e+00
2.709405646627396802e+00
2.709405646627396802e+00
2.709405646627396802e+00
2.709405646627396802e+00
2.709405646627396802e+00
2.709405646627396802e+00
2.709405646627396802e+00
2.790139905655305785e+00
2.790139905655305785e+00
2.790139905655305785e+00
2.790139905655305785e+00
2.790139905655305785e+00
2.899460341916106909e+00
2.899460341916106909e+00
2.899460341916106909e+00
2.899460341916106909e+00
2.836678354963943161e+00
2.836678354963943161e+00
2.836678354963943161e+00
2.836678354963943161e+00
2.753096811628408247e+00
2.753096811628408247e+00
2.753096811628408247e+00
2.966505103449797787e+00
2.966505103449797787e+00
2.966505103449797787e+00
2.548944975193199625e+00
2.548944975193199625e+00
2.548944975193199625e+00
2.548944975193199625e+00
2.963285200879518300e+00
2.228671151768651271e+00
2.847618544644387129e+00
2.847618544644387129e+00
2.362861529722673826e+00
2.362861529722673826e+00
2.362861529722673826e+00
2.362861529722673826e+00
2.362861529722673826e+00
2.362861529722673826e+00
2.362861529722673826e+00
2.362861529722673826e+00
2.362861529722673826e+00
2.259544164846406300e+00
2.259544164846406300e+00
1.869743946509475618e+00
2.348946619306461869e+00
1.316046867962298750e+00
1.316046867962298750e+00
1.563898180203912691e+00
1.563898180203912691e+00
1.563898180203912691e+00
1.563898180203912691e+00
1.563898180203912691e+00
2.959697132078514592e+00
2.959697132078514592e+00
2.529046540435107016e+00
2.529046540435107016e+00
2.529046540435107016e+00
2.529046540435107016e+00
2.529046540435107016e+00
2.529046540435107016e+00
2.529046540435107016e+00
2.529046540435107016e+00
2.978418410169483277e+00
2.978418410169483277e+00
2.767917879228098066e+00
2.767917879228098066e+00
2.767917879228098066e+00
2.888520528020363631e+00
2.888520528020363631e+00
2.888520528020363631e+00
2.785245247899722720e+00
2.785245247899722720e+00
2.785245247899722720e+00
2.785245247899722720e+00
2.785245247899722720e+00
2.625704724875148610e+00
2.578738791627971594e+00
2.578738791627971594e+00
2.601180705456580977e+00
2.601180705456580977e+00
2.455200019347357543e+00
2.455200019347357543e+00
2.455200019347357543e+00
2.356324133418553401e+00
2.537292918502182637e+00
2.537292918502182637e+00
2.537292918502182637e+00
2.537292918502182637e+00
2.673231908320086170e+00
2.673231908320086170e+00
2.524067640918320699e+00
2.277934148567099193e+00
2.277934148567099193e+00
2.277934148567099193e+00
1.968778484228519199e+00
1.968778484228519199e+00
1.968778484228519199e+00
1.968778484228519199e+00
1.968778484228519199e+00
1.968778484228519199e+00
1.855609760511565787e+00
1.691482546599919479e+00
1.691482546599919479e+00
1.752655724828088735e+00
1.752655724828088735e+00
1.928395335772053132e+00
2.827096126262468090e+00
2.827096126262468090e+00
2.827096126262468090e+00
2.827096126262468090e+00
2.827096126262468090e+00
2.827096126262468090e+00
2.827096126262468090e+00
2.827096126262468090e+00
2.917620345357394562e+00
2.917620345357394562e+00
2.917620345357394562e+00
2.917620345357394562e+00
2.653912679658484208e+00
2.678479835921842245e+00
2.678479835921842245e+00
2.678479835921842245e+00
2.678479835921842245e+00
2.678479835921842245e+00
2.678479835921842245e+00
2.678479835921842245e+00
2.678479835921842245e+00
2.678479835921842245e+00
2.678479835921842245e+00
2.678479835921842245e+00
2.356262562448988351e+00
2.483883356257525765e+00
2.483883356257525765e+00
2.483883356257525765e+00
2.794678224404757660e+00
2.602111482822848654e+00
2.602111482822848654e+00
2.602111482822848654e+00
2.602111482822848654e+00
2.602111482822848654e+00
2.602111482822848654e+00
2.602111482822848654e+00
2.968685120154867185e+00
2.968685120154867185e+00
2.968685120154867185e+00
2.968685120154867185e+00
2.968685120154867185e+00
2.968685120154867185e+00
2.968685120154867185e+00
2.968685120154867185e+00
2.587133643976813335e+00
2.587133643976813335e+00
2.587133643976813335e+00
2.587133643976813335e+00
2.587133643976813335e+00
2.587133643976813335e+00
2.587133643976813335e+00
2.587133643976813335e+00
2.587133643976813335e+00
2.587133643976813335e+00
2.587133643976813335e+00
2.587133643976813335e+00
2.587133643976813335e+00
2.587133643976813335e+00
2.587133643976813335e+00
2.587133643976813335e+00
2.701075428925956423e+00
2.701075428925956423e+00
2.389416899194880539e+00
2.389416899194880539e+00
1.973926978590099246e+00
1.914785765627236014e+00
1.914785765627236014e+00
1.914785765627236014e+00
1.914785765627236014e+00
1.914785765627236014e+00
1.914785765627236014e+00
1.870248500058372620e+00
1.870248500058372620e+00
1.870248500058372620e+00
1.870248500058372620e+00
1.805397307170768517e+00
1.492712455461179477e+00
1.492712455461179477e+00
1.741640189093607960e+00
1.533686677161952838e+00
1.158458689921619600e+00
1.158458689921619600e+00
1.158458689921619600e+00
1.158458689921619600e+00
1.158458689921619600e+00
1.158458689921619600e+00
1.213372963204392363e+00
1.264172890221062717e+00
1.264172890221062717e+00
1.264172890221062717e+00
1.264172890221062717e+00
1.264172890221062717e+00
1.264172890221062717e+00
1.264172890221062717e+00
1.264172890221062717e+00
1.264172890221062717e+00
1.264172890221062717e+00
1.264172890221062717e+00
1.264172890221062717e+00
1.264172890221062717e+00
1.264172890221062717e+00
1.264172890221062717e+00
1.264172890221062717e+00
1.264172890221062717e+00
1.264172890221062717e+00
1.432593052984962867e+00
1.432593052984962867e+00
1.432593052984962867e+00
1.432593052984962867e+00
1.432593052984962867e+00
1.585775257623984302e+00
1.585775257623984302e+00
1.585775257623984302e+00
1.585775257623984302e+00
1.585775257623984302e+00
2.718178954065673558e+00
2.718178954065673558e+00
2.718178954065673558e+00
2.718178954065673558e+00
2.718178954065673558e+00
2.718178954065673558e+00
2.718178954065673558e+00
2.718178954065673558e+00
2.718178954065673558e+00
2.718178954065673558e+00
2.718178954065673558e+00
2.353622077972821636e+00
2.600534554618706196e+00
2.600534554618706196e+00
2.600534554618706196e+00
2.600534554618706196e+00
2.528791982892514945e+00
2.528791982892514945e+00
2.528791982892514945e+00
2.528791982892514945e+00
2.258936729826360068e+00
2.378509794481595829e+00
2.385278345787904541e+00
2.385278345787904541e+00
2.423038697783147732e+00
2.423038697783147732e+00
2.423038697783147732e+00
2.423038697783147732e+00
2.423038697783147732e+00
2.423038697783147732e+00
2.423038697783147732e+00
2.423038697783147732e+00
2.557248121235782268e+00
2.557248121235782268e+00
2.557248121235782268e+00
2.557248121235782268e+00
2.571787806660843501e+00
2.571787806660843501e+00
2.571787806660843501e+00
2.782292009204120120e+00
2.782292009204120120e+00
2.782292009204120120e+00
2.782292009204120120e+00
2.782292009204120120e+00
2.782292009204120120e+00
2.782292009204120120e+00
2.197001168907074309e+00
2.197001168907074309e+00
2.859806989505051078e+00
2.211781771180977518e+00
2.211781771180977518e+00
2.211781771180977518e+00
2.211781771180977518e+00
2.875249869012654891e+00
2.222101961136655923e+00
2.941304489928350474e+00
2.941304489928350474e+00
2.855765333171483622e+00
2.855765333171483622e+00
2.966452042178296278e+00
2.970019869170795968e+00
2.970019869170795968e+00
2.970019869170795968e+00
2.970019869170795968e+00
2.970019869170795968e+00
2.970019869170795968e+00
2.325543240011402446e+00
2.325543240011402446e+00
2.940977186888506623e+00
2.940977186888506623e+00
2.989421368517357180e+00
2.614112522190243482e+00
2.614112522190243482e+00
2.614112522190243482e+00
2.404760581727438673e+00
2.404760581727438673e+00
2.404760581727438673e+00
1.948699972365177224e+00
2.529207450863598439e+00
2.529207450863598439e+00
2.529207450863598439e+00
2.529207450863598439e+00
2.529207450863598439e+00
2.529207450863598439e+00
2.357912840778724206e+00
2.357912840778724206e+00
2.357912840778724206e+00
2.357912840778724206e+00
2.357912840778724206e+00
2.417877019482014056e+00
2.964973141797247802e+00
2.964973141797247802e+00
2.964973141797247802e+00
2.964973141797247802e+00
2.780350061511831505e+00
2.383301018837162832e+00
2.383301018837162832e+00
2.672998176164170570e+00
2.672998176164170570e+00
2.672998176164170570e+00
2.774627494971868558e+00
2.774627494971868558e+00
2.774627494971868558e+00
2.774627494971868558e+00
2.774627494971868558e+00
2.774627494971868558e+00
2.774627494971868558e+00
2.774627494971868558e+00
2.774627494971868558e+00
2.774627494971868558e+00
2.774627494971868558e+00
2.774627494971868558e+00
2.774627494971868558e+00
2.774627494971868558e+00
2.774627494971868558e+00
2.774627494971868558e+00
2.881958803047508511e+00
2.809596079155628701e+00
2.809596079155628701e+00
2.809596079155628701e+00
1.723855190139300442e+00
1.723855190139300442e+00
1.723855190139300442e+00
1.723855190139300442e+00
1.700252808796536730e+00
1.700252808796536730e+00
1.700252808796536730e+00
1.700252808796536730e+00
1.700252808796536730e+00
1.408781640521704404e+00
1.408781640521704404e+00
1.408781640521704404e+00
1.408781640521704404e+00
1.408781640521704404e+00
1.408781640521704404e+00
1.408781640521704404e+00
1.408781640521704404e+00
1.408781640521704404e+00
1.634902231375622739e+00
2.993388630139557804e+00
2.779471499969077275e+00
2.779471499969077275e+00
2.779471499969077275e+00
2.779471499969077275e+00
2.779471499969077275e+00
2.779471499969077275e+00
2.282470937557886881e+00
2.282470937557886881e+00
2.040495737536720977e+00
2.040495737536720977e+00
2.025572257414104627e+00
2.373741603212994544e+00
2.373741603212994544e+00
2.373741603212994544e+00
2.373741603212994544e+00
2.373741603212994544e+00
2.718553042833248501e+00
2.718553042833248501e+00
2.718553042833248501e+00
2.718553042833248501e+00
2.718553042833248501e+00
2.718553042833248501e+00
2.290284348324830965e+00
2.290284348324830965e+00
2.290284348324830965e+00
2.290284348324830965e+00
2.290284348324830965e+00
2.290284348324830965e+00
2.290284348324830965e+00
2.290284348324830965e+00
2.290284348324830965e+00
2.290284348324830965e+00
1.459932694848063539e+00
1.459932694848063539e+00
1.727065636093090051e+00
1.534885604914004276e+00
1.534885604914004276e+00
1.534885604914004276e+00
1.534885604914004276e+00
1.534885604914004276e+00
1.534885604914004276e+00
1.534885604914004276e+00
1.534885604914004276e+00
1.534885604914004276e+00
1.609741878913419022e+00
1.609741878913419022e+00
1.609741878913419022e+00
1.609741878913419022e+00
1.609741878913419022e+00
1.609741878913419022e+00
1.609741878913419022e+00
1.679669193134137872e+00
1.679669193134137872e+00
1.679669193134137872e+00
1.679669193134137872e+00
1.679669193134137872e+00
1.663391752936400181e+00
1.663391752936400181e+00
1.663391752936400181e+00
1.651152703491479690e+00
1.651152703491479690e+00
1.651152703491479690e+00
2.095757403668179641e+00
2.095757403668179641e+00
2.095757403668179641e+00
1.992077338074659920e+00
1.657573765492950768e+00
1.657573765492950768e+00
1.657573765492950768e+00
1.657573765492950768e+00
1.657573765492950768e+00
1.657573765492950768e+00
1.657573765492950768e+00
1.657573765492950768e+00
1.409034500921045652e+00
1.409034500921045652e+00
1.409034500921045652e+00
1.409034500921045652e+00
1.409034500921045652e+00
1.409034500921045652e+00
1.409034500921045652e+00
1.409034500921045652e+00
1.409034500921045652e+00
1.409034500921045652e+00
1.409034500921045652e+00
1.409034500921045652e+00
1.249946054139702944e+00
1.249946054139702944e+00
1.249946054139702944e+00
1.249946054139702944e+00
1.457351321427380775e+00
1.457351321427380775e+00
1.690408067006944348e+00
1.690408067006944348e+00
1.690408067006944348e+00
1.690408067006944348e+00
1.690408067006944348e+00
1.690408067006944348e+00
1.690408067006944348e+00
1.690408067006944348e+00
1.690408067006944348e+00
1.690408067006944348e+00
1.690408067006944348e+00
2.062606792143995005e+00
1.884153196865594460e+00
1.884153196865594460e+00
1.976822960918185101e+00
1.976822960918185101e+00
1.976822960918185101e+00
1.976822960918185101e+00
1.976822960918185101e+00
2.947017123611173073e+00
2.560332253445243289e+00
2.560332253445243289e+00
2.807644851929987251e+00
2.807644851929987251e+00
2.807644851929987251e+00
2.807644851929987251e+00
2.807644851929987251e+00
2.807644851929987251e+00
2.264511757753767007e+00
2.264511757753767007e+00
2.264511757753767007e+00
2.264511757753767007e+00
2.264511757753767007e+00
2.264511757753767007e+00
2.264511757753767007e+00
1.388504404584019358e+00
1.439765077137546534e+00
1.340061404890195540e+00
1.340061404890195540e+00
1.021319175897416720e+00
1.021319175897416720e+00
1.032126600099181557e+00
1.032126600099181557e+00
1.032126600099181557e+00
1.032126600099181557e+00
1.032126600099181557e+00
1.032126600099181557e+00
1.032126600099181557e+00
1.032126600099181557e+00
1.032126600099181557e+00
1.061092925647019403e+00
1.061092925647019403e+00
1.061092925647019403e+00
1.061092925647019403e+00
1.385115459072374655e+00
1.338474938046102514e+00
1.675845596436480900e+00
1.546673782911111461e+00
1.546673782911111461e+00
2.492113767282614134e+00
2.492113767282614134e+00
2.492113767282614134e+00
2.492113767282614134e+00
2.492113767282614134e+00
2.492113767282614134e+00
2.492113767282614134e+00
2.492113767282614134e+00
2.492113767282614134e+00
2.473950677261978370e+00
2.473950677261978370e+00
2.473950677261978370e+00
2.473950677261978370e+00
2.748789102769007897e+00
2.748789102769007897e+00
2.748789102769007897e+00
2.748789102769007897e+00
2.678750674703734180e+00
2.678750674703734180e+00
2.950274704507897638e+00
2.950274704507897638e+00
2.950274704507897638e+00
2.950274704507897638e+00
2.334476187952541526e+00
2.334476187952541526e+00
2.334476187952541526e+00
2.334476187952541526e+00
2.334476187952541526e+00
2.334476187952541526e+00
2.334476187952541526e+00
2.334476187952541526e+00
2.334476187952541526e+00
2.231719606469023454e+00
2.231719606469023454e+00
2.231719606469023454e+00
2.231719606469023454e+00
2.231719606469023454e+00
1.696868061465619970e+00
2.241412422481924960e+00
2.241412422481924960e+00
2.264653263980619613e+00
1.732855907184597255e+00
1.732855907184597255e+00
1.732855907184597255e+00
1.732855907184597255e+00
1.732855907184597255e+00
1.732855907184597255e+00
1.732855907184597255e+00
1.732855907184597255e+00
1.749009336658856384e+00
1.749009336658856384e+00
1.749009336658856384e+00
1.749009336658856384e+00
1.749009336658856384e+00
1.749009336658856384e+00
1.749009336658856384e+00
1.749009336658856384e+00
1.630808711313742609e+00
1.630808711313742609e+00
1.630808711313742609e+00
1.630808711313742609e+00
1.658482541466639981e+00
1.658482541466639981e+00
1.658482541466639981e+00
1.409376303644842787e+00
1.334141214476604276e+00
1.334141214476604276e+00
1.100385018015674898e+00
1.548505160928459690e+00
1.548505160928459690e+00
1.423442310086845852e+00
1.423442310086845852e+00
1.423442310086845852e+00
1.423442310086845852e+00
1.423442310086845852e+00
1.158103898018580047e+00
1.158103898018580047e+00
1.158103898018580047e+00
1.158103898018580047e+00
1.158103898018580047e+00
1.158103898018580047e+00
1.158103898018580047e+00
1.158103898018580047e+00
1.158103898018580047e+00
1.158103898018580047e+00
1.158103898018580047e+00
1.158103898018580047e+00
1.158103898018580047e+00
1.158103898018580047e+00
1.158103898018580047e+00
1.158103898018580047e+00
1.158103898018580047e+00
1.158103898018580047e+00
1.158103898018580047e+00
1.814201523620510237e+00
1.814201523620510237e+00
1.814201523620510237e+00
1.814201523620510237e+00
1.814201523620510237e+00
1.814201523620510237e+00
2.125670300248610811e+00
2.125670300248610811e+00
2.125670300248610811e+00
2.125670300248610811e+00
2.125670300248610811e+00
2.125670300248610811e+00
2.125670300248610811e+00
2.125670300248610811e+00
2.125670300248610811e+00
2.125670300248610811e+00
2.125670300248610811e+00
2.125670300248610811e+00
2.125670300248610811e+00
2.125670300248610811e+00
2.125670300248610811e+00
2.079199165681103523e+00
2.079199165681103523e+00
2.079199165681103523e+00
2.079199165681103523e+00
2.079199165681103523e+00
1.997199084454000406e+00
1.997199084454000406e+00
1.961806856593644621e+00
1.961806856593644621e+00
1.961806856593644621e+00
1.961806856593644621e+00
1.961806856593644621e+00
1.961806856593644621e+00
1.961806856593644621e+00
1.596456380067164726e+00
1.674378570599197147e+00
1.674378570599197147e+00
1.674378570599197147e+00
1.674378570599197147e+00
1.674378570599197147e+00
1.674378570599197147e+00
1.674378570599197147e+00
1.674378570599197147e+00
1.629520811909368039e+00
1.629520811909368039e+00
1.629520811909368039e+00
1.629520811909368039e+00
1.733766608852189917e+00
1.733766608852189917e+00
1.733766608852189917e+00
1.733766608852189917e+00
1.733766608852189917e+00
1.733766608852189917e+00
1.733766608852189917e+00
1.733766608852189917e+00
1.733766608852189917e+00
1.733766608852189917e+00
1.733766608852189917e+00
1.733766608852189917e+00
1.733766608852189917e+00
1.506451128069806078e+00
1.506451128069806078e+00
1.506451128069806078e+00
1.506451128069806078e+00
1.607215578338270001e+00
1.607215578338270001e+00
1.607215578338270001e+00
1.607215578338270001e+00
1.731860793564432344e+00
1.731860793564432344e+00
1.731860793564432344e+00
1.731860793564432344e+00
1.688458717535946008e+00
1.688458717535946008e+00
1.688458717535946008e+00
1.688458717535946008e+00
1.688458717535946008e+00
1.688458717535946008e+00
1.308093117546542672e+00
1.308093117546542672e+00
1.308093117546542672e+00
1.308093117546542672e+00
1.308093117546542672e+00
1.308093117546542672e+00
1.308093117546542672e+00
1.308093117546542672e+00
1.308093117546542672e+00
1.167825398874488441e+00
1.793822813688103590e+00
1.793822813688103590e+00
1.793822813688103590e+00
1.562870734914350468e+00
1.562870734914350468e+00
1.785324758525888900e+00
1.799060446293741178e+00
2.407923888604524887e+00
2.672211467497396242e+00
2.672211467497396242e+00
2.672211467497396242e+00
2.672211467497396242e+00
2.650673860158510031e+00
2.650673860158510031e+00
2.650673860158510031e+00
2.650673860158510031e+00
2.398804918635197403e+00
2.944716469547279836e+00
2.944716469547279836e+00
2.944716469547279836e+00
2.944716469547279836e+00
2.679456125390997201e+00
2.679456125390997201e+00
2.679456125390997201e+00
2.679456125390997201e+00
2.679456125390997201e+00
2.679456125390997201e+00
2.679456125390997201e+00
2.679456125390997201e+00
2.679456125390997201e+00
2.448494260562183111e+00
2.820584129940956863e+00
2.820584129940956863e+00
1.924645255407011479e+00
2.958605058156495549e+00
2.284745645419063553e+00
2.511971609148243356e+00
2.511971609148243356e+00
2.511971609148243356e+00
2.511971609148243356e+00
2.511971609148243356e+00
2.511971609148243356e+00
2.511971609148243356e+00
2.511971609148243356e+00
2.511971609148243356e+00
2.339012745654700964e+00
2.339012745654700964e+00
2.339012745654700964e+00
