# Variable: N(pi)_radius
# Sample shape: (2565,)
# Date: 2013-03-08 06:18:16.741216
2.097311190615955834e+00
2.097311190615955834e+00
2.097311190615955834e+00
2.097311190615955834e+00
2.097311190615955834e+00
2.127711808993734355e+00
2.127711808993734355e+00
2.127711808993734355e+00
2.127711808993734355e+00
2.127711808993734355e+00
2.127711808993734355e+00
2.127711808993734355e+00
2.127711808993734355e+00
2.127711808993734355e+00
2.127711808993734355e+00
2.127711808993734355e+00
2.127711808993734355e+00
2.127711808993734355e+00
2.127711808993734355e+00
2.127711808993734355e+00
2.094029136636734290e+00
2.094029136636734290e+00
2.135043315383848839e+00
2.135043315383848839e+00
2.135043315383848839e+00
2.135043315383848839e+00
2.135043315383848839e+00
2.135043315383848839e+00
2.135043315383848839e+00
2.135043315383848839e+00
2.135043315383848839e+00
2.135043315383848839e+00
2.135043315383848839e+00
2.135043315383848839e+00
2.036029440740824814e+00
2.036029440740824814e+00
2.036029440740824814e+00
2.036029440740824814e+00
2.036029440740824814e+00
2.107937203376045510e+00
2.107937203376045510e+00
2.107937203376045510e+00
2.107937203376045510e+00
2.107937203376045510e+00
2.107937203376045510e+00
2.107937203376045510e+00
2.107937203376045510e+00
2.107937203376045510e+00
2.107937203376045510e+00
2.107937203376045510e+00
2.107937203376045510e+00
2.107937203376045510e+00
2.107937203376045510e+00
2.107937203376045510e+00
2.107937203376045510e+00
2.107937203376045510e+00
2.107937203376045510e+00
2.107937203376045510e+00
2.107937203376045510e+00
2.107937203376045510e+00
2.107937203376045510e+00
2.107937203376045510e+00
2.107937203376045510e+00
2.123600867508312895e+00
2.123600867508312895e+00
2.123600867508312895e+00
2.123600867508312895e+00
2.123600867508312895e+00
2.123600867508312895e+00
2.123600867508312895e+00
2.123600867508312895e+00
2.123600867508312895e+00
2.123600867508312895e+00
2.123600867508312895e+00
2.123600867508312895e+00
2.123600867508312895e+00
2.123600867508312895e+00
2.123600867508312895e+00
2.123600867508312895e+00
2.123600867508312895e+00
2.123600867508312895e+00
2.123600867508312895e+00
2.123600867508312895e+00
2.123600867508312895e+00
2.123600867508312895e+00
2.123600867508312895e+00
2.123600867508312895e+00
2.123600867508312895e+00
2.123600867508312895e+00
2.123600867508312895e+00
2.123600867508312895e+00
2.123600867508312895e+00
2.123600867508312895e+00
2.123600867508312895e+00
2.123600867508312895e+00
2.123600867508312895e+00
2.123600867508312895e+00
2.211991733051492659e+00
2.211991733051492659e+00
2.211991733051492659e+00
2.144710082756905667e+00
2.144710082756905667e+00
2.144710082756905667e+00
2.144710082756905667e+00
2.144710082756905667e+00
2.144710082756905667e+00
2.370102225156464737e+00
2.370102225156464737e+00
2.370102225156464737e+00
2.370102225156464737e+00
2.373751029556177894e+00
2.373751029556177894e+00
2.373751029556177894e+00
2.373751029556177894e+00
2.373751029556177894e+00
2.373751029556177894e+00
2.373751029556177894e+00
2.373751029556177894e+00
2.255630499613468842e+00
2.255630499613468842e+00
2.255630499613468842e+00
2.255630499613468842e+00
2.255630499613468842e+00
2.255630499613468842e+00
2.255630499613468842e+00
2.323548185680157196e+00
2.323548185680157196e+00
2.323548185680157196e+00
2.323548185680157196e+00
2.323548185680157196e+00
2.323548185680157196e+00
2.323548185680157196e+00
2.323548185680157196e+00
2.323548185680157196e+00
2.323548185680157196e+00
2.323548185680157196e+00
2.323548185680157196e+00
2.323548185680157196e+00
2.323548185680157196e+00
2.323548185680157196e+00
2.323548185680157196e+00
2.323548185680157196e+00
2.323548185680157196e+00
2.323548185680157196e+00
2.323548185680157196e+00
2.323548185680157196e+00
2.323548185680157196e+00
2.323548185680157196e+00
2.323548185680157196e+00
2.323548185680157196e+00
2.323548185680157196e+00
2.323548185680157196e+00
2.323548185680157196e+00
2.323548185680157196e+00
2.323548185680157196e+00
2.323548185680157196e+00
2.323548185680157196e+00
2.323548185680157196e+00
2.323548185680157196e+00
2.323548185680157196e+00
2.323548185680157196e+00
2.323548185680157196e+00
2.323548185680157196e+00
2.323548185680157196e+00
2.323548185680157196e+00
2.323548185680157196e+00
2.323548185680157196e+00
2.323548185680157196e+00
2.323548185680157196e+00
2.323548185680157196e+00
2.323548185680157196e+00
2.323548185680157196e+00
2.095963912624263070e+00
2.095963912624263070e+00
2.095963912624263070e+00
2.095963912624263070e+00
2.095963912624263070e+00
2.095963912624263070e+00
2.095963912624263070e+00
2.095963912624263070e+00
2.095963912624263070e+00
2.095963912624263070e+00
2.095963912624263070e+00
2.260657028968019677e+00
2.260657028968019677e+00
2.260657028968019677e+00
2.216002664207973094e+00
2.216002664207973094e+00
2.216002664207973094e+00
2.216002664207973094e+00
2.216002664207973094e+00
2.216002664207973094e+00
2.216002664207973094e+00
2.216002664207973094e+00
2.216002664207973094e+00
2.216002664207973094e+00
2.216002664207973094e+00
2.216002664207973094e+00
2.216002664207973094e+00
2.216002664207973094e+00
2.216002664207973094e+00
2.216002664207973094e+00
2.216002664207973094e+00
2.216002664207973094e+00
2.216002664207973094e+00
2.216002664207973094e+00
2.216002664207973094e+00
2.302099723268907550e+00
2.302099723268907550e+00
2.302099723268907550e+00
2.302099723268907550e+00
2.302099723268907550e+00
2.302099723268907550e+00
2.302099723268907550e+00
2.302099723268907550e+00
2.302099723268907550e+00
2.302099723268907550e+00
2.302099723268907550e+00
2.302099723268907550e+00
2.025170372494157434e+00
2.025170372494157434e+00
2.025170372494157434e+00
2.025170372494157434e+00
2.025170372494157434e+00
2.025170372494157434e+00
2.025170372494157434e+00
2.025170372494157434e+00
2.025170372494157434e+00
2.025170372494157434e+00
2.025170372494157434e+00
2.025170372494157434e+00
2.025170372494157434e+00
2.151236686889785421e+00
2.151236686889785421e+00
2.151236686889785421e+00
2.151236686889785421e+00
2.151236686889785421e+00
2.151236686889785421e+00
2.151236686889785421e+00
2.151236686889785421e+00
2.151236686889785421e+00
2.151236686889785421e+00
2.151236686889785421e+00
2.151236686889785421e+00
2.151236686889785421e+00
2.151236686889785421e+00
2.151236686889785421e+00
2.151236686889785421e+00
2.151236686889785421e+00
2.151236686889785421e+00
2.151236686889785421e+00
2.151236686889785421e+00
2.151236686889785421e+00
2.151236686889785421e+00
2.151236686889785421e+00
2.151236686889785421e+00
2.151236686889785421e+00
2.151236686889785421e+00
2.151236686889785421e+00
2.151236686889785421e+00
2.151236686889785421e+00
2.151236686889785421e+00
2.177967155228516916e+00
2.177967155228516916e+00
2.177967155228516916e+00
2.177967155228516916e+00
2.177967155228516916e+00
2.177967155228516916e+00
2.177967155228516916e+00
2.177967155228516916e+00
2.177967155228516916e+00
2.177967155228516916e+00
2.164922254460063922e+00
2.164922254460063922e+00
2.194262000931125556e+00
2.194262000931125556e+00
2.194262000931125556e+00
2.194262000931125556e+00
2.194262000931125556e+00
2.194262000931125556e+00
2.194262000931125556e+00
2.194262000931125556e+00
2.194262000931125556e+00
2.194262000931125556e+00
2.194262000931125556e+00
2.194262000931125556e+00
2.194262000931125556e+00
2.194262000931125556e+00
2.323903589854858787e+00
2.323903589854858787e+00
2.323903589854858787e+00
2.323903589854858787e+00
2.323903589854858787e+00
2.323903589854858787e+00
2.301531191374269980e+00
2.325595983436705705e+00
2.325595983436705705e+00
2.325595983436705705e+00
2.325595983436705705e+00
2.325595983436705705e+00
2.325595983436705705e+00
2.325595983436705705e+00
2.325595983436705705e+00
2.325595983436705705e+00
2.325595983436705705e+00
2.325595983436705705e+00
2.325595983436705705e+00
2.087644276515784991e+00
2.087644276515784991e+00
2.087644276515784991e+00
2.087644276515784991e+00
2.087644276515784991e+00
2.087644276515784991e+00
2.087644276515784991e+00
2.087644276515784991e+00
2.087644276515784991e+00
2.087644276515784991e+00
2.087644276515784991e+00
2.087644276515784991e+00
2.087644276515784991e+00
2.284007869661374368e+00
2.284007869661374368e+00
2.284007869661374368e+00
2.284007869661374368e+00
2.284007869661374368e+00
2.284007869661374368e+00
2.284007869661374368e+00
2.284007869661374368e+00
2.284007869661374368e+00
2.284007869661374368e+00
2.284007869661374368e+00
2.284007869661374368e+00
2.284007869661374368e+00
2.284007869661374368e+00
2.284007869661374368e+00
2.284007869661374368e+00
2.284007869661374368e+00
2.284007869661374368e+00
2.284007869661374368e+00
2.284007869661374368e+00
2.284007869661374368e+00
2.284007869661374368e+00
2.284007869661374368e+00
2.284007869661374368e+00
2.284007869661374368e+00
2.284007869661374368e+00
2.284007869661374368e+00
2.284007869661374368e+00
2.284007869661374368e+00
2.284007869661374368e+00
2.284007869661374368e+00
2.209807201284645028e+00
2.209807201284645028e+00
2.209807201284645028e+00
2.209807201284645028e+00
2.209807201284645028e+00
2.209807201284645028e+00
2.209807201284645028e+00
2.209807201284645028e+00
2.209807201284645028e+00
2.209807201284645028e+00
2.209807201284645028e+00
2.209807201284645028e+00
2.209807201284645028e+00
2.209807201284645028e+00
2.209807201284645028e+00
2.209807201284645028e+00
2.209807201284645028e+00
2.209807201284645028e+00
2.209807201284645028e+00
2.209807201284645028e+00
2.209807201284645028e+00
2.209807201284645028e+00
2.209807201284645028e+00
2.184890769138253752e+00
2.184890769138253752e+00
2.184890769138253752e+00
2.184890769138253752e+00
2.184890769138253752e+00
2.184890769138253752e+00
2.184890769138253752e+00
2.184890769138253752e+00
2.184890769138253752e+00
2.184890769138253752e+00
2.184890769138253752e+00
2.184890769138253752e+00
2.184890769138253752e+00
2.184890769138253752e+00
2.184890769138253752e+00
2.184890769138253752e+00
2.184890769138253752e+00
2.184890769138253752e+00
2.184890769138253752e+00
2.184890769138253752e+00
2.184890769138253752e+00
2.184890769138253752e+00
2.184890769138253752e+00
2.176240343003739142e+00
2.176240343003739142e+00
2.176240343003739142e+00
2.176240343003739142e+00
2.176240343003739142e+00
2.176240343003739142e+00
2.176240343003739142e+00
2.176240343003739142e+00
2.176240343003739142e+00
2.176240343003739142e+00
2.176240343003739142e+00
2.176240343003739142e+00
2.176240343003739142e+00
2.176240343003739142e+00
2.176240343003739142e+00
2.176240343003739142e+00
2.135036229590918655e+00
2.135036229590918655e+00
2.135036229590918655e+00
2.135036229590918655e+00
2.135036229590918655e+00
2.135036229590918655e+00
2.135036229590918655e+00
2.135036229590918655e+00
2.135036229590918655e+00
2.359033350988161359e+00
2.359033350988161359e+00
2.136989860481629755e+00
2.104064375956973265e+00
2.104064375956973265e+00
2.104064375956973265e+00
2.104064375956973265e+00
2.104064375956973265e+00
2.104064375956973265e+00
2.104064375956973265e+00
2.104064375956973265e+00
2.104064375956973265e+00
2.104064375956973265e+00
2.104064375956973265e+00
2.104064375956973265e+00
2.104064375956973265e+00
2.076794889227535634e+00
2.076794889227535634e+00
2.076794889227535634e+00
2.076794889227535634e+00
2.076794889227535634e+00
2.076794889227535634e+00
2.076794889227535634e+00
2.076794889227535634e+00
2.076794889227535634e+00
2.076794889227535634e+00
2.076794889227535634e+00
2.076794889227535634e+00
2.076794889227535634e+00
2.076794889227535634e+00
2.076794889227535634e+00
2.076794889227535634e+00
2.076794889227535634e+00
2.076794889227535634e+00
2.076794889227535634e+00
2.076794889227535634e+00
2.076794889227535634e+00
2.076794889227535634e+00
2.076794889227535634e+00
2.076794889227535634e+00
2.076794889227535634e+00
2.076794889227535634e+00
2.076794889227535634e+00
2.076794889227535634e+00
2.076794889227535634e+00
2.076794889227535634e+00
2.076794889227535634e+00
2.333557454088188265e+00
2.333557454088188265e+00
2.333557454088188265e+00
2.333557454088188265e+00
2.317735846968932645e+00
2.317735846968932645e+00
2.126846381852006473e+00
2.126846381852006473e+00
2.126846381852006473e+00
2.126846381852006473e+00
2.126846381852006473e+00
2.126846381852006473e+00
2.126846381852006473e+00
2.126846381852006473e+00
2.126846381852006473e+00
2.126846381852006473e+00
2.126846381852006473e+00
2.126846381852006473e+00
2.126846381852006473e+00
2.126846381852006473e+00
2.126846381852006473e+00
2.126846381852006473e+00
2.126846381852006473e+00
2.126846381852006473e+00
2.126846381852006473e+00
2.117055610099708218e+00
2.117055610099708218e+00
2.117055610099708218e+00
2.117055610099708218e+00
2.117055610099708218e+00
2.117055610099708218e+00
2.117055610099708218e+00
2.117055610099708218e+00
2.117055610099708218e+00
2.117055610099708218e+00
2.117055610099708218e+00
2.117055610099708218e+00
2.117055610099708218e+00
2.117055610099708218e+00
2.117055610099708218e+00
2.117055610099708218e+00
2.117055610099708218e+00
2.117055610099708218e+00
2.117055610099708218e+00
2.117055610099708218e+00
2.117055610099708218e+00
2.117055610099708218e+00
2.117055610099708218e+00
2.077419935206489932e+00
2.077419935206489932e+00
2.077419935206489932e+00
2.077419935206489932e+00
2.077419935206489932e+00
2.077419935206489932e+00
2.077419935206489932e+00
2.077419935206489932e+00
2.077419935206489932e+00
2.077419935206489932e+00
2.077419935206489932e+00
2.077419935206489932e+00
2.077419935206489932e+00
2.077419935206489932e+00
2.077419935206489932e+00
2.077419935206489932e+00
2.077419935206489932e+00
2.077419935206489932e+00
2.077419935206489932e+00
2.077419935206489932e+00
2.077419935206489932e+00
2.077419935206489932e+00
2.077419935206489932e+00
2.077419935206489932e+00
2.077419935206489932e+00
2.077419935206489932e+00
2.077419935206489932e+00
2.077419935206489932e+00
2.077419935206489932e+00
2.077419935206489932e+00
2.077419935206489932e+00
2.077419935206489932e+00
2.077419935206489932e+00
2.077419935206489932e+00
2.077419935206489932e+00
2.077419935206489932e+00
2.077419935206489932e+00
2.077419935206489932e+00
2.077419935206489932e+00
2.077419935206489932e+00
2.077419935206489932e+00
2.077419935206489932e+00
2.077419935206489932e+00
2.077419935206489932e+00
2.077419935206489932e+00
2.077419935206489932e+00
2.077419935206489932e+00
2.077419935206489932e+00
2.077419935206489932e+00
2.077419935206489932e+00
2.077419935206489932e+00
2.077419935206489932e+00
2.077419935206489932e+00
2.077419935206489932e+00
2.077419935206489932e+00
2.077419935206489932e+00
2.077419935206489932e+00
2.077419935206489932e+00
2.077419935206489932e+00
2.077419935206489932e+00
2.077419935206489932e+00
2.122852433089398971e+00
2.122852433089398971e+00
2.122852433089398971e+00
2.268251938340720031e+00
2.268251938340720031e+00
2.268251938340720031e+00
2.268251938340720031e+00
2.224844539979854652e+00
2.224844539979854652e+00
2.224844539979854652e+00
2.165199401292040804e+00
2.165199401292040804e+00
2.165199401292040804e+00
2.165199401292040804e+00
2.165199401292040804e+00
2.165199401292040804e+00
2.165199401292040804e+00
2.165199401292040804e+00
2.165199401292040804e+00
2.165199401292040804e+00
2.165199401292040804e+00
2.165199401292040804e+00
2.165199401292040804e+00
2.165199401292040804e+00
2.165199401292040804e+00
2.165199401292040804e+00
2.165199401292040804e+00
2.165199401292040804e+00
2.165199401292040804e+00
2.165199401292040804e+00
2.165199401292040804e+00
2.165199401292040804e+00
2.165199401292040804e+00
2.165199401292040804e+00
2.165199401292040804e+00
2.165199401292040804e+00
2.165199401292040804e+00
2.165199401292040804e+00
2.165199401292040804e+00
2.165199401292040804e+00
2.165199401292040804e+00
2.165199401292040804e+00
2.165199401292040804e+00
2.165199401292040804e+00
2.165199401292040804e+00
2.165199401292040804e+00
2.165199401292040804e+00
2.165199401292040804e+00
2.165199401292040804e+00
2.165199401292040804e+00
2.165199401292040804e+00
2.165199401292040804e+00
2.165199401292040804e+00
2.165199401292040804e+00
2.165199401292040804e+00
2.165199401292040804e+00
2.165199401292040804e+00
2.165199401292040804e+00
2.165199401292040804e+00
2.165199401292040804e+00
2.165199401292040804e+00
2.100280812519112139e+00
2.164438014605116756e+00
2.164438014605116756e+00
2.164438014605116756e+00
2.164438014605116756e+00
2.164438014605116756e+00
2.151622813184868921e+00
2.151622813184868921e+00
2.151622813184868921e+00
2.151622813184868921e+00
2.151622813184868921e+00
2.151622813184868921e+00
2.151622813184868921e+00
2.151622813184868921e+00
2.151622813184868921e+00
2.151622813184868921e+00
2.151622813184868921e+00
2.151622813184868921e+00
2.151622813184868921e+00
2.151622813184868921e+00
2.151622813184868921e+00
2.151622813184868921e+00
2.151622813184868921e+00
2.151622813184868921e+00
2.151622813184868921e+00
2.151622813184868921e+00
2.151622813184868921e+00
2.151622813184868921e+00
2.151622813184868921e+00
2.151622813184868921e+00
2.151622813184868921e+00
2.151622813184868921e+00
2.151622813184868921e+00
2.151622813184868921e+00
2.151622813184868921e+00
2.151622813184868921e+00
2.151622813184868921e+00
2.151622813184868921e+00
2.151622813184868921e+00
2.151622813184868921e+00
2.151622813184868921e+00
2.151622813184868921e+00
2.151622813184868921e+00
2.151622813184868921e+00
2.151622813184868921e+00
2.151622813184868921e+00
2.151622813184868921e+00
2.151622813184868921e+00
2.151622813184868921e+00
2.151622813184868921e+00
2.151622813184868921e+00
2.151622813184868921e+00
2.151622813184868921e+00
2.151622813184868921e+00
2.151622813184868921e+00
2.151622813184868921e+00
2.151622813184868921e+00
2.151622813184868921e+00
2.151622813184868921e+00
2.151622813184868921e+00
2.151622813184868921e+00
2.151622813184868921e+00
2.151622813184868921e+00
2.183618656999743557e+00
2.183618656999743557e+00
2.183618656999743557e+00
2.183618656999743557e+00
2.183618656999743557e+00
2.183618656999743557e+00
2.183618656999743557e+00
2.183618656999743557e+00
2.183618656999743557e+00
2.183618656999743557e+00
2.183618656999743557e+00
2.183618656999743557e+00
2.183618656999743557e+00
2.183618656999743557e+00
2.183618656999743557e+00
2.183618656999743557e+00
2.183618656999743557e+00
2.183618656999743557e+00
2.183618656999743557e+00
2.132072271590629065e+00
2.132072271590629065e+00
2.132072271590629065e+00
2.132072271590629065e+00
2.132072271590629065e+00
2.132072271590629065e+00
2.132072271590629065e+00
2.360228828217903363e+00
2.360228828217903363e+00
2.360228828217903363e+00
2.360228828217903363e+00
2.360228828217903363e+00
2.363112780205104180e+00
2.363112780205104180e+00
2.363112780205104180e+00
2.363112780205104180e+00
2.363112780205104180e+00
2.363112780205104180e+00
2.363112780205104180e+00
2.363112780205104180e+00
2.363112780205104180e+00
2.363112780205104180e+00
2.363112780205104180e+00
2.363112780205104180e+00
2.363112780205104180e+00
2.363112780205104180e+00
2.363112780205104180e+00
2.363112780205104180e+00
2.363112780205104180e+00
2.363112780205104180e+00
2.363112780205104180e+00
2.363112780205104180e+00
2.363112780205104180e+00
2.363112780205104180e+00
2.363112780205104180e+00
2.288571047880699094e+00
2.288571047880699094e+00
2.288571047880699094e+00
2.288571047880699094e+00
2.288571047880699094e+00
2.288571047880699094e+00
2.288571047880699094e+00
2.288571047880699094e+00
2.288571047880699094e+00
2.288571047880699094e+00
2.288571047880699094e+00
2.288571047880699094e+00
2.288571047880699094e+00
2.288571047880699094e+00
2.288571047880699094e+00
2.288571047880699094e+00
2.288571047880699094e+00
2.288571047880699094e+00
2.067321993195668117e+00
2.357662599064621833e+00
2.357662599064621833e+00
2.357662599064621833e+00
2.357662599064621833e+00
2.357662599064621833e+00
2.357662599064621833e+00
2.357662599064621833e+00
2.357662599064621833e+00
2.357662599064621833e+00
2.357662599064621833e+00
2.357662599064621833e+00
2.357662599064621833e+00
2.357662599064621833e+00
2.166732029353279465e+00
2.166732029353279465e+00
2.166732029353279465e+00
2.166732029353279465e+00
2.166732029353279465e+00
2.166732029353279465e+00
2.166732029353279465e+00
2.166732029353279465e+00
2.166732029353279465e+00
2.166732029353279465e+00
2.166732029353279465e+00
2.166732029353279465e+00
2.166732029353279465e+00
2.166732029353279465e+00
2.166732029353279465e+00
2.166732029353279465e+00
2.166732029353279465e+00
2.166732029353279465e+00
2.166732029353279465e+00
2.166732029353279465e+00
2.166732029353279465e+00
2.166732029353279465e+00
2.166732029353279465e+00
2.166732029353279465e+00
2.166732029353279465e+00
2.053326840516693341e+00
2.053326840516693341e+00
2.053326840516693341e+00
2.053326840516693341e+00
2.053326840516693341e+00
2.053326840516693341e+00
2.053326840516693341e+00
2.053326840516693341e+00
2.053326840516693341e+00
2.053326840516693341e+00
2.053326840516693341e+00
2.053326840516693341e+00
2.053326840516693341e+00
2.053326840516693341e+00
2.053326840516693341e+00
2.053326840516693341e+00
2.053326840516693341e+00
2.145683008678142212e+00
2.145683008678142212e+00
2.053964934391744102e+00
2.053964934391744102e+00
2.053964934391744102e+00
2.053964934391744102e+00
2.053964934391744102e+00
2.053964934391744102e+00
2.053964934391744102e+00
2.053964934391744102e+00
2.053964934391744102e+00
2.053964934391744102e+00
2.053964934391744102e+00
2.053964934391744102e+00
2.053964934391744102e+00
2.053964934391744102e+00
2.053964934391744102e+00
2.199897015896201236e+00
2.199897015896201236e+00
2.199897015896201236e+00
2.199897015896201236e+00
2.199897015896201236e+00
2.199897015896201236e+00
2.199897015896201236e+00
2.199897015896201236e+00
2.199897015896201236e+00
2.199897015896201236e+00
2.199897015896201236e+00
2.199897015896201236e+00
2.199897015896201236e+00
2.199897015896201236e+00
2.199897015896201236e+00
2.199897015896201236e+00
2.199897015896201236e+00
2.199897015896201236e+00
2.199897015896201236e+00
2.199897015896201236e+00
2.199897015896201236e+00
2.199897015896201236e+00
2.199897015896201236e+00
2.199897015896201236e+00
2.199897015896201236e+00
2.199897015896201236e+00
2.199897015896201236e+00
2.199897015896201236e+00
2.199897015896201236e+00
2.199897015896201236e+00
2.199897015896201236e+00
2.199897015896201236e+00
2.199897015896201236e+00
2.199897015896201236e+00
2.199897015896201236e+00
2.199897015896201236e+00
2.199897015896201236e+00
2.199897015896201236e+00
2.163306350892433283e+00
2.163306350892433283e+00
2.163306350892433283e+00
2.163306350892433283e+00
2.163306350892433283e+00
2.163306350892433283e+00
2.163306350892433283e+00
2.163306350892433283e+00
2.163306350892433283e+00
2.163306350892433283e+00
2.163306350892433283e+00
2.163306350892433283e+00
2.163306350892433283e+00
2.163306350892433283e+00
2.204097276212611867e+00
2.204097276212611867e+00
2.204097276212611867e+00
2.204097276212611867e+00
2.204097276212611867e+00
2.204097276212611867e+00
2.204097276212611867e+00
2.204097276212611867e+00
2.204097276212611867e+00
2.204097276212611867e+00
2.204097276212611867e+00
2.204097276212611867e+00
2.204097276212611867e+00
2.204097276212611867e+00
2.204097276212611867e+00
2.204097276212611867e+00
2.204097276212611867e+00
2.204097276212611867e+00
2.204097276212611867e+00
2.204097276212611867e+00
2.204097276212611867e+00
2.204097276212611867e+00
2.204097276212611867e+00
2.204097276212611867e+00
2.204097276212611867e+00
2.204097276212611867e+00
2.204097276212611867e+00
2.204097276212611867e+00
2.204097276212611867e+00
2.204097276212611867e+00
2.204097276212611867e+00
2.204097276212611867e+00
2.204097276212611867e+00
2.204097276212611867e+00
2.204097276212611867e+00
2.204097276212611867e+00
2.204097276212611867e+00
2.204097276212611867e+00
2.204097276212611867e+00
2.204097276212611867e+00
2.204097276212611867e+00
2.204097276212611867e+00
2.204097276212611867e+00
2.204097276212611867e+00
2.204097276212611867e+00
2.204097276212611867e+00
2.150429900714312392e+00
2.150429900714312392e+00
2.150429900714312392e+00
2.150429900714312392e+00
2.150429900714312392e+00
2.192269253091164494e+00
2.192269253091164494e+00
2.192269253091164494e+00
2.145639076566070447e+00
2.225531492533685984e+00
2.225531492533685984e+00
2.225531492533685984e+00
2.225531492533685984e+00
2.225531492533685984e+00
2.225531492533685984e+00
2.225531492533685984e+00
2.225531492533685984e+00
2.225531492533685984e+00
2.225531492533685984e+00
2.225531492533685984e+00
2.225531492533685984e+00
2.225531492533685984e+00
2.225531492533685984e+00
2.225531492533685984e+00
2.225531492533685984e+00
2.225531492533685984e+00
2.225531492533685984e+00
2.225531492533685984e+00
2.225531492533685984e+00
2.225531492533685984e+00
2.225531492533685984e+00
2.054054888645697741e+00
2.054054888645697741e+00
2.054054888645697741e+00
2.054054888645697741e+00
2.054054888645697741e+00
2.113543494989615024e+00
2.113543494989615024e+00
2.113543494989615024e+00
2.113543494989615024e+00
2.113543494989615024e+00
2.113543494989615024e+00
2.113543494989615024e+00
2.113543494989615024e+00
2.113543494989615024e+00
2.113543494989615024e+00
2.113543494989615024e+00
2.113543494989615024e+00
2.113543494989615024e+00
2.113543494989615024e+00
2.113543494989615024e+00
2.113543494989615024e+00
2.113543494989615024e+00
2.113543494989615024e+00
2.113543494989615024e+00
2.113543494989615024e+00
2.106598120751131287e+00
2.106598120751131287e+00
2.106598120751131287e+00
2.106598120751131287e+00
2.106598120751131287e+00
2.106598120751131287e+00
2.106598120751131287e+00
2.106598120751131287e+00
2.106598120751131287e+00
2.106598120751131287e+00
2.106598120751131287e+00
2.106598120751131287e+00
2.106598120751131287e+00
2.106598120751131287e+00
2.106598120751131287e+00
2.106598120751131287e+00
2.106598120751131287e+00
2.106598120751131287e+00
2.106598120751131287e+00
2.106598120751131287e+00
2.106598120751131287e+00
2.106598120751131287e+00
2.106598120751131287e+00
2.106598120751131287e+00
2.106598120751131287e+00
2.106598120751131287e+00
2.106598120751131287e+00
2.106598120751131287e+00
2.106598120751131287e+00
2.106598120751131287e+00
2.106598120751131287e+00
2.106598120751131287e+00
2.114162203936415185e+00
2.058958848297515853e+00
2.058958848297515853e+00
2.058958848297515853e+00
2.306878141811105287e+00
2.088640005244304376e+00
2.088640005244304376e+00
2.088640005244304376e+00
2.196222143458435472e+00
2.196222143458435472e+00
2.196222143458435472e+00
2.196222143458435472e+00
2.196222143458435472e+00
2.196222143458435472e+00
2.196222143458435472e+00
2.196222143458435472e+00
2.196222143458435472e+00
2.196222143458435472e+00
2.196222143458435472e+00
2.196222143458435472e+00
2.168367159347106998e+00
2.168367159347106998e+00
2.168367159347106998e+00
2.168367159347106998e+00
2.168367159347106998e+00
2.168367159347106998e+00
2.168367159347106998e+00
2.168367159347106998e+00
2.168367159347106998e+00
2.168367159347106998e+00
2.168367159347106998e+00
2.168367159347106998e+00
2.168367159347106998e+00
2.168367159347106998e+00
2.168367159347106998e+00
2.168367159347106998e+00
2.168367159347106998e+00
2.168367159347106998e+00
2.168367159347106998e+00
2.168367159347106998e+00
2.168367159347106998e+00
2.168367159347106998e+00
2.168367159347106998e+00
2.168367159347106998e+00
2.168367159347106998e+00
2.168367159347106998e+00
2.168367159347106998e+00
2.168367159347106998e+00
2.168367159347106998e+00
2.130399290383368616e+00
2.130399290383368616e+00
2.130399290383368616e+00
2.283993459546861615e+00
2.283993459546861615e+00
2.283993459546861615e+00
2.283993459546861615e+00
2.283993459546861615e+00
2.283993459546861615e+00
2.283993459546861615e+00
2.283993459546861615e+00
2.283993459546861615e+00
2.283993459546861615e+00
2.283993459546861615e+00
2.283993459546861615e+00
2.283993459546861615e+00
2.283993459546861615e+00
2.283993459546861615e+00
2.283993459546861615e+00
2.283993459546861615e+00
2.283993459546861615e+00
2.283993459546861615e+00
2.283993459546861615e+00
2.283993459546861615e+00
2.283993459546861615e+00
2.283993459546861615e+00
2.310777217692937313e+00
2.310777217692937313e+00
2.310777217692937313e+00
2.310777217692937313e+00
2.310777217692937313e+00
2.310777217692937313e+00
2.310777217692937313e+00
2.310777217692937313e+00
2.310777217692937313e+00
2.310777217692937313e+00
2.310777217692937313e+00
2.310777217692937313e+00
2.310777217692937313e+00
2.310777217692937313e+00
2.310777217692937313e+00
2.310777217692937313e+00
2.310777217692937313e+00
2.192185676106848113e+00
2.192185676106848113e+00
2.192185676106848113e+00
2.192185676106848113e+00
2.192185676106848113e+00
2.192185676106848113e+00
2.192185676106848113e+00
2.192185676106848113e+00
2.192185676106848113e+00
2.192185676106848113e+00
2.192185676106848113e+00
2.192185676106848113e+00
2.192185676106848113e+00
2.192185676106848113e+00
2.192185676106848113e+00
2.192185676106848113e+00
2.192185676106848113e+00
2.192185676106848113e+00
2.192185676106848113e+00
2.192185676106848113e+00
2.192185676106848113e+00
2.192185676106848113e+00
2.192185676106848113e+00
2.192185676106848113e+00
2.192185676106848113e+00
2.192185676106848113e+00
2.163913031475921400e+00
2.163913031475921400e+00
2.163913031475921400e+00
2.163913031475921400e+00
2.163913031475921400e+00
2.163913031475921400e+00
2.163913031475921400e+00
2.163913031475921400e+00
2.163913031475921400e+00
2.163913031475921400e+00
1.982628377694592325e+00
1.982628377694592325e+00
1.982628377694592325e+00
1.982628377694592325e+00
1.982628377694592325e+00
1.982628377694592325e+00
1.982628377694592325e+00
1.982628377694592325e+00
1.982628377694592325e+00
1.982628377694592325e+00
1.982628377694592325e+00
1.982628377694592325e+00
1.982628377694592325e+00
1.982628377694592325e+00
1.982628377694592325e+00
1.982628377694592325e+00
1.982628377694592325e+00
1.982628377694592325e+00
1.982628377694592325e+00
1.982628377694592325e+00
1.982628377694592325e+00
1.982628377694592325e+00
1.982628377694592325e+00
1.982628377694592325e+00
1.982628377694592325e+00
1.982628377694592325e+00
1.982628377694592325e+00
1.982628377694592325e+00
1.982628377694592325e+00
1.982628377694592325e+00
1.982628377694592325e+00
1.982628377694592325e+00
1.982628377694592325e+00
1.982628377694592325e+00
1.982628377694592325e+00
1.982628377694592325e+00
1.982628377694592325e+00
1.982628377694592325e+00
1.982628377694592325e+00
1.982628377694592325e+00
1.982628377694592325e+00
1.982628377694592325e+00
1.982628377694592325e+00
1.982628377694592325e+00
1.982628377694592325e+00
1.982628377694592325e+00
1.982628377694592325e+00
1.982628377694592325e+00
1.982628377694592325e+00
1.982628377694592325e+00
1.982628377694592325e+00
2.211170285217968878e+00
2.211170285217968878e+00
2.211170285217968878e+00
2.211170285217968878e+00
2.211170285217968878e+00
2.211170285217968878e+00
2.211170285217968878e+00
2.211170285217968878e+00
2.211170285217968878e+00
2.211170285217968878e+00
1.977402517785964431e+00
1.977402517785964431e+00
1.977402517785964431e+00
1.977402517785964431e+00
1.977402517785964431e+00
1.977402517785964431e+00
1.977402517785964431e+00
1.977402517785964431e+00
1.977402517785964431e+00
1.977402517785964431e+00
1.977402517785964431e+00
1.977402517785964431e+00
1.977402517785964431e+00
2.064076243894414464e+00
2.064076243894414464e+00
2.064076243894414464e+00
2.064076243894414464e+00
2.064076243894414464e+00
2.072211039063991400e+00
2.072211039063991400e+00
2.102028000678808350e+00
2.102028000678808350e+00
2.102028000678808350e+00
2.102028000678808350e+00
2.102028000678808350e+00
2.102028000678808350e+00
2.102028000678808350e+00
2.102028000678808350e+00
2.102028000678808350e+00
2.102028000678808350e+00
2.102028000678808350e+00
2.102028000678808350e+00
2.102028000678808350e+00
2.102028000678808350e+00
2.102028000678808350e+00
2.102028000678808350e+00
2.123035081321556383e+00
2.123035081321556383e+00
2.123035081321556383e+00
2.123035081321556383e+00
2.123035081321556383e+00
2.123035081321556383e+00
2.123035081321556383e+00
2.123035081321556383e+00
2.123035081321556383e+00
2.123035081321556383e+00
2.123035081321556383e+00
2.123035081321556383e+00
2.123035081321556383e+00
2.123035081321556383e+00
2.123035081321556383e+00
2.123035081321556383e+00
2.123035081321556383e+00
2.123035081321556383e+00
2.123035081321556383e+00
2.123035081321556383e+00
2.123035081321556383e+00
2.123035081321556383e+00
2.123035081321556383e+00
2.123035081321556383e+00
2.123035081321556383e+00
2.123035081321556383e+00
2.123035081321556383e+00
2.123035081321556383e+00
2.123035081321556383e+00
2.123035081321556383e+00
2.123035081321556383e+00
2.123035081321556383e+00
2.123035081321556383e+00
2.123035081321556383e+00
2.123035081321556383e+00
2.123035081321556383e+00
2.123035081321556383e+00
2.123035081321556383e+00
2.123035081321556383e+00
2.123035081321556383e+00
2.123035081321556383e+00
2.123035081321556383e+00
2.123035081321556383e+00
2.123035081321556383e+00
2.123035081321556383e+00
2.123035081321556383e+00
2.123035081321556383e+00
2.123035081321556383e+00
2.123035081321556383e+00
2.123035081321556383e+00
2.123035081321556383e+00
2.123035081321556383e+00
2.123035081321556383e+00
2.123035081321556383e+00
2.123035081321556383e+00
2.123035081321556383e+00
2.123035081321556383e+00
2.123035081321556383e+00
2.123035081321556383e+00
2.123035081321556383e+00
2.123035081321556383e+00
2.123035081321556383e+00
2.123035081321556383e+00
2.123035081321556383e+00
2.123035081321556383e+00
2.123035081321556383e+00
2.123035081321556383e+00
2.123035081321556383e+00
2.123035081321556383e+00
2.123035081321556383e+00
2.123035081321556383e+00
2.123035081321556383e+00
2.123035081321556383e+00
2.123035081321556383e+00
2.123035081321556383e+00
2.123035081321556383e+00
2.123035081321556383e+00
2.123035081321556383e+00
2.123035081321556383e+00
2.123035081321556383e+00
2.123035081321556383e+00
2.123035081321556383e+00
2.123035081321556383e+00
2.123035081321556383e+00
2.123035081321556383e+00
2.123035081321556383e+00
2.123035081321556383e+00
2.123035081321556383e+00
2.123035081321556383e+00
2.123035081321556383e+00
2.123035081321556383e+00
2.123035081321556383e+00
2.123035081321556383e+00
2.123035081321556383e+00
2.123035081321556383e+00
2.123035081321556383e+00
2.123035081321556383e+00
2.123035081321556383e+00
2.123035081321556383e+00
2.123035081321556383e+00
2.123035081321556383e+00
2.123035081321556383e+00
2.123035081321556383e+00
2.123035081321556383e+00
2.004466200160701650e+00
2.004466200160701650e+00
2.004466200160701650e+00
2.004466200160701650e+00
2.004466200160701650e+00
2.004466200160701650e+00
2.004466200160701650e+00
2.212240321497203066e+00
2.212240321497203066e+00
2.212240321497203066e+00
2.212240321497203066e+00
2.212240321497203066e+00
2.212240321497203066e+00
2.212240321497203066e+00
2.212240321497203066e+00
2.212240321497203066e+00
2.212240321497203066e+00
2.212240321497203066e+00
2.212240321497203066e+00
2.179545928889163431e+00
2.179545928889163431e+00
2.179545928889163431e+00
2.179545928889163431e+00
2.179545928889163431e+00
2.179545928889163431e+00
2.179545928889163431e+00
2.179545928889163431e+00
2.179545928889163431e+00
2.179545928889163431e+00
2.179545928889163431e+00
2.179545928889163431e+00
2.179545928889163431e+00
2.179545928889163431e+00
2.179545928889163431e+00
2.179545928889163431e+00
2.179545928889163431e+00
2.179545928889163431e+00
2.179545928889163431e+00
2.179545928889163431e+00
2.179545928889163431e+00
2.179545928889163431e+00
2.179545928889163431e+00
2.179545928889163431e+00
2.179545928889163431e+00
2.179545928889163431e+00
2.179545928889163431e+00
2.179545928889163431e+00
2.179545928889163431e+00
2.179545928889163431e+00
2.179545928889163431e+00
2.179545928889163431e+00
2.179545928889163431e+00
2.179545928889163431e+00
2.210569994447805886e+00
2.210569994447805886e+00
2.210569994447805886e+00
2.210569994447805886e+00
2.195433102482997612e+00
2.195433102482997612e+00
2.195433102482997612e+00
2.195433102482997612e+00
2.195433102482997612e+00
2.195433102482997612e+00
2.195433102482997612e+00
2.195433102482997612e+00
2.195433102482997612e+00
2.195433102482997612e+00
2.195433102482997612e+00
2.195433102482997612e+00
2.195433102482997612e+00
2.195433102482997612e+00
2.195433102482997612e+00
2.195433102482997612e+00
2.195433102482997612e+00
2.195433102482997612e+00
2.195433102482997612e+00
2.195433102482997612e+00
2.195433102482997612e+00
2.195433102482997612e+00
2.195433102482997612e+00
2.195433102482997612e+00
2.152971916340134406e+00
2.152971916340134406e+00
2.152971916340134406e+00
2.152971916340134406e+00
2.152971916340134406e+00
2.152971916340134406e+00
2.152971916340134406e+00
2.152971916340134406e+00
2.152971916340134406e+00
2.152971916340134406e+00
2.152971916340134406e+00
2.152971916340134406e+00
2.152971916340134406e+00
2.152971916340134406e+00
2.152971916340134406e+00
2.152971916340134406e+00
2.152971916340134406e+00
2.152971916340134406e+00
2.178351952107814959e+00
2.178351952107814959e+00
2.178351952107814959e+00
2.178351952107814959e+00
2.178351952107814959e+00
2.178351952107814959e+00
2.178351952107814959e+00
2.178351952107814959e+00
2.178351952107814959e+00
1.969079464174495087e+00
1.969079464174495087e+00
1.969079464174495087e+00
1.969079464174495087e+00
1.969079464174495087e+00
1.969079464174495087e+00
1.969079464174495087e+00
1.969079464174495087e+00
1.969079464174495087e+00
1.969079464174495087e+00
1.969079464174495087e+00
1.969079464174495087e+00
1.969079464174495087e+00
1.969079464174495087e+00
2.012618585303031171e+00
2.012618585303031171e+00
2.012618585303031171e+00
2.149692415683033708e+00
2.075216489442750500e+00
2.075216489442750500e+00
2.075216489442750500e+00
2.075216489442750500e+00
2.075216489442750500e+00
2.075216489442750500e+00
2.075216489442750500e+00
2.075216489442750500e+00
2.075216489442750500e+00
2.075216489442750500e+00
2.075216489442750500e+00
2.075216489442750500e+00
2.075216489442750500e+00
2.075216489442750500e+00
2.075216489442750500e+00
2.075216489442750500e+00
2.075216489442750500e+00
2.075216489442750500e+00
2.075216489442750500e+00
2.075216489442750500e+00
2.075216489442750500e+00
2.075216489442750500e+00
2.075216489442750500e+00
2.075216489442750500e+00
2.055646725189088198e+00
2.055646725189088198e+00
2.055646725189088198e+00
2.055646725189088198e+00
2.055646725189088198e+00
2.055646725189088198e+00
2.055646725189088198e+00
2.055646725189088198e+00
2.055646725189088198e+00
2.055646725189088198e+00
2.055646725189088198e+00
2.055646725189088198e+00
2.055646725189088198e+00
2.055646725189088198e+00
2.055646725189088198e+00
2.055646725189088198e+00
2.055646725189088198e+00
2.055646725189088198e+00
2.055646725189088198e+00
2.055646725189088198e+00
2.055646725189088198e+00
2.055646725189088198e+00
2.055646725189088198e+00
2.033386892038394844e+00
2.033386892038394844e+00
2.033386892038394844e+00
2.033386892038394844e+00
2.033386892038394844e+00
2.033386892038394844e+00
2.033386892038394844e+00
2.033386892038394844e+00
2.033386892038394844e+00
2.033386892038394844e+00
2.033386892038394844e+00
2.033386892038394844e+00
2.033386892038394844e+00
2.033386892038394844e+00
2.033386892038394844e+00
2.033386892038394844e+00
2.033386892038394844e+00
2.033386892038394844e+00
2.033386892038394844e+00
2.033386892038394844e+00
2.033386892038394844e+00
2.033386892038394844e+00
2.033386892038394844e+00
2.033386892038394844e+00
2.033386892038394844e+00
2.033386892038394844e+00
2.033386892038394844e+00
2.033386892038394844e+00
2.033386892038394844e+00
2.033386892038394844e+00
2.033386892038394844e+00
2.033386892038394844e+00
2.033386892038394844e+00
2.033386892038394844e+00
2.033386892038394844e+00
2.033386892038394844e+00
2.154943247635819237e+00
2.154943247635819237e+00
2.154943247635819237e+00
2.164468130256358869e+00
2.164468130256358869e+00
2.164468130256358869e+00
2.164468130256358869e+00
2.164468130256358869e+00
2.164468130256358869e+00
2.164468130256358869e+00
1.994351923058682585e+00
1.994351923058682585e+00
1.994351923058682585e+00
1.994351923058682585e+00
1.994351923058682585e+00
1.994351923058682585e+00
1.994351923058682585e+00
1.994351923058682585e+00
1.977369765186977935e+00
1.977369765186977935e+00
1.977369765186977935e+00
1.977369765186977935e+00
1.977369765186977935e+00
2.000596792739820717e+00
2.000596792739820717e+00
2.000596792739820717e+00
2.000596792739820717e+00
2.000596792739820717e+00
2.000596792739820717e+00
2.000596792739820717e+00
2.000596792739820717e+00
2.000596792739820717e+00
2.000596792739820717e+00
1.952334148404828440e+00
1.952334148404828440e+00
1.952334148404828440e+00
1.952334148404828440e+00
1.952334148404828440e+00
1.952334148404828440e+00
1.952334148404828440e+00
1.952334148404828440e+00
1.952334148404828440e+00
1.952334148404828440e+00
1.952334148404828440e+00
1.952334148404828440e+00
1.952334148404828440e+00
1.952334148404828440e+00
1.952334148404828440e+00
1.952334148404828440e+00
1.952334148404828440e+00
1.952334148404828440e+00
1.952334148404828440e+00
1.952334148404828440e+00
1.952334148404828440e+00
1.952334148404828440e+00
1.863286442973382639e+00
1.863286442973382639e+00
2.063664061797650717e+00
2.063664061797650717e+00
2.063664061797650717e+00
2.063664061797650717e+00
2.040510188779172562e+00
2.040510188779172562e+00
2.040510188779172562e+00
2.040510188779172562e+00
2.040510188779172562e+00
2.040510188779172562e+00
2.040510188779172562e+00
2.040510188779172562e+00
2.040510188779172562e+00
2.040510188779172562e+00
2.040510188779172562e+00
2.040510188779172562e+00
2.040510188779172562e+00
2.040510188779172562e+00
2.040510188779172562e+00
2.040510188779172562e+00
2.040510188779172562e+00
2.040510188779172562e+00
2.040510188779172562e+00
2.040510188779172562e+00
2.040510188779172562e+00
2.040510188779172562e+00
2.040510188779172562e+00
2.040510188779172562e+00
2.040510188779172562e+00
2.040510188779172562e+00
2.040510188779172562e+00
2.040510188779172562e+00
2.040510188779172562e+00
2.040510188779172562e+00
2.040510188779172562e+00
2.040510188779172562e+00
2.040510188779172562e+00
2.040510188779172562e+00
2.040510188779172562e+00
2.040510188779172562e+00
2.040510188779172562e+00
2.040510188779172562e+00
2.040510188779172562e+00
2.040510188779172562e+00
2.040510188779172562e+00
2.040510188779172562e+00
2.040510188779172562e+00
2.040510188779172562e+00
2.040510188779172562e+00
2.040510188779172562e+00
2.040510188779172562e+00
2.040510188779172562e+00
2.040510188779172562e+00
2.040510188779172562e+00
2.040510188779172562e+00
2.040510188779172562e+00
2.040510188779172562e+00
2.176996919609348602e+00
2.176996919609348602e+00
2.176996919609348602e+00
2.176996919609348602e+00
2.176996919609348602e+00
2.176996919609348602e+00
2.176996919609348602e+00
2.150227004763860972e+00
2.038103372170097405e+00
2.038103372170097405e+00
2.038103372170097405e+00
2.062486733510819903e+00
2.062486733510819903e+00
2.022497133140761960e+00
2.022497133140761960e+00
2.022497133140761960e+00
2.022497133140761960e+00
2.022497133140761960e+00
2.022497133140761960e+00
2.022497133140761960e+00
2.022497133140761960e+00
2.263445299198600047e+00
2.263445299198600047e+00
2.263445299198600047e+00
2.263445299198600047e+00
1.958863565945364593e+00
1.958863565945364593e+00
1.958863565945364593e+00
1.958863565945364593e+00
1.958863565945364593e+00
1.958863565945364593e+00
1.958863565945364593e+00
1.958863565945364593e+00
1.958863565945364593e+00
1.958863565945364593e+00
1.958863565945364593e+00
1.958863565945364593e+00
1.958863565945364593e+00
1.958863565945364593e+00
1.958863565945364593e+00
1.958863565945364593e+00
1.958863565945364593e+00
1.958863565945364593e+00
1.958863565945364593e+00
2.172532468766835478e+00
2.172532468766835478e+00
2.172532468766835478e+00
2.172532468766835478e+00
2.172532468766835478e+00
2.172532468766835478e+00
2.172532468766835478e+00
2.172532468766835478e+00
1.966017306542318099e+00
1.966017306542318099e+00
1.966017306542318099e+00
1.966017306542318099e+00
1.966017306542318099e+00
1.966017306542318099e+00
1.966017306542318099e+00
1.966017306542318099e+00
2.055575220957164273e+00
2.055575220957164273e+00
1.976597408266723033e+00
1.976597408266723033e+00
1.976597408266723033e+00
1.976597408266723033e+00
1.976597408266723033e+00
1.976597408266723033e+00
2.023337858621275576e+00
2.023337858621275576e+00
2.023337858621275576e+00
2.023337858621275576e+00
2.023337858621275576e+00
2.047081172364130008e+00
2.047081172364130008e+00
2.047081172364130008e+00
2.047081172364130008e+00
2.047081172364130008e+00
2.047081172364130008e+00
2.047081172364130008e+00
2.047081172364130008e+00
2.047081172364130008e+00
2.047081172364130008e+00
2.047081172364130008e+00
2.047081172364130008e+00
2.047081172364130008e+00
2.047081172364130008e+00
2.047081172364130008e+00
2.047081172364130008e+00
2.047081172364130008e+00
2.047081172364130008e+00
2.047081172364130008e+00
2.047081172364130008e+00
2.047081172364130008e+00
2.047081172364130008e+00
2.047081172364130008e+00
2.047081172364130008e+00
2.047081172364130008e+00
2.047081172364130008e+00
2.047081172364130008e+00
2.047081172364130008e+00
2.047081172364130008e+00
2.047081172364130008e+00
2.047081172364130008e+00
2.047081172364130008e+00
2.047081172364130008e+00
2.047081172364130008e+00
2.047081172364130008e+00
2.047081172364130008e+00
2.047081172364130008e+00
2.047081172364130008e+00
2.047081172364130008e+00
2.047081172364130008e+00
2.047081172364130008e+00
2.047081172364130008e+00
2.047081172364130008e+00
2.047081172364130008e+00
2.047081172364130008e+00
2.047081172364130008e+00
2.047081172364130008e+00
2.047081172364130008e+00
2.047081172364130008e+00
2.047081172364130008e+00
2.047081172364130008e+00
2.047081172364130008e+00
2.047081172364130008e+00
2.047081172364130008e+00
2.047081172364130008e+00
2.047081172364130008e+00
2.047081172364130008e+00
2.047081172364130008e+00
2.047081172364130008e+00
2.047081172364130008e+00
2.047081172364130008e+00
2.047081172364130008e+00
2.047081172364130008e+00
2.224388971054639619e+00
2.224388971054639619e+00
2.224388971054639619e+00
2.127694544432962687e+00
2.127694544432962687e+00
2.127694544432962687e+00
2.127694544432962687e+00
2.127694544432962687e+00
2.127694544432962687e+00
2.127694544432962687e+00
2.127694544432962687e+00
2.127694544432962687e+00
2.002554525337661318e+00
2.002554525337661318e+00
2.002554525337661318e+00
2.002554525337661318e+00
2.002554525337661318e+00
2.002554525337661318e+00
1.957625500238565186e+00
1.957625500238565186e+00
1.957625500238565186e+00
1.957625500238565186e+00
1.957625500238565186e+00
1.957625500238565186e+00
1.957625500238565186e+00
1.957625500238565186e+00
1.957625500238565186e+00
1.957625500238565186e+00
1.957625500238565186e+00
1.957625500238565186e+00
1.957625500238565186e+00
1.957625500238565186e+00
1.957625500238565186e+00
1.957625500238565186e+00
1.957625500238565186e+00
1.964146073095301537e+00
1.964146073095301537e+00
2.215802215504032002e+00
2.215802215504032002e+00
2.215802215504032002e+00
2.215802215504032002e+00
2.215802215504032002e+00
2.215802215504032002e+00
2.215802215504032002e+00
2.215802215504032002e+00
1.973699579654710545e+00
1.973699579654710545e+00
1.973699579654710545e+00
1.973699579654710545e+00
1.973699579654710545e+00
2.014265112741842945e+00
2.014265112741842945e+00
2.019199100631107857e+00
2.019199100631107857e+00
2.019199100631107857e+00
2.019199100631107857e+00
2.019199100631107857e+00
2.019199100631107857e+00
2.019199100631107857e+00
2.019199100631107857e+00
2.019199100631107857e+00
2.019199100631107857e+00
2.019199100631107857e+00
2.019199100631107857e+00
2.019199100631107857e+00
2.019199100631107857e+00
2.019199100631107857e+00
2.019199100631107857e+00
2.019199100631107857e+00
2.124085541540671418e+00
2.124085541540671418e+00
2.124085541540671418e+00
2.124085541540671418e+00
2.124085541540671418e+00
2.124085541540671418e+00
2.124085541540671418e+00
2.124085541540671418e+00
2.124085541540671418e+00
2.124085541540671418e+00
2.124085541540671418e+00
2.124085541540671418e+00
2.124085541540671418e+00
2.124085541540671418e+00
2.124085541540671418e+00
2.124085541540671418e+00
2.124085541540671418e+00
2.124085541540671418e+00
2.124085541540671418e+00
2.124085541540671418e+00
2.124085541540671418e+00
2.124085541540671418e+00
2.124085541540671418e+00
2.124085541540671418e+00
2.124085541540671418e+00
2.124085541540671418e+00
2.124085541540671418e+00
2.124085541540671418e+00
2.124085541540671418e+00
2.124085541540671418e+00
2.124085541540671418e+00
2.124085541540671418e+00
2.124085541540671418e+00
2.124085541540671418e+00
2.124085541540671418e+00
2.124085541540671418e+00
2.124085541540671418e+00
2.124085541540671418e+00
2.124085541540671418e+00
2.124085541540671418e+00
2.124085541540671418e+00
2.124085541540671418e+00
2.124085541540671418e+00
2.089097020417368444e+00
2.089097020417368444e+00
2.089097020417368444e+00
2.089097020417368444e+00
2.089097020417368444e+00
2.089097020417368444e+00
2.089097020417368444e+00
2.089097020417368444e+00
2.089097020417368444e+00
2.089097020417368444e+00
2.089097020417368444e+00
2.089097020417368444e+00
2.089097020417368444e+00
2.089097020417368444e+00
2.027951621430695628e+00
2.027951621430695628e+00
2.027951621430695628e+00
2.177085324959036505e+00
2.177085324959036505e+00
2.177085324959036505e+00
2.177085324959036505e+00
2.177085324959036505e+00
2.176057241939334919e+00
2.176057241939334919e+00
2.176057241939334919e+00
2.176057241939334919e+00
2.176057241939334919e+00
2.176057241939334919e+00
2.176057241939334919e+00
2.176057241939334919e+00
2.176057241939334919e+00
2.176057241939334919e+00
2.176057241939334919e+00
2.176057241939334919e+00
2.176057241939334919e+00
2.176057241939334919e+00
2.154272109578654337e+00
2.154272109578654337e+00
2.154272109578654337e+00
2.154272109578654337e+00
2.154272109578654337e+00
2.154272109578654337e+00
2.154272109578654337e+00
2.154272109578654337e+00
2.154272109578654337e+00
2.154272109578654337e+00
2.154272109578654337e+00
2.154272109578654337e+00
2.154272109578654337e+00
2.154272109578654337e+00
2.154272109578654337e+00
2.154272109578654337e+00
2.154272109578654337e+00
2.154272109578654337e+00
2.154272109578654337e+00
2.154272109578654337e+00
2.154272109578654337e+00
2.154272109578654337e+00
2.154272109578654337e+00
2.154272109578654337e+00
2.154272109578654337e+00
2.154272109578654337e+00
2.154272109578654337e+00
2.154272109578654337e+00
2.154272109578654337e+00
2.154272109578654337e+00
2.154272109578654337e+00
2.154272109578654337e+00
2.154272109578654337e+00
2.154272109578654337e+00
2.154272109578654337e+00
2.154272109578654337e+00
2.154272109578654337e+00
2.154272109578654337e+00
2.167920994639714660e+00
2.167920994639714660e+00
2.167920994639714660e+00
2.167920994639714660e+00
2.167920994639714660e+00
2.167920994639714660e+00
2.086123484296558583e+00
2.086123484296558583e+00
2.086123484296558583e+00
2.086123484296558583e+00
2.086123484296558583e+00
2.086123484296558583e+00
2.086123484296558583e+00
2.086123484296558583e+00
2.086123484296558583e+00
2.086123484296558583e+00
2.086123484296558583e+00
2.086123484296558583e+00
2.086123484296558583e+00
2.086123484296558583e+00
2.086123484296558583e+00
2.086123484296558583e+00
2.086123484296558583e+00
2.086123484296558583e+00
2.086123484296558583e+00
2.086123484296558583e+00
2.086123484296558583e+00
2.086123484296558583e+00
2.086123484296558583e+00
2.086123484296558583e+00
2.086123484296558583e+00
2.086123484296558583e+00
2.086123484296558583e+00
2.086123484296558583e+00
2.086123484296558583e+00
2.086123484296558583e+00
2.086123484296558583e+00
2.086123484296558583e+00
2.086123484296558583e+00
2.086123484296558583e+00
2.086123484296558583e+00
2.086123484296558583e+00
2.086123484296558583e+00
2.086123484296558583e+00
2.086123484296558583e+00
2.086123484296558583e+00
1.984098269530359282e+00
1.984098269530359282e+00
2.292437971847343992e+00
2.292437971847343992e+00
2.122343355470161175e+00
2.122343355470161175e+00
2.122343355470161175e+00
2.122343355470161175e+00
2.122343355470161175e+00
2.122343355470161175e+00
2.122343355470161175e+00
2.122343355470161175e+00
2.122343355470161175e+00
2.122343355470161175e+00
2.122343355470161175e+00
2.122343355470161175e+00
2.122343355470161175e+00
2.122343355470161175e+00
2.122343355470161175e+00
2.122343355470161175e+00
2.122343355470161175e+00
2.122343355470161175e+00
2.152760932123739313e+00
2.152760932123739313e+00
2.152760932123739313e+00
2.152760932123739313e+00
2.152760932123739313e+00
2.152760932123739313e+00
2.152760932123739313e+00
2.152760932123739313e+00
2.112113583657694527e+00
2.112113583657694527e+00
2.112113583657694527e+00
2.112113583657694527e+00
2.112113583657694527e+00
2.112113583657694527e+00
2.112113583657694527e+00
2.112113583657694527e+00
2.112113583657694527e+00
2.112113583657694527e+00
2.112113583657694527e+00
2.112113583657694527e+00
2.112113583657694527e+00
2.112113583657694527e+00
2.028723973970721683e+00
2.028723973970721683e+00
2.028723973970721683e+00
2.028723973970721683e+00
2.028723973970721683e+00
2.028723973970721683e+00
2.028723973970721683e+00
2.028723973970721683e+00
2.028723973970721683e+00
2.028723973970721683e+00
2.028723973970721683e+00
2.028723973970721683e+00
2.028723973970721683e+00
2.028723973970721683e+00
2.028723973970721683e+00
2.028723973970721683e+00
2.028723973970721683e+00
2.028723973970721683e+00
2.028723973970721683e+00
2.028723973970721683e+00
2.028723973970721683e+00
2.028723973970721683e+00
2.028723973970721683e+00
2.028723973970721683e+00
2.028723973970721683e+00
2.028723973970721683e+00
2.028723973970721683e+00
2.028723973970721683e+00
2.028723973970721683e+00
2.028723973970721683e+00
2.028723973970721683e+00
2.136131590656996870e+00
2.136131590656996870e+00
2.136131590656996870e+00
2.136131590656996870e+00
2.136131590656996870e+00
2.136131590656996870e+00
2.136131590656996870e+00
2.136131590656996870e+00
2.078057512311174193e+00
2.078057512311174193e+00
2.078057512311174193e+00
2.078057512311174193e+00
2.078057512311174193e+00
2.078057512311174193e+00
2.043788012249130315e+00
2.043788012249130315e+00
2.043788012249130315e+00
2.043788012249130315e+00
2.043788012249130315e+00
2.043788012249130315e+00
2.043788012249130315e+00
2.043788012249130315e+00
2.043788012249130315e+00
2.043788012249130315e+00
2.043788012249130315e+00
2.043788012249130315e+00
2.043788012249130315e+00
2.043788012249130315e+00
2.043788012249130315e+00
2.043788012249130315e+00
2.043788012249130315e+00
2.043788012249130315e+00
2.043788012249130315e+00
2.043788012249130315e+00
2.043788012249130315e+00
2.043788012249130315e+00
2.043788012249130315e+00
2.043788012249130315e+00
2.043788012249130315e+00
2.043788012249130315e+00
2.043788012249130315e+00
2.043788012249130315e+00
2.043788012249130315e+00
2.043788012249130315e+00
2.043788012249130315e+00
2.043788012249130315e+00
2.043788012249130315e+00
1.872994426677981883e+00
1.872994426677981883e+00
2.060340344500630749e+00
2.060340344500630749e+00
2.060340344500630749e+00
2.060340344500630749e+00
2.060340344500630749e+00
2.060340344500630749e+00
2.060340344500630749e+00
2.060340344500630749e+00
2.060340344500630749e+00
2.060340344500630749e+00
2.043537036314800215e+00
2.043537036314800215e+00
2.043537036314800215e+00
2.043537036314800215e+00
2.043537036314800215e+00
2.043537036314800215e+00
2.043537036314800215e+00
2.043537036314800215e+00
2.043537036314800215e+00
2.043537036314800215e+00
2.043537036314800215e+00
2.043537036314800215e+00
2.232815755873011287e+00
2.232815755873011287e+00
2.232815755873011287e+00
2.232815755873011287e+00
2.232815755873011287e+00
2.158488420613679626e+00
2.158488420613679626e+00
2.158488420613679626e+00
2.158488420613679626e+00
2.158488420613679626e+00
2.158488420613679626e+00
2.158488420613679626e+00
2.259337472171735861e+00
2.259337472171735861e+00
2.259337472171735861e+00
2.270993298330029386e+00
2.270993298330029386e+00
2.270993298330029386e+00
2.270993298330029386e+00
2.270993298330029386e+00
2.270993298330029386e+00
2.193008663712271655e+00
2.193008663712271655e+00
2.193008663712271655e+00
2.193008663712271655e+00
2.193008663712271655e+00
2.193008663712271655e+00
2.193008663712271655e+00
2.193008663712271655e+00
2.277745631288675021e+00
2.277745631288675021e+00
2.260880522158311923e+00
2.260880522158311923e+00
2.260880522158311923e+00
2.133684689097802067e+00
2.133684689097802067e+00
2.133684689097802067e+00
2.133684689097802067e+00
2.133684689097802067e+00
2.133684689097802067e+00
2.133684689097802067e+00
2.166223217368274945e+00
2.166223217368274945e+00
2.166223217368274945e+00
2.123687042909053524e+00
2.045791483992315030e+00
2.045791483992315030e+00
2.045791483992315030e+00
2.045791483992315030e+00
2.045791483992315030e+00
2.045791483992315030e+00
2.045791483992315030e+00
2.045791483992315030e+00
2.045791483992315030e+00
2.045791483992315030e+00
2.212334269895418259e+00
2.212334269895418259e+00
2.212334269895418259e+00
2.212334269895418259e+00
1.949406386250980283e+00
1.949406386250980283e+00
2.189845859157057095e+00
2.189845859157057095e+00
2.189845859157057095e+00
2.189845859157057095e+00
2.189845859157057095e+00
2.189845859157057095e+00
2.189845859157057095e+00
2.189845859157057095e+00
2.189845859157057095e+00
2.189845859157057095e+00
2.189845859157057095e+00
2.189845859157057095e+00
2.189845859157057095e+00
2.189845859157057095e+00
2.189845859157057095e+00
2.048462853032103403e+00
2.048462853032103403e+00
2.048462853032103403e+00
2.048462853032103403e+00
2.048462853032103403e+00
2.048462853032103403e+00
2.048462853032103403e+00
2.048462853032103403e+00
2.048462853032103403e+00
2.048462853032103403e+00
2.048462853032103403e+00
2.048462853032103403e+00
2.048462853032103403e+00
2.048462853032103403e+00
2.048462853032103403e+00
2.048462853032103403e+00
2.048462853032103403e+00
2.048462853032103403e+00
2.048462853032103403e+00
2.048462853032103403e+00
2.048462853032103403e+00
2.048462853032103403e+00
2.048462853032103403e+00
2.048462853032103403e+00
2.079149934037026082e+00
2.079149934037026082e+00
1.848699121054082406e+00
1.848699121054082406e+00
1.848699121054082406e+00
1.848699121054082406e+00
1.848699121054082406e+00
1.848699121054082406e+00
1.848699121054082406e+00
1.848699121054082406e+00
1.848699121054082406e+00
1.848699121054082406e+00
1.848699121054082406e+00
1.848699121054082406e+00
1.848699121054082406e+00
1.848699121054082406e+00
2.177630936398685435e+00
2.177630936398685435e+00
2.177630936398685435e+00
2.177630936398685435e+00
2.177630936398685435e+00
2.289282473840328347e+00
2.289282473840328347e+00
2.289282473840328347e+00
2.289282473840328347e+00
2.289282473840328347e+00
2.289282473840328347e+00
2.289282473840328347e+00
2.289282473840328347e+00
2.260584271315595473e+00
2.012660690354624471e+00
2.012660690354624471e+00
2.173314789557306614e+00
2.173314789557306614e+00
2.173314789557306614e+00
2.173314789557306614e+00
2.173314789557306614e+00
2.173314789557306614e+00
2.173314789557306614e+00
2.173314789557306614e+00
2.173314789557306614e+00
2.173314789557306614e+00
2.173314789557306614e+00
2.173314789557306614e+00
2.173314789557306614e+00
2.173314789557306614e+00
2.173314789557306614e+00
2.173314789557306614e+00
2.173314789557306614e+00
2.173314789557306614e+00
2.173314789557306614e+00
2.173314789557306614e+00
2.173314789557306614e+00
2.173314789557306614e+00
2.173314789557306614e+00
2.173314789557306614e+00
2.173314789557306614e+00
2.173314789557306614e+00
2.173314789557306614e+00
2.173314789557306614e+00
2.173314789557306614e+00
2.173314789557306614e+00
2.173314789557306614e+00
2.173314789557306614e+00
2.173314789557306614e+00
2.173314789557306614e+00
2.173314789557306614e+00
2.173314789557306614e+00
2.173314789557306614e+00
1.958186003245404372e+00
1.958186003245404372e+00
1.958186003245404372e+00
1.958186003245404372e+00
1.958186003245404372e+00
1.958186003245404372e+00
1.958186003245404372e+00
1.958186003245404372e+00
1.958186003245404372e+00
1.958186003245404372e+00
1.958186003245404372e+00
1.958186003245404372e+00
1.958186003245404372e+00
1.958186003245404372e+00
1.958186003245404372e+00
1.958186003245404372e+00
1.958186003245404372e+00
1.958186003245404372e+00
1.958186003245404372e+00
1.958186003245404372e+00
1.958186003245404372e+00
1.958186003245404372e+00
1.958186003245404372e+00
2.060328443384192187e+00
2.060328443384192187e+00
2.060328443384192187e+00
2.060328443384192187e+00
2.060328443384192187e+00
2.060328443384192187e+00
2.060328443384192187e+00
2.060328443384192187e+00
2.060328443384192187e+00
2.060328443384192187e+00
2.060328443384192187e+00
2.060328443384192187e+00
2.060328443384192187e+00
2.060328443384192187e+00
2.060328443384192187e+00
2.060328443384192187e+00
2.060328443384192187e+00
2.060328443384192187e+00
2.060328443384192187e+00
2.060328443384192187e+00
2.060328443384192187e+00
2.060328443384192187e+00
2.060328443384192187e+00
2.060328443384192187e+00
2.060328443384192187e+00
2.060328443384192187e+00
2.060328443384192187e+00
2.060328443384192187e+00
2.060328443384192187e+00
2.060328443384192187e+00
2.105661188089499536e+00
2.105661188089499536e+00
2.105661188089499536e+00
2.105661188089499536e+00
2.105661188089499536e+00
2.105661188089499536e+00
2.105661188089499536e+00
2.105661188089499536e+00
2.105661188089499536e+00
2.105661188089499536e+00
2.052643293410577829e+00
2.052643293410577829e+00
2.052643293410577829e+00
2.052643293410577829e+00
2.052643293410577829e+00
2.052643293410577829e+00
2.052643293410577829e+00
2.052643293410577829e+00
2.052643293410577829e+00
2.052643293410577829e+00
2.052643293410577829e+00
2.052643293410577829e+00
2.052643293410577829e+00
2.052643293410577829e+00
2.052643293410577829e+00
1.851617244127838013e+00
1.851617244127838013e+00
1.851617244127838013e+00
1.851617244127838013e+00
1.851617244127838013e+00
1.851617244127838013e+00
1.851617244127838013e+00
1.851617244127838013e+00
1.851617244127838013e+00
1.851617244127838013e+00
1.851617244127838013e+00
1.851617244127838013e+00
1.851617244127838013e+00
1.851617244127838013e+00
2.075230010950296133e+00
2.075230010950296133e+00
2.075230010950296133e+00
2.075230010950296133e+00
2.075230010950296133e+00
2.075230010950296133e+00
2.075230010950296133e+00
2.029651663339181233e+00
2.029651663339181233e+00
2.029651663339181233e+00
2.029651663339181233e+00
2.029651663339181233e+00
2.029651663339181233e+00
2.029651663339181233e+00
2.029651663339181233e+00
2.029651663339181233e+00
2.029651663339181233e+00
2.029651663339181233e+00
2.025081330743401686e+00
2.025081330743401686e+00
2.025081330743401686e+00
2.025081330743401686e+00
2.025081330743401686e+00
2.025081330743401686e+00
2.025081330743401686e+00
2.025081330743401686e+00
2.025081330743401686e+00
2.025081330743401686e+00
2.025081330743401686e+00
2.025081330743401686e+00
2.025081330743401686e+00
2.025081330743401686e+00
2.025081330743401686e+00
2.025081330743401686e+00
2.025081330743401686e+00
2.025081330743401686e+00
2.025081330743401686e+00
2.025081330743401686e+00
2.025081330743401686e+00
2.025081330743401686e+00
2.025081330743401686e+00
2.025081330743401686e+00
2.025081330743401686e+00
2.025081330743401686e+00
2.025081330743401686e+00
2.025081330743401686e+00
2.025081330743401686e+00
2.025081330743401686e+00
2.025081330743401686e+00
2.025081330743401686e+00
2.025081330743401686e+00
2.025081330743401686e+00
2.025081330743401686e+00
2.025081330743401686e+00
2.025081330743401686e+00
2.025081330743401686e+00
2.025081330743401686e+00
2.025081330743401686e+00
2.025081330743401686e+00
2.025081330743401686e+00
2.025081330743401686e+00
2.025081330743401686e+00
2.025081330743401686e+00
2.025081330743401686e+00
2.025081330743401686e+00
2.025081330743401686e+00
2.025081330743401686e+00
2.025081330743401686e+00
2.025081330743401686e+00
2.025081330743401686e+00
2.025081330743401686e+00
2.025081330743401686e+00
2.025081330743401686e+00
2.025081330743401686e+00
2.025081330743401686e+00
2.025081330743401686e+00
2.025081330743401686e+00
2.025081330743401686e+00
2.126428890684892270e+00
2.126428890684892270e+00
2.126428890684892270e+00
2.126428890684892270e+00
2.126428890684892270e+00
2.126428890684892270e+00
2.126428890684892270e+00
2.126428890684892270e+00
2.020473596231810109e+00
2.020473596231810109e+00
2.020473596231810109e+00
2.020473596231810109e+00
2.020473596231810109e+00
2.020473596231810109e+00
2.020473596231810109e+00
2.020473596231810109e+00
2.020473596231810109e+00
2.020473596231810109e+00
2.020473596231810109e+00
2.020473596231810109e+00
2.020473596231810109e+00
2.020473596231810109e+00
2.020473596231810109e+00
2.020473596231810109e+00
2.094616623262929078e+00
2.094616623262929078e+00
2.094616623262929078e+00
