# Variable: P_gamma
# Sample shape: (2565,)
# Date: 2013-03-08 06:18:12.021104
-4.118100000000000094e+00
-4.118100000000000094e+00
-4.162724812688947118e+00
-8.098351828635639293e+00
-8.098351828635639293e+00
-7.791245755178694665e+00
-5.894023675539781237e+00
-5.894023675539781237e+00
-5.894023675539781237e+00
-2.225304770403265131e+00
-4.457839997726272152e+00
-4.457839997726272152e+00
-4.457839997726272152e+00
-4.457839997726272152e+00
-4.457839997726272152e+00
-5.040605303520408143e+00
-5.040605303520408143e+00
-5.040605303520408143e+00
-5.786495564875744790e+00
-5.786495564875744790e+00
-5.786495564875744790e+00
-5.786495564875744790e+00
-5.786495564875744790e+00
-2.190839477169520322e+00
-2.190839477169520322e+00
-2.190839477169520322e+00
-2.190839477169520322e+00
-2.190839477169520322e+00
-2.190839477169520322e+00
-2.190839477169520322e+00
-2.190839477169520322e+00
-2.190839477169520322e+00
-2.190839477169520322e+00
-2.190839477169520322e+00
-2.949867968854144262e+00
-2.949867968854144262e+00
-2.949867968854144262e+00
-1.653100611876786585e+00
-1.653100611876786585e+00
-1.653100611876786585e+00
-1.653100611876786585e+00
-1.653100611876786585e+00
-3.430327970787232950e+00
-3.430327970787232950e+00
-3.430327970787232950e+00
-3.430327970787232950e+00
-3.430327970787232950e+00
-3.430327970787232950e+00
-3.430327970787232950e+00
-6.483808977414577512e+00
-6.483808977414577512e+00
-3.114409214370062351e+00
-3.114409214370062351e+00
-5.705523917582606686e+00
-5.705523917582606686e+00
-5.705523917582606686e+00
-5.705523917582606686e+00
-4.277664917114056387e+00
-3.464056925699791289e+00
-4.553064693146914088e+00
-4.553064693146914088e+00
-4.553064693146914088e+00
-4.553064693146914088e+00
-4.838752337322536512e+00
-4.838752337322536512e+00
-4.838752337322536512e+00
-4.838752337322536512e+00
-8.963683345037786410e+00
-5.733858873617756480e+00
-5.733858873617756480e+00
-5.733858873617756480e+00
-5.175680369414001447e+00
-5.175680369414001447e+00
-6.826748771874151522e+00
-6.826748771874151522e+00
-4.518983293719761818e+00
-4.518983293719761818e+00
-5.281570539740001458e+00
-5.281570539740001458e+00
-7.864836420796689431e+00
-7.864836420796689431e+00
-7.864836420796689431e+00
-7.707698406505017807e+00
-7.707698406505017807e+00
-5.902033400744348235e+00
-5.902033400744348235e+00
-5.902033400744348235e+00
-5.902033400744348235e+00
-5.902033400744348235e+00
-5.902033400744348235e+00
-7.076869035972076283e+00
-7.076869035972076283e+00
-7.585894571153033006e+00
-7.585894571153033006e+00
-7.585894571153033006e+00
-5.639288782071064432e+00
-5.639288782071064432e+00
-5.639288782071064432e+00
-5.639288782071064432e+00
-5.639288782071064432e+00
-7.431837695812713029e+00
-2.901325193884979115e+00
2.709787368671738861e-01
2.709787368671738861e-01
2.709787368671738861e-01
2.709787368671738861e-01
2.709787368671738861e-01
2.709787368671738861e-01
2.709787368671738861e-01
2.709787368671738861e-01
1.749619489726672361e+00
1.749619489726672361e+00
1.749619489726672361e+00
1.749619489726672361e+00
1.749619489726672361e+00
1.749619489726672361e+00
1.749619489726672361e+00
1.936458429399303238e+00
1.936458429399303238e+00
1.936458429399303238e+00
1.936458429399303238e+00
1.936458429399303238e+00
1.936458429399303238e+00
1.936458429399303238e+00
1.936458429399303238e+00
1.936458429399303238e+00
1.936458429399303238e+00
1.936458429399303238e+00
1.936458429399303238e+00
1.936458429399303238e+00
1.936458429399303238e+00
2.104879256904650386e+00
2.104879256904650386e+00
2.104879256904650386e+00
2.104879256904650386e+00
2.104879256904650386e+00
2.104879256904650386e+00
2.104879256904650386e+00
2.104879256904650386e+00
2.104879256904650386e+00
2.104879256904650386e+00
2.104879256904650386e+00
2.104879256904650386e+00
2.104879256904650386e+00
2.104879256904650386e+00
2.104879256904650386e+00
2.104879256904650386e+00
2.104879256904650386e+00
2.104879256904650386e+00
2.104879256904650386e+00
2.104879256904650386e+00
2.104879256904650386e+00
2.104879256904650386e+00
2.104879256904650386e+00
2.104879256904650386e+00
2.104879256904650386e+00
2.104879256904650386e+00
2.104879256904650386e+00
2.104879256904650386e+00
3.341239994168235583e+00
3.341239994168235583e+00
2.754024226212281157e+00
2.754024226212281157e+00
4.131555442913596998e+00
1.911942003241260402e+00
1.911942003241260402e+00
1.911942003241260402e+00
1.911942003241260402e+00
1.911942003241260402e+00
1.911942003241260402e+00
1.911942003241260402e+00
1.911942003241260402e+00
1.911942003241260402e+00
1.911942003241260402e+00
1.911942003241260402e+00
2.201011585423803929e+00
2.201011585423803929e+00
2.201011585423803929e+00
2.201011585423803929e+00
2.146416699286109342e+00
2.146416699286109342e+00
2.146416699286109342e+00
2.146416699286109342e+00
2.146416699286109342e+00
2.146416699286109342e+00
2.146416699286109342e+00
2.146416699286109342e+00
1.820261498792096866e+00
1.820261498792096866e+00
1.487425174769994030e+00
1.487425174769994030e+00
1.487425174769994030e+00
1.487425174769994030e+00
1.487425174769994030e+00
1.487425174769994030e+00
1.487425174769994030e+00
1.487425174769994030e+00
1.487425174769994030e+00
1.487425174769994030e+00
1.487425174769994030e+00
1.487425174769994030e+00
1.487425174769994030e+00
1.487425174769994030e+00
1.487425174769994030e+00
1.487425174769994030e+00
1.487425174769994030e+00
1.487425174769994030e+00
1.487425174769994030e+00
1.487425174769994030e+00
1.487425174769994030e+00
1.487425174769994030e+00
1.487425174769994030e+00
1.487425174769994030e+00
1.487425174769994030e+00
3.061435420183364897e+00
3.061435420183364897e+00
3.061435420183364897e+00
3.061435420183364897e+00
3.061435420183364897e+00
3.061435420183364897e+00
3.061435420183364897e+00
3.061435420183364897e+00
3.061435420183364897e+00
3.061435420183364897e+00
3.061435420183364897e+00
3.061435420183364897e+00
3.061435420183364897e+00
3.061435420183364897e+00
3.061435420183364897e+00
3.061435420183364897e+00
3.061435420183364897e+00
3.061435420183364897e+00
3.061435420183364897e+00
3.061435420183364897e+00
3.061435420183364897e+00
3.061435420183364897e+00
3.061435420183364897e+00
3.061435420183364897e+00
3.061435420183364897e+00
3.061435420183364897e+00
3.061435420183364897e+00
3.061435420183364897e+00
3.061435420183364897e+00
3.061435420183364897e+00
3.061435420183364897e+00
3.061435420183364897e+00
3.061435420183364897e+00
3.061435420183364897e+00
3.061435420183364897e+00
3.061435420183364897e+00
3.061435420183364897e+00
3.061435420183364897e+00
3.061435420183364897e+00
3.061435420183364897e+00
3.061435420183364897e+00
3.061435420183364897e+00
2.874537820493222817e+00
2.874537820493222817e+00
2.874537820493222817e+00
2.874537820493222817e+00
2.874537820493222817e+00
2.874537820493222817e+00
2.874537820493222817e+00
2.874537820493222817e+00
3.924125398054438385e+00
3.924125398054438385e+00
3.924125398054438385e+00
3.924125398054438385e+00
3.924125398054438385e+00
3.924125398054438385e+00
2.999585029386977908e+00
2.999585029386977908e+00
2.999585029386977908e+00
2.999585029386977908e+00
2.999585029386977908e+00
2.999585029386977908e+00
2.999585029386977908e+00
2.999585029386977908e+00
2.999585029386977908e+00
2.999585029386977908e+00
2.999585029386977908e+00
2.999585029386977908e+00
2.999585029386977908e+00
2.977971221374878130e+00
2.977971221374878130e+00
2.977971221374878130e+00
2.977971221374878130e+00
2.977971221374878130e+00
2.530123102822467995e+00
2.530123102822467995e+00
2.530123102822467995e+00
2.530123102822467995e+00
2.530123102822467995e+00
2.530123102822467995e+00
2.530123102822467995e+00
2.530123102822467995e+00
2.530123102822467995e+00
2.530123102822467995e+00
2.530123102822467995e+00
2.530123102822467995e+00
2.530123102822467995e+00
2.530123102822467995e+00
2.530123102822467995e+00
2.530123102822467995e+00
2.530123102822467995e+00
2.877302608738284029e+00
2.877302608738284029e+00
2.877302608738284029e+00
2.877302608738284029e+00
2.877302608738284029e+00
2.877302608738284029e+00
3.235039330664359003e+00
3.235039330664359003e+00
2.889338840957500043e+00
2.889338840957500043e+00
2.889338840957500043e+00
2.812270637555028596e+00
2.812270637555028596e+00
2.812270637555028596e+00
2.812270637555028596e+00
2.213172652764086035e+00
2.213172652764086035e+00
2.213172652764086035e+00
2.213172652764086035e+00
2.213172652764086035e+00
2.213172652764086035e+00
2.213172652764086035e+00
2.213172652764086035e+00
2.213172652764086035e+00
2.213172652764086035e+00
2.213172652764086035e+00
2.213172652764086035e+00
3.251740581826890963e+00
3.251740581826890963e+00
3.251740581826890963e+00
3.251740581826890963e+00
3.251740581826890963e+00
3.468963108256548189e+00
3.468963108256548189e+00
3.468963108256548189e+00
3.468963108256548189e+00
3.468963108256548189e+00
3.468963108256548189e+00
2.735191839756387466e+00
2.735191839756387466e+00
2.735191839756387466e+00
2.735191839756387466e+00
2.735191839756387466e+00
2.735191839756387466e+00
2.735191839756387466e+00
2.564608480650656830e+00
2.564608480650656830e+00
2.564608480650656830e+00
2.564608480650656830e+00
2.564608480650656830e+00
2.564608480650656830e+00
2.564608480650656830e+00
2.564608480650656830e+00
2.564608480650656830e+00
2.564608480650656830e+00
2.564608480650656830e+00
2.564608480650656830e+00
2.564608480650656830e+00
2.564608480650656830e+00
3.481533256390710651e+00
3.481533256390710651e+00
3.481533256390710651e+00
3.481533256390710651e+00
2.208586174555039250e+00
2.208586174555039250e+00
2.208586174555039250e+00
2.208586174555039250e+00
2.208586174555039250e+00
2.208586174555039250e+00
2.208586174555039250e+00
2.208586174555039250e+00
3.233204337122873806e+00
3.233204337122873806e+00
3.233204337122873806e+00
2.267704470224304103e+00
2.267704470224304103e+00
2.267704470224304103e+00
2.267704470224304103e+00
2.267704470224304103e+00
2.267704470224304103e+00
2.267704470224304103e+00
2.267704470224304103e+00
2.267704470224304103e+00
2.267704470224304103e+00
2.267704470224304103e+00
2.267704470224304103e+00
2.267704470224304103e+00
2.267704470224304103e+00
2.632535501743992867e+00
2.632535501743992867e+00
2.632535501743992867e+00
2.762084448662831093e+00
2.762084448662831093e+00
2.762084448662831093e+00
2.762084448662831093e+00
2.762084448662831093e+00
2.762084448662831093e+00
2.762084448662831093e+00
2.762084448662831093e+00
2.762084448662831093e+00
2.762084448662831093e+00
2.762084448662831093e+00
2.762084448662831093e+00
2.762084448662831093e+00
2.762084448662831093e+00
2.762084448662831093e+00
2.762084448662831093e+00
2.762084448662831093e+00
2.762084448662831093e+00
2.762084448662831093e+00
2.505978182807909960e+00
2.505978182807909960e+00
2.505978182807909960e+00
2.505978182807909960e+00
2.505978182807909960e+00
2.505978182807909960e+00
2.505978182807909960e+00
2.505978182807909960e+00
2.505978182807909960e+00
2.505978182807909960e+00
2.505978182807909960e+00
2.505978182807909960e+00
2.568323281066877684e+00
2.036798782948302744e+00
2.036798782948302744e+00
2.036798782948302744e+00
2.036798782948302744e+00
2.036798782948302744e+00
2.036798782948302744e+00
2.036798782948302744e+00
2.036798782948302744e+00
2.036798782948302744e+00
2.036798782948302744e+00
2.036798782948302744e+00
1.946115500218169592e+00
1.946115500218169592e+00
1.946115500218169592e+00
2.615800890768857467e+00
2.615800890768857467e+00
2.615800890768857467e+00
2.615800890768857467e+00
2.615800890768857467e+00
2.615800890768857467e+00
2.615800890768857467e+00
2.615800890768857467e+00
2.615800890768857467e+00
2.615800890768857467e+00
2.615800890768857467e+00
2.615800890768857467e+00
2.615800890768857467e+00
2.615800890768857467e+00
2.615800890768857467e+00
2.615800890768857467e+00
2.615800890768857467e+00
2.615800890768857467e+00
2.615800890768857467e+00
2.615800890768857467e+00
2.108508392585827007e+00
2.108508392585827007e+00
2.108508392585827007e+00
2.108508392585827007e+00
2.217909253769664080e+00
2.217909253769664080e+00
2.217909253769664080e+00
2.217909253769664080e+00
2.217909253769664080e+00
2.217909253769664080e+00
2.217909253769664080e+00
2.217909253769664080e+00
2.217909253769664080e+00
2.217909253769664080e+00
2.217909253769664080e+00
2.217909253769664080e+00
2.217909253769664080e+00
2.217909253769664080e+00
2.365473494403115051e+00
2.581619711929632910e+00
2.581619711929632910e+00
2.581619711929632910e+00
2.581619711929632910e+00
2.581619711929632910e+00
2.581619711929632910e+00
2.581619711929632910e+00
2.581619711929632910e+00
2.581619711929632910e+00
2.581619711929632910e+00
2.774202028130670961e+00
2.624377103339186057e+00
2.624377103339186057e+00
2.624377103339186057e+00
2.624377103339186057e+00
2.624377103339186057e+00
2.624377103339186057e+00
2.624377103339186057e+00
2.624377103339186057e+00
2.624377103339186057e+00
2.624377103339186057e+00
2.624377103339186057e+00
1.781023506023412972e+00
1.781023506023412972e+00
1.781023506023412972e+00
1.402436317987888703e+00
1.997711951934125096e+00
1.997711951934125096e+00
1.997711951934125096e+00
1.997711951934125096e+00
1.997711951934125096e+00
1.997711951934125096e+00
1.997711951934125096e+00
1.997711951934125096e+00
1.997711951934125096e+00
1.997711951934125096e+00
1.997711951934125096e+00
1.997711951934125096e+00
1.997711951934125096e+00
1.997711951934125096e+00
1.997711951934125096e+00
2.786992057980459681e+00
2.444979642187773639e+00
2.444979642187773639e+00
2.444979642187773639e+00
2.444979642187773639e+00
2.444979642187773639e+00
2.444979642187773639e+00
2.444979642187773639e+00
2.444979642187773639e+00
2.444979642187773639e+00
2.444979642187773639e+00
2.444979642187773639e+00
2.444979642187773639e+00
2.444979642187773639e+00
2.444979642187773639e+00
2.444979642187773639e+00
2.444979642187773639e+00
2.444979642187773639e+00
2.444979642187773639e+00
2.444979642187773639e+00
2.444979642187773639e+00
2.444979642187773639e+00
2.444979642187773639e+00
3.002109205689820648e+00
3.002109205689820648e+00
3.002109205689820648e+00
3.002109205689820648e+00
2.390077413050805788e+00
2.390077413050805788e+00
2.015100058063452604e+00
2.015100058063452604e+00
2.015100058063452604e+00
2.015100058063452604e+00
2.015100058063452604e+00
2.015100058063452604e+00
2.015100058063452604e+00
2.015100058063452604e+00
2.015100058063452604e+00
2.015100058063452604e+00
2.015100058063452604e+00
2.015100058063452604e+00
2.015100058063452604e+00
2.015100058063452604e+00
2.015100058063452604e+00
1.797330071370487836e+00
1.797330071370487836e+00
1.732321862906538001e+00
1.732321862906538001e+00
2.697551407276101987e+00
2.697551407276101987e+00
2.697551407276101987e+00
2.697551407276101987e+00
2.697551407276101987e+00
2.697551407276101987e+00
2.697551407276101987e+00
2.697551407276101987e+00
2.697551407276101987e+00
2.369269030933405684e+00
1.243054605508187027e+00
1.243054605508187027e+00
1.243054605508187027e+00
3.298036118030820862e+00
3.017652839853842472e+00
3.017652839853842472e+00
3.017652839853842472e+00
1.577431912347537546e+00
1.577431912347537546e+00
1.577431912347537546e+00
1.577431912347537546e+00
1.577431912347537546e+00
1.577431912347537546e+00
1.577431912347537546e+00
1.577431912347537546e+00
1.577431912347537546e+00
1.523376416510402453e+00
1.854540259375005551e+00
1.854540259375005551e+00
1.854540259375005551e+00
1.854540259375005551e+00
1.854540259375005551e+00
1.854540259375005551e+00
1.854540259375005551e+00
1.854540259375005551e+00
1.854540259375005551e+00
1.854540259375005551e+00
1.854540259375005551e+00
1.854540259375005551e+00
1.854540259375005551e+00
1.854540259375005551e+00
1.854540259375005551e+00
1.854540259375005551e+00
1.854540259375005551e+00
1.854540259375005551e+00
1.854540259375005551e+00
1.854540259375005551e+00
1.854540259375005551e+00
1.854540259375005551e+00
1.854540259375005551e+00
1.854540259375005551e+00
1.854540259375005551e+00
1.854540259375005551e+00
1.854540259375005551e+00
1.854540259375005551e+00
1.854540259375005551e+00
1.854540259375005551e+00
1.854540259375005551e+00
1.854540259375005551e+00
2.613011288223701989e+00
2.613011288223701989e+00
2.613011288223701989e+00
2.613011288223701989e+00
2.613011288223701989e+00
2.613011288223701989e+00
2.613011288223701989e+00
2.613011288223701989e+00
2.613011288223701989e+00
2.613011288223701989e+00
2.613011288223701989e+00
2.613011288223701989e+00
3.300148573519258832e+00
3.300148573519258832e+00
3.300148573519258832e+00
3.300148573519258832e+00
3.300148573519258832e+00
3.300148573519258832e+00
1.680992988510007891e+00
1.680992988510007891e+00
1.715608451081489960e+00
2.990215010503351145e+00
2.990215010503351145e+00
2.990215010503351145e+00
2.691597894675873182e+00
2.691597894675873182e+00
2.691597894675873182e+00
2.691597894675873182e+00
2.691597894675873182e+00
3.187228088388561531e+00
3.187228088388561531e+00
3.187228088388561531e+00
3.187228088388561531e+00
3.187228088388561531e+00
3.187228088388561531e+00
3.187228088388561531e+00
3.187228088388561531e+00
3.187228088388561531e+00
3.187228088388561531e+00
3.028297382068441124e+00
3.028297382068441124e+00
3.028297382068441124e+00
3.028297382068441124e+00
3.028297382068441124e+00
3.028297382068441124e+00
3.028297382068441124e+00
3.028297382068441124e+00
3.028297382068441124e+00
3.028297382068441124e+00
3.028297382068441124e+00
2.448698886481302406e+00
2.448698886481302406e+00
2.448698886481302406e+00
2.650759173163736548e+00
2.650759173163736548e+00
2.650759173163736548e+00
2.650759173163736548e+00
2.650759173163736548e+00
2.650759173163736548e+00
2.650759173163736548e+00
2.650759173163736548e+00
2.650759173163736548e+00
2.650759173163736548e+00
2.650759173163736548e+00
2.650759173163736548e+00
2.650759173163736548e+00
2.650759173163736548e+00
2.650759173163736548e+00
2.650759173163736548e+00
3.232690269812646733e+00
3.232690269812646733e+00
3.232690269812646733e+00
3.232690269812646733e+00
3.232690269812646733e+00
3.232690269812646733e+00
1.883764486900818547e+00
1.883764486900818547e+00
1.883764486900818547e+00
1.883764486900818547e+00
1.883764486900818547e+00
1.883764486900818547e+00
1.883764486900818547e+00
1.883764486900818547e+00
1.883764486900818547e+00
1.883764486900818547e+00
1.883764486900818547e+00
1.883764486900818547e+00
2.503730574336025860e+00
2.503730574336025860e+00
2.503730574336025860e+00
1.532163957893533546e+00
2.655653522615878614e+00
2.655653522615878614e+00
2.655653522615878614e+00
2.655653522615878614e+00
2.655653522615878614e+00
2.655653522615878614e+00
1.626082398731387935e+00
2.108645323538202554e+00
2.108645323538202554e+00
2.108645323538202554e+00
2.113386337725341235e+00
2.113386337725341235e+00
2.113386337725341235e+00
1.835808733514398661e+00
1.835808733514398661e+00
1.835808733514398661e+00
1.835808733514398661e+00
1.835808733514398661e+00
1.835808733514398661e+00
1.835808733514398661e+00
1.835808733514398661e+00
1.835808733514398661e+00
1.835808733514398661e+00
2.160605333618544233e+00
2.160605333618544233e+00
2.160605333618544233e+00
2.327812886293960215e+00
2.327812886293960215e+00
2.327812886293960215e+00
3.513290087331021994e+00
3.686174995497656592e+00
3.686174995497656592e+00
3.686174995497656592e+00
3.686174995497656592e+00
3.686174995497656592e+00
3.686174995497656592e+00
3.686174995497656592e+00
3.686174995497656592e+00
3.686174995497656592e+00
3.686174995497656592e+00
3.686174995497656592e+00
3.686174995497656592e+00
3.686174995497656592e+00
3.686174995497656592e+00
3.686174995497656592e+00
3.686174995497656592e+00
1.636766976158958720e+00
1.636766976158958720e+00
3.144063751404591933e+00
3.144063751404591933e+00
3.144063751404591933e+00
3.144063751404591933e+00
3.144063751404591933e+00
3.144063751404591933e+00
3.144063751404591933e+00
3.144063751404591933e+00
3.716170388150908277e+00
3.716170388150908277e+00
3.716170388150908277e+00
3.716170388150908277e+00
3.710262700102599620e+00
3.710262700102599620e+00
3.710262700102599620e+00
3.710262700102599620e+00
3.832275968473292327e+00
3.832275968473292327e+00
3.832275968473292327e+00
3.832275968473292327e+00
1.633048288386332203e+00
2.001273961276346824e+00
2.001273961276346824e+00
2.001273961276346824e+00
2.001273961276346824e+00
2.001273961276346824e+00
2.001273961276346824e+00
2.001273961276346824e+00
2.001273961276346824e+00
2.001273961276346824e+00
2.001273961276346824e+00
2.001273961276346824e+00
2.001273961276346824e+00
2.001273961276346824e+00
2.001273961276346824e+00
2.001273961276346824e+00
2.001273961276346824e+00
2.001273961276346824e+00
2.001273961276346824e+00
2.001273961276346824e+00
2.001273961276346824e+00
2.001273961276346824e+00
2.001273961276346824e+00
2.001273961276346824e+00
2.001273961276346824e+00
2.001273961276346824e+00
2.001273961276346824e+00
2.001273961276346824e+00
2.001273961276346824e+00
2.001273961276346824e+00
2.001273961276346824e+00
2.001273961276346824e+00
2.001273961276346824e+00
2.001273961276346824e+00
2.001273961276346824e+00
2.605661996139881253e+00
2.605661996139881253e+00
2.605661996139881253e+00
2.605661996139881253e+00
2.605661996139881253e+00
2.605661996139881253e+00
2.605661996139881253e+00
2.605661996139881253e+00
2.605661996139881253e+00
1.575332430549667206e+00
1.575332430549667206e+00
1.575332430549667206e+00
1.575332430549667206e+00
3.346672589695578459e+00
3.346672589695578459e+00
3.346672589695578459e+00
3.346672589695578459e+00
3.346672589695578459e+00
1.986826049208043399e+00
2.987817189618597880e+00
2.987817189618597880e+00
2.987817189618597880e+00
2.987817189618597880e+00
1.227820745881139874e+00
1.227820745881139874e+00
3.697955613013844900e+00
1.557213178486954952e+00
1.557213178486954952e+00
1.557213178486954952e+00
1.557213178486954952e+00
1.557213178486954952e+00
1.557213178486954952e+00
1.557213178486954952e+00
1.557213178486954952e+00
1.557213178486954952e+00
1.557213178486954952e+00
1.557213178486954952e+00
1.557213178486954952e+00
1.866685032113137188e+00
1.926404771260334492e+00
1.926404771260334492e+00
1.926404771260334492e+00
2.571525922046177026e+00
2.571525922046177026e+00
2.571525922046177026e+00
2.571525922046177026e+00
2.571525922046177026e+00
1.981899491352411946e+00
2.232192099052663359e+00
2.232192099052663359e+00
2.379111730913956446e+00
2.379111730913956446e+00
2.326020484461218896e+00
2.326020484461218896e+00
2.326020484461218896e+00
2.326020484461218896e+00
2.326020484461218896e+00
2.326020484461218896e+00
2.326020484461218896e+00
2.244852383689582620e+00
2.630438387404488765e+00
2.630438387404488765e+00
2.630438387404488765e+00
2.630438387404488765e+00
2.630438387404488765e+00
2.630438387404488765e+00
2.630438387404488765e+00
2.630438387404488765e+00
2.630438387404488765e+00
2.630438387404488765e+00
2.630438387404488765e+00
2.630438387404488765e+00
2.630438387404488765e+00
3.117629301645543194e+00
3.117629301645543194e+00
3.117629301645543194e+00
2.809267735869879434e+00
2.809267735869879434e+00
2.809267735869879434e+00
2.809267735869879434e+00
2.809267735869879434e+00
2.809267735869879434e+00
2.809267735869879434e+00
2.809267735869879434e+00
2.809267735869879434e+00
2.809267735869879434e+00
2.809267735869879434e+00
2.809267735869879434e+00
2.809267735869879434e+00
2.809267735869879434e+00
2.809267735869879434e+00
2.809267735869879434e+00
2.809267735869879434e+00
2.809267735869879434e+00
2.809267735869879434e+00
2.809267735869879434e+00
2.809267735869879434e+00
2.809267735869879434e+00
2.809267735869879434e+00
2.809267735869879434e+00
2.809267735869879434e+00
2.809267735869879434e+00
2.809267735869879434e+00
2.809267735869879434e+00
2.809267735869879434e+00
2.809267735869879434e+00
2.809267735869879434e+00
2.809267735869879434e+00
2.809267735869879434e+00
2.809267735869879434e+00
2.809267735869879434e+00
2.809267735869879434e+00
2.809267735869879434e+00
2.809267735869879434e+00
2.019216224652370162e+00
2.019216224652370162e+00
2.019216224652370162e+00
2.019216224652370162e+00
2.019216224652370162e+00
2.019216224652370162e+00
2.019216224652370162e+00
2.019216224652370162e+00
2.019216224652370162e+00
2.019216224652370162e+00
2.019216224652370162e+00
2.869179664546729569e+00
2.869179664546729569e+00
2.869179664546729569e+00
2.869179664546729569e+00
2.869179664546729569e+00
2.869179664546729569e+00
2.869179664546729569e+00
2.869179664546729569e+00
2.869179664546729569e+00
2.869179664546729569e+00
2.869179664546729569e+00
2.869179664546729569e+00
2.869179664546729569e+00
2.869179664546729569e+00
2.355182522411514157e+00
2.355182522411514157e+00
2.355182522411514157e+00
2.355182522411514157e+00
2.355182522411514157e+00
2.355182522411514157e+00
2.355182522411514157e+00
2.355182522411514157e+00
2.355182522411514157e+00
2.355182522411514157e+00
2.355182522411514157e+00
2.355182522411514157e+00
2.167745730792031811e+00
2.167745730792031811e+00
2.167745730792031811e+00
2.167745730792031811e+00
2.167745730792031811e+00
2.167745730792031811e+00
2.167745730792031811e+00
2.482090085029187598e+00
2.482090085029187598e+00
2.482090085029187598e+00
2.482090085029187598e+00
2.482090085029187598e+00
2.482090085029187598e+00
2.482090085029187598e+00
2.482090085029187598e+00
2.321708316786943005e+00
2.321708316786943005e+00
2.321708316786943005e+00
2.321708316786943005e+00
2.321708316786943005e+00
2.321708316786943005e+00
2.321708316786943005e+00
2.609361010001260972e+00
2.609361010001260972e+00
2.609361010001260972e+00
2.609361010001260972e+00
2.609361010001260972e+00
2.609361010001260972e+00
2.609361010001260972e+00
2.609361010001260972e+00
2.609361010001260972e+00
2.609361010001260972e+00
2.609361010001260972e+00
2.609361010001260972e+00
2.609361010001260972e+00
3.030169709449752169e+00
3.030169709449752169e+00
3.030169709449752169e+00
3.030169709449752169e+00
3.030169709449752169e+00
3.030169709449752169e+00
3.030169709449752169e+00
3.030169709449752169e+00
3.030169709449752169e+00
1.754710718184371743e+00
2.869151090421766526e+00
3.389112766013955724e+00
3.389112766013955724e+00
3.494894585283355060e+00
3.494894585283355060e+00
3.124304257906536542e+00
3.124304257906536542e+00
3.124304257906536542e+00
2.609578360263830277e+00
2.609578360263830277e+00
2.609578360263830277e+00
2.609578360263830277e+00
1.972572589083700256e+00
3.779371928720127283e+00
3.779371928720127283e+00
1.491257440248500377e+00
1.491257440248500377e+00
1.491257440248500377e+00
1.491257440248500377e+00
1.491257440248500377e+00
1.491257440248500377e+00
1.491257440248500377e+00
1.491257440248500377e+00
1.491257440248500377e+00
1.491257440248500377e+00
1.491257440248500377e+00
1.491257440248500377e+00
2.061943834249744256e+00
2.635710422583086743e+00
2.635710422583086743e+00
2.635710422583086743e+00
2.635710422583086743e+00
2.635710422583086743e+00
2.635710422583086743e+00
2.635710422583086743e+00
2.635710422583086743e+00
2.635710422583086743e+00
2.356690261778216389e+00
2.356690261778216389e+00
2.356690261778216389e+00
2.356690261778216389e+00
2.970070433501374119e+00
2.451878237188919396e+00
2.451878237188919396e+00
2.451878237188919396e+00
2.451878237188919396e+00
2.451878237188919396e+00
2.451878237188919396e+00
1.781488763864800928e+00
1.781488763864800928e+00
1.781488763864800928e+00
1.781488763864800928e+00
1.781488763864800928e+00
1.781488763864800928e+00
1.781488763864800928e+00
1.781488763864800928e+00
1.781488763864800928e+00
1.781488763864800928e+00
1.781488763864800928e+00
2.164534799801812515e+00
2.213918849424711510e+00
2.213918849424711510e+00
2.861966736060325811e+00
2.861966736060325811e+00
2.685743051067728260e+00
2.685743051067728260e+00
2.685743051067728260e+00
2.685743051067728260e+00
2.685743051067728260e+00
2.685743051067728260e+00
2.966391745928747881e+00
2.966391745928747881e+00
2.966391745928747881e+00
2.966391745928747881e+00
2.966391745928747881e+00
2.966391745928747881e+00
2.966391745928747881e+00
2.966391745928747881e+00
2.966391745928747881e+00
2.966391745928747881e+00
2.966391745928747881e+00
2.966391745928747881e+00
2.966391745928747881e+00
2.966391745928747881e+00
2.966391745928747881e+00
2.966391745928747881e+00
2.966391745928747881e+00
2.966391745928747881e+00
2.966391745928747881e+00
2.966391745928747881e+00
3.236171023075864017e+00
3.236171023075864017e+00
3.236171023075864017e+00
3.236171023075864017e+00
3.236171023075864017e+00
3.236171023075864017e+00
3.236171023075864017e+00
3.236171023075864017e+00
3.236171023075864017e+00
3.236171023075864017e+00
3.236171023075864017e+00
3.236171023075864017e+00
3.236171023075864017e+00
3.236171023075864017e+00
3.236171023075864017e+00
3.634350388924600495e+00
3.634350388924600495e+00
3.634350388924600495e+00
3.546520513298155652e+00
3.546520513298155652e+00
3.546520513298155652e+00
3.546520513298155652e+00
3.546520513298155652e+00
3.546520513298155652e+00
3.546520513298155652e+00
3.320535936497956975e+00
3.320535936497956975e+00
3.320535936497956975e+00
3.320535936497956975e+00
3.320535936497956975e+00
3.320535936497956975e+00
3.320535936497956975e+00
3.320535936497956975e+00
3.320535936497956975e+00
3.320535936497956975e+00
3.320535936497956975e+00
3.320535936497956975e+00
3.320535936497956975e+00
3.320535936497956975e+00
3.320535936497956975e+00
3.320535936497956975e+00
3.320535936497956975e+00
3.320535936497956975e+00
3.320535936497956975e+00
2.858784743735716116e+00
2.858784743735716116e+00
2.858784743735716116e+00
2.858784743735716116e+00
2.858784743735716116e+00
2.858784743735716116e+00
2.858784743735716116e+00
2.858784743735716116e+00
2.858784743735716116e+00
2.858784743735716116e+00
2.858784743735716116e+00
2.858784743735716116e+00
2.858784743735716116e+00
2.858784743735716116e+00
2.858784743735716116e+00
2.858784743735716116e+00
2.858784743735716116e+00
2.858784743735716116e+00
2.858784743735716116e+00
2.858784743735716116e+00
2.858784743735716116e+00
2.858784743735716116e+00
2.858784743735716116e+00
2.858784743735716116e+00
2.745372760857466066e+00
2.745372760857466066e+00
2.745372760857466066e+00
2.745372760857466066e+00
2.745372760857466066e+00
2.745372760857466066e+00
2.745372760857466066e+00
2.745372760857466066e+00
2.745372760857466066e+00
2.745372760857466066e+00
2.745372760857466066e+00
2.745372760857466066e+00
2.745372760857466066e+00
2.745372760857466066e+00
2.745372760857466066e+00
2.745372760857466066e+00
2.888352263778934059e+00
2.888352263778934059e+00
1.819758345645762887e+00
1.819758345645762887e+00
2.242196329191278981e+00
4.327628381253482814e+00
4.327628381253482814e+00
4.327628381253482814e+00
4.327628381253482814e+00
4.327628381253482814e+00
4.327628381253482814e+00
4.327628381253482814e+00
4.357654200953554380e+00
4.357654200953554380e+00
4.357654200953554380e+00
4.357654200953554380e+00
4.357654200953554380e+00
4.357654200953554380e+00
4.357654200953554380e+00
4.357654200953554380e+00
4.229872295803335902e+00
4.171427432546940040e+00
4.171427432546940040e+00
4.171427432546940040e+00
4.171427432546940040e+00
4.171427432546940040e+00
4.171427432546940040e+00
4.207015673520187349e+00
4.207015673520187349e+00
4.207015673520187349e+00
4.207015673520187349e+00
4.207015673520187349e+00
2.668917938165665138e+00
2.668917938165665138e+00
2.668917938165665138e+00
2.668917938165665138e+00
2.668917938165665138e+00
1.929097990766690085e+00
2.868058844308150945e+00
2.868058844308150945e+00
2.868058844308150945e+00
2.868058844308150945e+00
2.868058844308150945e+00
3.450611920284746503e+00
3.450611920284746503e+00
3.450611920284746503e+00
3.450611920284746503e+00
3.450611920284746503e+00
3.450611920284746503e+00
3.450611920284746503e+00
5.380667762728085002e+00
2.272059831679783315e+00
2.272059831679783315e+00
4.390436790555789059e+00
4.390436790555789059e+00
4.472333301738069977e+00
4.472333301738069977e+00
4.472333301738069977e+00
4.472333301738069977e+00
4.472333301738069977e+00
4.472333301738069977e+00
4.472333301738069977e+00
4.498457501522174162e+00
3.857537893923697503e+00
3.857537893923697503e+00
3.857537893923697503e+00
3.857537893923697503e+00
3.616203302144759935e+00
3.616203302144759935e+00
5.157490030894463118e+00
3.367247283087170473e+00
3.884961997538209921e+00
3.884961997538209921e+00
2.702324193799826801e+00
6.265288413983453708e+00
6.265288413983453708e+00
6.265288413983453708e+00
6.265288413983453708e+00
6.265288413983453708e+00
6.265288413983453708e+00
6.265288413983453708e+00
6.265288413983453708e+00
6.265288413983453708e+00
6.265288413983453708e+00
6.265288413983453708e+00
6.265288413983453708e+00
6.265288413983453708e+00
6.265288413983453708e+00
6.265288413983453708e+00
6.113638876560747448e+00
5.677410811604036489e+00
5.677410811604036489e+00
4.892443956275965178e+00
3.429300097854782070e+00
4.014029817313567783e+00
7.753626358349974268e+00
7.753626358349974268e+00
6.636026539951471293e+00
5.556871661477135405e+00
5.556871661477135405e+00
5.556871661477135405e+00
5.556871661477135405e+00
3.632957484801924597e+00
3.632957484801924597e+00
1.807212306524861312e+00
2.033845088991056205e+00
2.033845088991056205e+00
2.033845088991056205e+00
2.083679534896038632e+00
2.083679534896038632e+00
2.083679534896038632e+00
2.083679534896038632e+00
2.083679534896038632e+00
2.083679534896038632e+00
2.083679534896038632e+00
2.083679534896038632e+00
2.083679534896038632e+00
2.083679534896038632e+00
2.083679534896038632e+00
2.083679534896038632e+00
2.299484692469556002e+00
2.299484692469556002e+00
2.299484692469556002e+00
2.299484692469556002e+00
2.299484692469556002e+00
3.048940577436044741e+00
3.048940577436044741e+00
2.747720425891517326e+00
2.747720425891517326e+00
2.747720425891517326e+00
2.747720425891517326e+00
2.747720425891517326e+00
3.663803688555891558e+00
3.663803688555891558e+00
3.663803688555891558e+00
3.647724834319487019e+00
3.647724834319487019e+00
2.769405348818867907e+00
3.095478179629985505e+00
3.095478179629985505e+00
3.095478179629985505e+00
3.095478179629985505e+00
3.095478179629985505e+00
3.095478179629985505e+00
3.095478179629985505e+00
3.095478179629985505e+00
3.095478179629985505e+00
3.095478179629985505e+00
4.009191520017373556e+00
4.009191520017373556e+00
4.009191520017373556e+00
4.009191520017373556e+00
4.009191520017373556e+00
4.009191520017373556e+00
4.009191520017373556e+00
4.009191520017373556e+00
4.009191520017373556e+00
4.009191520017373556e+00
4.009191520017373556e+00
4.009191520017373556e+00
4.009191520017373556e+00
4.009191520017373556e+00
4.009191520017373556e+00
3.182434197063303660e+00
3.182434197063303660e+00
3.182434197063303660e+00
3.182434197063303660e+00
3.182434197063303660e+00
3.182434197063303660e+00
3.182434197063303660e+00
3.182434197063303660e+00
3.182434197063303660e+00
3.182434197063303660e+00
3.182434197063303660e+00
3.182434197063303660e+00
3.182434197063303660e+00
3.182434197063303660e+00
3.182434197063303660e+00
3.575256299103441116e+00
3.575256299103441116e+00
3.575256299103441116e+00
3.575256299103441116e+00
3.575256299103441116e+00
3.575256299103441116e+00
3.575256299103441116e+00
3.805754285174558049e+00
3.805754285174558049e+00
3.805754285174558049e+00
3.805754285174558049e+00
3.805754285174558049e+00
3.805754285174558049e+00
3.805754285174558049e+00
3.489347661297522940e+00
3.489347661297522940e+00
3.489347661297522940e+00
3.489347661297522940e+00
3.489347661297522940e+00
3.489347661297522940e+00
3.489347661297522940e+00
3.489347661297522940e+00
3.489347661297522940e+00
3.489347661297522940e+00
3.489347661297522940e+00
3.489347661297522940e+00
3.489347661297522940e+00
3.077583366392348196e+00
3.077583366392348196e+00
3.077583366392348196e+00
3.077583366392348196e+00
3.077583366392348196e+00
3.871763148611882421e+00
3.871763148611882421e+00
3.276027109367667389e+00
3.276027109367667389e+00
3.276027109367667389e+00
2.037074422956740349e+00
2.037074422956740349e+00
2.555984605084820060e+00
2.555984605084820060e+00
2.555984605084820060e+00
2.555984605084820060e+00
2.555984605084820060e+00
1.952732887095942615e+00
1.952732887095942615e+00
1.952732887095942615e+00
1.952732887095942615e+00
1.952732887095942615e+00
1.952732887095942615e+00
1.952732887095942615e+00
1.952732887095942615e+00
1.952732887095942615e+00
1.952732887095942615e+00
1.952732887095942615e+00
1.952732887095942615e+00
1.891537993992321809e+00
1.891537993992321809e+00
2.300428061452493456e+00
2.300428061452493456e+00
2.300428061452493456e+00
2.300428061452493456e+00
2.300428061452493456e+00
2.874898700453319300e+00
2.236348052633052585e+00
2.236348052633052585e+00
4.285837938709803119e+00
4.285837938709803119e+00
4.285837938709803119e+00
3.444800180442231241e+00
3.444800180442231241e+00
3.444800180442231241e+00
3.444800180442231241e+00
2.381719142209477447e+00
2.381719142209477447e+00
3.241014831521320971e+00
3.241014831521320971e+00
3.241014831521320971e+00
3.241014831521320971e+00
3.241014831521320971e+00
3.241014831521320971e+00
3.241014831521320971e+00
3.241014831521320971e+00
3.241014831521320971e+00
3.241014831521320971e+00
3.241014831521320971e+00
3.241014831521320971e+00
3.241014831521320971e+00
3.241014831521320971e+00
3.241014831521320971e+00
3.454121477331564716e+00
3.454121477331564716e+00
3.554042629760612471e+00
3.518624158318421014e+00
3.518624158318421014e+00
3.518624158318421014e+00
3.518624158318421014e+00
3.724744042437473368e+00
4.238575031657868308e+00
4.585040171075872806e+00
4.113112004796108501e+00
4.113112004796108501e+00
4.113112004796108501e+00
4.113112004796108501e+00
4.113112004796108501e+00
4.113112004796108501e+00
3.697526369478804753e+00
3.697526369478804753e+00
3.697526369478804753e+00
3.697526369478804753e+00
3.697526369478804753e+00
3.697526369478804753e+00
3.697526369478804753e+00
3.697526369478804753e+00
3.797326070277908361e+00
3.797326070277908361e+00
3.797326070277908361e+00
3.797326070277908361e+00
3.797326070277908361e+00
3.797326070277908361e+00
4.525932325860265948e+00
4.525932325860265948e+00
4.202471505975036159e+00
4.202471505975036159e+00
4.202471505975036159e+00
5.808539800321279145e+00
7.372531794533503380e+00
7.400564777109811310e+00
7.400564777109811310e+00
7.400564777109811310e+00
7.400564777109811310e+00
7.400564777109811310e+00
4.551108985065670964e+00
4.551108985065670964e+00
4.551108985065670964e+00
4.557051130946764950e+00
4.557051130946764950e+00
4.557051130946764950e+00
4.750406890104231117e+00
4.722361396064985506e+00
4.722361396064985506e+00
4.471264417071729724e+00
4.471264417071729724e+00
4.471264417071729724e+00
4.471264417071729724e+00
4.471264417071729724e+00
4.471264417071729724e+00
4.471264417071729724e+00
4.471264417071729724e+00
4.471264417071729724e+00
4.472634370714017038e+00
4.472634370714017038e+00
4.173105295423447103e+00
4.173105295423447103e+00
4.173105295423447103e+00
4.242573549496966301e+00
4.242573549496966301e+00
4.242573549496966301e+00
4.242573549496966301e+00
4.242573549496966301e+00
4.242573549496966301e+00
4.242573549496966301e+00
6.908892133273891289e+00
4.726005324710366828e+00
4.726005324710366828e+00
4.726005324710366828e+00
4.726005324710366828e+00
4.932824309888946601e+00
2.951499849831515476e+00
2.951499849831515476e+00
4.093377549367790635e+00
4.093377549367790635e+00
4.093377549367790635e+00
4.093377549367790635e+00
4.093377549367790635e+00
4.093377549367790635e+00
4.093377549367790635e+00
4.093377549367790635e+00
5.329685982237113429e+00
3.942450568514137110e+00
3.942450568514137110e+00
3.942450568514137110e+00
3.942450568514137110e+00
3.942450568514137110e+00
3.942450568514137110e+00
3.942450568514137110e+00
3.942450568514137110e+00
3.942450568514137110e+00
3.942450568514137110e+00
3.968332977633851399e+00
3.968332977633851399e+00
3.156848340085665505e+00
3.639465996201676212e+00
3.639465996201676212e+00
4.858021361544315297e+00
4.855866526885770362e+00
5.762954910675155418e+00
2.170238316393262146e+00
1.959644623885059778e+00
1.959644623885059778e+00
1.959644623885059778e+00
1.959644623885059778e+00
1.959644623885059778e+00
1.660220974003602468e+00
1.660220974003602468e+00
5.210539497078237048e+00
5.210539497078237048e+00
4.048074824632847069e+00
4.048074824632847069e+00
3.644680215375373677e+00
3.644680215375373677e+00
3.644680215375373677e+00
3.644680215375373677e+00
3.644680215375373677e+00
3.644680215375373677e+00
1.711169545233425460e+00
4.038603691906471838e+00
2.176844812389972184e+00
2.176844812389972184e+00
2.176844812389972184e+00
2.176844812389972184e+00
2.176844812389972184e+00
3.047803278090180257e+00
3.047803278090180257e+00
2.850852428756497137e+00
2.850852428756497137e+00
3.467082993967203208e+00
3.467082993967203208e+00
3.467082993967203208e+00
3.467082993967203208e+00
3.467082993967203208e+00
3.467082993967203208e+00
3.560807368341290413e+00
3.560807368341290413e+00
3.560807368341290413e+00
3.560807368341290413e+00
3.405448071154181910e+00
3.405448071154181910e+00
3.405448071154181910e+00
3.405448071154181910e+00
3.405448071154181910e+00
3.405448071154181910e+00
1.328432436315821974e+00
1.328432436315821974e+00
1.328432436315821974e+00
1.328432436315821974e+00
1.328432436315821974e+00
1.328432436315821974e+00
3.267471915325319998e+00
3.267471915325319998e+00
3.267471915325319998e+00
3.267471915325319998e+00
3.267471915325319998e+00
3.267471915325319998e+00
3.267471915325319998e+00
3.267471915325319998e+00
3.267471915325319998e+00
3.267471915325319998e+00
3.267471915325319998e+00
3.267471915325319998e+00
3.267471915325319998e+00
2.663192663558521467e+00
2.663192663558521467e+00
3.018415867441125222e+00
3.018415867441125222e+00
3.018415867441125222e+00
3.018415867441125222e+00
3.018415867441125222e+00
3.018415867441125222e+00
4.100085187599709968e+00
4.100085187599709968e+00
4.100085187599709968e+00
4.100085187599709968e+00
4.100085187599709968e+00
4.100085187599709968e+00
4.100085187599709968e+00
4.100085187599709968e+00
4.793817321243178498e+00
4.793817321243178498e+00
4.793817321243178498e+00
4.793817321243178498e+00
4.793817321243178498e+00
4.793817321243178498e+00
4.793817321243178498e+00
4.793817321243178498e+00
4.793817321243178498e+00
4.793817321243178498e+00
4.653663245328147902e+00
4.633781160596657678e+00
4.633781160596657678e+00
4.633781160596657678e+00
4.633781160596657678e+00
4.633781160596657678e+00
4.633781160596657678e+00
4.633781160596657678e+00
4.633781160596657678e+00
4.633781160596657678e+00
4.602086732225734167e+00
4.602086732225734167e+00
3.679233740780716744e+00
3.679233740780716744e+00
3.679233740780716744e+00
3.679233740780716744e+00
3.679233740780716744e+00
3.679233740780716744e+00
3.679233740780716744e+00
2.333973292510303388e+00
2.333973292510303388e+00
2.333973292510303388e+00
2.565520621839842530e+00
2.565520621839842530e+00
2.565520621839842530e+00
2.565520621839842530e+00
2.565520621839842530e+00
2.565520621839842530e+00
2.565520621839842530e+00
2.565520621839842530e+00
3.535331523625478312e+00
3.535331523625478312e+00
2.964365838817380361e+00
2.964365838817380361e+00
2.964365838817380361e+00
2.964365838817380361e+00
2.964365838817380361e+00
2.964365838817380361e+00
3.108396499519102463e+00
3.108396499519102463e+00
3.501946536334825222e+00
3.501946536334825222e+00
3.066927120884820113e+00
3.066927120884820113e+00
3.066927120884820113e+00
3.066927120884820113e+00
3.077340344685262963e+00
3.077340344685262963e+00
3.077340344685262963e+00
3.077340344685262963e+00
3.077340344685262963e+00
3.077340344685262963e+00
3.077340344685262963e+00
3.077340344685262963e+00
3.183323852224823280e+00
3.183323852224823280e+00
3.641216809163111634e+00
3.641216809163111634e+00
3.641216809163111634e+00
3.641216809163111634e+00
3.176024053072361575e+00
4.929335484427459058e+00
4.929335484427459058e+00
4.929335484427459058e+00
4.929335484427459058e+00
4.929335484427459058e+00
4.063859179723499970e+00
4.063859179723499970e+00
4.063859179723499970e+00
4.063859179723499970e+00
4.063859179723499970e+00
4.063859179723499970e+00
4.063859179723499970e+00
3.801981552833094469e+00
3.801981552833094469e+00
3.801981552833094469e+00
3.801981552833094469e+00
3.801981552833094469e+00
3.801981552833094469e+00
3.801981552833094469e+00
5.294640714468982878e+00
5.294640714468982878e+00
5.294640714468982878e+00
5.836931640360398355e+00
5.836931640360398355e+00
2.210553125786561601e+00
2.210553125786561601e+00
2.210553125786561601e+00
2.210553125786561601e+00
2.210553125786561601e+00
2.210553125786561601e+00
2.210553125786561601e+00
2.210553125786561601e+00
2.210553125786561601e+00
2.210553125786561601e+00
2.210553125786561601e+00
2.210553125786561601e+00
2.210553125786561601e+00
2.210553125786561601e+00
2.210553125786561601e+00
2.279367602249975810e+00
2.279367602249975810e+00
2.279367602249975810e+00
2.279367602249975810e+00
2.279367602249975810e+00
2.279367602249975810e+00
2.279367602249975810e+00
2.279367602249975810e+00
2.279367602249975810e+00
2.279367602249975810e+00
2.279367602249975810e+00
2.279367602249975810e+00
2.279367602249975810e+00
2.279367602249975810e+00
2.279367602249975810e+00
2.279367602249975810e+00
2.279367602249975810e+00
2.279367602249975810e+00
2.279367602249975810e+00
3.251147445023478966e+00
5.485152946601331791e+00
5.485152946601331791e+00
5.485152946601331791e+00
5.485152946601331791e+00
5.327865214311066744e+00
5.324112203692733303e+00
3.510957458566736467e+00
3.510957458566736467e+00
5.480892147976443418e+00
5.416388575199685640e+00
5.405456966003561625e+00
5.405456966003561625e+00
6.782214979092395346e+00
5.526207605489563690e+00
3.677754676994633876e+00
5.112021162046210598e+00
5.489011190576176702e+00
5.489011190576176702e+00
5.489011190576176702e+00
5.489011190576176702e+00
4.258881684262949996e+00
7.173614440828115946e+00
5.606027296093719414e+00
5.606027296093719414e+00
7.425841318594060603e+00
6.701404727356258029e+00
6.701404727356258029e+00
6.749327547443076725e+00
6.749327547443076725e+00
7.207367331982993619e+00
4.262143490670695201e+00
4.262143490670695201e+00
4.262143490670695201e+00
4.262143490670695201e+00
6.078979007275877144e+00
6.156309608765224262e+00
6.156309608765224262e+00
6.882043018766965226e+00
6.607590133783274311e+00
6.607590133783274311e+00
6.607590133783274311e+00
6.607590133783274311e+00
4.239266439485257720e+00
6.215139264035203226e+00
5.028343580518768619e+00
5.028343580518768619e+00
5.028343580518768619e+00
3.884109214728250770e+00
3.884109214728250770e+00
3.884109214728250770e+00
3.884109214728250770e+00
3.698335781056825589e+00
3.698335781056825589e+00
3.698335781056825589e+00
3.698335781056825589e+00
3.698335781056825589e+00
3.698335781056825589e+00
3.698335781056825589e+00
3.698335781056825589e+00
3.698335781056825589e+00
3.698335781056825589e+00
3.698335781056825589e+00
2.932851615545570390e+00
5.784340578924035192e+00
5.784340578924035192e+00
4.759692855366284725e+00
4.759692855366284725e+00
4.986585204111356973e+00
4.986585204111356973e+00
3.848413785799476461e+00
3.848413785799476461e+00
3.848413785799476461e+00
3.848413785799476461e+00
4.655740511000939996e+00
4.655740511000939996e+00
4.802495771567122596e+00
3.650022352788048874e+00
3.650022352788048874e+00
2.121569754017838871e+00
2.121569754017838871e+00
2.121569754017838871e+00
2.121569754017838871e+00
2.121569754017838871e+00
2.121569754017838871e+00
1.527671819161362965e+00
1.527671819161362965e+00
1.527671819161362965e+00
1.527671819161362965e+00
1.527671819161362965e+00
1.527671819161362965e+00
1.527671819161362965e+00
4.286299180703843081e-01
4.286299180703843081e-01
4.286299180703843081e-01
4.286299180703843081e-01
4.286299180703843081e-01
4.286299180703843081e-01
1.597535416648554474e+00
1.597535416648554474e+00
3.483692344685229259e+00
3.483692344685229259e+00
4.796244847025352698e+00
4.796244847025352698e+00
4.638240177350706261e+00
4.638240177350706261e+00
5.781045003322398124e+00
5.781045003322398124e+00
5.781045003322398124e+00
5.781045003322398124e+00
5.781045003322398124e+00
5.781045003322398124e+00
5.781045003322398124e+00
2.817957541297506641e+00
2.817957541297506641e+00
2.817957541297506641e+00
2.817957541297506641e+00
6.073695172061029268e+00
5.709699855124458878e+00
5.368372461641961912e+00
2.815846790383416565e+00
2.815846790383416565e+00
2.815846790383416565e+00
2.815846790383416565e+00
3.194848590521395693e+00
3.194848590521395693e+00
4.083582501754555061e+00
4.514349628468992570e+00
4.514349628468992570e+00
4.514349628468992570e+00
4.514349628468992570e+00
4.514349628468992570e+00
3.951760278165720841e+00
3.951760278165720841e+00
3.951760278165720841e+00
3.951760278165720841e+00
3.951760278165720841e+00
3.951760278165720841e+00
4.010771465663920843e+00
4.010771465663920843e+00
4.010771465663920843e+00
4.216520863557951415e+00
4.216520863557951415e+00
5.932009179759747397e+00
5.932009179759747397e+00
5.932009179759747397e+00
6.497919381764187818e-01
6.497919381764187818e-01
6.497919381764187818e-01
6.497919381764187818e-01
6.497919381764187818e-01
3.535764242303130356e+00
3.535764242303130356e+00
3.086953202276271124e+00
3.086953202276271124e+00
3.086953202276271124e+00
3.086953202276271124e+00
2.227007030750198346e+00
2.227007030750198346e+00
2.227007030750198346e+00
5.150342586137956147e+00
3.135536760554175295e+00
3.135536760554175295e+00
3.135536760554175295e+00
4.706524137261120622e+00
1.953555810994194619e+00
3.167305505929815190e+00
3.167305505929815190e+00
3.167305505929815190e+00
3.714617517795430590e+00
4.216506104605388217e+00
3.883029769328787850e+00
3.883029769328787850e+00
3.883029769328787850e+00
3.883029769328787850e+00
3.883029769328787850e+00
3.883029769328787850e+00
3.883029769328787850e+00
3.883029769328787850e+00
3.883029769328787850e+00
3.296750850516252385e+00
3.296750850516252385e+00
4.139094011367503434e+00
5.375272646306596513e+00
5.479524773753160716e+00
5.479524773753160716e+00
5.479524773753160716e+00
5.479524773753160716e+00
5.479524773753160716e+00
5.479524773753160716e+00
5.479524773753160716e+00
3.973855158134164789e+00
3.973855158134164789e+00
2.916387659030983848e+00
4.025362797792335634e+00
4.025362797792335634e+00
4.025362797792335634e+00
3.322458356490722409e+00
2.090554386575565804e+00
2.957343251945232065e+00
2.957343251945232065e+00
2.957343251945232065e+00
1.943595965193597008e+00
1.943595965193597008e+00
1.943595965193597008e+00
1.943595965193597008e+00
1.943595965193597008e+00
1.943595965193597008e+00
1.943595965193597008e+00
1.943595965193597008e+00
2.295766757246096912e+00
2.295766757246096912e+00
2.248285038124264279e+00
2.248285038124264279e+00
5.190970730835254621e+00
5.190970730835254621e+00
3.217595596976996930e+00
3.217595596976996930e+00
3.217595596976996930e+00
3.217595596976996930e+00
3.217595596976996930e+00
3.217595596976996930e+00
3.217595596976996930e+00
3.217595596976996930e+00
3.217595596976996930e+00
3.217595596976996930e+00
3.217595596976996930e+00
3.217595596976996930e+00
4.392916191881117705e+00
4.392916191881117705e+00
4.392916191881117705e+00
2.790344307414025504e+00
2.790344307414025504e+00
2.790344307414025504e+00
2.935857440914261929e+00
2.935857440914261929e+00
2.935857440914261929e+00
2.935857440914261929e+00
2.935857440914261929e+00
2.935857440914261929e+00
2.935857440914261929e+00
2.935857440914261929e+00
2.935857440914261929e+00
3.426779822968154310e+00
3.426779822968154310e+00
3.426779822968154310e+00
3.426779822968154310e+00
3.426779822968154310e+00
3.426779822968154310e+00
3.426779822968154310e+00
3.426779822968154310e+00
3.426779822968154310e+00
3.426779822968154310e+00
3.426779822968154310e+00
3.426779822968154310e+00
3.426779822968154310e+00
3.426779822968154310e+00
3.426779822968154310e+00
3.426779822968154310e+00
3.426779822968154310e+00
3.426779822968154310e+00
3.426779822968154310e+00
3.426779822968154310e+00
3.426779822968154310e+00
3.426779822968154310e+00
3.756263273829721250e+00
2.121873107062480557e+00
2.121873107062480557e+00
2.121873107062480557e+00
2.121873107062480557e+00
4.591126745959604349e+00
5.396958858816839566e+00
5.396958858816839566e+00
5.396958858816839566e+00
5.396958858816839566e+00
4.538543010905664588e+00
4.538543010905664588e+00
4.172793541516383264e+00
2.181924634898467108e+00
2.181924634898467108e+00
2.181924634898467108e+00
2.181924634898467108e+00
2.181924634898467108e+00
2.181924634898467108e+00
2.181924634898467108e+00
2.972751114744006440e+00
2.972751114744006440e+00
2.972751114744006440e+00
2.972751114744006440e+00
2.972751114744006440e+00
2.972751114744006440e+00
2.594620251257577337e+00
4.330417480509842321e+00
4.356898499355560617e+00
3.843847459474285078e+00
3.843847459474285078e+00
3.843847459474285078e+00
3.843847459474285078e+00
3.843847459474285078e+00
3.020377038826222993e+00
3.020377038826222993e+00
3.458754239322083812e+00
3.458754239322083812e+00
2.083370056604549880e+00
2.083370056604549880e+00
2.945100451090439719e+00
2.945100451090439719e+00
2.945100451090439719e+00
5.036627634650413299e+00
3.684817357173586938e+00
3.684817357173586938e+00
3.684817357173586938e+00
4.085468586080676090e+00
4.085468586080676090e+00
4.085468586080676090e+00
4.085468586080676090e+00
4.085468586080676090e+00
4.085468586080676090e+00
4.826719419327619498e+00
4.826719419327619498e+00
4.826719419327619498e+00
4.826719419327619498e+00
4.826719419327619498e+00
4.067288955159340524e+00
4.067288955159340524e+00
1.481747937418623540e+00
5.750976170951700439e+00
5.750976170951700439e+00
4.995975201201761529e+00
4.995975201201761529e+00
4.995975201201761529e+00
4.995975201201761529e+00
4.995975201201761529e+00
1.447061467272181545e-02
1.447061467272181545e-02
6.204975847896583296e+00
6.204975847896583296e+00
6.204975847896583296e+00
5.063244211813588080e+00
5.063244211813588080e+00
4.342617997050217227e+00
4.342617997050217227e+00
3.364248219495736159e+00
3.364248219495736159e+00
3.364248219495736159e+00
3.364248219495736159e+00
3.838725934825403918e+00
3.838725934825403918e+00
4.589913383231764676e+00
4.589913383231764676e+00
4.589913383231764676e+00
4.589913383231764676e+00
4.589913383231764676e+00
4.211308756691241939e+00
4.211308756691241939e+00
4.883404745900255861e+00
1.165382087543848755e+00
3.763377429982943667e+00
3.763377429982943667e+00
3.763377429982943667e+00
3.763377429982943667e+00
3.549164646978124171e+00
3.493754710992329038e+00
3.493754710992329038e+00
3.493754710992329038e+00
3.493754710992329038e+00
3.088368880731407806e+00
3.088368880731407806e+00
3.088368880731407806e+00
3.088368880731407806e+00
3.088368880731407806e+00
3.206985968917559937e+00
3.206985968917559937e+00
2.715093336167099469e+00
4.419962659029443408e+00
4.419962659029443408e+00
4.419962659029443408e+00
3.674554837883691860e+00
3.674554837883691860e+00
2.071340958719377845e+00
2.071340958719377845e+00
2.071340958719377845e+00
2.071340958719377845e+00
4.283897053931537080e+00
2.743684370577511800e+00
2.743684370577511800e+00
2.743684370577511800e+00
2.743684370577511800e+00
4.040199608158565603e+00
4.040199608158565603e+00
4.040199608158565603e+00
1.889989596981390019e+00
1.889989596981390019e+00
1.889989596981390019e+00
1.889989596981390019e+00
1.889989596981390019e+00
1.889989596981390019e+00
1.889989596981390019e+00
1.889989596981390019e+00
7.910310518305712080e-01
7.910310518305712080e-01
7.910310518305712080e-01
-9.589804760340217005e-01
-9.589804760340217005e-01
-9.589804760340217005e-01
1.717453462544298315e-01
1.717453462544298315e-01
1.717453462544298315e-01
2.178304787467650883e+00
2.178304787467650883e+00
3.834870507525460326e+00
4.441204464283149633e+00
3.300516607149480919e+00
3.300516607149480919e+00
3.300516607149480919e+00
3.300516607149480919e+00
3.300516607149480919e+00
3.300516607149480919e+00
2.635894589889025141e+00
4.500325447106323651e+00
4.500325447106323651e+00
3.897625586745891546e+00
3.897625586745891546e+00
3.897625586745891546e+00
5.224265509863744938e+00
5.224265509863744938e+00
5.224265509863744938e+00
5.224265509863744938e+00
5.224265509863744938e+00
3.518331042624030403e+00
3.518331042624030403e+00
3.518331042624030403e+00
3.543371065709671974e+00
3.543371065709671974e+00
3.543371065709671974e+00
3.543371065709671974e+00
3.543371065709671974e+00
3.543371065709671974e+00
1.646621421607491031e+00
1.646621421607491031e+00
1.646621421607491031e+00
1.646621421607491031e+00
1.646621421607491031e+00
1.646621421607491031e+00
1.646621421607491031e+00
1.646621421607491031e+00
2.465366931084076452e+00
2.465366931084076452e+00
2.465366931084076452e+00
2.465366931084076452e+00
2.465366931084076452e+00
2.964470112535208646e+00
4.003760505399695191e+00
4.003760505399695191e+00
4.971868265208778226e+00
4.971868265208778226e+00
4.971868265208778226e+00
4.971868265208778226e+00
4.971868265208778226e+00
2.672411342525950584e+00
2.672411342525950584e+00
2.672411342525950584e+00
2.672411342525950584e+00
2.672411342525950584e+00
2.672411342525950584e+00
3.164889709389994366e+00
3.164889709389994366e+00
3.164889709389994366e+00
3.164889709389994366e+00
3.164889709389994366e+00
3.164889709389994366e+00
3.164889709389994366e+00
3.410777641860359033e+00
2.751560181793052617e+00
3.263254201642154406e+00
3.263254201642154406e+00
1.313592873662617677e+00
1.313592873662617677e+00
1.313592873662617677e+00
1.313592873662617677e+00
1.313592873662617677e+00
1.420052022873295128e+00
1.420052022873295128e+00
2.536055822368596502e+00
2.536055822368596502e+00
2.536055822368596502e+00
2.536055822368596502e+00
3.339417468436839620e+00
3.339417468436839620e+00
3.339417468436839620e+00
3.749172551275087084e+00
3.749172551275087084e+00
3.596902346126315209e+00
3.596902346126315209e+00
3.596902346126315209e+00
3.596902346126315209e+00
3.279162006929506212e+00
3.279162006929506212e+00
4.146379289790712797e+00
5.421436555764004517e+00
5.421436555764004517e+00
5.445024046063210221e+00
2.925573348531057771e+00
2.925573348531057771e+00
2.925573348531057771e+00
2.925573348531057771e+00
3.646943515574730288e+00
3.646943515574730288e+00
3.646943515574730288e+00
3.646943515574730288e+00
4.111949191027049366e+00
4.111949191027049366e+00
3.066004727452099843e+00
3.315839798400907146e+00
3.315839798400907146e+00
3.315839798400907146e+00
4.012575901787108990e+00
4.012575901787108990e+00
3.807488536432080295e+00
3.807488536432080295e+00
3.807488536432080295e+00
3.807488536432080295e+00
3.807488536432080295e+00
3.807488536432080295e+00
3.807488536432080295e+00
3.807488536432080295e+00
3.124902810329405867e+00
1.826864313844329679e+00
1.826864313844329679e+00
1.826864313844329679e+00
1.826864313844329679e+00
1.826864313844329679e+00
1.826864313844329679e+00
1.826864313844329679e+00
1.826864313844329679e+00
1.826864313844329679e+00
1.826864313844329679e+00
1.826864313844329679e+00
1.826864313844329679e+00
1.826864313844329679e+00
1.826864313844329679e+00
2.211905068117055784e+00
2.211905068117055784e+00
2.492435777467034708e+00
2.492435777467034708e+00
3.164345675887543674e+00
3.164345675887543674e+00
3.164345675887543674e+00
3.164345675887543674e+00
3.164345675887543674e+00
3.164345675887543674e+00
3.164345675887543674e+00
2.611650501776666911e+00
2.611650501776666911e+00
2.611650501776666911e+00
2.611650501776666911e+00
2.611650501776666911e+00
2.611650501776666911e+00
2.611650501776666911e+00
4.333308249045513705e+00
4.333308249045513705e+00
3.898247905110625133e+00
3.898247905110625133e+00
3.898247905110625133e+00
3.898247905110625133e+00
3.318947011413830417e+00
3.318947011413830417e+00
4.097650759195555104e+00
4.097650759195555104e+00
2.954693673878296067e+00
2.954693673878296067e+00
2.954693673878296067e+00
2.954693673878296067e+00
2.849445148239185155e+00
2.849445148239185155e+00
2.176590196055046889e+00
4.878219179143538753e+00
3.517959441737469106e+00
3.769133287500969320e+00
3.740360340279466289e+00
6.122923904898250669e+00
6.122923904898250669e+00
6.122923904898250669e+00
6.034614636189607140e+00
6.034614636189607140e+00
3.270021098628006939e+00
3.270021098628006939e+00
2.267762685878201179e+00
2.267762685878201179e+00
2.267762685878201179e+00
4.600252413957031550e+00
4.190322209964912226e+00
2.489900512597650106e+00
2.489900512597650106e+00
2.489900512597650106e+00
2.489900512597650106e+00
2.489900512597650106e+00
2.489900512597650106e+00
2.489900512597650106e+00
2.489900512597650106e+00
2.489900512597650106e+00
1.346032939199551359e+00
1.346032939199551359e+00
1.346032939199551359e+00
1.346032939199551359e+00
1.377711450701940343e+00
3.806692112805367234e+00
3.689236638382288547e+00
3.689236638382288547e+00
3.152893302314745405e-01
1.551077729938474370e+00
1.551077729938474370e+00
2.180401519190285686e+00
2.141992248840927093e+00
2.141992248840927093e+00
2.141992248840927093e+00
2.141992248840927093e+00
2.141992248840927093e+00
2.141992248840927093e+00
2.510209151051044696e+00
2.510209151051044696e+00
2.902198260299336585e+00
2.902198260299336585e+00
2.902198260299336585e+00
3.017641767875065550e+00
3.017641767875065550e+00
3.050102069826937434e+00
6.243493165266026601e+00
6.243493165266026601e+00
6.243493165266026601e+00
5.378990390427339285e+00
5.378990390427339285e+00
4.468724915273549314e+00
4.468724915273549314e+00
4.468724915273549314e+00
4.468724915273549314e+00
4.791264066784580500e+00
4.791264066784580500e+00
4.791264066784580500e+00
5.957512681622899819e+00
4.221446398808979872e+00
5.762034879816118504e+00
5.762034879816118504e+00
5.762034879816118504e+00
5.762034879816118504e+00
5.762034879816118504e+00
5.762034879816118504e+00
5.762034879816118504e+00
5.762034879816118504e+00
5.762034879816118504e+00
6.956117313852578476e+00
3.217700260244625188e+00
4.398116284410606980e+00
4.398116284410606980e+00
4.398116284410606980e+00
4.398116284410606980e+00
4.341512968123922178e+00
4.341512968123922178e+00
4.484038637335902244e+00
4.484038637335902244e+00
4.484038637335902244e+00
4.484038637335902244e+00
4.484038637335902244e+00
3.950627347732166950e+00
5.091715525690069910e+00
5.091715525690069910e+00
5.007597806383014216e+00
5.007597806383014216e+00
5.007597806383014216e+00
5.007597806383014216e+00
5.007597806383014216e+00
5.007597806383014216e+00
5.007597806383014216e+00
5.007597806383014216e+00
5.007597806383014216e+00
5.007597806383014216e+00
5.007597806383014216e+00
4.180913109237523351e+00
6.265990984992244606e+00
6.265990984992244606e+00
4.108692407918399070e+00
3.673468948972309356e+00
6.594471445225231321e+00
6.594471445225231321e+00
6.594471445225231321e+00
6.594471445225231321e+00
6.594471445225231321e+00
6.594471445225231321e+00
6.594471445225231321e+00
6.509264485690070323e+00
4.533309140989039143e+00
4.533309140989039143e+00
4.533309140989039143e+00
4.533309140989039143e+00
4.533309140989039143e+00
5.519090333578053453e+00
4.033902797466415002e+00
4.033902797466415002e+00
4.033902797466415002e+00
4.799477411415876915e+00
4.487715813941267839e+00
4.487715813941267839e+00
4.487715813941267839e+00
4.487715813941267839e+00
4.487715813941267839e+00
4.487715813941267839e+00
3.799490937615168207e+00
3.799490937615168207e+00
3.799490937615168207e+00
6.162539990327109862e+00
6.162539990327109862e+00
4.387583060165262339e+00
4.387583060165262339e+00
4.387583060165262339e+00
4.387583060165262339e+00
4.387583060165262339e+00
4.387583060165262339e+00
4.387583060165262339e+00
4.387583060165262339e+00
3.415064497332970461e+00
3.415064497332970461e+00
3.415064497332970461e+00
3.415064497332970461e+00
3.415064497332970461e+00
3.415064497332970461e+00
3.415064497332970461e+00
3.415064497332970461e+00
3.415064497332970461e+00
3.415064497332970461e+00
3.415064497332970461e+00
3.245911063460094503e+00
3.245911063460094503e+00
2.802797385222223880e+00
2.802797385222223880e+00
1.568403574211596707e+00
1.568403574211596707e+00
1.250916473476372692e+00
1.250916473476372692e+00
1.250916473476372692e+00
2.305640987939855613e+00
2.305640987939855613e+00
2.305640987939855613e+00
4.729147605750776862e+00
3.523461527166498186e+00
3.523461527166498186e+00
3.523461527166498186e+00
3.523461527166498186e+00
3.523461527166498186e+00
5.271074557341829170e+00
5.436541989520311979e+00
3.920342571132533926e+00
3.920342571132533926e+00
3.920342571132533926e+00
3.920342571132533926e+00
3.920342571132533926e+00
3.920342571132533926e+00
5.155790383370618457e+00
4.547359483740952335e+00
4.547359483740952335e+00
4.547359483740952335e+00
4.547359483740952335e+00
4.547359483740952335e+00
4.547359483740952335e+00
4.547359483740952335e+00
4.547359483740952335e+00
4.547359483740952335e+00
4.547359483740952335e+00
4.547359483740952335e+00
4.547359483740952335e+00
4.582859217492545767e+00
4.582859217492545767e+00
4.582859217492545767e+00
4.582859217492545767e+00
4.216040391115426722e+00
4.216040391115426722e+00
4.216040391115426722e+00
4.216040391115426722e+00
4.216040391115426722e+00
4.141032673041360468e+00
4.141032673041360468e+00
4.141032673041360468e+00
4.141032673041360468e+00
4.141032673041360468e+00
4.141032673041360468e+00
4.141032673041360468e+00
4.141032673041360468e+00
4.141032673041360468e+00
4.141032673041360468e+00
