# Variable: Cl_gamma
# Sample shape: (1000,)
# Date: 2013-03-07 22:55:07.251140
1.310000000000000053e-02
9.760315558762071644e-03
6.954010650092677659e-03
1.431112376187469032e-02
2.195277474111770322e-02
3.770952141877190189e-02
4.905335951293141039e-02
7.168023986564404926e-02
6.759536686751238532e-02
5.900968689696307196e-02
3.287427104932597044e-02
2.543374710913982178e-02
1.391694927229389540e-02
-5.576854783066223856e-03
1.022324182462842727e-02
1.411941105246206085e-02
1.804743397967430163e-02
1.804743397967430163e-02
3.414112442985731133e-02
3.414112442985731133e-02
5.301335646119373357e-02
1.989290339114696549e-02
1.454164903656998166e-02
1.541005003991275345e-02
1.810235804623387332e-02
4.442467242173007633e-03
-6.675268650606271809e-05
-1.517857819602104127e-02
-1.687289331740699644e-02
-1.687289331740699644e-02
-1.346991069159198667e-02
-2.490022027126573279e-02
-4.012761571355086959e-02
-4.334691678044385460e-02
-4.025119198769277346e-02
-4.414149514209100150e-02
-3.766811870427081571e-02
-1.814215829426129786e-02
-4.168876664411053090e-02
-5.069921843139037904e-02
-4.471595343845070902e-02
-5.439894274683705622e-02
-5.782205786511326190e-02
-8.026540260428981222e-02
-8.805971157181340103e-02
-8.132969885990340431e-02
-8.132969885990340431e-02
-7.897284048428775127e-02
-7.128633426279486207e-02
-6.474914171636346472e-02
-7.265275963092431011e-02
-4.139914936398312456e-02
-2.591826096526608086e-02
-2.946947607717018483e-02
-1.552910813781683587e-02
-3.721635143538073315e-02
-4.153829914156492720e-02
-3.947419090282329457e-02
-4.160931037186323816e-02
-3.012415276462682492e-02
-7.397760071414755806e-03
-1.092034434577741735e-02
-4.627648512165075806e-03
-4.205966012646635693e-03
-8.028634952322050850e-03
-1.120934073142598741e-02
-2.887223775666829945e-02
-2.920570291588052078e-02
-4.293192486315282330e-02
-2.038024539990109657e-02
-3.721731419755543169e-02
-3.349817825331612153e-02
-3.349817825331612153e-02
-2.237942300077283564e-02
-1.689114578030310662e-02
-3.410433871930149130e-02
-3.410433871930149130e-02
-3.330617348675427025e-02
-3.019406888889315452e-02
-2.795920066248002919e-02
-2.483199923750046764e-02
-3.548751979719420857e-02
-4.367275238575949597e-02
-3.751693841111580080e-02
-5.327495584361037484e-02
-3.948001459286872711e-02
-4.439864345943649732e-02
-3.516667113591742666e-02
-5.027968417426874337e-02
-6.776453509289291632e-02
-4.695507953216376817e-02
-5.649716515957761698e-02
-8.915441371347967991e-02
-9.136886953053548199e-02
-9.278135153310222705e-02
-9.631813413846829208e-02
-1.124751631369795279e-01
-1.190850825537767971e-01
-1.145062672083450306e-01
-1.285829441785931171e-01
-1.270932105757231478e-01
-1.270932105757231478e-01
-1.233720468746201254e-01
-1.288343312770393323e-01
-1.140157043617096300e-01
-1.083237535314666433e-01
-9.276092160939215792e-02
-9.122582368882704851e-02
-9.893199151557406645e-02
-1.114401816589783017e-01
-1.059394807311120762e-01
-1.132370094027609214e-01
-9.378776860245181812e-02
-8.656144228256361373e-02
-1.073564838664751997e-01
-1.064759248820076609e-01
-1.015172130896528635e-01
-9.760504716400958403e-02
-1.145784542686760499e-01
-9.629444597631112157e-02
-8.339430166569428149e-02
-8.703720738094561371e-02
-8.468862085205787482e-02
-7.469599393214650107e-02
-5.981469175299108237e-02
-5.081319566847313646e-02
-6.633982547666732177e-02
-7.424186901246312975e-02
-7.410081243523480854e-02
-1.005770944209539719e-01
-1.017486754066521948e-01
-1.065923543281593194e-01
-9.067773644732986249e-02
-1.039919599843744658e-01
-1.029333451574038355e-01
-1.000043641390684079e-01
-9.836761462878393369e-02
-9.836761462878393369e-02
-8.143618703086372146e-02
-7.908854442196647239e-02
-7.834174007891994695e-02
-7.516198509991693644e-02
-9.014509786526200830e-02
-8.287751567237844341e-02
-8.807857529705735711e-02
-8.284178501453270949e-02
-7.385955433523436198e-02
-7.111296850045087381e-02
-7.770524932770692117e-02
-7.753955154856129184e-02
-7.387527950584732439e-02
-6.266134325239494651e-02
-7.168325363599456490e-02
-5.721012368073669779e-02
-6.373571938186084473e-02
-5.257737506071472749e-02
-4.270161930313293858e-02
-3.258250048348939470e-02
-7.717751166468757307e-03
-3.494318192564053842e-03
-5.495668008335964291e-03
-1.418395813369204006e-02
-1.829082913000853322e-02
-3.074486705603147324e-02
-4.942825673333692271e-02
-3.612844944662842173e-02
-3.890605354424631068e-02
-3.887736925924936693e-02
-3.301768415821783320e-02
-8.752250983734374823e-03
-6.208491497694468980e-03
7.616647813667245387e-03
1.041065244029889918e-03
-1.986230439891770172e-02
-4.764924200570386931e-02
-4.244741938966462708e-02
-3.510251931411056264e-02
-4.444086904866184629e-02
-4.205246836083580825e-02
-3.845069657694205612e-02
-2.715404537219573422e-02
-1.226980701737739356e-02
-1.950039389279661917e-02
-4.575222581139061495e-02
-5.043640374715265690e-02
-5.517073066183314500e-02
-6.519304554704172250e-02
-8.156486440925884984e-02
-8.893350347459318128e-02
-9.071986788694498538e-02
-8.976968453369968404e-02
-9.376910120517363556e-02
-1.108034188424363020e-01
-1.249848916184552045e-01
-1.021907435811769405e-01
-1.021907435811769405e-01
-1.098780183881127165e-01
-1.124321896238025115e-01
-1.237412226545108462e-01
-1.158823917848695179e-01
-1.120586059021465714e-01
-1.134739909382735806e-01
-1.426143745243671213e-01
-1.426143745243671213e-01
-1.554474135583637506e-01
-1.328002725544123463e-01
-1.388688162725833508e-01
-1.400905604144800642e-01
-1.307503516390710052e-01
-1.311398528022539867e-01
-1.442489263542235389e-01
-1.349291450052379771e-01
-1.360274266094728957e-01
-1.360274266094728957e-01
-1.572465046696008284e-01
-1.553970507904108012e-01
-1.690736385001666009e-01
-1.661499649031557557e-01
-1.630332084431528050e-01
-1.386622420292091817e-01
-1.598354206373269748e-01
-1.662385775664077525e-01
-1.496502222798122839e-01
-1.429499809222665174e-01
-1.420670801498191693e-01
-1.509923559970486884e-01
-1.345683851514624940e-01
-1.345683851514624940e-01
-1.189585814392847551e-01
-1.278911399840064189e-01
-1.172365176380669727e-01
-1.307689568327273233e-01
-1.176409337937954908e-01
-1.020867340909872856e-01
-9.504852938106149451e-02
-8.631647867697951615e-02
-9.071135509250705109e-02
-9.071135509250705109e-02
-9.348450461959346980e-02
-6.754457476695756302e-02
-8.018990988034949141e-02
-8.958158666361104583e-02
-1.155182798082397544e-01
-1.254333723749607998e-01
-1.284455882798152260e-01
-1.270318633772370143e-01
-1.190144817829517365e-01
-1.029638091105790076e-01
-1.157564120473115188e-01
-1.205760089830276577e-01
-1.125401050709065598e-01
-1.132681563488373566e-01
-1.048738889855592993e-01
-1.061750374219546933e-01
-1.015545876269639408e-01
-1.011957330755385714e-01
-9.363003463570038210e-02
-9.663552077825135478e-02
-9.471203956925897116e-02
-1.090758029064745616e-01
-1.010739495745079236e-01
-9.664268722915531074e-02
-1.013045552142598504e-01
-1.044777907069312228e-01
-1.160116446927777073e-01
-1.233826005810312043e-01
-1.149364604633598963e-01
-1.035992617452147213e-01
-8.377375832747348261e-02
-8.890686679328127506e-02
-8.890686679328127506e-02
-8.749563303592072794e-02
-8.903424309951096793e-02
-8.300335013703222242e-02
-8.303637591973919707e-02
-1.090554150806604672e-01
-8.528920217639954227e-02
-7.398430612834849818e-02
-6.897854117714988242e-02
-5.331136821270439363e-02
-6.144160118274391569e-02
-5.922876065542564267e-02
-7.248775752496446068e-02
-8.422407836248142765e-02
-1.050965059820397202e-01
-9.032835193145143104e-02
-9.808139982957629621e-02
-9.176976829381555678e-02
-8.360312527797005011e-02
-1.152809608478228554e-01
-1.290624260567022064e-01
-1.342189566990420191e-01
-1.561279181595648102e-01
-1.357510055808053007e-01
-1.366414828956128702e-01
-1.138067841681295739e-01
-1.317144414386100248e-01
-1.317144414386100248e-01
-1.478908594096007278e-01
-1.458618063997534631e-01
-1.345701399287923261e-01
-1.268257700567586299e-01
-1.218721473020813184e-01
-1.131424608576645785e-01
-9.409516770786191531e-02
-8.389607382902579402e-02
-9.118443494088505907e-02
-6.298162962834745471e-02
-6.974500313007603314e-02
-6.134702840245447042e-02
-5.846765693935471880e-02
-6.455464736642645140e-02
-7.323414444143175328e-02
-7.026598187261751116e-02
-7.026598187261751116e-02
-5.240605629810344418e-02
-3.329075570877589041e-02
-2.804050198041810327e-02
-4.187911163061136532e-02
-4.617628191052927655e-02
-5.258271313351099013e-02
-4.930877782420312050e-02
-2.739190611844900466e-02
-2.739190611844900466e-02
-3.306544770328546934e-02
-2.444941196921113918e-02
-2.444941196921113918e-02
-4.135505102559272617e-02
-5.244322580901081277e-02
-6.941525057661464271e-02
-7.612644216672237452e-02
-4.287092164888214180e-02
-4.815641684463942834e-02
-3.842109287730434419e-02
-5.033728017489245282e-02
-3.183879722193813655e-02
1.103677800404081338e-02
1.227465926469106620e-02
2.117299704857048687e-02
2.804199800224198291e-02
3.581092247638376774e-02
2.567484156703221665e-02
7.153216416822476276e-03
3.298758989384927877e-03
9.683554389939647011e-03
2.575282316555982040e-02
3.122800094395825413e-02
3.014971974558748602e-02
2.243590828939234089e-02
2.908764152576559861e-02
4.088552461885688882e-02
3.819803156385734311e-02
3.513691405334221779e-02
3.692047940735902756e-02
5.725489254519060961e-02
7.768441773303490228e-02
8.864806806400943318e-02
1.055832403583877033e-01
9.475546328846359834e-02
1.027522032953163966e-01
1.056688416383758239e-01
1.193792737596418019e-01
1.188701891715511078e-01
1.188701891715511078e-01
1.250830442598992454e-01
1.267213533942220804e-01
1.411047884447459988e-01
1.173403654849317218e-01
9.594938069425239247e-02
1.090867508270156883e-01
9.891979995985546170e-02
1.044565198650871246e-01
1.053084778895433254e-01
1.053084778895433254e-01
1.101092613200717746e-01
1.119360350990347835e-01
1.019263953736529726e-01
9.538468557490306643e-02
1.177913718670318133e-01
1.049621287547607140e-01
1.178930987762695504e-01
9.459370091989258156e-02
1.111345267366948830e-01
1.039908268804157904e-01
1.007263594678542429e-01
1.169391105688720872e-01
1.232685660000886613e-01
1.446125890568260020e-01
1.380033166270543121e-01
1.344173673925427859e-01
1.145524065601110503e-01
8.405129356536643337e-02
8.824046546036334870e-02
1.054096163677198383e-01
1.118945787645723583e-01
1.149581373905553400e-01
1.047817099970469734e-01
1.210137142697596258e-01
1.296737497492304048e-01
1.225203531648553917e-01
1.240534935396150340e-01
1.370629497696511101e-01
1.375400941388168208e-01
1.519389875217534713e-01
1.472004345775679013e-01
1.623550334599762057e-01
1.707632716901716363e-01
1.444749294726599687e-01
1.445374087417559683e-01
1.494061627406444992e-01
1.889887431883673641e-01
1.886884970308428389e-01
1.736866662862970034e-01
1.650080971143676190e-01
1.704752400049039107e-01
1.740177272170029266e-01
1.897932176422486572e-01
1.799439743269900804e-01
1.840271494033905997e-01
1.840010642126642115e-01
1.840010642126642115e-01
1.808270686247792081e-01
1.878905109961671038e-01
1.929966543425862824e-01
1.891275326561469849e-01
1.707513355588864967e-01
1.918784127617643165e-01
1.918784127617643165e-01
1.816465176390887337e-01
1.911242974234775571e-01
1.780396105052525768e-01
1.806603694530586890e-01
1.740363140545607146e-01
1.850473526717639206e-01
1.703255102464707738e-01
1.730633380065827731e-01
1.734536147804081607e-01
1.858777999631998912e-01
1.821908601241541137e-01
1.920893943382358526e-01
2.132698796187033619e-01
1.897657094129607536e-01
1.917462289388013608e-01
1.963734219670614511e-01
1.885957266311356351e-01
1.885957266311356351e-01
1.686272226559697163e-01
1.466812464321574638e-01
1.371787689364601937e-01
1.119977124261183482e-01
1.239695785194431521e-01
1.414024132936589351e-01
1.395589135486964283e-01
1.541584974972955990e-01
1.422140472695113955e-01
1.336619582662092187e-01
1.570873227020849194e-01
1.470230991419057831e-01
1.418735177223157673e-01
1.418735177223157673e-01
1.531254458831812770e-01
1.624736163559792335e-01
1.631127146404331152e-01
1.448220752765455588e-01
1.424952131169199832e-01
1.528213690513809120e-01
1.528213690513809120e-01
1.430519260752403932e-01
1.585765912625657914e-01
1.487713102240230123e-01
1.547478870956568719e-01
1.597555060008823691e-01
1.351694309995860876e-01
1.305738102334361994e-01
1.267096770827196572e-01
1.368758548408608999e-01
1.377214387865552114e-01
1.618030856815118323e-01
1.595360292464429730e-01
1.595360292464429730e-01
1.734676899767291225e-01
1.590129262757476458e-01
1.314010653118594107e-01
1.242197542499747787e-01
1.383161676803247586e-01
1.287760524904202064e-01
1.343123885688319585e-01
1.410549105021993710e-01
1.419185063540953362e-01
1.545969981793556269e-01
1.588791186189435212e-01
1.551499354141697984e-01
1.509635567847095183e-01
1.431464532520915489e-01
1.370768930864396107e-01
1.342148850021916973e-01
1.317111097435757217e-01
8.495771194488904721e-02
9.023973736515340793e-02
8.623256845905787060e-02
9.615765180284745195e-02
9.215824413065996923e-02
1.022936024441182534e-01
1.091571115855047569e-01
9.835104769589475548e-02
8.281187244235370393e-02
8.267045619002481860e-02
9.207360866692608503e-02
9.504120391142033275e-02
1.168056206210288800e-01
1.135526479238866543e-01
1.185879492061342744e-01
1.279131385433121271e-01
1.255567449789959655e-01
1.365141655088292494e-01
1.365141655088292494e-01
1.258997396266719193e-01
1.236656084023139701e-01
1.204368347456006849e-01
1.109629973795119157e-01
1.109629973795119157e-01
1.165463991575503011e-01
1.298608443585146932e-01
1.218291862712137102e-01
1.202363871953359697e-01
1.104187994763455444e-01
1.209084586621348295e-01
1.234967370328901720e-01
1.082933416306048335e-01
1.154558778696034155e-01
1.244217374630233880e-01
1.225175947266092386e-01
1.206130393126843142e-01
1.245837815681300198e-01
1.217310840928556431e-01
1.254436872329356412e-01
1.343598342538494250e-01
1.100958357133409449e-01
1.040647647490931665e-01
8.258181843745215911e-02
8.672988419355419365e-02
6.833462450809869859e-02
7.128121835576840815e-02
7.968027358620638489e-02
7.199315940914671752e-02
5.147071839647252012e-02
4.626752474660004999e-02
5.199337493432730495e-02
4.911689100472517444e-02
5.289303593225952449e-02
5.240105707971096094e-02
3.222214832204330776e-02
5.292491502624688260e-02
4.924652280341917931e-02
4.965657809066124223e-02
4.042745929462279730e-02
4.401204242185408760e-02
3.658752590499039781e-02
3.673693050206196242e-02
2.318239256608975452e-02
4.369950961572618975e-02
3.928977477515172706e-02
5.172222764546270668e-02
3.099925867820572251e-02
1.216978220623272586e-02
-6.518597072928539182e-03
8.292226970550743703e-03
8.000179893352483626e-03
-1.629749198631343793e-02
-1.907732425895484335e-02
-2.433610229477176437e-02
-1.777245385413977335e-02
-9.817041497610694278e-03
-8.427432994854610476e-03
1.104043567446843371e-02
2.375689852459828000e-02
2.902688915030107730e-02
3.142292205421652607e-02
1.425393644655652964e-02
2.039937849241692247e-02
1.432669166480991796e-02
2.430241649033586249e-02
1.564102720500740173e-02
1.041412385036808233e-03
4.231152142789388997e-03
9.142972515475602385e-03
1.163723820517544028e-02
1.415555677275049523e-02
1.741478642857316461e-02
1.873603621442957584e-02
-1.197929206761628659e-02
-8.181967272642254319e-03
-1.531433016162251151e-02
-3.267740691521393848e-02
-3.102208549294436027e-02
-2.883268463984018856e-02
-4.760631622370607718e-02
-3.424554756386247178e-02
-4.041049926979439766e-02
-4.653880476368930930e-02
-7.071457302025767333e-02
-7.563284006581082186e-02
-5.764879600519010744e-02
-3.918639231798902445e-02
-3.134242264116113286e-02
-4.256347617664123228e-02
-2.750746834161181195e-02
-1.888445059978472590e-02
-3.765982017569413642e-02
-1.968645561987437953e-02
-9.410925052100593477e-03
-6.831975775387759756e-03
-2.124321992237282464e-02
-2.422296212657483808e-02
-2.752743230523174017e-02
-2.071299609074158180e-02
-1.291952557292789898e-02
-2.950621213804499599e-02
-1.847229971823075023e-02
-1.910170164925669573e-02
-3.153749437311924309e-02
-2.143339839749215658e-02
-1.596407447909999403e-02
-1.371435564000337420e-02
-3.236152979913244077e-02
-2.080320207282415623e-02
-1.501563157276849039e-02
-2.252134207308791047e-02
-4.974628059002667024e-02
-5.160930464443594379e-02
-4.725048702128234468e-02
-2.638379562220413352e-02
6.080882203951112203e-03
1.515990886011850738e-03
7.957223846235490783e-03
2.186887039227569315e-03
9.691648005260967633e-03
2.195153626996120683e-02
1.668815917907927326e-02
1.681323513132781597e-02
2.642585976658661656e-02
4.959867953855560258e-02
6.268294998926567108e-02
4.902692183413741994e-02
4.146653560066254629e-02
5.583683291507331170e-02
4.730013069550979138e-02
4.784080151346829096e-02
5.495450843759427939e-02
4.522498844298403209e-02
3.352689079732242006e-02
4.747689232239592216e-02
3.739679819423638585e-02
3.575227344605933638e-02
8.930831045223630582e-03
8.930831045223630582e-03
1.179615946887783637e-02
1.648984879295802009e-02
3.287503538338285708e-02
4.273099138507441275e-02
1.282693482172949165e-02
-6.515413388381487841e-04
-1.050833866654641950e-02
-2.003648553114745212e-02
-2.003648553114745212e-02
-2.404535656911473834e-02
-1.135468834678983636e-02
-5.775738563177697064e-03
-1.396051899424836581e-02
-1.163603260780124091e-02
-1.949408818914907804e-03
1.154126834124054313e-02
2.045841824841233142e-03
-6.742480724122843633e-03
9.955275369683529857e-04
-4.833789895131414098e-03
-1.767888886602409643e-02
-1.767888886602409643e-02
-1.909183082418391270e-02
-1.051568284362156512e-02
2.565381731105093738e-02
1.483680333301607042e-02
8.748951850304047262e-03
2.492339186505859380e-02
2.333596171455206564e-02
5.660897710333281929e-02
6.875489979590476697e-02
7.930053083214012866e-02
8.080208798041796370e-02
7.375584153304751145e-02
7.846449284375177358e-02
7.940206328439022854e-02
5.977038479670437887e-02
5.977038479670437887e-02
3.397750376974476016e-02
2.561655599875360331e-02
3.715709948813153418e-02
3.304439641676203132e-02
2.539135213241299621e-02
3.304588145768618673e-02
2.752684525635814075e-02
1.657317162925073251e-02
3.414824621072484745e-02
2.417279061855086980e-02
9.845278690761148643e-03
3.749631098997249432e-03
-4.781574444672012994e-03
-1.636151416460905009e-03
1.458526420715490664e-02
1.458526420715490664e-02
2.398764661648436838e-03
-5.759076271906185193e-04
-1.033419454672497920e-02
1.176289978059138000e-02
3.333403693193649764e-02
4.513906190765182985e-02
4.492834640192362727e-02
3.862393766743324464e-02
2.556529656240982135e-02
3.325465537925636345e-02
3.820269020504797608e-02
1.828816001216113443e-02
2.174267194320236157e-02
4.507537134339583557e-02
4.642434611629870506e-02
4.968445735991064427e-02
4.153577795506734754e-02
4.692768535303796368e-02
4.335723953832771455e-02
3.835913630290070653e-02
4.704649403182693118e-02
4.162017257354476418e-02
4.617010315945307974e-02
5.165931495661719303e-02
4.403438584164368064e-02
3.496536161249165497e-02
3.868072827624681465e-02
3.259403893359808652e-02
2.620023247772359370e-02
2.044845766658749328e-02
2.312841035159757946e-02
6.788798484243404457e-03
1.046383281660511096e-02
7.038090358560008392e-03
-2.161418402374418526e-03
1.463505741490233290e-02
7.641612213671338319e-03
1.343441527399591093e-02
-1.000928475866439890e-03
1.993746800258175411e-02
1.723715505694996264e-02
1.723715505694996264e-02
1.716482358482809487e-02
1.650481864189886141e-02
2.327624997343483507e-02
2.442345296266457133e-02
5.750569922028473530e-02
4.969055873077603269e-02
4.470388915064846952e-02
4.043393735533369615e-02
3.156469934993019755e-02
3.631856524216119791e-02
2.143032876567901174e-02
1.866797626261847837e-02
1.615003392981090996e-02
3.093898999894348356e-02
3.826199949227100661e-02
1.864428320538051576e-02
4.015340114817082806e-02
4.518192374194904964e-02
5.555948127230752459e-02
6.286157549364253250e-02
7.176251727417172488e-02
4.795226697117667414e-02
5.869166718270309863e-02
6.798083765005935586e-02
7.652933702564870821e-02
9.159993674973543332e-02
9.801347207670207951e-02
9.501511446513057069e-02
8.203054762148784262e-02
8.756812674189407009e-02
8.714166250189313290e-02
8.146932828154716810e-02
7.990504858152366885e-02
7.990504858152366885e-02
8.091370952527898730e-02
7.258665031379635257e-02
8.022251488915493889e-02
1.147214022773102582e-01
1.093396020243769667e-01
1.090588730565136277e-01
9.223897333687243461e-02
1.013558054091744931e-01
9.678650800192337145e-02
8.208118764265706635e-02
6.304553732956433287e-02
6.736166432735991860e-02
8.121253023646232694e-02
6.843662176649668860e-02
7.649132162539841462e-02
8.611135470761913102e-02
1.110677627385762839e-01
1.376240698982506283e-01
1.376240698982506283e-01
1.457578066433861674e-01
1.414688155617981336e-01
1.420178966483065242e-01
1.461430553779165809e-01
1.354053602836672865e-01
1.425703309205641478e-01
1.589732340838226066e-01
1.421073753444162535e-01
1.325092744121925126e-01
1.290171741917993387e-01
1.290171741917993387e-01
1.183360674460931378e-01
9.401702116139183663e-02
7.658915275521192834e-02
7.671623595294606301e-02
7.002226016895721217e-02
5.200673455261938666e-02
5.202161149055280209e-02
4.634731143001970255e-02
5.827812889854802614e-02
4.785294354089386637e-02
5.262201375492838590e-02
7.243250165253280193e-02
7.743860887302249363e-02
8.681217043791573940e-02
1.153876623672476509e-01
1.289610297286740703e-01
1.312345238452946317e-01
1.275004183556676662e-01
1.370425533178800115e-01
1.427570553693804922e-01
1.377836101152917769e-01
1.263548145333271144e-01
1.313747913414774204e-01
1.349067541425849337e-01
1.349067541425849337e-01
1.082036205225184872e-01
1.182901784182077559e-01
1.182901784182077559e-01
1.278207605207174469e-01
1.209396354788517813e-01
1.303224659540119235e-01
1.207712491243101705e-01
1.156492689136038032e-01
9.212363264115684680e-02
1.090669323042474936e-01
1.139829932701067888e-01
1.083817990487168786e-01
1.026639728736397916e-01
1.033539336408836190e-01
9.226146262657974884e-02
9.303405432262773500e-02
9.753677699538415569e-02
9.753677699538415569e-02
8.030875006090691659e-02
7.132606249235583229e-02
6.773347967130154135e-02
5.315431455426951335e-02
5.986232147065607273e-02
5.158627040895403387e-02
6.259974424165885842e-02
7.673651227369378269e-02
7.644399072267196726e-02
9.118932141964214422e-02
1.054762116789763199e-01
1.180420344945867228e-01
1.151922561048637633e-01
9.617103495276504987e-02
9.617103495276504987e-02
1.084492069106262890e-01
6.814794434315646354e-02
5.469912394357676066e-02
5.590268009628465012e-02
5.522709735544769488e-02
5.718740112914946078e-02
5.988147284646640894e-02
4.331047276382735123e-02
4.949607584070076644e-02
4.455545492004604063e-02
2.672312464219428474e-02
1.056379802215514849e-02
2.312230976601458571e-02
3.899489839109639144e-02
5.336574618137283205e-02
4.763983522902714984e-02
5.522513842102982212e-02
6.844238118912192304e-02
5.774220720896253850e-02
5.955816108710777768e-02
5.428065542831243817e-02
5.428065542831243817e-02
8.762561498610407784e-02
7.029483611452502778e-02
6.775723179053473599e-02
8.290417694901631995e-02
6.671869383368124462e-02
6.894500331055390674e-02
4.897602334707279459e-02
5.314309795124234903e-02
3.432304622438113462e-02
3.432304622438113462e-02
4.414386748587936782e-02
4.414386748587936782e-02
2.846769027752447945e-02
3.500961984465942450e-02
5.457278965188925440e-02
4.536965999432045898e-02
5.685926120863132871e-02
4.874536455045577754e-02
4.904226984935797923e-02
5.699140716205409324e-02
5.436367064545876565e-02
5.436367064545876565e-02
5.970628037466012283e-02
6.839341915447755271e-02
8.845386937489566059e-02
8.313651832997084878e-02
9.673344310089218578e-02
9.333411239206364229e-02
1.093438558939616723e-01
1.053646758262018618e-01
1.004685507130876621e-01
1.004685507130876621e-01
9.740443480161878331e-02
7.226128410882459718e-02
7.611678821023559749e-02
7.429376572492740749e-02
7.737134945553060528e-02
8.714622871277682981e-02
8.714622871277682981e-02
8.478445303449431980e-02
7.241821056357164443e-02
6.411200535113698029e-02
5.929409228221377282e-02
8.502912877370955025e-02
9.087080595495539148e-02
8.886095887141585992e-02
1.132651591728066898e-01
1.080340181917014836e-01
1.099377414232595163e-01
1.155031290250332215e-01
1.121325934446490286e-01
1.144403520311786382e-01
1.060951456392532910e-01
8.940061147958139331e-02
6.911402357089176107e-02
7.562592932743908425e-02
7.518013259911236756e-02
9.031520965284731139e-02
9.304303232951502411e-02
6.941977977365135222e-02
4.820091824198576708e-02
5.513654965904991878e-02
6.815537328160045649e-02
7.570369629586734539e-02
5.286747696058373414e-02
5.953771551858583200e-02
5.932380227706143816e-02
6.381524756125567244e-02
5.343643824759512773e-02
6.439787941991487186e-02
5.121159001307468844e-02
1.207098786494928411e-02
5.068690327347793664e-03
1.425043534158600828e-02
3.957933148975519705e-02
1.907404765293245485e-02
1.510397991155000563e-02
4.925289551267961197e-03
7.480324530115907769e-03
2.488750903208052784e-02
1.794930920416392198e-02
2.926184429592223329e-02
2.125674167719138891e-02
1.537788976702946300e-02
2.878075521397560274e-02
3.555213649781811119e-02
5.092521655974157485e-02
4.195928460472895388e-02
3.192725748022003096e-02
3.165130041589766380e-02
3.165130041589766380e-02
1.747408540819149134e-02
1.322439121681804643e-02
3.171837668725385057e-02
2.985317814033841555e-02
2.452968121088864792e-02
3.637882883454410937e-02
3.949659163634033909e-02
5.113184139823000879e-02
4.752223224881148289e-02
4.617883431055146148e-02
2.650620486684166638e-02
1.750763293057224640e-02
7.238797423682540380e-03
