# Variable: dg_gbvi_00000069
# Sample shape: (1000,)
# Date: 2013-03-07 22:55:08.617376
-1.779184487715115059e+00
-1.647162416429924781e+00
-1.321130890632786103e+00
-8.210698728643717192e-01
-1.114216006643433454e+00
-7.598428478648588946e-01
-6.675078352428394091e-01
-6.533714814165425544e-01
-6.486544849766993082e-01
-6.415286333985624756e-01
-5.866602966989974410e-01
-5.804061861784074461e-01
-5.707257756194266118e-01
-5.543403159382230827e-01
-5.676210406848799517e-01
-5.708959542734496351e-01
-5.741976423953727426e-01
-5.741976423953727426e-01
-5.985959537949913090e-01
-5.985959537949913090e-01
-6.343113125826026488e-01
-6.064720131384686574e-01
-6.019740320249939991e-01
-6.027039639349989208e-01
-6.049669755135330673e-01
-5.934851944622847597e-01
-5.896949829096691520e-01
-5.769927824108672665e-01
-5.755686308173721955e-01
-5.755686308173721955e-01
-5.695966948537897201e-01
-5.440918115600952287e-01
-5.309989306842824996e-01
-6.526120091659290967e-01
-6.551736870071831476e-01
-6.519545044074513962e-01
-6.573111514252000243e-01
-6.734686665339885137e-01
-6.539841099649613687e-01
-6.465280613080485184e-01
-6.514791465552434158e-01
-6.434665805782945336e-01
-6.406339908832793251e-01
-6.220623726836899126e-01
-6.156126686865042164e-01
-6.211816793672430004e-01
-6.211816793672430004e-01
-6.231319534645807234e-01
-6.294924518882025755e-01
-6.349019060261860137e-01
-6.283617500908525999e-01
-6.542237650436956153e-01
-6.670340280447164538e-01
-6.640954370294577247e-01
-6.756309364810856311e-01
-6.576849838165125250e-01
-6.541086201501051800e-01
-6.558166467645885067e-01
-6.540498591466848977e-01
-6.635536993506531145e-01
-7.254236235878044337e-01
-7.218502077090894753e-01
-7.270582600518845640e-01
-7.274072590481180933e-01
-7.242434862465366718e-01
-7.216110243220112963e-01
-7.069926008886863178e-01
-7.067166136092123407e-01
-6.953563183938656911e-01
-7.140208669702000632e-01
-7.000859274917905495e-01
-7.031640128116162236e-01
-5.385209206061525311e-01
-5.482070749733792825e-01
-7.271585972131076048e-01
-7.129508241592887874e-01
-7.129508241592887874e-01
-7.136096299092542505e-01
-7.161783616955564868e-01
-7.375014279434082276e-01
-7.400826206539730112e-01
-7.312875517542665182e-01
-7.249333130530144498e-01
-7.300143231958284851e-01
-7.170076523095824106e-01
-7.283939997046234849e-01
-6.856679082994127095e-01
-6.724878941653437137e-01
-7.324398678587017431e-01
-7.180078682516535249e-01
-7.351839972259895939e-01
-7.273079577523805517e-01
-7.003526579622536552e-01
-6.985248456674668649e-01
-6.899458548278288861e-01
-6.870210503003730818e-01
-6.736597112422743061e-01
-6.681935222243134964e-01
-6.719800540378279008e-01
-6.603390986475675684e-01
-6.615710600295778843e-01
-6.615710600295778843e-01
-6.646483417442859976e-01
-6.601312096688770614e-01
-8.950987369230127833e-01
-8.996110988038324985e-01
-9.119487193520721124e-01
-9.131656865302281156e-01
-9.070565301116845225e-01
-8.971405132513046166e-01
-9.015012594919099564e-01
-8.957160566354172015e-01
-9.111346741561267004e-01
-6.550562958930250534e-01
-6.376722366659058894e-01
-6.384083587591070641e-01
-6.425536998078694717e-01
-6.458241584834758520e-01
-6.316348762354514479e-01
-6.469197835428510679e-01
-6.577039347468405239e-01
-6.546585698959360711e-01
-6.355612090606326259e-01
-6.439147589926818016e-01
-6.563551014375481607e-01
-6.638800943756245632e-01
-6.425695247514362496e-01
-6.359636426575130397e-01
-6.360628864377514402e-01
-6.060125855500526626e-01
-6.050343442100704072e-01
-6.452161818359034573e-01
-6.585044967804906113e-01
-6.525610561166874657e-01
-6.534449734894534068e-01
-6.558906006813723932e-01
-6.572572463112532626e-01
-6.572572463112532626e-01
-7.248409951916606753e-01
-7.307197498645762179e-01
-7.313392204946533859e-01
-8.163169994123543605e-01
-8.041063879110571522e-01
-8.100291640458200382e-01
-8.057905175464807890e-01
-8.100582830405491652e-01
-7.941015755118209229e-01
-6.833925786240679923e-01
-6.778814456687302092e-01
-6.683129007266608301e-01
-6.713762244747073504e-01
-6.807510516801779099e-01
-5.829129044972384266e-01
-5.953233501284963536e-01
-5.897277705330162823e-01
-5.992958477879388735e-01
-6.077641286833593837e-01
-6.584993518791192324e-01
-6.612817564893263000e-01
-6.649032734287816382e-01
-6.631871523717229877e-01
-6.557371016527244745e-01
-6.522155344884733585e-01
-6.526183482149707782e-01
-6.365976814680679441e-01
-6.480020242569572986e-01
-6.685848239782142821e-01
-6.686092521490937246e-01
-6.735994894502291830e-01
-6.942644684836922764e-01
-6.964307902660896721e-01
-7.082045843685755848e-01
-7.026046729654997769e-01
-6.848029015199158520e-01
-6.611389315046509729e-01
-6.237674856695352155e-01
-6.300225648586352811e-01
-6.220698198948824142e-01
-6.141238189313917850e-01
-6.171911673633065920e-01
-6.268116451275326240e-01
-6.394873913761027762e-01
-6.333296638339752649e-01
-6.109730237407658970e-01
-6.069838743142753623e-01
-6.349267997480444459e-01
-6.264706515939234555e-01
-6.126572235149815304e-01
-6.064400666660514361e-01
-6.049328537814925300e-01
-7.038076454386803515e-01
-7.005154621585955033e-01
-6.864933933621517603e-01
-6.140107174635340836e-01
-6.323805167467072552e-01
-6.323805167467072552e-01
-6.260577672942755356e-01
-6.239569727750909900e-01
-6.146553432381931525e-01
-6.211191967917238932e-01
-6.397024741419043981e-01
-6.385383262238309987e-01
-6.145704898982204956e-01
-4.343811534828481702e-01
-9.108794369017289005e-01
-9.287238534394258727e-01
-9.239422511230288571e-01
-9.229795993089789929e-01
-9.303390525798519439e-01
-4.543169058320324916e-01
-4.952154077403335686e-01
-5.032475008755049606e-01
-5.023009657795051153e-01
-5.023009657795051153e-01
-4.938004172482299281e-01
-4.489920614110882169e-01
-4.372051297071532505e-01
-4.397248474718395972e-01
-4.424109703784800951e-01
-4.634146682873627743e-01
-4.451669287557338262e-01
-4.396484781732967195e-01
-5.403728838863386397e-01
-5.460249136451201801e-01
-5.467696900156465700e-01
-5.392407187440275695e-01
-5.530952602482778202e-01
-5.530952602482778202e-01
-5.662630060654646469e-01
-5.587278914296366361e-01
-5.677156635641443794e-01
-5.563002913475925126e-01
-5.673745158315280923e-01
-5.804953565450188258e-01
-5.864324773659121970e-01
-5.937984523809880510e-01
-5.642208468434005697e-01
-5.806223081798975727e-01
-5.782807146105632956e-01
-6.001838872807129244e-01
-5.895064120510569161e-01
-5.815762626861731288e-01
-5.596758230293653602e-01
-8.198338581205402154e-01
-8.174241802193810136e-01
-8.185551156382436799e-01
-8.249687685313756846e-01
-8.378088014038609366e-01
-6.707153225603456059e-01
-6.667571117362248723e-01
-6.733567926370979118e-01
-6.727588628750744704e-01
-6.414610908423107327e-01
-6.403831742440155850e-01
-6.570218972604346952e-01
-6.573191848461822362e-01
-6.635868724503667382e-01
-6.610970232460916529e-01
-6.626905019482037806e-01
-6.507910610526939088e-01
-6.574200745321608919e-01
-6.610910863090259104e-01
-6.576534025345874834e-01
-6.550245839369749357e-01
-6.276389779574814698e-01
-6.215326218531286306e-01
-6.285296979512166038e-01
-6.379218274997231486e-01
-6.543459637518086458e-01
-6.500935182495310993e-01
-6.500935182495310993e-01
-6.955510040544296002e-01
-6.942763659889658046e-01
-6.992725673791839736e-01
-6.992452076726695109e-01
-6.776901310966616521e-01
-6.973788880836016002e-01
-7.067442569772206529e-01
-7.108912066849808475e-01
-7.238704374278821518e-01
-7.171350697932002971e-01
-7.189682638140032500e-01
-7.079840498668101834e-01
-6.982612736793930575e-01
-6.809698290228782813e-01
-6.932042812437281265e-01
-6.867813868352160567e-01
-6.920101618192362469e-01
-6.662124266620677027e-01
-6.399694064164964669e-01
-5.881580408979841801e-01
-5.841415028311128799e-01
-6.139174038356860486e-01
-6.308835340687736215e-01
-6.301421089861347635e-01
-6.491546296978167874e-01
-6.639837757743817237e-01
-6.639837757743817237e-01
-5.584243502056447372e-01
-5.601587459063478436e-01
-5.698106464165676455e-01
-5.764303856473925736e-01
-5.806646476242464106e-01
-4.993231325674567511e-01
-5.155959624541091024e-01
-5.243094378221310192e-01
-5.180827126075298050e-01
-5.421774461514430321e-01
-5.363992378995968702e-01
-5.439256473080288368e-01
-5.707607780051104918e-01
-5.791247442892045738e-01
-5.717074115577460702e-01
-5.742439467030089340e-01
-5.742439467030089340e-01
-5.895066986113822738e-01
-6.058422700745251799e-01
-6.129573054154838774e-01
-6.011792307410720460e-01
-5.975218985577895880e-01
-5.920693692034619815e-01
-5.948558235891943102e-01
-6.135093269471901811e-01
-6.135093269471901811e-01
-6.108749001741405893e-01
-6.181735430589904157e-01
-6.181735430589904157e-01
-6.038527781479621215e-01
-5.944599865571714714e-01
-5.800829863177600076e-01
-5.743979366893920968e-01
-6.025686843163559070e-01
-5.980913419405740061e-01
-5.674182727441853258e-01
-5.573240718473475575e-01
-5.705435743436481077e-01
-6.070043982079461609e-01
-6.080570761107290112e-01
-6.156241052389228585e-01
-6.222844137447351986e-01
-6.288910046854693237e-01
-6.202714151228267969e-01
-5.967086992884768071e-01
-5.573729368403712581e-01
-6.287615143857199218e-01
-6.424266086816663446e-01
-5.822048155610511921e-01
-5.812878594469287341e-01
-5.747281358899998249e-01
-6.435203132145344007e-01
-6.535530774436225654e-01
-6.512676687838342415e-01
-6.486645348132562550e-01
-6.854354188790312552e-01
-7.027275357053289762e-01
-7.201005345649198475e-01
-7.294238782523347897e-01
-7.438253254838284034e-01
-7.346175266261425474e-01
-7.414178488921814303e-01
-7.438981196836905729e-01
-7.555572903896733417e-01
-7.551243715681630331e-01
-7.551243715681630331e-01
-7.604077016197542394e-01
-6.716552585113800822e-01
-6.838867420349635795e-01
-6.636777900802044439e-01
-6.454871786510598675e-01
-6.566590249977543037e-01
-6.480131840300069612e-01
-5.621489092660794107e-01
-5.628984045197619190e-01
-5.628984045197619190e-01
-5.671218102414650186e-01
-5.687288826999449265e-01
-5.599230762518689897e-01
-5.541681208381190604e-01
-5.738800133781589707e-01
-5.625937098925796187e-01
-5.739695058571975261e-01
-5.534722658456803224e-01
-5.680237696590247909e-01
-5.617392239627367889e-01
-6.101141593694721088e-01
-6.243770451578960490e-01
-6.299452734836052947e-01
-6.082177586087538224e-01
-6.206657015322250004e-01
-6.175325576634411728e-01
-6.001759872924049555e-01
-6.231205572007713078e-01
-6.146500728954310544e-01
-6.296512389409218979e-01
-6.353173314715819808e-01
-6.379940480946952874e-01
-6.291026196307236695e-01
-6.432849745217706916e-01
-6.508514890738512637e-01
-6.446013669489724096e-01
-6.459409144581599316e-01
-6.684190672240828412e-01
-6.688342601960506340e-01
-6.813636322751135399e-01
-6.772403228390981855e-01
-6.904272812432531436e-01
-6.977438119316715648e-01
-6.748686914466994757e-01
-6.749230585420666895e-01
-6.791596640082749881e-01
-6.915864681276888692e-01
-6.913230537774990303e-01
-6.781615281486100821e-01
-6.705475767233841644e-01
-6.753440540664410463e-01
-6.784519771610276750e-01
-6.837653915791694903e-01
-6.750973817938559218e-01
-6.786908559709591282e-01
-6.786678992136497834e-01
-6.786678992136497834e-01
-6.758745653570573664e-01
-6.820908792030496715e-01
-6.865846356344099677e-01
-6.831795431247479344e-01
-6.670072290537636395e-01
-6.856005063308022729e-01
-6.856005063308022729e-01
-6.940050698592744594e-01
-7.023461662546550688e-01
-6.908307441440822982e-01
-6.931371918048218062e-01
-6.873075686373558701e-01
-6.969980379886938637e-01
-6.840418067214052433e-01
-6.864512829680107231e-01
-6.867947533023519568e-01
-6.977288885746674163e-01
-6.270289826681717527e-01
-7.799515002971333377e-01
-7.976152307918266127e-01
-7.678480541344838706e-01
-7.695053465799078785e-01
-7.733773670014175705e-01
-7.668690162606855987e-01
-7.668690162606855987e-01
-7.501594355912324374e-01
-7.317951124282277009e-01
-7.238434694573026018e-01
-7.027720413911386910e-01
-7.127900608932051796e-01
-8.350682444160644202e-01
-8.335256096878506105e-01
-8.362565346778148001e-01
-8.262614566849092457e-01
-8.191050957842257452e-01
-8.387073663018072001e-01
-8.303443010316428063e-01
-8.260276750822341807e-01
-8.260276750822341807e-01
-6.700292039684807577e-01
-6.783250624657722883e-01
-6.629420028073791382e-01
-6.466264091603037834e-01
-6.445508044362741051e-01
-6.537619293625922534e-01
-6.537619293625922534e-01
-6.450474028451822495e-01
-6.569601812637373417e-01
-6.482136865219463306e-01
-6.535449052780609724e-01
-6.580117953397817132e-01
-6.360805549322071650e-01
-6.319811749441790472e-01
-6.285342956399071479e-01
-6.257221300536204289e-01
-6.264764068056773993e-01
-6.941940722370226746e-01
-6.825930143689020735e-01
-6.825930143689020735e-01
-6.948681588014961052e-01
-6.821321099123037746e-01
-6.578033821356066291e-01
-6.514759505245004689e-01
-6.638962580663674284e-01
-6.554904912215659962e-01
-6.916753009099730898e-01
-6.976161167376291328e-01
-6.983770284493511227e-01
-7.095480095230005668e-01
-7.133209729830880530e-01
-7.029454145839717505e-01
-6.992171510125442246e-01
-6.922554724558926953e-01
-6.868501037439120882e-01
-6.843012849613625548e-01
-6.820714976167467913e-01
-6.404343201701906407e-01
-6.762842937913287056e-01
-6.727510994251620913e-01
-6.815022275597080181e-01
-6.793700570574320308e-01
-6.882760091980967276e-01
-7.073530718569039921e-01
-6.978577698800568774e-01
-6.842034769746273559e-01
-6.840792143352413257e-01
-6.923417762832937417e-01
-6.949494059696793569e-01
-7.140738263986916579e-01
-7.112154351845232370e-01
-7.156399607756884773e-01
-7.238340164144778655e-01
-7.217634504157893760e-01
-7.313917496634099180e-01
-7.313917496634099180e-01
-7.220648402455550618e-01
-7.201017063192807210e-01
-7.172645788324758520e-01
-7.089399059830914229e-01
-7.089399059830914229e-01
-7.138460481716004669e-01
-7.255454679722640465e-01
-7.184880398751531949e-01
-6.707913193520189665e-01
-6.620337992113072278e-01
-6.713908229750020773e-01
-6.736996284178923267e-01
-6.601378406087369255e-01
-6.665269921159117095e-01
-6.745247506504534751e-01
-6.728262103529544236e-01
-6.482037385275914998e-01
-6.517704950662666086e-01
-6.476505286400920935e-01
-6.509911258653878763e-01
-6.982892874555797214e-01
-6.767191767058824414e-01
-6.713576997662542567e-01
-6.129662355670805196e-01
-6.166651448626758736e-01
-6.204689661095725839e-01
-6.230979709288950730e-01
-6.305917613255729304e-01
-6.499337171225070264e-01
-6.317740622802962003e-01
-6.271699218322612790e-01
-6.322365444149802283e-01
-6.538643649214436193e-01
-7.065276774024409345e-01
-7.060923409750428092e-01
-6.882366668909801755e-01
-7.035373384962140264e-01
-7.002824462979821973e-01
-6.870069539253771396e-01
-6.788068549054233625e-01
-6.688425224841063610e-01
-6.622200521340217971e-01
-6.825743017795867784e-01
-6.705563888115674276e-01
-5.853838355014884254e-01
-5.814740150578553424e-01
-5.924970493567875973e-01
-5.741233623551436072e-01
-5.574285100080937916e-01
-5.408587592167927172e-01
-5.539905380483530761e-01
-5.537315992064013592e-01
-5.321884593845440659e-01
-5.297237658275887329e-01
-5.250611548960236741e-01
-5.308807081766151459e-01
-5.379342465397151107e-01
-5.391663205598424824e-01
-7.361006648168706423e-01
-7.505843039056043775e-01
-7.549598177105890651e-01
-7.569491713532972010e-01
-7.426942819465668366e-01
-7.477966565842464330e-01
-6.909434259772685438e-01
-7.409277422189540774e-01
-7.337364526930365560e-01
-7.216148341306276581e-01
-7.242631785652998699e-01
-7.283413144434688347e-01
-7.304122277967780574e-01
-7.325031115270130844e-01
-7.352091513220584407e-01
-7.349317775784210971e-01
-7.093700064977948028e-01
-6.893760597933988876e-01
-6.834403971249767284e-01
-6.689905762031512770e-01
-6.703681602833984066e-01
-6.721902135232945552e-01
-6.565665070633737166e-01
-6.676855453105983162e-01
-6.625549771856837911e-01
-6.574549066050071611e-01
-6.373354584845748461e-01
-6.332424006088007706e-01
-6.482090001242025723e-01
-7.076877509573138436e-01
-7.142156237966105214e-01
-7.048772895576417286e-01
-7.174071320562518395e-01
-7.245833407399663306e-01
-7.089581878961960237e-01
-7.239158997625887437e-01
-7.324673551692674200e-01
-7.346135966300305631e-01
-7.099610143720502808e-01
-7.074726100896481240e-01
-7.047130231253647681e-01
-7.104038081316590425e-01
-7.084659088438749475e-01
-6.946207634072603110e-01
-7.038309285350244915e-01
-6.301058130440616578e-01
-6.197254782975448739e-01
-6.281595122885332838e-01
-5.876790640352320683e-01
-5.895828390460433610e-01
-5.738030786735642819e-01
-5.835840589052758709e-01
-5.884816629524283194e-01
-6.538191787748499628e-01
-6.307806742654440413e-01
-6.292041311980671736e-01
-6.328926845956891478e-01
-6.505506625409814836e-01
-6.780231810199097708e-01
-6.741602422974637410e-01
-6.796109938026662078e-01
-6.747279733886318853e-01
-6.810787120413712703e-01
-6.914533724247314828e-01
-6.869993555031673749e-01
-5.924953097700859095e-01
-8.532377027615765108e-01
-8.400486513893467011e-01
-8.506740892099766693e-01
-8.395843399889023617e-01
-8.334447226425354405e-01
-8.451145135684752230e-01
-8.386679668983607616e-01
-8.531551247065873866e-01
-8.589212879815905088e-01
-8.510348229536229825e-01
-8.415526863191982176e-01
-8.528601505341371070e-01
-8.446895203422682963e-01
-8.433565165639412831e-01
-8.216158379270693812e-01
-8.216158379270693812e-01
-5.646646657773594091e-01
-5.687704824027410844e-01
-5.831034658764887579e-01
-5.857487248574645422e-01
-5.595900756315282942e-01
-5.477997444690126949e-01
-5.391774860392745117e-01
-5.308427154346130328e-01
-5.308427154346130328e-01
-5.315480762695851125e-01
-5.426202842285410277e-01
-5.474877420419964613e-01
-5.403467791357415839e-01
-6.031211735751409453e-01
-6.113944427369281120e-01
-6.229167239520605470e-01
-6.148067548763259671e-01
-6.073007177355420616e-01
-6.139096897071375514e-01
-6.089309155546209773e-01
-5.979600175913991622e-01
-5.979600175913991622e-01
-5.967532349822458615e-01
-6.040780554935899493e-01
-6.349701409868069302e-01
-6.257314144586051397e-01
-6.205318284076584145e-01
-6.343462903605190384e-01
-6.329904787591904558e-01
-6.716745267426145194e-01
-6.820113190711191153e-01
-6.909861825503064159e-01
-6.922640833573503460e-01
-6.862673725215011622e-01
-6.902746720884461729e-01
-6.910725917840945254e-01
-6.743650440148926117e-01
-6.743650440148926117e-01
-6.341919335139741820e-01
-6.270763455948231702e-01
-6.368979297121607486e-01
-6.228445217577388560e-01
-6.162722233460344867e-01
-6.228457970844905045e-01
-6.181061468861624997e-01
-6.261183245094507077e-01
-6.412412772837061681e-01
-6.326576241604841000e-01
-6.273866399962558793e-01
-6.364067443478278463e-01
-6.291449596267871813e-01
-6.318223520270234150e-01
-6.456300639062240165e-01
-6.456300639062240165e-01
-6.249010846798321861e-01
-6.223496681849334244e-01
-6.139798540370459135e-01
-6.329328295186076314e-01
-7.205950416984290285e-01
-7.305038045764660204e-01
-7.303269366761199199e-01
-7.250352162973154879e-01
-7.037135155282928656e-01
-7.101677190015605046e-01
-7.143209422181059365e-01
-6.976053183278764225e-01
-7.005049258809695756e-01
-7.200896523967236229e-01
-7.212219389594921592e-01
-7.239583727523410950e-01
-7.581242821038705060e-01
-5.637238045185021251e-01
-5.606365353770006443e-01
-5.563148089916850614e-01
-5.683015065524790188e-01
-7.310843396372141978e-01
-7.348073238873262802e-01
-7.392988757210324779e-01
-7.330597715265226855e-01
-7.256390353786814629e-01
-7.286791370486699337e-01
-7.236986987474376409e-01
-7.184669616288078542e-01
-7.964822274859258977e-01
-7.986751008603548696e-01
-7.853052007076997132e-01
-7.883123004160732528e-01
-7.297078201634497052e-01
-7.221803149457211024e-01
-5.931923574921212916e-01
-6.359197395397725439e-01
-6.407961275668418999e-01
-6.286444392226303579e-01
-6.462704045506860728e-01
-6.439972781246202649e-01
-6.439972781246202649e-01
-6.439363894113387943e-01
-6.433807965199542789e-01
-5.920587198628666226e-01
-5.930439965432061644e-01
-6.214567239130743825e-01
-6.147446810137963125e-01
-6.310106003315520962e-01
-6.273433470471773132e-01
-6.197259912163904927e-01
-6.238088547105150594e-01
-5.914699829702266820e-01
-5.890975331686703065e-01
-5.869349953386210350e-01
-5.996365082167084415e-01
-6.059258838123255941e-01
-5.890771843576912969e-01
-6.075503164212091578e-01
-6.118690691569710349e-01
-6.207818470433057456e-01
-6.270532595321750557e-01
-7.095197991480939326e-01
-5.981221485917007641e-01
-6.073456955041395267e-01
-6.153237108397949795e-01
-6.226655999088954729e-01
-6.356090027820379129e-01
-6.411172753855086670e-01
-7.533979030371410479e-01
-7.426531888319225505e-01
-7.342017365613598967e-01
-7.338488378907506160e-01
-7.291549878141161400e-01
-7.278605481523104936e-01
-7.278605481523104936e-01
-7.286952139290840957e-01
-7.218045819600155122e-01
-7.281232511586072098e-01
-7.566710409961427963e-01
-7.522176074450921401e-01
-7.519853045454160112e-01
-7.380668567739783192e-01
-7.456110248816589792e-01
-7.418299365056846284e-01
-7.296613007353002223e-01
-7.148412399659560545e-01
-7.184128301178019926e-01
-7.298744058084053465e-01
-7.193023561686423539e-01
-7.259676110851037700e-01
-7.339281774526925650e-01
-7.125947062349903272e-01
-7.354115511731443844e-01
-7.354115511731443844e-01
-7.366224223420380079e-01
-7.329373751756037558e-01
-7.334091387357253300e-01
-7.369534232069379076e-01
-7.277277307006134732e-01
-7.127615940578296838e-01
-7.268547620484430150e-01
-7.123638284524422826e-01
-7.041172609099548563e-01
-6.993338233315080643e-01
-6.993338233315080643e-01
-6.901567508221676528e-01
-6.692621322750373913e-01
-6.542883270454388223e-01
-6.543975153297703073e-01
-6.486461355703525555e-01
-6.331674226606184286e-01
-6.331802047384856857e-01
-5.819078185211530307e-01
-6.320015604924900110e-01
-6.239073008858021518e-01
-6.449330855051559341e-01
-6.618439780603010414e-01
-6.661173579872777806e-01
-6.741189424662806795e-01
-7.203263365495397030e-01
-7.087677545680635127e-01
-7.107084848988685089e-01
-7.075209280324726846e-01
-7.156664123802953803e-01
-7.205445017387491768e-01
-7.162990031545896086e-01
-7.065430024381864627e-01
-7.108282219073251973e-01
-7.138432230394033962e-01
-7.138432230394033962e-01
-6.910485384325070202e-01
-6.996587603365257424e-01
-7.700094530117741476e-01
-7.779485872786389145e-01
-7.722164950489237567e-01
-6.655685657259575727e-01
-6.573117961234669071e-01
-6.528839822373027069e-01
-6.325467035515607295e-01
-6.471937295921648126e-01
-6.514435318394210528e-01
-6.466014503529029511e-01
-6.416585436849390200e-01
-6.422549961780051886e-01
-6.326658538602850657e-01
-6.333337385649048246e-01
-6.372262209947088252e-01
-6.372262209947088252e-01
-6.223330558996467143e-01
-6.145677645250399168e-01
-5.678766097236624955e-01
-5.550676670001106761e-01
-5.609611784386225874e-01
-5.536900169437377617e-01
-5.633662195505421133e-01
-5.821151797747163847e-01
-5.818581765950168183e-01
-6.333777194296172919e-01
-6.457459676676825522e-01
-6.566242772982526787e-01
-6.541572067246168576e-01
-6.376904192901300394e-01
-6.376904192901300394e-01
-7.067761234549526650e-01
-6.557727827520605235e-01
-6.441300567149873535e-01
-6.451719826341296704e-01
-6.274722341810158310e-01
-6.291856785735200353e-01
-6.315404881387358671e-01
-6.170562599539524129e-01
-6.224629153144697336e-01
-7.088672005372411711e-01
-6.937350910440635010e-01
-6.800226543663873136e-01
-6.906795215182629510e-01
-7.041486388614527359e-01
-7.163434131216820377e-01
-7.114845354467493888e-01
-7.179212510443118145e-01
-7.291371023463198986e-01
-7.200571783127834857e-01
-7.215981554307761003e-01
-7.171197842793095578e-01
-7.171197842793095578e-01
-7.491244134401384702e-01
-7.344347066549992142e-01
-7.322838129339300783e-01
-5.958306409168058204e-01
-5.814140912328829014e-01
-5.833970843234450587e-01
-5.441848552224274327e-01
-5.204126279491415596e-01
-5.036570054483801018e-01
-5.036570054483801018e-01
-5.124005506890266792e-01
-5.124005506890266792e-01
-4.984439414633812793e-01
-5.042682667013947961e-01
-5.415238383723222082e-01
-5.333302282480900658e-01
-5.435594998476209749e-01
-6.716140394391797441e-01
-6.718665917942067134e-01
-6.786282540352513992e-01
-6.763930596884009105e-01
-6.763930596884009105e-01
-6.809375682373827177e-01
-6.883269862282370699e-01
-7.046387328337792022e-01
-7.001146159125500867e-01
-7.116831726832221205e-01
-6.787953622181719382e-01
-6.924167971901218355e-01
-6.890312249897776464e-01
-6.848654961737654645e-01
-7.379124446009801552e-01
-7.353054287153327762e-01
-7.139130939717290847e-01
-7.171934399932147208e-01
-7.156423731548806622e-01
-7.182608477514393908e-01
-7.265775257885022098e-01
-7.265775257885022098e-01
-7.332060331705955170e-01
-7.227404400323276246e-01
-6.930233809569675829e-01
-6.889459647108077123e-01
-7.107256137797759443e-01
-7.156694450824353515e-01
-7.139685046475442443e-01
-7.346218625143088321e-01
-6.636054364207060186e-01
-6.652549382227977981e-01
-6.700771291412496167e-01
-6.671566917469399227e-01
-6.298275548964182846e-01
-6.054929200147189938e-01
-5.910277584171870213e-01
-5.734502225868912673e-01
-5.790925345061960217e-01
-6.324831412123470553e-01
-6.455970941552350295e-01
-6.479606459291280540e-01
-6.274920205448190069e-01
-6.091067060439424585e-01
-6.151161596932154252e-01
-6.263964617195438844e-01
-6.329367887000654225e-01
-6.496088221817575281e-01
-6.376242377598675404e-01
-6.374412701337242027e-01
-6.412829635031728204e-01
-6.324055976665291512e-01
-6.417813093154031145e-01
-6.305026056072327023e-01
-6.410786271080142207e-01
-6.351774937734780968e-01
-6.429153399992026952e-01
-6.642610758215272693e-01
-6.469804028232986060e-01
-6.436346582354356416e-01
-6.350566438530945712e-01
-6.372098802735151057e-01
-6.518796534691485567e-01
-6.460325379950734304e-01
-6.555660914565770714e-01
-6.488198517179620817e-01
-6.438654936962467934e-01
-6.551606572682824314e-01
-6.608671876749612206e-01
-6.720984405532302031e-01
-6.645381930430218631e-01
-6.560789934337711848e-01
-6.558463010913649915e-01
-6.558463010913649915e-01
-6.438917987594819925e-01
-6.403083742933264322e-01
-6.559028611027567512e-01
-6.381274184894792922e-01
-6.336385427531459058e-01
-6.436299735680708345e-01
-6.462589315590491212e-01
-6.876055007122480189e-01
-6.496185867434864925e-01
-6.484724283292915281e-01
-6.316881612673257429e-01
-6.240107719794922847e-01
-6.152496209571443053e-01
