# Variable: dg_gbvi_00000154
# Sample shape: (1000,)
# Date: 2013-03-07 22:55:07.113338
-9.318450539456403448e+00
-7.000384946292678379e+00
-6.226950554481383904e+00
-5.813640823991479856e+00
-6.654459622131629892e+00
-6.807191722535016254e+00
-3.125732914262132400e+00
-5.128735602112867831e+00
-4.600630047656383503e+00
-4.682502603200645375e+00
-4.737891402695632692e+00
-4.713510641984500538e+00
-4.304614689557546114e+00
-4.163333666662008881e+00
-4.103868909757460770e+00
-4.103868909757460770e+00
-4.175740185715395292e+00
-4.175740185715395292e+00
-4.200202836865981837e+00
-4.210966513838727110e+00
-4.233463364524163275e+00
-4.245904930062438964e+00
-4.245892738070670802e+00
-4.172123048634228226e+00
-4.172123048634228226e+00
-4.206769388006400767e+00
-4.217621132989259891e+00
-4.257314899114047257e+00
-4.399452382214041002e+00
-4.399452382214041002e+00
-4.654964740660204825e+00
-4.537760910023592054e+00
-4.499242866983724554e+00
-4.499242866983724554e+00
-4.499242866983724554e+00
-4.499242866983724554e+00
-4.531527084727660082e+00
-4.531527084727660082e+00
-4.387967006535924419e+00
-4.366135694298651337e+00
-4.366135694298651337e+00
-4.366135694298651337e+00
-4.366135694298651337e+00
-4.366135694298651337e+00
-4.437251568955828063e+00
-4.437251568955828063e+00
-4.439572797883331035e+00
-4.433116918730924283e+00
-4.283163811931686382e+00
-4.387256635141277172e+00
-4.387256635141277172e+00
-4.298190278941230069e+00
-4.298190278941230069e+00
-4.259884077527709145e+00
-4.251476930465296178e+00
-4.288180926803836002e+00
-4.288180926803836002e+00
-4.299136705838835226e+00
-4.296788635133833800e+00
-4.296788635133833800e+00
-4.356967608948483672e+00
-4.356967608948483672e+00
-4.356967608948483672e+00
-4.356967608948483672e+00
-4.352278676447475902e+00
-4.360137528030385567e+00
-4.360137528030385567e+00
-4.299336317078095604e+00
-4.299336317078095604e+00
-4.358603956568533278e+00
-4.345709127571769415e+00
-4.230515591810799059e+00
-4.222714118523098747e+00
-4.285218933375486650e+00
-4.285218933375486650e+00
-4.285218933375486650e+00
-4.257614393065985325e+00
-3.892681531466197775e+00
-3.892681531466197775e+00
-3.997809634607250917e+00
-3.997809634607250917e+00
-3.997809634607250917e+00
-4.000862185295781970e+00
-4.119942696540439542e+00
-4.119942696540439542e+00
-4.010491626865801074e+00
-4.113764711165375232e+00
-4.091902000828775421e+00
-4.182222948616223235e+00
-4.114562128723272316e+00
-4.197332302712276864e+00
-4.197332302712276864e+00
-4.170998232532492800e+00
-4.063696365144580547e+00
-4.066179824395177000e+00
-4.066179824395177000e+00
-4.067796730471943789e+00
-4.067796730471943789e+00
-4.067796730471943789e+00
-4.154369391746628004e+00
-4.117565977231038232e+00
-4.169860243313642911e+00
-4.169860243313642911e+00
-4.126052882213292250e+00
-4.126052882213292250e+00
-4.021533597356165224e+00
-3.988648997422926445e+00
-3.862512021284931318e+00
-3.862512021284931318e+00
-3.862512021284931318e+00
-4.050836714146307749e+00
-4.050836714146307749e+00
-4.050836714146307749e+00
-4.002658510563747996e+00
-4.009809745646315982e+00
-3.937605132280617592e+00
-3.937605132280617592e+00
-3.937605132280617592e+00
-3.880592754074390527e+00
-3.861617571091046752e+00
-3.907541766044856590e+00
-3.907541766044856590e+00
-3.885014733467451631e+00
-3.965661616671250389e+00
-3.965661616671250389e+00
-3.913146789714883500e+00
-3.904236021782637955e+00
-3.904236021782637955e+00
-3.992096652508839050e+00
-3.988109843340359006e+00
-3.988109843340359006e+00
-3.910006040559255158e+00
-3.813111458188957137e+00
-3.818647122244342551e+00
-3.812793311093357396e+00
-4.007558699426710724e+00
-4.011102347884864194e+00
-4.002751225745606156e+00
-3.867454162211313662e+00
-3.969930518843412859e+00
-3.980905316734208998e+00
-3.974492778401086834e+00
-3.982795351763659841e+00
-3.982795351763659841e+00
-3.965241477625959021e+00
-4.022648283297183269e+00
-3.998854592166234401e+00
-3.803234035410124392e+00
-3.883409399521918992e+00
-3.967306283040736847e+00
-3.971381213747062766e+00
-3.971381213747062766e+00
-3.968832637295613086e+00
-3.986368860712986351e+00
-3.986368860712986351e+00
-4.113836963537351288e+00
-4.099707636175946135e+00
-4.171912467793928769e+00
-4.122618385382660122e+00
-4.099677340231708378e+00
-4.099677340231708378e+00
-4.099677340231708378e+00
-4.099677340231708378e+00
-4.111814549338378200e+00
-4.159488142313945147e+00
-4.159488142313945147e+00
-4.159488142313945147e+00
-4.159488142313945147e+00
-4.159488142313945147e+00
-4.115042664007225959e+00
-4.115042664007225959e+00
-4.123527420988761349e+00
-4.149560660114345545e+00
-4.149560660114345545e+00
-4.149560660114345545e+00
-4.104266626418490382e+00
-4.186610934406040485e+00
-4.077084701154760182e+00
-4.196297577748226537e+00
-4.196297577748226537e+00
-4.261343903967636848e+00
-4.261343903967636848e+00
-4.261343903967636848e+00
-4.261343903967636848e+00
-4.261343903967636848e+00
-4.261343903967636848e+00
-4.202913503214385393e+00
-4.138585166172396690e+00
-4.138585166172396690e+00
-4.138585166172396690e+00
-4.138585166172396690e+00
-4.138585166172396690e+00
-4.167870268088941899e+00
-4.105200453446389730e+00
-4.097097332246002921e+00
-3.990388694351100884e+00
-4.076746884192885112e+00
-4.089150900913157471e+00
-4.151187703171832055e+00
-4.151187703171832055e+00
-4.156858687432699817e+00
-4.007947307457264685e+00
-4.007947307457264685e+00
-4.031358743378890885e+00
-4.031358743378890885e+00
-4.012751893317346052e+00
-4.012751893317346052e+00
-4.159138579710519146e+00
-4.043412537556942077e+00
-4.043412537556942077e+00
-4.111151100023215044e+00
-4.137935843130897240e+00
-4.107015162336247194e+00
-4.139493275106325143e+00
-4.150296660501095580e+00
-4.071976522329888937e+00
-4.179836428837376161e+00
-4.156983698350289913e+00
-4.128959299411663508e+00
-4.128959299411663508e+00
-4.128959299411663508e+00
-4.128959299411663508e+00
-4.147814157353804987e+00
-4.147814157353804987e+00
-4.147814157353804987e+00
-4.147814157353804987e+00
-4.147814157353804987e+00
-4.147814157353804987e+00
-4.147814157353804987e+00
-4.081476736508052205e+00
-4.081476736508052205e+00
-4.080424547749677444e+00
-4.141442840966371719e+00
-4.141442840966371719e+00
-4.141442840966371719e+00
-3.987289157566257458e+00
-3.954743014528671718e+00
-3.977202732062291801e+00
-3.988479114764489797e+00
-4.000768516106042227e+00
-3.966505082593045461e+00
-4.128881912642579977e+00
-4.114663104818807149e+00
-4.114663104818807149e+00
-4.029942819693244971e+00
-4.075538217498504423e+00
-4.003916327831285926e+00
-4.003916327831285926e+00
-4.003916327831285926e+00
-4.003916327831285926e+00
-4.003916327831285926e+00
-4.003916327831285926e+00
-4.038919374130967910e+00
-4.038919374130967910e+00
-4.037573328803533812e+00
-4.038603661719377236e+00
-4.038603661719377236e+00
-3.916691219519361944e+00
-3.916691219519361944e+00
-3.916691219519361944e+00
-3.942773453254086569e+00
-3.965595455304176564e+00
-3.966037196358334960e+00
-3.966037196358334960e+00
-3.944172397713261891e+00
-3.944172397713261891e+00
-4.061790849473879028e+00
-4.061790849473879028e+00
-4.061790849473879028e+00
-4.042273297862962522e+00
-4.042273297862962522e+00
-3.959129789605630112e+00
-3.959129789605630112e+00
-3.959129789605630112e+00
-4.030612643823452856e+00
-4.030612643823452856e+00
-4.030612643823452856e+00
-4.051745187314319985e+00
-3.960527901023950026e+00
-3.960527901023950026e+00
-3.960527901023950026e+00
-4.040466531470850775e+00
-4.030359743207310608e+00
-4.050400905574981891e+00
-4.050400905574981891e+00
-4.052999531372936559e+00
-4.052999531372936559e+00
-4.052999531372936559e+00
-4.041326437975317987e+00
-4.041326437975317987e+00
-4.041326437975317987e+00
-3.991747397058365898e+00
-4.036089414723867286e+00
-4.036089414723867286e+00
-4.036089414723867286e+00
-4.038552454541185277e+00
-4.069998962013708699e+00
-4.053837457963608948e+00
-4.016412392502096473e+00
-4.059922119520350314e+00
-4.032103400157811990e+00
-4.032103400157811990e+00
-4.032103400157811990e+00
-3.931024927097629629e+00
-3.905846663027633170e+00
-3.905846663027633170e+00
-3.905846663027633170e+00
-4.003001219767781116e+00
-4.095660927649715788e+00
-4.088418046047746834e+00
-4.115301770721356611e+00
-4.080436311877841504e+00
-4.080436311877841504e+00
-4.080436311877841504e+00
-4.018755380882653050e+00
-4.025250765768652705e+00
-4.025250765768652705e+00
-3.984657836880753479e+00
-3.984657836880753479e+00
-3.988153899937111557e+00
-4.061133979095173707e+00
-4.061133979095173707e+00
-4.061133979095173707e+00
-4.061133979095173707e+00
-4.014228856589088679e+00
-4.004324318084854895e+00
-4.002708935042817551e+00
-4.002708935042817551e+00
-3.947463973909690615e+00
-3.912660745600023748e+00
-4.129260527227097910e+00
-4.129260527227097910e+00
-3.992836538311027361e+00
-3.949772989596216366e+00
-3.949772989596216366e+00
-3.968744214103923529e+00
-4.004965859473846201e+00
-4.187030532238893876e+00
-4.069021424617908167e+00
-4.336181390297198845e+00
-4.200972176892378229e+00
-4.200972176892378229e+00
-4.190826226811943833e+00
-4.143996409787977342e+00
-4.229659809611755250e+00
-4.244936341139513125e+00
-4.094364748319888392e+00
-4.094364748319888392e+00
-4.053226271080035303e+00
-4.170051720522227612e+00
-4.073353948884146369e+00
-4.107840360233983468e+00
-4.112639664607267598e+00
-4.140255465461819995e+00
-4.140255465461819995e+00
-4.095206529662455353e+00
-4.095206529662455353e+00
-4.104388934096323993e+00
-4.099961434301887309e+00
-4.099961434301887309e+00
-4.099961434301887309e+00
-4.079555732276873847e+00
-4.103557913055287720e+00
-4.103557913055287720e+00
-4.177036061540205125e+00
-4.077275470776630328e+00
-4.077275470776630328e+00
-4.036695058748107634e+00
-4.036695058748107634e+00
-4.036695058748107634e+00
-4.093981111735317313e+00
-4.093981111735317313e+00
-4.116095416869235635e+00
-4.134351877899342220e+00
-4.134351877899342220e+00
-4.134351877899342220e+00
-4.134351877899342220e+00
-4.155875095836925048e+00
-4.155875095836925048e+00
-4.132806999839933937e+00
-4.132806999839933937e+00
-4.084581452050809247e+00
-4.084581452050809247e+00
-4.082759620796148070e+00
-4.143353297481016106e+00
-4.144469909589825640e+00
-4.092916297993479446e+00
-4.045023353870095484e+00
-4.087927101883384040e+00
-4.087927101883384040e+00
-4.044819057244473548e+00
-4.070097332296990444e+00
-4.053673586958424835e+00
-4.009817088007891606e+00
-4.063054925855748678e+00
-4.056601840259170366e+00
-4.056601840259170366e+00
-3.980176342308550996e+00
-3.980176342308550996e+00
-3.975854550117440933e+00
-3.961471175376051423e+00
-3.978758375169713979e+00
-3.978758375169713979e+00
-3.984629132891463144e+00
-3.966734395559310844e+00
-3.913128642436694893e+00
-3.985280193397510828e+00
-3.986050905305853043e+00
-3.982533725603732311e+00
-3.930642921605436602e+00
-3.935060671065965021e+00
-3.935060671065965021e+00
-3.935060671065965021e+00
-3.935060671065965021e+00
-3.859154517943539364e+00
-3.859154517943539364e+00
-3.994828405488401568e+00
-4.050872608410259090e+00
-4.050872608410259090e+00
-4.091935218580335487e+00
-4.086331032049493217e+00
-4.169831337994974518e+00
-3.909720408945433601e+00
-3.909720408945433601e+00
-3.909720408945433601e+00
-3.909720408945433601e+00
-3.909720408945433601e+00
-3.968568044230617708e+00
-3.992546505598390194e+00
-3.992546505598390194e+00
-3.963648588677014306e+00
-3.963648588677014306e+00
-3.904509594615746426e+00
-3.977241883618374718e+00
-3.978936512405103265e+00
-3.997375495244748667e+00
-4.061620807425310176e+00
-4.061620807425310176e+00
-3.981709806718696232e+00
-4.005807040306255118e+00
-4.005807040306255118e+00
-4.005807040306255118e+00
-4.024624301379519764e+00
-4.024624301379519764e+00
-3.965143295664584677e+00
-3.992016351294621401e+00
-3.992016351294621401e+00
-3.992016351294621401e+00
-3.992016351294621401e+00
-3.992016351294621401e+00
-3.992016351294621401e+00
-4.030803250532213333e+00
-4.030803250532213333e+00
-4.020579808559780588e+00
-4.020579808559780588e+00
-4.020579808559780588e+00
-4.020579808559780588e+00
-3.944516699781274838e+00
-3.944516699781274838e+00
-3.944516699781274838e+00
-3.944516699781274838e+00
-3.991440009108464970e+00
-3.949062838492988003e+00
-3.923692901752626749e+00
-3.923692901752626749e+00
-3.923692901752626749e+00
-3.812912478163128505e+00
-4.048688677352100029e+00
-4.046316367636731748e+00
-4.045513453999543430e+00
-3.988940281988882841e+00
-3.998788900114986777e+00
-3.986470472074273630e+00
-3.986470472074273630e+00
-3.986470472074273630e+00
-3.801316222870374517e+00
-3.801316222870374517e+00
-3.801316222870374517e+00
-3.867295946568060749e+00
-3.848882239527640525e+00
-3.839792230494319725e+00
-3.839792230494319725e+00
-3.849391139654523730e+00
-3.912888217232115107e+00
-3.804763674894602321e+00
-3.839550965124542081e+00
-3.861220027798765830e+00
-3.861220027798765830e+00
-3.861220027798765830e+00
-3.758462552945688095e+00
-3.758462552945688095e+00
-3.881495496022988156e+00
-4.030486285122263368e+00
-4.030486285122263368e+00
-4.030486285122263368e+00
-4.045561218992743235e+00
-3.943379148371914056e+00
-3.943379148371914056e+00
-3.804874432740781742e+00
-3.785966081441904496e+00
-3.946421957880100972e+00
-3.974780845244757277e+00
-3.974780845244757277e+00
-3.930748653519823499e+00
-3.930748653519823499e+00
-3.930748653519823499e+00
-3.923448508368693410e+00
-3.907926120607253750e+00
-3.907926120607253750e+00
-3.966341618805508062e+00
-3.966341618805508062e+00
-3.990828569782598922e+00
-3.990828569782598922e+00
-3.990828569782598922e+00
-3.988502353034969250e+00
-3.990376537118959455e+00
-3.954213719802432081e+00
-3.954213719802432081e+00
-3.891529488884207577e+00
-3.891529488884207577e+00
-3.898361556704997621e+00
-3.898361556704997621e+00
-3.898361556704997621e+00
-3.898361556704997621e+00
-3.898361556704997621e+00
-3.898361556704997621e+00
-3.882305715145218716e+00
-3.882305715145218716e+00
-3.890138088468846789e+00
-3.890138088468846789e+00
-3.850827696621656138e+00
-3.823337372902630982e+00
-3.823337372902630982e+00
-3.823337372902630982e+00
-3.746208970272746797e+00
-3.839685935350674484e+00
-3.839685935350674484e+00
-3.839685935350674484e+00
-3.859866171203843344e+00
-3.852528351884253244e+00
-3.852528351884253244e+00
-3.878758384306171259e+00
-3.878758384306171259e+00
-3.934884117414300775e+00
-3.943727963104083578e+00
-3.943727963104083578e+00
-3.943727963104083578e+00
-3.943727963104083578e+00
-3.971522189170975103e+00
-4.038493661619049213e+00
-3.930010031736927978e+00
-4.013436411657906433e+00
-4.013820975632601318e+00
-4.013820975632601318e+00
-3.993114452660364133e+00
-3.993114452660364133e+00
-3.986224828364213213e+00
-3.906269351800198741e+00
-4.049211409171168619e+00
-4.011452035018360895e+00
-3.893429729370096570e+00
-3.984301642960465628e+00
-3.984301642960465628e+00
-3.864769266998432595e+00
-3.864769266998432595e+00
-3.860325091771899420e+00
-3.860325091771899420e+00
-3.860325091771899420e+00
-3.860325091771899420e+00
-3.967153810756171239e+00
-3.957985691983177290e+00
-3.986925273331223707e+00
-3.986925273331223707e+00
-3.993895764587440667e+00
-3.993895764587440667e+00
-3.884655934020137646e+00
-4.059941029887419894e+00
-4.059941029887419894e+00
-4.059941029887419894e+00
-4.161583219120773336e+00
-4.107506981790303158e+00
-4.151031785176546585e+00
-4.151031785176546585e+00
-4.151031785176546585e+00
-4.220101056540598528e+00
-4.114983479880434558e+00
-4.114983479880434558e+00
-4.086684175777415717e+00
-4.066176297080633439e+00
-4.086465980390291186e+00
-4.123274804660095327e+00
-4.094645916636414640e+00
-4.094645916636414640e+00
-4.094645916636414640e+00
-4.128193454863865242e+00
-4.128193454863865242e+00
-4.127408805176241202e+00
-4.127408805176241202e+00
-4.141102810951354130e+00
-4.141102810951354130e+00
-4.136626687161108151e+00
-4.136626687161108151e+00
-4.136626687161108151e+00
-4.182644352921376374e+00
-4.100038818665172613e+00
-4.136638026037415372e+00
-4.136638026037415372e+00
-3.896247637151328824e+00
-4.006413362976652515e+00
-4.006413362976652515e+00
-4.006413362976652515e+00
-3.990015590403101164e+00
-3.990015590403101164e+00
-4.101872542128323751e+00
-4.103796607708882327e+00
-4.007723033856361639e+00
-3.997097467044906427e+00
-3.997097467044906427e+00
-4.011376237471271367e+00
-3.902955445517576116e+00
-3.902955445517576116e+00
-3.902955445517576116e+00
-3.866873094100401254e+00
-3.866873094100401254e+00
-3.866873094100401254e+00
-3.866873094100401254e+00
-3.856278606848766444e+00
-3.946804548456685602e+00
-3.917352878457166288e+00
-3.917352878457166288e+00
-3.949734114042078748e+00
-3.985081083490920051e+00
-3.985081083490920051e+00
-3.985081083490920051e+00
-3.936824501831777123e+00
-3.995913985203193963e+00
-3.967301150934676723e+00
-3.967301150934676723e+00
-4.066395443974336388e+00
-4.066395443974336388e+00
-4.066395443974336388e+00
-4.027977453372234784e+00
-4.025562301554164613e+00
-4.025562301554164613e+00
-4.044766335786253109e+00
-4.044766335786253109e+00
-4.029387126485777237e+00
-4.043527208735691936e+00
-4.048710103073887900e+00
-4.048710103073887900e+00
-4.048710103073887900e+00
-4.037239974415183674e+00
-4.037239974415183674e+00
-4.037239974415183674e+00
-4.037239974415183674e+00
-4.037239974415183674e+00
-4.047206143946907808e+00
-3.961979763821203537e+00
-3.997157667434131589e+00
-3.945802257121620471e+00
-4.060501946956748931e+00
-4.060501946956748931e+00
-4.027082429086229709e+00
-4.027082429086229709e+00
-3.932872601628360165e+00
-3.909898545286001337e+00
-3.909898545286001337e+00
-3.909898545286001337e+00
-3.909898545286001337e+00
-3.909898545286001337e+00
-3.909898545286001337e+00
-3.945140327407916647e+00
-3.990299097924336458e+00
-3.990299097924336458e+00
-3.945050486611663132e+00
-3.945050486611663132e+00
-3.948795983625567274e+00
-4.090108817412319020e+00
-3.985996114437095006e+00
-4.063692910618902587e+00
-4.063692910618902587e+00
-4.052295461669396026e+00
-4.096311227079392658e+00
-4.096311227079392658e+00
-4.112896228072767890e+00
-4.142423838684478277e+00
-4.097065229344217130e+00
-4.097065229344217130e+00
-4.097065229344217130e+00
-4.097065229344217130e+00
-4.097065229344217130e+00
-4.097065229344217130e+00
-4.097065229344217130e+00
-4.010427249483729639e+00
-4.005748616818049612e+00
-4.089893111528734693e+00
-4.072752780495141778e+00
-4.157718050709029001e+00
-4.160415170938922991e+00
-4.160415170938922991e+00
-4.133671850121245051e+00
-4.163778753796311349e+00
-4.019228438195328934e+00
-4.039228096744616359e+00
-4.048276392349915653e+00
-4.068079964033865181e+00
-4.068079964033865181e+00
-4.049860248437084032e+00
-4.007640820701896978e+00
-4.007640820701896978e+00
-4.003487196871532205e+00
-4.003487196871532205e+00
-3.998913761873119643e+00
-4.009047290026832577e+00
-4.009047290026832577e+00
-4.082644205560901796e+00
-4.082644205560901796e+00
-4.082644205560901796e+00
-4.071751153637517717e+00
-4.071751153637517717e+00
-4.071751153637517717e+00
-4.071751153637517717e+00
-4.071751153637517717e+00
-4.071751153637517717e+00
-4.071751153637517717e+00
-4.071751153637517717e+00
-4.114863783646024231e+00
-3.922673088604464287e+00
-4.093699884163197744e+00
-4.058986361084124361e+00
-4.136060901848235716e+00
-4.160019920790067438e+00
-4.160019920790067438e+00
-3.979900725463429545e+00
-3.891143957066856007e+00
-3.891143957066856007e+00
-3.891143957066856007e+00
-3.891143957066856007e+00
-3.916422313973352942e+00
-3.938078690730771658e+00
-3.859752859841207862e+00
-3.882343051661325983e+00
-3.882343051661325983e+00
-3.849158712732508203e+00
-3.849158712732508203e+00
-3.939459426862563785e+00
-3.856438260992355538e+00
-3.856438260992355538e+00
-3.856438260992355538e+00
-3.856438260992355538e+00
-3.856438260992355538e+00
-3.856438260992355538e+00
-3.851429505043754364e+00
-3.796107749742401172e+00
-3.796107749742401172e+00
-3.796107749742401172e+00
-3.865852793008556443e+00
-3.865852793008556443e+00
-3.831512676264609230e+00
-3.853952198492209380e+00
-3.845607910326421575e+00
-3.843487856071778452e+00
-3.821789436614015933e+00
-3.821789436614015933e+00
-3.905032275187128477e+00
-3.905032275187128477e+00
-3.915074436794016677e+00
-3.915074436794016677e+00
-3.915074436794016677e+00
-3.874640132923283353e+00
-3.874640132923283353e+00
-3.991808516689476782e+00
-4.074844039587575573e+00
-3.901575417881275598e+00
-3.880372289179174761e+00
-3.880372289179174761e+00
-3.817786097042556559e+00
-3.915707147658845866e+00
-3.982944871385449392e+00
-3.991590682222890596e+00
-3.887007956721268087e+00
-3.868796902550923011e+00
-3.712863957137745530e+00
-3.712863957137745530e+00
-3.712863957137745530e+00
-3.712863957137745530e+00
-3.712863957137745530e+00
-3.712863957137745530e+00
-3.963460052264300870e+00
-4.005883069598079160e+00
-4.005883069598079160e+00
-4.005883069598079160e+00
-4.005883069598079160e+00
-3.910392671527091579e+00
-3.921088208656555274e+00
-3.921088208656555274e+00
-3.901066175262782210e+00
-3.901066175262782210e+00
-3.915649381106527382e+00
-3.915649381106527382e+00
-3.915649381106527382e+00
-3.839920090965169397e+00
-3.926331295798715093e+00
-3.926331295798715093e+00
-4.007842912389049772e+00
-3.863807038483636269e+00
-3.840836323146636033e+00
-3.840836323146636033e+00
-3.840836323146636033e+00
-3.840836323146636033e+00
-3.817127171018788179e+00
-4.002015031014479085e+00
-3.828021016867425796e+00
-3.820458896411277561e+00
-3.793629313340812548e+00
-3.793629313340812548e+00
-3.798085653424493113e+00
-3.881358637694821478e+00
-3.881358637694821478e+00
-3.900729035676913981e+00
-3.891902460500861416e+00
-3.945219361567585903e+00
-3.945219361567585903e+00
-3.869053907626601507e+00
-3.913776647576615364e+00
-3.914372087089741825e+00
-3.844522212065852429e+00
-3.844522212065852429e+00
-3.816860268311399906e+00
-3.816860268311399906e+00
-3.841056892986582039e+00
-4.096417892436228669e+00
-4.096417892436228669e+00
-4.096417892436228669e+00
-3.976009628860171841e+00
-3.983216847714852626e+00
-3.971936166619283615e+00
-4.059765102169135886e+00
-4.059765102169135886e+00
-4.059765102169135886e+00
-4.059765102169135886e+00
-4.059765102169135886e+00
-4.075722660531982733e+00
-3.939956156544131893e+00
-3.939956156544131893e+00
-3.939956156544131893e+00
-3.776387640872543638e+00
-3.776387640872543638e+00
-3.776387640872543638e+00
-3.779360465052364670e+00
-3.794932562746703208e+00
-3.796087305623668584e+00
-3.796087305623668584e+00
-3.796087305623668584e+00
-3.852813364609215530e+00
-3.852813364609215530e+00
-3.754790157084008762e+00
-3.754790157084008762e+00
-3.754790157084008762e+00
-3.748567061438896175e+00
-3.735253370151437657e+00
-3.754596918153851437e+00
-4.013063362791342570e+00
-3.990955564531099231e+00
-3.990955564531099231e+00
-3.990955564531099231e+00
-4.029199436084136998e+00
-3.858377106708324344e+00
-3.710177853523007219e+00
-3.710177853523007219e+00
-3.710177853523007219e+00
-3.755583596020651616e+00
-3.755583596020651616e+00
-3.755583596020651616e+00
-3.769266217806724661e+00
-3.759631275520131322e+00
-3.780545695934105055e+00
-3.780779812539482698e+00
-3.670754597471001635e+00
-3.828542303191922347e+00
-3.828542303191922347e+00
-3.828542303191922347e+00
-3.828542303191922347e+00
-3.828542303191922347e+00
-3.828542303191922347e+00
-3.821035614927193791e+00
-3.821035614927193791e+00
-3.791061223562664839e+00
-3.791061223562664839e+00
-3.791061223562664839e+00
-3.795526012358839463e+00
-3.795526012358839463e+00
-3.811444823429594120e+00
-3.811444823429594120e+00
-3.811444823429594120e+00
-3.819992439131142614e+00
-3.713357974030142561e+00
-3.713357974030142561e+00
-3.713357974030142561e+00
-3.727999032973967619e+00
-3.727999032973967619e+00
-3.727999032973967619e+00
-3.653326164198000381e+00
-3.778729381815819632e+00
-3.656721925889853786e+00
-3.679709253753648657e+00
-3.679709253753648657e+00
-3.677304586022784427e+00
-3.677304586022784427e+00
-3.738558655681684773e+00
-3.908827504911524198e+00
-3.724326015937442502e+00
-3.771931534292044308e+00
-3.771931534292044308e+00
-3.771931534292044308e+00
-3.771931534292044308e+00
-3.771931534292044308e+00
-3.790865011959949626e+00
-3.899546721318497777e+00
-3.711448126634758093e+00
-3.951644860647817836e+00
-3.951644860647817836e+00
-3.951644860647817836e+00
-3.919251789773500860e+00
-3.919251789773500860e+00
-3.919251789773500860e+00
-3.919251789773500860e+00
-3.987078292285723524e+00
-3.812451955765396416e+00
-3.812451955765396416e+00
-3.812451955765396416e+00
-3.812451955765396416e+00
-3.812451955765396416e+00
-4.053578151833530541e+00
-4.053578151833530541e+00
-4.022386994253632331e+00
-3.956207580343539920e+00
-3.931683086183235254e+00
-3.848024056199638832e+00
-3.914118831737274373e+00
-3.914118831737274373e+00
-3.858288840321328461e+00
-3.872581338614156099e+00
-3.872581338614156099e+00
-3.917883400256201742e+00
-3.917883400256201742e+00
-3.914599489985384650e+00
-3.870368876699983751e+00
-3.888369117600956937e+00
-3.874383071665541411e+00
-3.908418970047439434e+00
-3.882705592901072311e+00
-3.908547322398408408e+00
-3.908547322398408408e+00
-3.980921749202149584e+00
-3.980921749202149584e+00
-3.980921749202149584e+00
-3.980921749202149584e+00
-3.980921749202149584e+00
-3.980921749202149584e+00
-3.911828348457622617e+00
-3.892572442911985231e+00
-3.892572442911985231e+00
-3.892572442911985231e+00
-3.892572442911985231e+00
-3.898832977292089108e+00
-3.850926311038835426e+00
-3.850926311038835426e+00
-3.850926311038835426e+00
-3.850926311038835426e+00
-3.885550427687476827e+00
-3.885550427687476827e+00
-3.697723680347142938e+00
-3.697723680347142938e+00
-3.682143192783029040e+00
-3.682143192783029040e+00
-3.682143192783029040e+00
-3.750868146335752051e+00
-3.750868146335752051e+00
-3.750868146335752051e+00
-3.750868146335752051e+00
-3.750868146335752051e+00
-3.871364848868922959e+00
-3.881786733137071455e+00
-3.855642724358673501e+00
-3.880057098980366881e+00
-3.880057098980366881e+00
-3.914521130804878180e+00
-3.914521130804878180e+00
-3.914521130804878180e+00
-3.723055481626309060e+00
-3.710642121888283018e+00
-3.710642121888283018e+00
-3.710642121888283018e+00
-3.744542650585139576e+00
-3.744542650585139576e+00
-3.744542650585139576e+00
-3.744542650585139576e+00
-3.810077886226840516e+00
-3.810077886226840516e+00
