# Variable: dg_gbvi_00000295
# Sample shape: (1000,)
# Date: 2013-03-07 22:55:07.375096
-1.555583640147622848e+00
-1.548411447060703328e+00
-1.550685258887225082e+00
-1.174002197158170224e+00
-2.264509002429202056e+00
-1.568550633704294484e+00
-1.462614887239466421e+00
-1.515131913309359923e+00
-1.170575132720454992e+00
-1.011120787845108282e+00
-9.341911879345875525e-01
-9.169459348012751754e-01
-9.805810846013810478e-01
-7.300253211089611227e-01
-7.666459499411378831e-01
-7.756762850525293906e-01
-7.847804489847718390e-01
-7.847804489847718390e-01
-8.614705289388443488e-01
-8.614705289388443488e-01
-9.052115908838528346e-01
-8.688016573727568304e-01
-8.563988028604562208e-01
-8.584115368082610997e-01
-8.646516260083086935e-01
-8.329914530711404197e-01
-8.577384531312074456e-01
-8.227130626730845275e-01
-9.642435809925562484e-01
-9.642435809925562484e-01
-1.150767520945101374e+00
-1.124160117475611065e+00
-9.647959673336323760e-01
-1.053991629379514183e+00
-1.061051747014770896e+00
-1.052179511998539763e+00
-1.183561645130500217e+00
-1.228092598837636107e+00
-1.174392145473525106e+00
-1.160984348481926443e+00
-1.174629797454646019e+00
-1.152546748038167257e+00
-1.144739983215064871e+00
-1.093555635575947926e+00
-1.075779915226029892e+00
-1.091128398897484253e+00
-1.091128398897484253e+00
-1.073185250600429352e+00
-1.090715115740555463e+00
-1.105623853264704914e+00
-1.087598842659246223e+00
-1.176416803622832408e+00
-1.211722556075101487e+00
-1.063307800975003659e+00
-1.095100238649391322e+00
-1.180087216164141362e+00
-1.170230571513254603e+00
-1.174937981878524162e+00
-1.161467626075290749e+00
-1.187660704980890936e+00
-1.239490572485529629e+00
-1.230934515978611143e+00
-1.245287077603309367e+00
-1.246248863175093646e+00
-1.220470208804959711e+00
-1.241808520517712289e+00
-1.201522477027197278e+00
-1.200761900102166768e+00
-1.169454738341669353e+00
-1.220891257409992603e+00
-1.182488786690397253e+00
-1.190971498908140802e+00
-1.021572790164781530e+00
-1.047606479044492334e+00
-1.208466548761532255e+00
-1.169266043430916779e+00
-1.169266043430916779e+00
-1.171083746896163680e+00
-1.178171105604697733e+00
-1.283031245344037785e+00
-1.290152984847234618e+00
-1.265886610097294751e+00
-1.256880930488560422e+00
-1.270899887888414792e+00
-1.235013329912124647e+00
-1.266429271739515361e+00
-1.235208849582248636e+00
-1.256233303416161240e+00
-1.259313440044608878e+00
-1.219494273776643656e+00
-1.029802205181289398e+00
-1.008071514087067078e+00
-9.336994524621677893e-01
-9.284185157746916994e-01
-9.289906849220812557e-01
-9.209275556715982303e-01
-8.899958923665374222e-01
-8.749266499109645823e-01
-8.853653972312822695e-01
-8.532734994549803220e-01
-8.566697824412471407e-01
-1.047585818663652413e+00
-1.056069298490395658e+00
-8.836844028626376080e-01
-1.073686321135197907e+00
-1.086368549128397865e+00
-1.362896455199183343e+00
-1.366316804812368835e+00
-1.349146702636961459e+00
-1.321277220993147816e+00
-1.333533325335958253e+00
-1.317273711512693568e+00
-1.360608538794332967e+00
-9.925853798676671502e-01
-9.702540092166022090e-01
-9.722737167972300698e-01
-9.836473419306158705e-01
-9.926205411325687011e-01
-8.533214527130215110e-01
-8.952588479400833688e-01
-1.087740989446762230e+00
-1.079385383044023206e+00
-1.084772254451648266e+00
-1.090174504601257199e+00
-1.124307230916043565e+00
-9.586830914606633280e-01
-9.230701995608916466e-01
-9.049455565634092480e-01
-8.925140996400372506e-01
-8.478161673602636617e-01
-8.451296608962509671e-01
-8.791725071255224178e-01
-9.156656939654076455e-01
-8.851353695301191760e-01
-8.667882439914599280e-01
-8.735045756277568518e-01
-8.615667455756299553e-01
-8.319294434570336794e-01
-9.067443992100511219e-01
-1.101709643714595233e+00
-1.143704207896072189e+00
-1.192449471828935348e+00
-1.190433568067057468e+00
-1.206831233953885363e+00
-1.127883338028398352e+00
-1.359506660335306538e+00
-1.379773045178091628e+00
-1.180055602723543595e+00
-1.208310843359899911e+00
-1.203900680867230566e+00
-1.212233533626854820e+00
-1.237734937061579332e+00
-1.126552679328099549e+00
-1.218948539765270400e+00
-1.203892341764558171e+00
-1.246778764179552690e+00
-1.269564627862037831e+00
-1.292911991615363743e+00
-1.350281250469485439e+00
-1.282837923988989326e+00
-1.278220304314855671e+00
-1.258174223863923302e+00
-1.248698634857808631e+00
-1.219964022799283399e+00
-1.337260151357223537e+00
-1.367946167017909165e+00
-1.388940828867601507e+00
-1.389006761807276780e+00
-1.402475679171729661e+00
-1.305549176266009859e+00
-1.311396194616276212e+00
-1.372325575876326198e+00
-1.357211115504045829e+00
-1.309163182295158379e+00
-1.245292861623637615e+00
-1.257249633660354027e+00
-1.274132426926904538e+00
-1.252667542939727374e+00
-1.198683361265703295e+00
-1.206962298731872441e+00
-1.232928482741485920e+00
-1.267140999792714551e+00
-1.250520963827918886e+00
-1.190179196534859596e+00
-1.179412268884418857e+00
-1.200882079774991507e+00
-1.149171226399795076e+00
-1.111850023118631681e+00
-1.095052471253608051e+00
-1.090980274393338778e+00
-1.184363692951515334e+00
-1.175382683751882817e+00
-1.247374046932706593e+00
-1.215528418450383841e+00
-1.256791613226428295e+00
-1.321830157699126707e+00
-1.079347527842300591e+00
-1.073612903908072624e+00
-1.107913730932330809e+00
-1.125558373926645928e+00
-1.134143536008194175e+00
-1.130965714258850729e+00
-1.065539740138417679e+00
-9.601763558796858611e-01
-1.372004976561261635e+00
-1.421642465687600332e+00
-1.408341569438891883e+00
-1.405663778385796814e+00
-1.426135435777173832e+00
-9.989853115648873461e-01
-9.931671131331776259e-01
-1.014676302841477362e+00
-1.012141570910110921e+00
-1.119971658176945217e+00
-1.070999996896480733e+00
-1.075268364667638865e+00
-1.043704070550014018e+00
-1.050451637653623926e+00
-1.057644822070988644e+00
-1.113890748916597673e+00
-1.065025019308113885e+00
-1.050247127857409035e+00
-1.185783260728008326e+00
-1.201060043716509540e+00
-1.203073088140031333e+00
-1.182723149241624361e+00
-1.220170373159150889e+00
-1.220170373159150889e+00
-1.255761267737221409e+00
-1.235394724035610903e+00
-1.259687633009709540e+00
-1.225112071400455305e+00
-1.255044419853536430e+00
-1.290508535359167652e+00
-1.306555886528255384e+00
-1.326465265389752179e+00
-1.304001145659028138e+00
-1.304001145659028138e+00
-1.337521915843283171e+00
-1.396665856777496550e+00
-1.367834053557959839e+00
-1.346420704327718987e+00
-1.092465446991600642e+00
-1.311198771269273866e+00
-1.304553866908332749e+00
-1.307672523427997779e+00
-1.325358750312777278e+00
-1.360766300171605936e+00
-1.200770419343315520e+00
-1.189967914320779085e+00
-1.207979356673564153e+00
-1.206347523619594408e+00
-1.189600288626416535e+00
-1.186668115261416023e+00
-1.142611839964686515e+00
-1.143420528449540008e+00
-1.160470035509914455e+00
-1.153697090802330516e+00
-1.158031707984602754e+00
-1.125662576915107183e+00
-1.240460862952068144e+00
-1.250446833083475484e+00
-1.239941186875315404e+00
-1.232790214448017618e+00
-1.198101329618008304e+00
-1.181490680190488751e+00
-1.200524286501160720e+00
-1.226072971943349410e+00
-1.270750282727557856e+00
-1.186771964485696662e+00
-1.186771964485696662e+00
-1.189952218113472959e+00
-1.186484918517679787e+00
-1.200075699720735800e+00
-1.200001275221806329e+00
-1.141366663307804563e+00
-1.194924470023428720e+00
-1.220400360520613958e+00
-1.231680987888555734e+00
-1.266987387978053770e+00
-1.248665687010530378e+00
-1.253652383281073313e+00
-1.223772873472654732e+00
-1.197324755486823156e+00
-1.150288172559732480e+00
-1.197342357501563148e+00
-1.179870653345016507e+00
-1.194094086553086020e+00
-1.294946339272456504e+00
-1.223559475851935252e+00
-1.151608274305014001e+00
-1.085141682204000535e+00
-1.012185343688234207e+00
-1.058348304088288394e+00
-1.056330968593437447e+00
-1.116992907048736550e+00
-1.076423931241447640e+00
-1.017822357322007765e+00
-8.647434378169766012e-01
-8.694121240439470766e-01
-8.953933317682790660e-01
-9.132124980407517745e-01
-9.246103817905267919e-01
-9.446966814934056877e-01
-9.885229564886797160e-01
-1.011990243389817579e+00
-9.952203162489356991e-01
-1.060112681350076747e+00
-1.088574664827460570e+00
-1.101243943900516609e+00
-1.107897044894424310e+00
-1.103409103842048600e+00
-1.083350731472410233e+00
-1.090210173850742148e+00
-1.090210173850742148e+00
-1.153217261765159263e+00
-1.197392841740001046e+00
-1.170576844715574216e+00
-1.138619125554896749e+00
-1.140413911150168325e+00
-1.125619438654632321e+00
-1.133179989014084343e+00
-1.183792965935743569e+00
-1.183792965935743569e+00
-1.130114067167985681e+00
-1.149994047290849863e+00
-1.144568931244035026e+00
-1.105562156112398275e+00
-1.079978151925712337e+00
-1.040818203494860983e+00
-1.025333314674769625e+00
-1.102064552482384219e+00
-1.089869206191560913e+00
-1.112331746150032386e+00
-1.084837249385177893e+00
-1.160527144973078073e+00
-1.365515685629704157e+00
-1.368373907685261237e+00
-9.932286918146990828e-01
-1.363876194787531082e+00
-1.211912417594759983e+00
-1.188508581594523772e+00
-1.141889188896778373e+00
-1.115202440251608973e+00
-1.162481456828272419e+00
-1.199584804209937294e+00
-1.180223379158269026e+00
-1.177733667744706114e+00
-1.159922762339346436e+00
-1.175281368409446969e+00
-1.202522244200594503e+00
-1.196316922116695602e+00
-1.205250408679788388e+00
-1.166331752696159185e+00
-1.213283160690524332e+00
-1.358112646030360082e+00
-1.383427309222652779e+00
-1.422529995809112213e+00
-1.382767209202500069e+00
-1.401231386168988013e+00
-1.407965796249514012e+00
-1.371587460464028796e+00
-1.450438339003809141e+00
-1.450438339003809141e+00
-1.464783591659279072e+00
-1.468566386867830031e+00
-1.501777206518246865e+00
-1.427657562970052307e+00
-1.378357062251155174e+00
-1.408635187920101783e+00
-1.385203084469033508e+00
-1.303659327837611848e+00
-1.370246379147674443e+00
-1.370246379147674443e+00
-1.381482416562249238e+00
-1.385757905932977874e+00
-1.362330753242520620e+00
-1.347020148813535823e+00
-1.399462082335058977e+00
-1.302056782731704221e+00
-1.332321189587571952e+00
-1.277789901134407158e+00
-1.316503027946941184e+00
-1.299783490391211105e+00
-1.292143137828553501e+00
-1.330088419176972181e+00
-1.344902250933429189e+00
-1.394857064582803341e+00
-1.399568841995515234e+00
-1.391196073072339168e+00
-1.344813730255777884e+00
-1.273597225418817258e+00
-1.277658977720316891e+00
-1.317746922014380706e+00
-1.376114096720803204e+00
-1.363773445410071616e+00
-1.340012686554562293e+00
-1.377912503882552597e+00
-1.398132666298207649e+00
-1.368374911821071516e+00
-1.328504827955764078e+00
-1.369743859682152731e+00
-1.370856089726109728e+00
-1.404420106940102553e+00
-1.393374475282288083e+00
-1.460546954631014138e+00
-1.480146672831029964e+00
-1.421245977660128723e+00
-1.410540463485813190e+00
-1.421889595581133925e+00
-1.504686326073202851e+00
-1.503984234730966651e+00
-1.468904167194798438e+00
-1.448610324539675975e+00
-1.461394613677161836e+00
-1.469678315364145949e+00
-1.497325277754379513e+00
-1.474270861601776117e+00
-1.483828470691343382e+00
-1.468893643720741160e+00
-1.452545363539699208e+00
-1.445115897863258336e+00
-1.643918103023671584e+00
-1.655870204304469739e+00
-1.646813636337868036e+00
-1.603799926388578934e+00
-1.653252703046939054e+00
-1.653252703046939054e+00
-1.637414966528917271e+00
-1.659599886969812976e+00
-1.544983594858392983e+00
-1.551118083111391766e+00
-1.535612960038811536e+00
-1.561386824936647821e+00
-1.526926971428921531e+00
-1.533335486125475766e+00
-1.534249018553345278e+00
-1.563330677559306547e+00
-1.554700548050038211e+00
-1.734278622611241882e+00
-1.782554822847498111e+00
-1.719573929001270596e+00
-1.724097062886578824e+00
-1.734664700976943363e+00
-1.673563983930167254e+00
-1.648653833986661876e+00
-1.603049528757383158e+00
-1.552929049050444821e+00
-1.531227178710679926e+00
-1.473718384435379170e+00
-1.501059873620699925e+00
-1.452316932067374333e+00
-1.448106725575995624e+00
-1.481449427835535237e+00
-1.454170551327748528e+00
-1.434639189452087127e+00
-1.488138313430997339e+00
-1.481504442095404439e+00
-1.469739787605296000e+00
-1.469739787605296000e+00
-1.348403675300702931e+00
-1.501777580188969674e+00
-1.482574928417937254e+00
-1.370995408099349833e+00
-1.365534254680884407e+00
-1.389769777850061283e+00
-1.389769777850061283e+00
-1.366840861891311043e+00
-1.403277303993207159e+00
-1.380264275979864452e+00
-1.404707374856664304e+00
-1.442860286032833672e+00
-1.352136147672151845e+00
-1.341350210072363769e+00
-1.332281076398869279e+00
-1.356141130243026405e+00
-1.358125718645276647e+00
-1.467384583746046856e+00
-1.451463562122045969e+00
-1.451463562122045969e+00
-1.484075114849293664e+00
-1.450239070624523174e+00
-1.413357109682649604e+00
-1.396546931134711178e+00
-1.451169573678613878e+00
-1.428837852029432032e+00
-1.456317468987994079e+00
-1.472100519824613096e+00
-1.474122044910844309e+00
-1.503800150964820892e+00
-1.513823837243404080e+00
-1.594687339037255125e+00
-1.580245383905857670e+00
-1.561926126227696665e+00
-1.547702208608629615e+00
-1.509013238984423300e+00
-1.540469003700474016e+00
-1.430903160286748799e+00
-1.486162879869090014e+00
-1.419589673045186684e+00
-1.442769844508896115e+00
-1.398498754382030418e+00
-1.422160177738938547e+00
-1.450840688234269038e+00
-1.425705867281533479e+00
-1.389561865937392282e+00
-1.389232932829240763e+00
-1.411104592696570625e+00
-1.418007196261803493e+00
-1.468631061040423180e+00
-1.461064671729563891e+00
-1.472776743531588162e+00
-1.494467061739468638e+00
-1.488986108550749199e+00
-1.507344315770233534e+00
-1.513087734271209461e+00
-1.488398661840254267e+00
-1.483202089907790899e+00
-1.475691987377633740e+00
-1.453655915005256372e+00
-1.453655915005256372e+00
-1.466642864317402761e+00
-1.497612160781865098e+00
-1.478930586247403589e+00
-1.415056277995372813e+00
-1.392102095673867446e+00
-1.370866863560924465e+00
-1.376918432981200979e+00
-1.363694920518678577e+00
-1.380441413386406246e+00
-1.401404197897950787e+00
-1.396952183738375153e+00
-1.362117070389550877e+00
-1.371414805617074739e+00
-1.376810233966553332e+00
-1.385504640348665273e+00
-1.459648189200333013e+00
-1.402993481284215749e+00
-1.447967089712638655e+00
-1.425833703432944910e+00
-1.435521543755185814e+00
-1.392559269529737298e+00
-1.399441062724247065e+00
-1.419057122525243742e+00
-1.466731159668818618e+00
-1.418944014115661512e+00
-1.406828215018752770e+00
-1.420161036205448646e+00
-1.413463053439152572e+00
-1.443724186061996928e+00
-1.442578597921614580e+00
-1.395591377965128110e+00
-1.442484539895649398e+00
-1.433919288596093411e+00
-1.353204307771747494e+00
-1.331680172775839166e+00
-1.301480670840995169e+00
-1.236239604435164896e+00
-1.441268209004260559e+00
-1.391033857596562617e+00
-1.438667212611365320e+00
-1.428429396807416651e+00
-1.457293073894389224e+00
-1.409181804879838351e+00
-1.365466543356375295e+00
-1.322078858687912195e+00
-1.356464256890693498e+00
-1.355786228780040181e+00
-1.299375787299529073e+00
-1.292922018126989370e+00
-1.252750023939089408e+00
-1.267988451229268509e+00
-1.286458052984277955e+00
-1.310944406951778607e+00
-1.602347200521088144e+00
-1.503311682821748319e+00
-1.515156457560940195e+00
-1.520541755568142195e+00
-1.481952926580226926e+00
-1.447667294102498836e+00
-1.434018387938634120e+00
-1.456439720690580364e+00
-1.436972474484713658e+00
-1.404158535883359704e+00
-1.350840574591337884e+00
-1.429834962860063508e+00
-1.435441047829189909e+00
-1.338356865891203729e+00
-1.345682275714179532e+00
-1.370201264869110203e+00
-1.256648805578441275e+00
-1.254275503151430771e+00
-1.238238386624775922e+00
-1.199197512023622902e+00
-1.324603161084368930e+00
-1.329526028463851040e+00
-1.287313521609479761e+00
-1.317355207263842587e+00
-1.353164223975998670e+00
-1.339384730300995585e+00
-1.268789720203812754e+00
-1.257730997737432466e+00
-1.298168117204008265e+00
-1.339680828195094264e+00
-1.357317992441628984e+00
-1.332087455815631483e+00
-1.365940886415699218e+00
-1.385329740080275318e+00
-1.343113325351142473e+00
-1.383526431953313374e+00
-1.406630960375892192e+00
-1.353058613897802465e+00
-1.308134205600594679e+00
-1.301419141407809121e+00
-1.300880190848582751e+00
-1.316237014856181053e+00
-1.333800163352013346e+00
-1.296420867628610196e+00
-1.372569330658255593e+00
-1.371150927964243316e+00
-1.343125971204175428e+00
-1.365896280994975509e+00
-1.333047897128907477e+00
-1.338151543079178385e+00
-1.295849112558815408e+00
-1.322069994682897098e+00
-1.335199506794009228e+00
-1.351066185879294945e+00
-1.289304491576133138e+00
-1.285078090034169174e+00
-1.294966375416226390e+00
-1.342303937427852034e+00
-1.415952350124987102e+00
-1.405596572023585455e+00
-1.420208963554874693e+00
-1.407118547292631305e+00
-1.324595961262094113e+00
-1.352408382976994394e+00
-1.340468040607182942e+00
-1.228152598074753410e+00
-1.513842645808474607e+00
-1.549659087474196228e+00
-1.578548024927847182e+00
-1.548396695916042454e+00
-1.531704017035162124e+00
-1.563432390571177333e+00
-1.526881416948702164e+00
-1.528074742168085143e+00
-1.543775544937341149e+00
-1.522301329580390883e+00
-1.496482227687520261e+00
-1.521232978675497449e+00
-1.499002243097997233e+00
-1.495375392558452532e+00
-1.436223128081633327e+00
-1.436223128081633327e+00
-1.174641572424841351e+00
-1.335874675506307119e+00
-1.373753244317701405e+00
-1.257616267002156452e+00
-1.188485356711734386e+00
-1.157326395908739869e+00
-1.134539876281569493e+00
-1.112513116643276900e+00
-1.112513116643276900e+00
-1.086429157927322864e+00
-1.115760218844456642e+00
-1.128654458382521097e+00
-1.109737543275184146e+00
-1.188280784737361984e+00
-1.210412578343649903e+00
-1.241235792811850924e+00
-1.219540842698713323e+00
-1.199461468807645481e+00
-1.065196131792746304e+00
-1.051877430345830700e+00
-1.035106609712407311e+00
-1.035106609712407311e+00
-1.031878349745138257e+00
-1.051472951660054944e+00
-1.134112262292128026e+00
-1.109397777037434363e+00
-1.137172884255620353e+00
-1.174127903455864486e+00
-1.225972820399972241e+00
-1.412811234042430364e+00
-1.398158364329391556e+00
-1.422153309093782125e+00
-1.425569869061573680e+00
-1.409537230168748101e+00
-1.420251034561003545e+00
-1.422384330412009845e+00
-1.377715496529456685e+00
-1.377715496529456685e+00
-1.412621721832403976e+00
-1.393597684365746492e+00
-1.419856397820368210e+00
-1.484151814620780607e+00
-1.466720056031589170e+00
-1.484155197179919616e+00
-1.380961520079527105e+00
-1.358514655636933410e+00
-1.398594228580347654e+00
-1.443228735114379546e+00
-1.413642706333172239e+00
-1.315231027731259106e+00
-1.295800105973508698e+00
-1.302964212903455099e+00
-1.339910580702121656e+00
-1.339910580702121656e+00
-1.369149819186309625e+00
-1.362368518998138045e+00
-1.340122749885367615e+00
-1.304425941244740761e+00
-1.432391073807053106e+00
-1.458934714725359072e+00
-1.458460920156396057e+00
-1.444285434547954772e+00
-1.414923033275121478e+00
-1.432212584101676844e+00
-1.443338258120771878e+00
-1.398560365690712182e+00
-1.406327848134349079e+00
-1.458791506263625859e+00
-1.461824680869647120e+00
-1.469155052671670791e+00
-1.450832717858698606e+00
-1.232262718205455077e+00
-1.224055586925724359e+00
-1.212566800501969411e+00
-1.250401192474365430e+00
-1.413593619410793201e+00
-1.423693329613602732e+00
-1.435878009653536846e+00
-1.418952570259646384e+00
-1.398821600169602553e+00
-1.407068786778849834e+00
-1.393557855722961758e+00
-1.473606153884402303e+00
-1.500097820341051547e+00
-1.214037915750066032e+00
-1.177768055898187782e+00
-1.185925714799003439e+00
-1.178321421633988120e+00
-1.157900808453337094e+00
-1.367431060671312482e+00
-1.413199302706947824e+00
-1.426303029178432658e+00
-1.393649270013788133e+00
-1.441013390172520836e+00
-1.434905093056515257e+00
-1.434905093056515257e+00
-1.417274192035408165e+00
-1.222854923228153368e+00
-1.177085050667714183e+00
-1.179712160289206224e+00
-1.485030694324754874e+00
-1.467133921943534869e+00
-1.455714384375950132e+00
-1.465304508798104033e+00
-1.417529338362701230e+00
-1.428415752486454471e+00
-1.394321499192470615e+00
-1.387995676380925136e+00
-1.382229556007300353e+00
-1.416096455889706229e+00
-1.432866241950946362e+00
-1.387941418974679708e+00
-1.437197576104509045e+00
-1.448712957612427354e+00
-1.472477698021529724e+00
-1.489199587840514871e+00
-1.509582859163463908e+00
-1.455057079289817201e+00
-1.409862183988004780e+00
-1.431134504004234698e+00
-1.450710677680357552e+00
-1.452717155332891918e+00
-1.467404233838994765e+00
-1.585824145568159205e+00
-1.556781715179827108e+00
-1.552440889180897399e+00
-1.572496337351446227e+00
-1.559776614692150787e+00
-1.556268851719634805e+00
-1.556268851719634805e+00
-1.558530687317370322e+00
-1.539857971708040507e+00
-1.556980742667854356e+00
-1.577658727199184430e+00
-1.565590502026644737e+00
-1.564960991409861224e+00
-1.527243809861636770e+00
-1.547687523328855397e+00
-1.537441266054451194e+00
-1.504465847237442588e+00
-1.462222757056838462e+00
-1.471901301416467023e+00
-1.502960679462798543e+00
-1.474311801215177908e+00
-1.492373774351670290e+00
-1.556685981172724054e+00
-1.522461970476158832e+00
-1.583419043709849205e+00
-1.583419043709849205e+00
-1.599456473145134838e+00
-1.514985328859036029e+00
-1.516245683915191655e+00
-1.525714530666719027e+00
-1.501067336224898741e+00
-1.517513735839291389e+00
-1.555164790383734230e+00
-1.516451072390284427e+00
-1.494419690620519825e+00
-1.485591463408237001e+00
-1.485591463408237001e+00
-1.461074161277330807e+00
-1.449431850883993622e+00
-1.409428101704747416e+00
-1.316577288136717705e+00
-1.272536620342930025e+00
-1.404397545976723949e+00
-1.404431694346436998e+00
-1.313158022826953708e+00
-1.340543898046503424e+00
-1.317653205572524300e+00
-1.348597196292207201e+00
-1.393900660885351028e+00
-1.405348839364607860e+00
-1.426784697818055836e+00
-1.492132345667188220e+00
-1.523172498279606879e+00
-1.528371621125415025e+00
-1.519832310195226688e+00
-1.541653669448870057e+00
-1.554721835295957089e+00
-1.505938079429962384e+00
-1.479802224590545556e+00
-1.491282120631568509e+00
-1.499359163081574131e+00
-1.499359163081574131e+00
-1.438293303687522950e+00
-1.468956274411040708e+00
-1.541637232421567028e+00
-1.563120074365455636e+00
-1.547609361579968201e+00
-1.452902357359742602e+00
-1.430890006075057563e+00
-1.419085559617443870e+00
-1.374303136895674626e+00
-1.413351759783789241e+00
-1.448508815685554119e+00
-1.435599941663181722e+00
-1.422422270106279640e+00
-1.413393590738603711e+00
-1.387829165499849138e+00
-1.389609730229586448e+00
-1.399986995763126352e+00
-1.399986995763126352e+00
-1.360282172012876378e+00
-1.370073860850980818e+00
-1.205228628231533428e+00
-1.171378988860098280e+00
-1.186953516838762379e+00
-1.167738332594026263e+00
-1.193309215046566285e+00
-1.226131704943671741e+00
-1.225452533747586337e+00
-1.306015334888593893e+00
-1.338966127832098119e+00
-1.367947509941576101e+00
-1.361374878952597678e+00
-1.317504987860943055e+00
-1.317504987860943055e+00
-1.488510639549350811e+00
-1.395561191900664744e+00
-1.364543294494236614e+00
-1.368057854930040840e+00
-1.434011053527167290e+00
-1.343382384255127793e+00
-1.349601859747667776e+00
-1.311346408625716720e+00
-1.325626357632236463e+00
-1.423978355014804187e+00
-1.383503922305571177e+00
-1.346826742838924229e+00
-1.375331073489207911e+00
-1.411357437414573868e+00
-1.443975267098033699e+00
-1.430979040921827261e+00
-1.463583451697244797e+00
-1.493582918658843850e+00
-1.524160632381923897e+00
-1.528282342887440359e+00
-1.516303872080133175e+00
-1.545763203754303650e+00
-1.672115952154086260e+00
-1.632808140155511012e+00
-1.627052618465845146e+00
-1.489743149172135794e+00
-1.452083498960289321e+00
-1.457263575178274317e+00
-1.411707811185688444e+00
-1.421403571941263655e+00
-1.296712611901974954e+00
-1.217060920658304513e+00
-1.239911563476045142e+00
-1.232945812769162153e+00
-1.196471192511072479e+00
-1.211692658404507572e+00
-1.360946186450975759e+00
-1.339532760525497190e+00
-1.366266245075896224e+00
-1.540586916423771324e+00
-1.541262326058030263e+00
-1.559345276900926391e+00
-1.553367618145204077e+00
-1.553367618145204077e+00
-1.565521156989176710e+00
-1.542168409965684939e+00
-1.586903188083670813e+00
-1.574805330377825552e+00
-1.605740594896930107e+00
-1.598006552351484810e+00
-1.634431380645998688e+00
-1.625378084401501111e+00
-1.614238585724804498e+00
-1.638522402374928966e+00
-1.569493329341475452e+00
-1.512288481140157126e+00
-1.521060393998476146e+00
-1.516912714743245294e+00
-1.523914729418616165e+00
-1.527830883057560651e+00
-1.527830883057560651e+00
-1.382208176935987742e+00
-1.475435118425781678e+00
-1.456551367534551389e+00
-1.429918630941822366e+00
-1.488425976456787758e+00
-1.501706743528673726e+00
-1.497137454583318927e+00
-1.601652618962263519e+00
-1.508662005842143827e+00
-1.513048420896607071e+00
-1.525871765989876172e+00
-1.507619295331541043e+00
-1.512936658085860753e+00
-1.612611658614496513e+00
-1.574145375936787383e+00
-1.527402554747628871e+00
-1.460297623633423525e+00
-1.348663263091528952e+00
-1.383536362677873832e+00
-1.399913709722248489e+00
-1.345482798270052571e+00
-1.296591902724857581e+00
-1.312572459959072235e+00
-1.342569448482776373e+00
-1.359961723345457951e+00
-1.350255544573686795e+00
-1.365967212523337304e+00
-1.365477811140382913e+00
-1.375753563673905555e+00
-1.352008406079510561e+00
-1.377086537899105734e+00
-1.346918287323521479e+00
-1.306161071563573639e+00
-1.290282947163630789e+00
-1.311103097801583628e+00
-1.368537870002312973e+00
-1.322040924411403751e+00
-1.426161891919526248e+00
-1.403081108662147081e+00
-1.408874801806790256e+00
-1.448346623661082688e+00
-1.432613844614241350e+00
-1.458265687955818013e+00
-1.440113643640080765e+00
-1.426782998740011799e+00
-1.457174789968466833e+00
-1.472529298086258986e+00
-1.505396735597787305e+00
-1.240481714045115869e+00
-1.484005024369570158e+00
-1.483379055959689996e+00
-1.483379055959689996e+00
-1.451220108491920291e+00
-1.441580296146535156e+00
-1.483531208712237204e+00
-1.479300277457078039e+00
-1.467224699989574832e+00
-1.494102765657610021e+00
-1.501174956500834989e+00
-1.527567826021654307e+00
-1.477093929797261618e+00
-1.474024947851200196e+00
-1.429082981755506632e+00
-1.351253143598887485e+00
-1.327794070244539881e+00
