# Variable: dg_gbvi_00000427
# Sample shape: (1000,)
# Date: 2013-03-07 22:55:08.335967
-2.003766466391042389e+00
-1.878941395348463717e+00
-1.677343949483806274e+00
-1.088484544645801577e+00
-1.044740687460619100e+00
-1.159436803168840679e+00
-1.181948516549881756e+00
-2.717493081565378610e-01
-3.104801414206594390e-01
-6.967568739457410953e-02
-7.239664765625283271e-01
-7.239664765625283271e-01
-8.029458318216639023e-01
-9.351700358245821354e-01
-9.351700358245821354e-01
-9.022837540923840383e-01
-9.022837540923840383e-01
-9.022837540923840383e-01
-9.097784415285338211e-01
-3.013194086997552090e-01
-7.830682841227372126e-01
-7.830682841227372126e-01
-7.830682841227372126e-01
-7.830682841227372126e-01
-7.830682841227372126e-01
-7.830682841227372126e-01
-7.830682841227372126e-01
-7.830682841227372126e-01
-7.830682841227372126e-01
-7.830682841227372126e-01
-8.079790847921322072e-01
-7.975696762081243563e-01
-7.975696762081243563e-01
-7.975696762081243563e-01
-7.975696762081243563e-01
-8.254847871450269325e-01
-8.254847871450269325e-01
-8.254847871450269325e-01
-8.254847871450269325e-01
-8.254847871450269325e-01
-8.254847871450269325e-01
-8.254847871450269325e-01
-8.254847871450269325e-01
-8.254847871450269325e-01
-8.254847871450269325e-01
-8.254847871450269325e-01
-8.254847871450269325e-01
-8.254847871450269325e-01
-8.254847871450269325e-01
-8.254847871450269325e-01
-8.254847871450269325e-01
-8.254847871450269325e-01
-8.254847871450269325e-01
-8.254847871450269325e-01
-8.254847871450269325e-01
-8.254847871450269325e-01
-8.254847871450269325e-01
-8.254847871450269325e-01
-8.254847871450269325e-01
-8.254847871450269325e-01
-8.524548363841937260e-01
-8.524548363841937260e-01
-8.524548363841937260e-01
-8.524548363841937260e-01
-8.524548363841937260e-01
-8.343278759482148921e-01
-6.011920411848430401e-01
-6.011920411848430401e-01
-6.011920411848430401e-01
-6.011920411848430401e-01
-6.011920411848430401e-01
-6.011920411848430401e-01
-6.011920411848430401e-01
-6.011920411848430401e-01
-5.053910097686119540e-01
-5.936087053946477177e-01
-5.936087053946477177e-01
-5.936087053946477177e-01
-5.936087053946477177e-01
-6.054256565104467747e-01
-6.054256565104467747e-01
-6.054256565104467747e-01
-6.056694489988095897e-01
-6.056694489988095897e-01
-6.056694489988095897e-01
-6.056694489988095897e-01
-5.831392748854848929e-01
-5.705205007696265707e-01
-6.127220596376969919e-01
-3.962004472369095587e-01
-4.973332367911986185e-01
-4.973332367911986185e-01
-4.973332367911986185e-01
-4.973332367911986185e-01
-5.424222080458749318e-01
-5.424222080458749318e-01
-5.424222080458749318e-01
-5.424222080458749318e-01
-5.424222080458749318e-01
-5.424222080458749318e-01
-5.424222080458749318e-01
-5.424222080458749318e-01
-5.424222080458749318e-01
-5.424222080458749318e-01
-5.424222080458749318e-01
-5.424222080458749318e-01
-5.424222080458749318e-01
-4.991205469387652305e-01
-4.991205469387652305e-01
-4.991205469387652305e-01
-4.991205469387652305e-01
-4.991205469387652305e-01
-5.682722101159092265e-01
-5.682722101159092265e-01
-5.682722101159092265e-01
-5.682722101159092265e-01
-5.682722101159092265e-01
-4.904370261909036244e-01
-4.904370261909036244e-01
-4.904370261909036244e-01
-4.904370261909036244e-01
-4.904370261909036244e-01
-4.773675946999576536e-01
-4.020869688259973151e-01
-4.020869688259973151e-01
-4.020869688259973151e-01
-3.970461659336877447e-01
-3.970461659336877447e-01
-3.961699183140121039e-01
-3.913563850364785157e-01
-3.913563850364785157e-01
-4.181570122285653834e-01
-4.181570122285653834e-01
-4.212921672449074784e-01
-4.849246075481043472e-01
-4.849246075481043472e-01
-4.849246075481043472e-01
-4.849246075481043472e-01
-4.849246075481043472e-01
-4.923615386287744644e-01
-4.923615386287744644e-01
-4.923615386287744644e-01
-4.923615386287744644e-01
-4.923615386287744644e-01
-4.923615386287744644e-01
-4.923615386287744644e-01
-4.789823454392706514e-01
-4.789823454392706514e-01
-4.789823454392706514e-01
-5.794546399486150134e-01
-5.794546399486150134e-01
-5.794546399486150134e-01
-5.788270729403627302e-01
-5.788270729403627302e-01
-5.788270729403627302e-01
-5.788270729403627302e-01
-5.788270729403627302e-01
-6.048200096172678952e-01
-5.933627042736738799e-01
-5.933627042736738799e-01
-5.933627042736738799e-01
-5.933627042736738799e-01
-5.933627042736738799e-01
-6.002115788222381898e-01
-6.002115788222381898e-01
-6.002115788222381898e-01
-6.002115788222381898e-01
-6.002115788222381898e-01
-6.783318119804646606e-01
-6.783318119804646606e-01
-6.783318119804646606e-01
-6.783318119804646606e-01
-6.783318119804646606e-01
-4.832079422937604618e-01
-4.832079422937604618e-01
-4.576490883714965929e-01
-4.576490883714965929e-01
-4.576490883714965929e-01
-4.515469586783116274e-01
-4.515469586783116274e-01
-4.515469586783116274e-01
-4.515469586783116274e-01
-4.515469586783116274e-01
-4.515469586783116274e-01
-4.515469586783116274e-01
-4.515469586783116274e-01
-4.515469586783116274e-01
-4.515469586783116274e-01
-4.515469586783116274e-01
-4.515469586783116274e-01
-4.515469586783116274e-01
-4.515469586783116274e-01
-4.856005561121735092e-01
-4.501700013710363546e-01
-4.493432326801818366e-01
-3.736064881376022773e-01
-3.736064881376022773e-01
-3.736064881376022773e-01
-3.736064881376022773e-01
-6.741464956483411708e-01
-6.831494556657476958e-01
-6.831494556657476958e-01
-6.831494556657476958e-01
-6.831494556657476958e-01
-6.831494556657476958e-01
-6.831494556657476958e-01
-6.831494556657476958e-01
-6.831494556657476958e-01
-6.831494556657476958e-01
-6.831494556657476958e-01
-7.140807370948270005e-01
-7.140807370948270005e-01
-2.563929047480787426e-01
-2.563929047480787426e-01
-6.968360778199005345e-01
-6.678559690032155327e-01
-6.678559690032155327e-01
-6.678559690032155327e-01
-6.678559690032155327e-01
-6.678559690032155327e-01
-6.678559690032155327e-01
-6.678559690032155327e-01
-6.775989157689696896e-01
-6.775989157689696896e-01
-6.775989157689696896e-01
-6.775989157689696896e-01
-6.775989157689696896e-01
-6.775989157689696896e-01
-2.840666084078556364e-01
-2.840666084078556364e-01
-2.840666084078556364e-01
-2.840666084078556364e-01
-2.840666084078556364e-01
-2.840666084078556364e-01
-2.840666084078556364e-01
-2.840666084078556364e-01
-2.691983508386880941e-01
-2.818008003261651684e-01
-2.818008003261651684e-01
-2.818008003261651684e-01
-2.818008003261651684e-01
-2.818008003261651684e-01
-2.818008003261651684e-01
-2.818008003261651684e-01
-2.818008003261651684e-01
-2.818008003261651684e-01
-2.818008003261651684e-01
-2.818008003261651684e-01
-2.818008003261651684e-01
-2.818008003261651684e-01
-2.818008003261651684e-01
-3.670844360383231364e-01
-3.670844360383231364e-01
-3.670844360383231364e-01
-3.748278613945404403e-01
-3.748278613945404403e-01
-3.748278613945404403e-01
-3.748278613945404403e-01
-3.748278613945404403e-01
-3.748278613945404403e-01
-3.748278613945404403e-01
-3.748278613945404403e-01
-3.750843659617945636e-01
-3.750843659617945636e-01
-4.647990224501539758e-01
-4.647990224501539758e-01
-4.647990224501539758e-01
-4.647990224501539758e-01
-4.647990224501539758e-01
-4.571462867112479067e-01
-4.571462867112479067e-01
-4.839157957597779447e-01
-4.839157957597779447e-01
-4.839157957597779447e-01
-4.839157957597779447e-01
-4.839157957597779447e-01
-4.839157957597779447e-01
-6.407810928334647382e-01
-6.407810928334647382e-01
-6.407810928334647382e-01
-6.509155449081931444e-01
-6.509155449081931444e-01
-6.509155449081931444e-01
-6.509155449081931444e-01
-6.509155449081931444e-01
-6.652214397865247042e-01
-6.652214397865247042e-01
-6.652214397865247042e-01
-6.454765202999093177e-01
-6.454765202999093177e-01
-6.454765202999093177e-01
-6.402493531652415637e-01
-6.699884958374903166e-01
-5.596485440789806809e-01
-5.596485440789806809e-01
-5.596485440789806809e-01
-5.780672417472377811e-01
-5.780672417472377811e-01
-5.780672417472377811e-01
-6.592964779102571393e-01
-6.592964779102571393e-01
-6.592964779102571393e-01
-6.592964779102571393e-01
-6.005064867845116838e-01
-6.005064867845116838e-01
-6.005064867845116838e-01
-6.005064867845116838e-01
-6.005064867845116838e-01
-6.005064867845116838e-01
-5.997939327366227369e-01
-6.155195153661258134e-01
-6.255679182603962607e-01
-6.255679182603962607e-01
-6.255679182603962607e-01
-6.255679182603962607e-01
-6.255679182603962607e-01
-6.255679182603962607e-01
-6.220578087928562150e-01
-6.903588728368607041e-01
-6.903588728368607041e-01
-6.903588728368607041e-01
-6.903588728368607041e-01
-6.903588728368607041e-01
-6.349606426395533187e-01
-6.305264269832325796e-01
-6.305264269832325796e-01
-6.305264269832325796e-01
-6.305264269832325796e-01
-6.305264269832325796e-01
-6.305264269832325796e-01
-6.305264269832325796e-01
-6.718949809615428759e-01
-6.718949809615428759e-01
-6.459603900291632783e-01
-6.459603900291632783e-01
-6.494433885138581886e-01
-5.446046489882228059e-01
-5.446046489882228059e-01
-5.446046489882228059e-01
-5.451470467950986221e-01
-5.451470467950986221e-01
-5.451470467950986221e-01
-5.402085584548845798e-01
-5.174143890066046358e-01
-5.591106025557548431e-01
-5.591106025557548431e-01
-5.180978854494729946e-01
-6.239255320279332162e-01
-6.239255320279332162e-01
-6.657382306535164496e-01
-6.657382306535164496e-01
-6.657382306535164496e-01
-6.657382306535164496e-01
-5.075506910179651276e-01
-5.075506910179651276e-01
-5.075506910179651276e-01
-5.075506910179651276e-01
-5.075506910179651276e-01
-5.075506910179651276e-01
-5.075506910179651276e-01
-5.075506910179651276e-01
-5.075506910179651276e-01
-5.075506910179651276e-01
-5.075506910179651276e-01
-5.075506910179651276e-01
-4.478501321387615697e-01
-4.478501321387615697e-01
-4.478501321387615697e-01
-4.478501321387615697e-01
-4.478501321387615697e-01
-4.478501321387615697e-01
-4.478501321387615697e-01
-4.478501321387615697e-01
-4.478501321387615697e-01
-4.478501321387615697e-01
-4.478501321387615697e-01
-4.478501321387615697e-01
-4.478501321387615697e-01
-4.478501321387615697e-01
-4.478501321387615697e-01
-4.478501321387615697e-01
-4.478501321387615697e-01
-4.478501321387615697e-01
-4.478501321387615697e-01
-4.841600164865819678e-01
-4.956862756222992772e-01
-4.956862756222992772e-01
-4.669875934139071649e-01
-4.669875934139071649e-01
-4.669875934139071649e-01
-4.669875934139071649e-01
-5.015678233411505760e-01
-4.935458835744334083e-01
-4.935458835744334083e-01
-4.935458835744334083e-01
-5.814700839378128538e-01
-5.814700839378128538e-01
-5.814700839378128538e-01
-5.814700839378128538e-01
-5.814700839378128538e-01
-5.814700839378128538e-01
-5.814700839378128538e-01
-5.814700839378128538e-01
-5.814700839378128538e-01
-5.814700839378128538e-01
-5.814700839378128538e-01
-6.033927965807220906e-01
-6.033927965807220906e-01
-6.033927965807220906e-01
-6.033927965807220906e-01
-6.033927965807220906e-01
-6.033927965807220906e-01
-6.033927965807220906e-01
-6.033927965807220906e-01
-6.033927965807220906e-01
-6.033927965807220906e-01
-6.033927965807220906e-01
-6.033927965807220906e-01
-6.033927965807220906e-01
-6.033927965807220906e-01
-6.033927965807220906e-01
-6.033927965807220906e-01
-6.033927965807220906e-01
-6.033927965807220906e-01
-6.033927965807220906e-01
-6.033927965807220906e-01
-6.033927965807220906e-01
-6.033927965807220906e-01
-6.151480878228773319e-01
-6.151480878228773319e-01
-6.151480878228773319e-01
-6.151480878228773319e-01
-6.151480878228773319e-01
-6.151480878228773319e-01
-6.151480878228773319e-01
-6.151480878228773319e-01
-6.151480878228773319e-01
-6.151480878228773319e-01
-5.670293798114499628e-01
-5.670293798114499628e-01
-5.479113826409308663e-01
-5.479113826409308663e-01
-5.479113826409308663e-01
-5.479113826409308663e-01
-5.479113826409308663e-01
-5.479113826409308663e-01
-5.479113826409308663e-01
-5.479113826409308663e-01
-5.479113826409308663e-01
-5.479113826409308663e-01
-5.479113826409308663e-01
-6.178495317674410625e-01
-6.178495317674410625e-01
-6.116889988518102728e-01
-6.116889988518102728e-01
-6.116889988518102728e-01
-6.116889988518102728e-01
-6.134985778903567777e-01
-6.134985778903567777e-01
-6.134985778903567777e-01
-6.134985778903567777e-01
-6.134985778903567777e-01
-6.134985778903567777e-01
-6.134985778903567777e-01
-6.134985778903567777e-01
-6.134985778903567777e-01
-6.134985778903567777e-01
-6.134985778903567777e-01
-6.120762751414366987e-01
-6.120762751414366987e-01
-6.120762751414366987e-01
-6.120762751414366987e-01
-6.120762751414366987e-01
-6.120762751414366987e-01
-6.120762751414366987e-01
-6.033458869744787734e-01
-5.945692373348181459e-01
-5.945692373348181459e-01
-5.945692373348181459e-01
-5.945692373348181459e-01
-5.945692373348181459e-01
-5.945692373348181459e-01
-5.945692373348181459e-01
-5.945692373348181459e-01
-5.945692373348181459e-01
-5.945692373348181459e-01
-6.156223024660057996e-01
-6.156223024660057996e-01
-6.156223024660057996e-01
-6.156223024660057996e-01
-6.156223024660057996e-01
-6.302684749605533820e-01
-6.302684749605533820e-01
-4.469256940538667289e-01
-4.469256940538667289e-01
-5.208667969368170336e-01
-5.208667969368170336e-01
-5.208667969368170336e-01
-5.208667969368170336e-01
-5.208667969368170336e-01
-5.208667969368170336e-01
-5.156348726612410838e-01
-5.156348726612410838e-01
-5.241199699002531132e-01
-5.241199699002531132e-01
-5.241199699002531132e-01
-5.241199699002531132e-01
-5.241199699002531132e-01
-5.241199699002531132e-01
-5.241199699002531132e-01
-5.547502538519618609e-01
-5.547502538519618609e-01
-5.547502538519618609e-01
-5.547502538519618609e-01
-5.547502538519618609e-01
-5.892721675359887668e-01
-5.892721675359887668e-01
-5.892721675359887668e-01
-5.892721675359887668e-01
-5.892721675359887668e-01
-5.892721675359887668e-01
-5.892721675359887668e-01
-5.892721675359887668e-01
-5.892721675359887668e-01
-5.892721675359887668e-01
-5.892721675359887668e-01
-5.892721675359887668e-01
-5.892721675359887668e-01
-5.892721675359887668e-01
-5.892721675359887668e-01
-5.892721675359887668e-01
-6.746690900281905323e-01
-5.265810967013548893e-01
-5.265810967013548893e-01
-5.284798875425934517e-01
-5.284798875425934517e-01
-5.284798875425934517e-01
-5.284798875425934517e-01
-5.284798875425934517e-01
-5.076913458523364397e-01
-3.908582112208897619e-01
-4.066280604576998359e-01
-4.066280604576998359e-01
-4.066280604576998359e-01
-4.066280604576998359e-01
-4.066280604576998359e-01
-4.066280604576998359e-01
-4.066280604576998359e-01
-3.917198255861069622e-01
-4.219865936788133598e-01
-4.219865936788133598e-01
-4.219865936788133598e-01
-4.201342391979818736e-01
-4.201342391979818736e-01
-4.201342391979818736e-01
-4.201342391979818736e-01
-4.201342391979818736e-01
-4.201342391979818736e-01
-4.201342391979818736e-01
-5.056222203357099154e-01
-4.379567094876571365e-01
-4.379567094876571365e-01
-4.379567094876571365e-01
-4.379567094876571365e-01
-6.940730731572635204e-01
-6.940730731572635204e-01
-6.940730731572635204e-01
-6.940730731572635204e-01
-6.940730731572635204e-01
-6.940730731572635204e-01
-6.940730731572635204e-01
-6.940730731572635204e-01
-6.940730731572635204e-01
-6.940730731572635204e-01
-6.940730731572635204e-01
-6.841358347218094993e-01
-6.841358347218094993e-01
-4.712468727492875598e-01
-4.712468727492875598e-01
-4.712468727492875598e-01
-4.398586256064728750e-01
-4.651223523924343239e-01
-4.651223523924343239e-01
-4.651223523924343239e-01
-4.081593813502706891e-01
-4.081593813502706891e-01
-4.081593813502706891e-01
-4.081593813502706891e-01
-4.081593813502706891e-01
-2.342488054229611427e-01
-2.342488054229611427e-01
-2.208739505816993687e-01
-2.208739505816993687e-01
-2.464290948361746447e-01
-2.464290948361746447e-01
-2.464290948361746447e-01
-2.464290948361746447e-01
-2.464290948361746447e-01
-3.378613831052285632e-01
-3.378613831052285632e-01
-3.378613831052285632e-01
-3.378613831052285632e-01
-3.378613831052285632e-01
-3.647350978853727832e-01
-3.647350978853727832e-01
-3.647350978853727832e-01
-3.647350978853727832e-01
-3.647350978853727832e-01
-3.647350978853727832e-01
-3.647350978853727832e-01
-3.647350978853727832e-01
-3.647350978853727832e-01
-3.647350978853727832e-01
-3.647350978853727832e-01
-3.647350978853727832e-01
-3.779281520790369608e-01
-3.716331075371028247e-01
-3.716331075371028247e-01
-3.716331075371028247e-01
-3.268192670835652902e-01
-3.268192670835652902e-01
-3.268192670835652902e-01
-3.268192670835652902e-01
-3.268192670835652902e-01
-3.268192670835652902e-01
-3.268192670835652902e-01
-3.268192670835652902e-01
-3.695287820859246564e-01
-6.463964166888467311e-01
-6.463964166888467311e-01
-6.463964166888467311e-01
-4.811912343766599487e-01
-4.811912343766599487e-01
-4.811912343766599487e-01
-4.811912343766599487e-01
-4.811912343766599487e-01
-4.811912343766599487e-01
-4.811912343766599487e-01
-4.811912343766599487e-01
-4.811912343766599487e-01
-4.811912343766599487e-01
-4.630658913331426874e-01
-4.630658913331426874e-01
-4.630658913331426874e-01
-4.630658913331426874e-01
-4.864342579483763584e-01
-4.858361967672366055e-01
-4.941249598776297214e-01
-4.941249598776297214e-01
-4.941249598776297214e-01
-4.941249598776297214e-01
-4.941249598776297214e-01
-4.941249598776297214e-01
-4.941249598776297214e-01
-4.941249598776297214e-01
-4.941249598776297214e-01
-4.941249598776297214e-01
-4.941249598776297214e-01
-4.941249598776297214e-01
-4.901359870408264485e-01
-4.901359870408264485e-01
-4.901359870408264485e-01
-4.901359870408264485e-01
-4.901359870408264485e-01
-4.901359870408264485e-01
-4.893853670692437929e-01
-6.263738157051235156e-01
-6.263738157051235156e-01
-6.263738157051235156e-01
-6.263738157051235156e-01
-6.263738157051235156e-01
-6.263738157051235156e-01
-6.263738157051235156e-01
-6.263738157051235156e-01
-6.263738157051235156e-01
-6.263738157051235156e-01
-6.263738157051235156e-01
-6.263738157051235156e-01
-6.263738157051235156e-01
-6.263738157051235156e-01
-6.263738157051235156e-01
-6.263738157051235156e-01
-6.263738157051235156e-01
-6.263738157051235156e-01
-6.263738157051235156e-01
-6.263738157051235156e-01
-6.263738157051235156e-01
-6.263738157051235156e-01
-6.263738157051235156e-01
-6.615702055144774274e-01
-6.615702055144774274e-01
-6.615702055144774274e-01
-6.615702055144774274e-01
-6.615702055144774274e-01
-6.497766506705078271e-01
-5.420205633165470216e-01
-5.420205633165470216e-01
-5.468681373037591609e-01
-5.468681373037591609e-01
-5.468681373037591609e-01
-5.468681373037591609e-01
-5.611188100812045665e-01
-5.611188100812045665e-01
-5.611188100812045665e-01
-5.654016915510627905e-01
-5.609754617251906383e-01
-5.609754617251906383e-01
-5.609754617251906383e-01
-5.609754617251906383e-01
-5.609754617251906383e-01
-5.634479566820280727e-01
-5.634479566820280727e-01
-5.634479566820280727e-01
-5.634479566820280727e-01
-5.634479566820280727e-01
-5.634479566820280727e-01
-6.864360608140103182e-01
-6.864360608140103182e-01
-6.797672252314598262e-01
-6.797672252314598262e-01
-6.797672252314598262e-01
-6.797672252314598262e-01
-6.797672252314598262e-01
-6.797672252314598262e-01
-6.797672252314598262e-01
-5.741766926532432258e-01
-5.998166109565795656e-01
-5.370290945818511075e-01
-5.370290945818511075e-01
-6.050349027992646400e-01
-5.431032728411505639e-01
-5.431032728411505639e-01
-6.375957949732592445e-01
-6.375957949732592445e-01
-6.375957949732592445e-01
-6.375957949732592445e-01
-6.375957949732592445e-01
-6.375957949732592445e-01
-6.375957949732592445e-01
-6.868765371119690544e-01
-6.012669085721012996e-01
-6.012669085721012996e-01
-6.012669085721012996e-01
-5.678446055421764171e-01
-5.678446055421764171e-01
-5.678446055421764171e-01
-5.678446055421764171e-01
-5.678446055421764171e-01
-5.678446055421764171e-01
-5.678446055421764171e-01
-5.678446055421764171e-01
-5.678446055421764171e-01
-5.678446055421764171e-01
-6.121285922351615838e-01
-6.121285922351615838e-01
-6.121285922351615838e-01
-6.121285922351615838e-01
-6.121285922351615838e-01
-6.254215732359581503e-01
-4.824020083258747094e-01
-4.824020083258747094e-01
-4.824020083258747094e-01
-4.697537508383999860e-01
-4.697537508383999860e-01
-4.697537508383999860e-01
-4.697537508383999860e-01
-4.697537508383999860e-01
-4.697537508383999860e-01
-4.697537508383999860e-01
-4.697537508383999860e-01
-3.950245597540562592e-01
-3.950245597540562592e-01
-4.434269181040104701e-01
-3.845924917979138269e-01
-3.845924917979138269e-01
-3.845924917979138269e-01
-3.845924917979138269e-01
-3.845924917979138269e-01
-3.845924917979138269e-01
-3.887052839093486090e-01
-3.887052839093486090e-01
-3.807714273055922694e-01
-3.807714273055922694e-01
-3.807714273055922694e-01
-5.552778891952210305e-01
-5.552778891952210305e-01
-5.552778891952210305e-01
-5.552778891952210305e-01
-5.552778891952210305e-01
-5.552778891952210305e-01
-5.037611396704352318e-01
-5.037611396704352318e-01
-5.239681857171687440e-01
-5.239681857171687440e-01
-5.239681857171687440e-01
-5.492461248225051218e-01
-5.497974374271351605e-01
-5.497974374271351605e-01
-5.497974374271351605e-01
-5.497974374271351605e-01
-4.771909608439119932e-01
-4.771909608439119932e-01
-5.182649211635292907e-01
-5.182649211635292907e-01
-5.182649211635292907e-01
-5.146701557416547557e-01
-5.146701557416547557e-01
-5.146701557416547557e-01
-5.146701557416547557e-01
-5.146701557416547557e-01
-5.008911221354359622e-01
-5.008911221354359622e-01
-5.008911221354359622e-01
-5.008911221354359622e-01
-4.997817014313115092e-01
-4.997817014313115092e-01
-4.997817014313115092e-01
-4.997817014313115092e-01
-4.997817014313115092e-01
-4.997817014313115092e-01
-4.997817014313115092e-01
-3.719106554779103013e-01
-3.719106554779103013e-01
-3.416435662662383743e-01
-3.676350540010375201e-01
-3.676350540010375201e-01
-3.676350540010375201e-01
-3.676350540010375201e-01
-3.676350540010375201e-01
-3.676350540010375201e-01
-3.816973917328367882e-01
-3.667771353229836717e-01
-3.667771353229836717e-01
-3.667771353229836717e-01
-3.667771353229836717e-01
-3.667771353229836717e-01
-3.667771353229836717e-01
-3.667771353229836717e-01
-3.667771353229836717e-01
-3.667771353229836717e-01
-3.667771353229836717e-01
-3.667771353229836717e-01
-3.667771353229836717e-01
-3.667771353229836717e-01
-3.667771353229836717e-01
-3.667771353229836717e-01
-3.599742129000053636e-01
-3.599742129000053636e-01
-3.599742129000053636e-01
-3.599742129000053636e-01
-4.382683383122455423e-01
-4.382683383122455423e-01
-4.382683383122455423e-01
-4.382683383122455423e-01
-4.382683383122455423e-01
-4.382683383122455423e-01
-6.196434492383225967e-01
-6.196434492383225967e-01
-6.196434492383225967e-01
-6.196434492383225967e-01
-6.196434492383225967e-01
-6.203866806113017551e-01
-6.203866806113017551e-01
-6.203866806113017551e-01
-6.203866806113017551e-01
-6.203866806113017551e-01
-6.249634793419458489e-01
-6.249634793419458489e-01
-6.242135951456705412e-01
-6.242135951456705412e-01
-6.242135951456705412e-01
-6.869070547064956012e-01
-6.869070547064956012e-01
-6.869070547064956012e-01
-7.277836489431565026e-01
-7.165154700681846123e-01
-7.165154700681846123e-01
-7.165154700681846123e-01
-6.976022863703795762e-01
-6.976022863703795762e-01
-6.976022863703795762e-01
-6.976022863703795762e-01
-6.976022863703795762e-01
-6.976022863703795762e-01
-6.976022863703795762e-01
-6.976022863703795762e-01
-6.976022863703795762e-01
-6.976022863703795762e-01
-6.323547047056496950e-01
-6.323547047056496950e-01
-6.323547047056496950e-01
-6.323547047056496950e-01
-6.323547047056496950e-01
-6.323547047056496950e-01
-6.323547047056496950e-01
-6.323547047056496950e-01
-5.597766048835696173e-01
-5.597766048835696173e-01
-5.597766048835696173e-01
-5.597766048835696173e-01
-5.597766048835696173e-01
-5.597766048835696173e-01
-5.447665256478120277e-01
-5.245753885558337437e-01
-5.245753885558337437e-01
-5.245753885558337437e-01
-5.245753885558337437e-01
-5.245753885558337437e-01
-5.245753885558337437e-01
-5.245753885558337437e-01
-5.377394781230139253e-01
-5.377394781230139253e-01
-5.377394781230139253e-01
-5.377394781230139253e-01
-5.377394781230139253e-01
-5.377394781230139253e-01
-6.247286449771510819e-01
-6.350510330272937098e-01
-6.350510330272937098e-01
-6.350510330272937098e-01
-6.350510330272937098e-01
-6.350510330272937098e-01
-5.935002091786376610e-01
-5.740168898251841734e-01
-5.740168898251841734e-01
-5.740168898251841734e-01
-5.740168898251841734e-01
-6.068827005985208967e-01
-6.068827005985208967e-01
-6.068827005985208967e-01
-6.068827005985208967e-01
-6.068827005985208967e-01
-6.068827005985208967e-01
-6.068827005985208967e-01
-6.068827005985208967e-01
-6.057212164882505023e-01
-6.057212164882505023e-01
-5.908680620040637210e-01
-5.908680620040637210e-01
-5.908680620040637210e-01
-5.908680620040637210e-01
-5.908680620040637210e-01
-5.908680620040637210e-01
-5.908680620040637210e-01
-5.908680620040637210e-01
-5.908680620040637210e-01
-5.908680620040637210e-01
-5.640799811668342212e-01
-5.524299950161553063e-01
-5.524299950161553063e-01
-5.524299950161553063e-01
-5.524299950161553063e-01
-5.890591865248867576e-01
-5.890591865248867576e-01
-5.989564773499416184e-01
-5.989564773499416184e-01
-5.989564773499416184e-01
-5.989564773499416184e-01
-5.989564773499416184e-01
-5.989564773499416184e-01
-5.989564773499416184e-01
-5.871186411127367055e-01
-5.871186411127367055e-01
-5.871186411127367055e-01
-5.871186411127367055e-01
-5.871186411127367055e-01
-5.871186411127367055e-01
-5.871186411127367055e-01
-5.871186411127367055e-01
-5.871186411127367055e-01
-5.871186411127367055e-01
-5.871186411127367055e-01
-5.871186411127367055e-01
-5.871186411127367055e-01
-5.871186411127367055e-01
-5.871186411127367055e-01
-5.871186411127367055e-01
-5.871186411127367055e-01
-5.871186411127367055e-01
-5.871186411127367055e-01
-5.416727093709753360e-01
-5.416727093709753360e-01
-5.416727093709753360e-01
-5.416727093709753360e-01
-5.416727093709753360e-01
-5.416727093709753360e-01
-5.416727093709753360e-01
-5.416727093709753360e-01
-5.416727093709753360e-01
-5.416727093709753360e-01
-5.310977455074183951e-01
-5.310977455074183951e-01
-5.310977455074183951e-01
-5.310977455074183951e-01
-5.277946803409149235e-01
-5.277946803409149235e-01
-5.277946803409149235e-01
-5.277946803409149235e-01
-5.277946803409149235e-01
-5.277946803409149235e-01
