# Variable: dg_gbvi_00000103
# Sample shape: (1000,)
# Date: 2013-03-07 22:55:08.637073
-8.220632074657898691e-01
-1.243706088806772803e+00
-8.291943435601906165e-01
-1.506481535077018874e-01
7.249933979548286445e-01
2.115292648669387654e-01
2.007372012663432015e-01
-9.024488785103336186e-01
-1.147752790015017954e+00
-1.949465610892030742e+00
-2.270139106195536161e-01
-2.270139106195536161e-01
-2.270139106195536161e-01
-4.108826928913312249e-01
-1.385686846734415223e+00
-1.385686846734415223e+00
-1.448049316814813414e+00
-1.448049316814813414e+00
-1.165494076035396454e+00
-1.165494076035396454e+00
-1.296572326643220974e+00
-1.296572326643220974e+00
-1.296572326643220974e+00
-1.296572326643220974e+00
-1.296572326643220974e+00
-1.296572326643220974e+00
-1.296572326643220974e+00
-1.296572326643220974e+00
-4.721043121744428750e-01
-1.108250079588475989e+00
-1.071329966137973599e+00
-1.042957631707803534e+00
-9.764795486219642884e-01
-9.764795486219642884e-01
-9.764795486219642884e-01
-5.147788346638658696e-01
-1.054323613512386570e+00
-1.054323613512386570e+00
-1.054323613512386570e+00
-1.054323613512386570e+00
-1.054323613512386570e+00
-1.054323613512386570e+00
-1.013462029019163824e+00
-1.013462029019163824e+00
-8.694269508340847219e-01
-9.523859088083025393e-01
-9.523859088083025393e-01
-9.523859088083025393e-01
-9.523859088083025393e-01
-9.523859088083025393e-01
-9.523859088083025393e-01
-9.523859088083025393e-01
-7.991932751317414318e-01
-7.991932751317414318e-01
-7.991932751317414318e-01
-7.991932751317414318e-01
-7.991932751317414318e-01
-9.769246494949457293e-01
-7.409462287584767104e-01
-7.409462287584767104e-01
-8.189823930398211216e-01
-8.189823930398211216e-01
-8.189823930398211216e-01
-8.189823930398211216e-01
-8.189823930398211216e-01
-8.189823930398211216e-01
-8.189823930398211216e-01
-8.189823930398211216e-01
-8.189823930398211216e-01
-8.189823930398211216e-01
-1.136890023729557830e+00
-1.969202040899561412e-01
-1.969202040899561412e-01
-8.209032026729519149e-01
-5.356412460322117486e-01
-5.356412460322117486e-01
-5.356412460322117486e-01
-5.356412460322117486e-01
-6.576649524635972410e-01
-6.887041588925043589e-01
-6.887041588925043589e-01
-6.887041588925043589e-01
-6.893445208012535241e-01
-6.893445208012535241e-01
-6.893445208012535241e-01
-6.893445208012535241e-01
-6.178779355851807820e-01
-5.847326064030874404e-01
-7.185975862264057934e-01
-5.934261114276490057e-01
-5.934261114276490057e-01
-5.934261114276490057e-01
-5.934261114276490057e-01
-5.934261114276490057e-01
-5.934261114276490057e-01
-6.028663747206149948e-01
-6.028663747206149948e-01
-5.532995221678352893e-01
-5.532995221678352893e-01
-1.221073848664989470e+00
-1.221073848664989470e+00
-1.221073848664989470e+00
-1.221073848664989470e+00
-8.591021843102115696e-01
-8.591021843102115696e-01
-8.591021843102115696e-01
-8.591021843102115696e-01
-8.591021843102115696e-01
-8.591021843102115696e-01
-8.591021843102115696e-01
-1.070855113300516193e+00
-9.322683510888833958e-01
-1.011494956319829441e+00
-1.011494956319829441e+00
-1.011494956319829441e+00
-1.011494956319829441e+00
-1.086048650869352539e+00
-1.086048650869352539e+00
-1.086048650869352539e+00
-1.211029477880776639e+00
-1.127705931690743402e+00
-9.016955966571641445e-01
-8.626741083607418759e-01
-1.183713204563298760e+00
-6.895578433415525677e-01
-6.895578433415525677e-01
-6.748065454312808242e-01
-6.748065454312808242e-01
-6.809548576973846190e-01
-1.033111263418930337e+00
-4.605931684595555020e-01
-5.239215153825470539e-01
-5.239215153825470539e-01
-6.911634359647175208e-01
-6.911634359647175208e-01
-5.941690729269343274e-01
-5.941690729269343274e-01
-5.941690729269343274e-01
-5.941690729269343274e-01
-5.831422058015012233e-01
-5.831422058015012233e-01
-5.831422058015012233e-01
-5.831422058015012233e-01
-5.831422058015012233e-01
-7.950914963356767728e-01
-7.950914963356767728e-01
-7.597030484887198343e-01
-7.597030484887198343e-01
-7.597030484887198343e-01
-7.418085016867539405e-01
-7.418085016867539405e-01
-7.418085016867539405e-01
-7.291329121350299536e-01
-6.387996753754144885e-01
-6.387996753754144885e-01
-4.281494724657535222e-01
-4.281494724657535222e-01
-4.941787952850624221e-01
-4.650740379975279448e-01
-4.650740379975279448e-01
-4.650740379975279448e-01
-4.650740379975279448e-01
-4.650740379975279448e-01
-5.186202715461647461e-01
-5.474724884339947639e-01
-8.485931850895402917e-01
-8.485931850895402917e-01
-8.485931850895402917e-01
-3.790637319272118777e-01
-3.790637319272118777e-01
-6.851069171979754513e-01
-6.851069171979754513e-01
-6.851069171979754513e-01
-7.448699669105306453e-01
-7.448699669105306453e-01
-6.706940011485924558e-01
-6.706940011485924558e-01
-6.706940011485924558e-01
-6.529846247981012652e-01
-6.529846247981012652e-01
-6.529846247981012652e-01
-6.529846247981012652e-01
-6.529846247981012652e-01
-6.529846247981012652e-01
-3.883581288198821313e-01
-2.067048679835248870e-01
-2.299326737016720579e-01
-2.299326737016720579e-01
-2.299326737016720579e-01
-2.299326737016720579e-01
-2.299326737016720579e-01
-2.299326737016720579e-01
-1.317444818221557012e+00
-5.060270795568595492e-01
-5.097930268710474389e-01
-5.097930268710474389e-01
-4.538433810335031349e-01
-4.538433810335031349e-01
-4.538433810335031349e-01
-4.538433810335031349e-01
-4.767546489050854541e-01
-4.767546489050854541e-01
-4.767546489050854541e-01
-4.767546489050854541e-01
-4.767546489050854541e-01
-4.767546489050854541e-01
-4.767546489050854541e-01
-5.823510648019450953e-01
-5.823510648019450953e-01
-6.542970456856206374e-01
-7.555675699255114397e-01
-7.555675699255114397e-01
-7.555675699255114397e-01
-7.555675699255114397e-01
-9.529176582529009787e-01
-8.755129826538388116e-01
-5.391534819622234576e-01
-5.015306021514887025e-01
-5.015306021514887025e-01
-4.401889319653128907e-01
-4.401889319653128907e-01
-3.619111278615213534e-01
-3.886375432302594524e-01
-3.886375432302594524e-01
-3.886375432302594524e-01
-3.886375432302594524e-01
-3.886375432302594524e-01
-3.776129305621196419e-01
-3.776129305621196419e-01
-5.080016265058674430e-01
-5.080016265058674430e-01
-5.080016265058674430e-01
-5.080016265058674430e-01
-7.337617926683097647e-01
-5.410940778794810502e-01
-5.410940778794810502e-01
-4.949605169615395872e-01
-5.220928251761698391e-01
-5.220928251761698391e-01
-5.220928251761698391e-01
-5.220928251761698391e-01
-5.220928251761698391e-01
-5.220928251761698391e-01
-5.220928251761698391e-01
-5.220928251761698391e-01
-5.220928251761698391e-01
-5.220928251761698391e-01
-5.220928251761698391e-01
-5.220928251761698391e-01
-5.220928251761698391e-01
-5.220928251761698391e-01
-5.220928251761698391e-01
-5.220928251761698391e-01
-5.220928251761698391e-01
-5.411122765512033084e-01
-5.411122765512033084e-01
-5.411122765512033084e-01
-5.411122765512033084e-01
-5.488654583291912026e-01
-5.488654583291912026e-01
-5.488654583291912026e-01
-5.488654583291912026e-01
-5.495060634787735099e-01
-6.671403598380345468e-01
-6.342572809206261653e-01
-5.407751053142179076e-01
-5.407751053142179076e-01
-5.407751053142179076e-01
-7.262329270157877881e-01
-7.262329270157877881e-01
-6.070437489409336029e-01
-6.693984769610651364e-01
-6.693984769610651364e-01
-6.693984769610651364e-01
-6.693984769610651364e-01
-6.693984769610651364e-01
-6.693984769610651364e-01
-2.238529764828963431e-01
-7.694936476061625674e-01
-7.694936476061625674e-01
-7.694936476061625674e-01
-7.694936476061625674e-01
-7.694936476061625674e-01
-7.694936476061625674e-01
-7.694936476061625674e-01
-7.694936476061625674e-01
-7.831117288486967309e-01
-7.831117288486967309e-01
-7.335291158161963976e-01
-3.218786737420003541e-01
-3.226990563772423881e-01
-3.609744609191701259e-01
-4.342588397688936230e-01
-3.664415321398802328e-01
-3.664415321398802328e-01
-6.092379918302041064e-01
-6.546260796010939798e-01
-6.546260796010939798e-01
-6.854808569633011883e-01
-6.854808569633011883e-01
-6.854808569633011883e-01
-6.854808569633011883e-01
-6.854808569633011883e-01
-5.437815953804570057e-01
-5.437815953804570057e-01
-5.437815953804570057e-01
-5.437815953804570057e-01
-5.457919697082727062e-01
-5.457919697082727062e-01
-5.518247167691177069e-01
-5.846726563831142753e-01
-5.952108922815135816e-01
-5.952108922815135816e-01
-5.952108922815135816e-01
-5.952108922815135816e-01
-5.952108922815135816e-01
-5.952108922815135816e-01
-6.316338175985655168e-01
-6.316338175985655168e-01
-6.316338175985655168e-01
-6.316338175985655168e-01
-5.881311059420953891e-01
-5.881311059420953891e-01
-5.881311059420953891e-01
-8.759848302624259064e-01
-8.759848302624259064e-01
-8.759848302624259064e-01
-8.759848302624259064e-01
-8.759848302624259064e-01
-8.759848302624259064e-01
-8.759848302624259064e-01
-8.759848302624259064e-01
-8.759848302624259064e-01
-8.224190591074174161e-01
-8.224190591074174161e-01
-7.882939576722792774e-01
-7.882939576722792774e-01
-7.882939576722792774e-01
-7.882939576722792774e-01
-7.894373311811944127e-01
-7.023996337035992577e-01
-6.919183086766234059e-01
-6.798005651141137973e-01
-6.125871092354873149e-01
-7.305308772802570072e-01
-7.305308772802570072e-01
-4.569363967871896137e-01
-5.488428177891864213e-01
-5.488428177891864213e-01
-6.437744653417406537e-01
-6.437744653417406537e-01
-6.437744653417406537e-01
-6.437744653417406537e-01
-7.068137305709346618e-01
-7.068137305709346618e-01
-7.068137305709346618e-01
-7.068137305709346618e-01
-7.068137305709346618e-01
-7.068137305709346618e-01
-7.068137305709346618e-01
-7.644314004600835100e-01
-7.644314004600835100e-01
-7.644314004600835100e-01
-7.644314004600835100e-01
-7.644314004600835100e-01
-6.288871136643165993e-01
-5.107765246066061637e-01
-5.107765246066061637e-01
-5.107765246066061637e-01
-5.851186430416980278e-01
-5.851186430416980278e-01
-5.851186430416980278e-01
-7.840942051699448800e-01
-7.840942051699448800e-01
-7.840942051699448800e-01
-3.618405372680326693e-01
-7.382246173414721557e-01
-7.382246173414721557e-01
-6.363690127847494438e-01
-6.363690127847494438e-01
-6.363690127847494438e-01
-6.363690127847494438e-01
-6.363690127847494438e-01
-6.235038639426324636e-01
-6.972385900318304186e-01
-6.972385900318304186e-01
-5.762695452341964897e-01
-5.179909384645836612e-01
-7.221165665357794916e-01
-7.221165665357794916e-01
-5.391797135390701268e-01
-5.713409933808943908e-01
-5.495464123609252738e-01
-4.979992646159742131e-01
-4.979766690298051413e-01
-4.979766690298051413e-01
-4.961116184139521268e-01
-4.961116184139521268e-01
-6.311622357202406608e-01
-7.538708285237517570e-01
-7.538708285237517570e-01
-7.538708285237517570e-01
-6.185722494857290865e-01
-6.185722494857290865e-01
-6.185722494857290865e-01
-7.791307515740160117e-01
-7.791307515740160117e-01
-7.791307515740160117e-01
-8.668184835703095503e-01
-8.668184835703095503e-01
-8.668184835703095503e-01
-6.841692285453752076e-01
-8.563732840987264838e-01
-8.563732840987264838e-01
-8.563732840987264838e-01
-9.815587018236312522e-01
-9.815587018236312522e-01
-9.815587018236312522e-01
-9.815587018236312522e-01
-9.815587018236312522e-01
-9.815587018236312522e-01
-9.815587018236312522e-01
-7.160660762911700283e-01
-7.160660762911700283e-01
-7.160660762911700283e-01
-7.160660762911700283e-01
-7.160660762911700283e-01
-7.160660762911700283e-01
-7.527362783897231235e-01
-8.231321321362654597e-01
-8.231321321362654597e-01
-8.231321321362654597e-01
-8.231321321362654597e-01
-5.748492575210263356e-01
-5.748492575210263356e-01
-8.214382724088497012e-01
-8.214382724088497012e-01
-8.214382724088497012e-01
-6.999487266039008393e-01
-6.999487266039008393e-01
-6.999487266039008393e-01
-6.999487266039008393e-01
-6.999487266039008393e-01
-6.033295206815504352e-01
-6.659949809936791532e-01
-6.277218394062399343e-01
-6.277218394062399343e-01
-6.277218394062399343e-01
-6.277218394062399343e-01
-6.277218394062399343e-01
-6.277218394062399343e-01
-7.654159653521320772e-01
-7.654159653521320772e-01
-7.532871171373438646e-01
-7.532871171373438646e-01
-7.532871171373438646e-01
-7.532871171373438646e-01
-7.746666197135891885e-01
-8.788952622066835696e-01
-8.788952622066835696e-01
-7.123408211737823903e-01
-7.123408211737823903e-01
-7.123408211737823903e-01
-7.123408211737823903e-01
-7.123408211737823903e-01
-7.123408211737823903e-01
-7.123408211737823903e-01
-7.123408211737823903e-01
-7.094327757736195172e-01
-7.094327757736195172e-01
-7.094327757736195172e-01
-7.066101855596497172e-01
-7.066101855596497172e-01
-7.066101855596497172e-01
-7.066101855596497172e-01
-6.284851182375987833e-01
-6.284851182375987833e-01
-6.284851182375987833e-01
-6.260590373082893789e-01
-6.260590373082893789e-01
-7.279841400284343678e-01
-7.279841400284343678e-01
-7.279841400284343678e-01
-7.279841400284343678e-01
-7.279841400284343678e-01
-7.279841400284343678e-01
-7.889798396981184680e-01
-7.889798396981184680e-01
-7.889798396981184680e-01
-7.889798396981184680e-01
-7.911391599337387337e-01
-4.271787118537636041e-01
-4.271787118537636041e-01
-4.271787118537636041e-01
-4.405245548820702628e-01
-4.405245548820702628e-01
-4.405245548820702628e-01
-4.405245548820702628e-01
-4.405245548820702628e-01
-4.405245548820702628e-01
-4.405245548820702628e-01
-4.636703862387607789e-01
-4.636703862387607789e-01
-4.889496989638104640e-01
-4.762154604777225630e-01
-4.762154604777225630e-01
-4.762154604777225630e-01
-4.821073199016707167e-01
-4.821073199016707167e-01
-4.821073199016707167e-01
-4.821073199016707167e-01
-7.497866801733384934e-01
-7.497866801733384934e-01
-7.497866801733384934e-01
-7.497866801733384934e-01
-7.497866801733384934e-01
-8.307146720181979305e-01
-8.624295214814908794e-01
-8.624295214814908794e-01
-8.624295214814908794e-01
-8.624295214814908794e-01
-8.624295214814908794e-01
-8.624295214814908794e-01
-8.624295214814908794e-01
-8.624295214814908794e-01
-8.624295214814908794e-01
-1.026472033924145544e+00
-6.870880870066526924e-01
-6.870880870066526924e-01
-6.870880870066526924e-01
-6.870880870066526924e-01
-6.870880870066526924e-01
-6.870880870066526924e-01
-8.209131423331024191e-01
-8.117240085497983149e-01
-5.360931084722287965e-01
-5.360931084722287965e-01
-5.360931084722287965e-01
-3.710932536575362040e-01
-2.795316650103913947e-01
-1.157509000330640969e+00
-1.184235014029360045e+00
-1.184235014029360045e+00
-3.487799733748643272e-01
-9.747925820734811841e-01
-9.188382050175022409e-01
-9.188382050175022409e-01
-9.188382050175022409e-01
-8.396761699395698386e-01
-9.473040696623672430e-01
-9.473040696623672430e-01
-9.473040696623672430e-01
-9.407171416592400304e-01
-9.407171416592400304e-01
-9.407171416592400304e-01
-1.064167935453147695e+00
-8.975416854338620354e-01
-8.975416854338620354e-01
-8.975416854338620354e-01
-1.060995182334349307e+00
-8.542022032993841218e-01
-8.542022032993841218e-01
-8.542022032993841218e-01
-8.542022032993841218e-01
-8.542022032993841218e-01
-7.528043719486020580e-01
-9.903147311701406830e-01
-9.903147311701406830e-01
-1.007313056084871983e+00
-1.007313056084871983e+00
-1.007313056084871983e+00
-1.007313056084871983e+00
-1.007313056084871983e+00
-1.007313056084871983e+00
-1.007313056084871983e+00
-1.084984084689569084e+00
-1.084984084689569084e+00
-1.084984084689569084e+00
-5.529993671794866117e-01
-6.658282689023367062e-01
-5.407780829802113498e-01
-4.184867129877506975e-01
-4.184867129877506975e-01
-4.184867129877506975e-01
-4.184867129877506975e-01
-4.184867129877506975e-01
-9.067026684707327755e-01
-9.067026684707327755e-01
-9.067026684707327755e-01
-8.925232020997886373e-01
-8.925232020997886373e-01
-8.471624236044114076e-01
-8.471624236044114076e-01
-8.471624236044114076e-01
-8.471624236044114076e-01
-3.481382236699148147e-01
-3.481382236699148147e-01
-8.154842325800933933e-01
-8.154842325800933933e-01
-8.154842325800933933e-01
-7.936185019575063837e-01
-8.153656488427788451e-01
-8.153656488427788451e-01
-8.729183949217086402e-01
-8.729183949217086402e-01
-6.375753622362525519e-01
-6.375753622362525519e-01
-6.375753622362525519e-01
-6.375753622362525519e-01
-6.375753622362525519e-01
-6.375753622362525519e-01
-6.375753622362525519e-01
-8.753223677151850124e-01
-8.753223677151850124e-01
-8.753223677151850124e-01
-8.753223677151850124e-01
-8.608577044910101783e-01
-7.687530306781829026e-01
-5.355700267839422768e-01
-4.382729829535310095e-01
-6.153406920229550492e-01
-4.800024649388842657e-01
-4.800024649388842657e-01
-4.648498873203787407e-01
-4.648498873203787407e-01
-4.648498873203787407e-01
-4.648498873203787407e-01
-5.901903888897189754e-01
-5.901903888897189754e-01
-5.901903888897189754e-01
-5.906053235299104642e-01
-5.906053235299104642e-01
-5.455457913625199051e-01
-5.455457913625199051e-01
-5.455457913625199051e-01
-5.455457913625199051e-01
-5.455457913625199051e-01
-5.455457913625199051e-01
-5.455457913625199051e-01
-5.497007906620832163e-01
-5.497007906620832163e-01
-4.984001868507801913e-01
-4.984001868507801913e-01
-4.984001868507801913e-01
-4.984001868507801913e-01
-4.984001868507801913e-01
-5.173245256172840367e-01
-5.357097674607483873e-01
-6.185425071731927016e-01
-6.185425071731927016e-01
-6.185425071731927016e-01
-8.692063439582933260e-01
-8.692063439582933260e-01
-8.692063439582933260e-01
-8.692063439582933260e-01
-8.674230759358286802e-01
-8.674230759358286802e-01
-4.764753174609866471e-01
-4.764753174609866471e-01
-4.675542055183061763e-01
-4.675542055183061763e-01
-5.713242024099135508e-01
-5.641376858159092844e-01
-5.641376858159092844e-01
-5.641376858159092844e-01
-5.524013655440849213e-01
-5.311006898173646906e-01
-5.311006898173646906e-01
-4.862780290679139528e-01
-4.862780290679139528e-01
-4.862780290679139528e-01
-4.862780290679139528e-01
-4.862780290679139528e-01
-4.862780290679139528e-01
-6.011103443855537742e-01
-6.055107701875929171e-01
-6.055107701875929171e-01
-8.349637469927612132e-01
-8.349637469927612132e-01
-8.349637469927612132e-01
-8.349637469927612132e-01
-8.349637469927612132e-01
-1.098194528431736261e+00
-1.098194528431736261e+00
-1.098194528431736261e+00
-6.047200027984751536e-01
-6.047200027984751536e-01
-7.946679526226423373e-01
-7.946679526226423373e-01
-9.002845373330236045e-01
-9.002845373330236045e-01
-9.002845373330236045e-01
-5.929886043200593981e-01
-5.929886043200593981e-01
-5.617097074986202587e-01
-1.137008954853998555e+00
-1.137008954853998555e+00
-1.067552265130662592e+00
-1.067552265130662592e+00
-1.067552265130662592e+00
-4.234800495302856183e-01
-4.695012032655309087e-01
-4.695012032655309087e-01
-4.695012032655309087e-01
-4.833323500213615453e-01
-7.497865709840689785e-01
-7.497865709840689785e-01
-7.497865709840689785e-01
-7.497865709840689785e-01
-7.497865709840689785e-01
-7.246358061594315725e-01
-6.283306847816555463e-01
-7.544358234723903545e-01
-7.544358234723903545e-01
-7.544358234723903545e-01
-7.472365765122405135e-01
-7.472365765122405135e-01
-6.565138881827375927e-01
-6.415135650727209482e-01
-6.415135650727209482e-01
-5.981999577229867304e-01
-5.981999577229867304e-01
-7.907309031051145132e-01
-7.907309031051145132e-01
-8.166246670157033538e-01
-8.166246670157033538e-01
-8.850912610360229804e-01
-7.758091449955623053e-01
-7.758091449955623053e-01
-7.758091449955623053e-01
-7.837249279161905280e-01
-7.837249279161905280e-01
-3.606993583446978513e-01
-3.606993583446978513e-01
-3.606993583446978513e-01
-3.606993583446978513e-01
-3.606993583446978513e-01
-3.276451637545477746e-01
-3.276451637545477746e-01
-4.808907057186670442e-01
-8.609497791729860960e-01
-9.207847264702846424e-01
-9.207847264702846424e-01
-1.047665076412347629e+00
-1.047665076412347629e+00
-1.047665076412347629e+00
-1.047665076412347629e+00
-1.047665076412347629e+00
-8.047951187586080968e-01
-8.047951187586080968e-01
-8.047951187586080968e-01
-8.047951187586080968e-01
-8.047951187586080968e-01
-7.264113287133239227e-01
-9.538602321785295546e-01
-9.538602321785295546e-01
-9.538602321785295546e-01
-9.538602321785295546e-01
-9.923306048005681168e-01
-9.923306048005681168e-01
-9.923306048005681168e-01
-8.643167480410700598e-01
-8.283281742052241992e-01
-8.283281742052241992e-01
-8.283281742052241992e-01
-8.283281742052241992e-01
-1.044333825521103654e+00
-6.709001235247934458e-01
-6.709001235247934458e-01
-6.709001235247934458e-01
-6.709001235247934458e-01
-8.187395350437395303e-01
-9.564606281691276912e-01
-7.890567705782015606e-01
-7.890567705782015606e-01
-7.890567705782015606e-01
-7.890567705782015606e-01
-7.890567705782015606e-01
-3.618789217475845144e-01
-3.744212056665074395e-01
-3.744212056665074395e-01
-3.543618468869685900e-01
-3.543618468869685900e-01
-3.240830057327178659e-01
-3.240830057327178659e-01
-5.895640112223955454e-01
-7.172755496033386136e-01
-7.172755496033386136e-01
-8.647726502348772604e-01
-8.887121908618623722e-01
-8.887121908618623722e-01
-6.062192586450770859e-01
-6.084059292662934437e-01
-6.084059292662934437e-01
-6.084059292662934437e-01
-6.722982447533498718e-01
-6.738212737112079243e-01
-6.040817543920005139e-01
-6.040817543920005139e-01
-6.040817543920005139e-01
-6.040817543920005139e-01
-6.040817543920005139e-01
-7.175506474579461669e-01
-7.175506474579461669e-01
-7.175506474579461669e-01
-7.076199261425967224e-01
-7.076199261425967224e-01
-7.076199261425967224e-01
-8.963560813580675468e-01
-8.963560813580675468e-01
-8.593249424834725758e-01
-7.022553112816932730e-01
-7.022553112816932730e-01
-9.505030038516629753e-01
-9.468282707598328907e-01
-9.468282707598328907e-01
-9.468282707598328907e-01
-9.468282707598328907e-01
-4.867730388579655232e-01
-4.867730388579655232e-01
-1.000411992488300816e+00
-1.099275593237846849e+00
-1.099275593237846849e+00
-8.282540948125652891e-01
-8.998781111445446346e-01
-8.998781111445446346e-01
-8.998781111445446346e-01
-8.998781111445446346e-01
-6.242167978482541235e-01
-6.242167978482541235e-01
-6.462398093249680509e-01
-3.611204876981410905e-01
-3.611204876981410905e-01
-3.611204876981410905e-01
-3.611204876981410905e-01
-3.611204876981410905e-01
-3.611204876981410905e-01
-3.611204876981410905e-01
-3.611204876981410905e-01
-6.193703499181569816e-01
-6.193703499181569816e-01
-6.193703499181569816e-01
-6.083929681045971982e-01
-6.083929681045971982e-01
-6.083929681045971982e-01
-6.083929681045971982e-01
-7.746557238318187988e-01
-7.746557238318187988e-01
-7.535089776241232773e-01
-7.535089776241232773e-01
-7.535089776241232773e-01
-7.535089776241232773e-01
-7.535089776241232773e-01
-4.906182859737076574e-01
-8.137674216868904242e-01
-7.623193976793044557e-01
-6.874729613496749492e-01
-7.433216678008724987e-01
-7.433216678008724987e-01
-7.433216678008724987e-01
-7.433216678008724987e-01
-7.433216678008724987e-01
-7.433216678008724987e-01
-7.433216678008724987e-01
-7.433216678008724987e-01
-7.433216678008724987e-01
-6.408665676978430037e-01
-6.408665676978430037e-01
-6.049580501115024989e-01
-6.049580501115024989e-01
-6.049580501115024989e-01
-6.049580501115024989e-01
-6.049580501115024989e-01
-6.049580501115024989e-01
-6.681422484268128015e-01
-6.899888892407304297e-01
-6.899888892407304297e-01
-5.266665034402938650e-01
-4.750781175945283374e-01
-4.750781175945283374e-01
-5.477195098257662265e-01
-6.828024451296981212e-01
-6.828024451296981212e-01
-6.828024451296981212e-01
-6.828024451296981212e-01
-6.828024451296981212e-01
-6.828024451296981212e-01
-4.689819756685262853e-01
-4.689819756685262853e-01
-4.689819756685262853e-01
-5.767283030959829970e-01
-5.767283030959829970e-01
-5.767283030959829970e-01
-5.767283030959829970e-01
-5.767283030959829970e-01
-5.767283030959829970e-01
-5.767283030959829970e-01
-5.767283030959829970e-01
-5.767283030959829970e-01
-5.767283030959829970e-01
-5.767283030959829970e-01
-5.975701221624991621e-01
-5.591968604304865531e-01
-5.228948921378504533e-01
-5.228948921378504533e-01
-4.435970656991044536e-01
-4.435970656991044536e-01
-4.966915807193409971e-01
-4.966915807193409971e-01
-7.277543074093539843e-01
-7.688162293086824306e-01
-7.688162293086824306e-01
-7.688162293086824306e-01
-7.688162293086824306e-01
-6.678985589713741788e-01
-6.678985589713741788e-01
-6.678985589713741788e-01
-6.678985589713741788e-01
-6.678985589713741788e-01
-6.678985589713741788e-01
-6.678985589713741788e-01
-6.678985589713741788e-01
-6.678985589713741788e-01
-6.271738713147059219e-01
-6.271738713147059219e-01
-6.271738713147059219e-01
-5.109915698414553287e-01
-8.435026958564444399e-01
-8.435026958564444399e-01
-8.435026958564444399e-01
-8.435026958564444399e-01
-8.435026958564444399e-01
-8.435026958564444399e-01
-8.435026958564444399e-01
-8.435026958564444399e-01
-9.227303388102424675e-01
-9.227303388102424675e-01
-8.925260325232629022e-01
-5.962451603632467068e-01
-5.962451603632467068e-01
-5.962451603632467068e-01
-5.962451603632467068e-01
-8.176753475631129975e-01
-8.176753475631129975e-01
-8.176753475631129975e-01
-8.176753475631129975e-01
-8.176753475631129975e-01
-7.632010337525716448e-01
-6.782411739928394523e-01
-6.782411739928394523e-01
-6.782411739928394523e-01
-6.782411739928394523e-01
-7.527276624052517962e-01
-7.043901704545352249e-01
-1.037788586390975487e+00
-7.096341521236771976e-01
-7.096341521236771976e-01
-9.764534675647843498e-01
-8.064152589204323096e-01
-8.064152589204323096e-01
-8.064152589204323096e-01
-7.764798429138178859e-01
-7.764798429138178859e-01
-7.764798429138178859e-01
-7.764798429138178859e-01
-6.113534226932610949e-01
-6.113534226932610949e-01
-7.041247447238743185e-01
-7.041247447238743185e-01
-7.041247447238743185e-01
-7.041247447238743185e-01
-7.041247447238743185e-01
-6.868594764311739542e-01
-6.868594764311739542e-01
-6.868594764311739542e-01
-6.868594764311739542e-01
-6.868594764311739542e-01
-6.998039732263842128e-01
-6.998039732263842128e-01
-5.442706913353446696e-01
-5.442706913353446696e-01
-5.442706913353446696e-01
-7.523469138644812704e-01
-7.517180784670647320e-01
-7.517180784670647320e-01
-7.517180784670647320e-01
-7.569076553818516739e-01
-7.569076553818516739e-01
-7.569076553818516739e-01
-7.569076553818516739e-01
-7.422291352947725240e-01
-7.422291352947725240e-01
-7.422291352947725240e-01
-5.209545500692057685e-01
-5.625300452778855265e-01
-5.625300452778855265e-01
-5.766894092658048088e-01
-8.450115864120590903e-01
-8.450115864120590903e-01
-8.292528331001124409e-01
