# Variable: dg_gbvi_00000029
# Sample shape: (1000,)
# Date: 2013-03-07 22:55:08.907910
-6.720342574974993433e-01
-4.470721563133361887e-01
1.150861615270440813e-01
1.000270474503489826e+00
2.579978304490359253e+00
1.830498962013315856e+00
1.785431041010530961e+00
1.876518550784885164e+00
1.293746022737677803e+00
1.293746022737677803e+00
1.293746022737677803e+00
1.293746022737677803e+00
1.293746022737677803e+00
1.293746022737677803e+00
1.293746022737677803e+00
1.293746022737677803e+00
1.293746022737677803e+00
1.293746022737677803e+00
1.265628837020065012e+00
1.265628837020065012e+00
1.214280995764978499e+00
1.214280995764978499e+00
1.214280995764978499e+00
1.214280995764978499e+00
1.214280995764978499e+00
1.214280995764978499e+00
1.214280995764978499e+00
1.214280995764978499e+00
1.214280995764978499e+00
1.214280995764978499e+00
1.511276281505040897e+00
1.553527439083784767e+00
1.553527439083784767e+00
1.553527439083784767e+00
1.553527439083784767e+00
1.553527439083784767e+00
1.553527439083784767e+00
1.553527439083784767e+00
1.553527439083784767e+00
1.553527439083784767e+00
1.553527439083784767e+00
1.553527439083784767e+00
1.553527439083784767e+00
1.553527439083784767e+00
1.553527439083784767e+00
1.553527439083784767e+00
1.553527439083784767e+00
1.553527439083784767e+00
1.553527439083784767e+00
1.553527439083784767e+00
1.553527439083784767e+00
1.553527439083784767e+00
1.553527439083784767e+00
1.553527439083784767e+00
1.553527439083784767e+00
1.553527439083784767e+00
1.553527439083784767e+00
1.553527439083784767e+00
1.553527439083784767e+00
1.553527439083784767e+00
1.444057646336751377e+00
1.444057646336751377e+00
1.444057646336751377e+00
1.444057646336751377e+00
1.444057646336751377e+00
1.444057646336751377e+00
1.444057646336751377e+00
1.444057646336751377e+00
1.444057646336751377e+00
1.444057646336751377e+00
1.444057646336751377e+00
1.444057646336751377e+00
1.444057646336751377e+00
1.444057646336751377e+00
1.444057646336751377e+00
1.444057646336751377e+00
1.444057646336751377e+00
1.444057646336751377e+00
1.444057646336751377e+00
1.394715805717345880e+00
1.394715805717345880e+00
1.394715805717345880e+00
1.393697846855781242e+00
1.393697846855781242e+00
1.393697846855781242e+00
1.393697846855781242e+00
1.496873154378223880e+00
1.549563017874780568e+00
1.356304022527535569e+00
1.356304022527535569e+00
1.356304022527535569e+00
1.356304022527535569e+00
1.356304022527535569e+00
1.356304022527535569e+00
1.356304022527535569e+00
1.356304022527535569e+00
1.356304022527535569e+00
1.356304022527535569e+00
1.356304022527535569e+00
1.356304022527535569e+00
1.356304022527535569e+00
1.356304022527535569e+00
1.356304022527535569e+00
1.356304022527535569e+00
1.356304022527535569e+00
1.356304022527535569e+00
1.356304022527535569e+00
1.356304022527535569e+00
1.356304022527535569e+00
1.356304022527535569e+00
1.356304022527535569e+00
1.356304022527535569e+00
1.356304022527535569e+00
1.356304022527535569e+00
1.356304022527535569e+00
1.356304022527535569e+00
1.356304022527535569e+00
1.356304022527535569e+00
1.356304022527535569e+00
1.356304022527535569e+00
1.356304022527535569e+00
1.356304022527535569e+00
1.410617498650900581e+00
1.410617498650900581e+00
1.410617498650900581e+00
1.410617498650900581e+00
1.432101676811780466e+00
1.432101676811780466e+00
1.415767037565365483e+00
1.436211466352682375e+00
1.436211466352682375e+00
1.322381669716315988e+00
1.322381669716315988e+00
1.309065785152274897e+00
1.309065785152274897e+00
1.309065785152274897e+00
1.309065785152274897e+00
1.309065785152274897e+00
1.309065785152274897e+00
1.409387370072001877e+00
1.409387370072001877e+00
1.409387370072001877e+00
1.409387370072001877e+00
1.409387370072001877e+00
1.409387370072001877e+00
1.409387370072001877e+00
1.467418347908887810e+00
1.467418347908887810e+00
1.467418347908887810e+00
1.493870853714683644e+00
1.493870853714683644e+00
1.493870853714683644e+00
1.496592865919098347e+00
1.496592865919098347e+00
1.496592865919098347e+00
1.496592865919098347e+00
1.496592865919098347e+00
1.383850975518976290e+00
1.433545947633301454e+00
1.433545947633301454e+00
1.433545947633301454e+00
1.433545947633301454e+00
1.433545947633301454e+00
1.403839605740640373e+00
1.403839605740640373e+00
1.403839605740640373e+00
1.403839605740640373e+00
1.403839605740640373e+00
1.403839605740640373e+00
1.403839605740640373e+00
1.403839605740640373e+00
1.403839605740640373e+00
1.403839605740640373e+00
1.403839605740640373e+00
1.403839605740640373e+00
1.514698703482253439e+00
1.514698703482253439e+00
1.514698703482253439e+00
1.541166110594727634e+00
1.541166110594727634e+00
1.541166110594727634e+00
1.541166110594727634e+00
1.541166110594727634e+00
1.541166110594727634e+00
1.541166110594727634e+00
1.541166110594727634e+00
1.541166110594727634e+00
1.541166110594727634e+00
1.541166110594727634e+00
1.541166110594727634e+00
1.541166110594727634e+00
1.541166110594727634e+00
1.541166110594727634e+00
1.694842771646648316e+00
1.683228351596899319e+00
1.683228351596899319e+00
1.683228351596899319e+00
1.683228351596899319e+00
1.683228351596899319e+00
1.683228351596899319e+00
1.644260237866674190e+00
1.644260237866674190e+00
1.644260237866674190e+00
1.644260237866674190e+00
1.644260237866674190e+00
1.644260237866674190e+00
1.644260237866674190e+00
1.644260237866674190e+00
1.644260237866674190e+00
1.644260237866674190e+00
1.495874547952317446e+00
1.495874547952317446e+00
1.495874547952317446e+00
1.495874547952317446e+00
1.469418606065495014e+00
1.594855148502593689e+00
1.594855148502593689e+00
1.594855148502593689e+00
1.594855148502593689e+00
1.594855148502593689e+00
1.594855148502593689e+00
1.594855148502593689e+00
1.553552366126975004e+00
1.553552366126975004e+00
1.553552366126975004e+00
1.553552366126975004e+00
1.553552366126975004e+00
1.553552366126975004e+00
1.553552366126975004e+00
1.553552366126975004e+00
1.553552366126975004e+00
1.553552366126975004e+00
1.553552366126975004e+00
1.553552366126975004e+00
1.553552366126975004e+00
1.553552366126975004e+00
1.624846791530349277e+00
1.587783884259665212e+00
1.587783884259665212e+00
1.587783884259665212e+00
1.587783884259665212e+00
1.587783884259665212e+00
1.587783884259665212e+00
1.587783884259665212e+00
1.587783884259665212e+00
1.587783884259665212e+00
1.587783884259665212e+00
1.587783884259665212e+00
1.587783884259665212e+00
1.587783884259665212e+00
1.587783884259665212e+00
1.587783884259665212e+00
1.587783884259665212e+00
1.587783884259665212e+00
1.555067967374462512e+00
1.555067967374462512e+00
1.555067967374462512e+00
1.555067967374462512e+00
1.555067967374462512e+00
1.555067967374462512e+00
1.555067967374462512e+00
1.555067967374462512e+00
1.553984237407824098e+00
1.553984237407824098e+00
1.601867727140114050e+00
1.601867727140114050e+00
1.601867727140114050e+00
1.601867727140114050e+00
1.601867727140114050e+00
1.601867727140114050e+00
1.601867727140114050e+00
1.488766742394876941e+00
1.488766742394876941e+00
1.488766742394876941e+00
1.488766742394876941e+00
1.488766742394876941e+00
1.488766742394876941e+00
1.488766742394876941e+00
1.488766742394876941e+00
1.488766742394876941e+00
1.488766742394876941e+00
1.488766742394876941e+00
1.488766742394876941e+00
1.488766742394876941e+00
1.488766742394876941e+00
1.488766742394876941e+00
1.488766742394876941e+00
1.488766742394876941e+00
1.571924858368056066e+00
1.571924858368056066e+00
1.571924858368056066e+00
1.498499514748592443e+00
1.375074091324377301e+00
1.375074091324377301e+00
1.375074091324377301e+00
1.375074091324377301e+00
1.298631552826164270e+00
1.298631552826164270e+00
1.298631552826164270e+00
1.298631552826164270e+00
1.298631552826164270e+00
1.298631552826164270e+00
1.298631552826164270e+00
1.531461174313710982e+00
1.531461174313710982e+00
1.531461174313710982e+00
1.531461174313710982e+00
1.531461174313710982e+00
1.531461174313710982e+00
1.521121529312733589e+00
1.456139709904482604e+00
1.433175317669898918e+00
1.433175317669898918e+00
1.433175317669898918e+00
1.433175317669898918e+00
1.433175317669898918e+00
1.433175317669898918e+00
1.371645601787312208e+00
1.371645601787312208e+00
1.371645601787312208e+00
1.371645601787312208e+00
1.371645601787312208e+00
1.371645601787312208e+00
1.371645601787312208e+00
1.306811379522435201e+00
1.306811379522435201e+00
1.306811379522435201e+00
1.306811379522435201e+00
1.306811379522435201e+00
1.306811379522435201e+00
1.306811379522435201e+00
1.306811379522435201e+00
1.306811379522435201e+00
1.409203606355210914e+00
1.409203606355210914e+00
1.464614309232755263e+00
1.464614309232755263e+00
1.464614309232755263e+00
1.464614309232755263e+00
1.462445200056642802e+00
1.462445200056642802e+00
1.462445200056642802e+00
1.483982063099525739e+00
1.583387968665074919e+00
1.401549807116240887e+00
1.401549807116240887e+00
1.580407224707357727e+00
1.580407224707357727e+00
1.580407224707357727e+00
1.413193590881626438e+00
1.413193590881626438e+00
1.413193590881626438e+00
1.413193590881626438e+00
1.316003681786006130e+00
1.316003681786006130e+00
1.316003681786006130e+00
1.316003681786006130e+00
1.316003681786006130e+00
1.316003681786006130e+00
1.316003681786006130e+00
1.316003681786006130e+00
1.316003681786006130e+00
1.316003681786006130e+00
1.316003681786006130e+00
1.316003681786006130e+00
1.554752858944131289e+00
1.554752858944131289e+00
1.554752858944131289e+00
1.554752858944131289e+00
1.554752858944131289e+00
1.554752858944131289e+00
1.554752858944131289e+00
1.554752858944131289e+00
1.554752858944131289e+00
1.554752858944131289e+00
1.554752858944131289e+00
1.554752858944131289e+00
1.554752858944131289e+00
1.554752858944131289e+00
1.554752858944131289e+00
1.554752858944131289e+00
1.554752858944131289e+00
1.554752858944131289e+00
1.554752858944131289e+00
1.409545591650547935e+00
1.409545591650547935e+00
1.409545591650547935e+00
1.524314814776916105e+00
1.524314814776916105e+00
1.524314814776916105e+00
1.524314814776916105e+00
1.386024627950136923e+00
1.421008494710982895e+00
1.421008494710982895e+00
1.421008494710982895e+00
1.421008494710982895e+00
1.421008494710982895e+00
1.421008494710982895e+00
1.421008494710982895e+00
1.421008494710982895e+00
1.421008494710982895e+00
1.421008494710982895e+00
1.421008494710982895e+00
1.421008494710982895e+00
1.421008494710982895e+00
1.421008494710982895e+00
1.421008494710982895e+00
1.421008494710982895e+00
1.421008494710982895e+00
1.421008494710982895e+00
1.421008494710982895e+00
1.421008494710982895e+00
1.421008494710982895e+00
1.421008494710982895e+00
1.421008494710982895e+00
1.421008494710982895e+00
1.421008494710982895e+00
1.421008494710982895e+00
1.421008494710982895e+00
1.421008494710982895e+00
1.421008494710982895e+00
1.421008494710982895e+00
1.421008494710982895e+00
1.421008494710982895e+00
1.421008494710982895e+00
1.421008494710982895e+00
1.421008494710982895e+00
1.421008494710982895e+00
1.370014229459593613e+00
1.370014229459593613e+00
1.370014229459593613e+00
1.370014229459593613e+00
1.370014229459593613e+00
1.370014229459593613e+00
1.370014229459593613e+00
1.370014229459593613e+00
1.370014229459593613e+00
1.370014229459593613e+00
1.561328942825042532e+00
1.561328942825042532e+00
1.561328942825042532e+00
1.561328942825042532e+00
1.561328942825042532e+00
1.561328942825042532e+00
1.561328942825042532e+00
1.561328942825042532e+00
1.561328942825042532e+00
1.561328942825042532e+00
1.561328942825042532e+00
1.561328942825042532e+00
1.561328942825042532e+00
1.283262521127463529e+00
1.283262521127463529e+00
1.307756125333386921e+00
1.307756125333386921e+00
1.307756125333386921e+00
1.307756125333386921e+00
1.330901085970313202e+00
1.330901085970313202e+00
1.330901085970313202e+00
1.330901085970313202e+00
1.330901085970313202e+00
1.330901085970313202e+00
1.330901085970313202e+00
1.330901085970313202e+00
1.330901085970313202e+00
1.330901085970313202e+00
1.330901085970313202e+00
1.336587148033979267e+00
1.336587148033979267e+00
1.336587148033979267e+00
1.336587148033979267e+00
1.336587148033979267e+00
1.336587148033979267e+00
1.336587148033979267e+00
1.371489371906441823e+00
1.371489371906441823e+00
1.371489371906441823e+00
1.371489371906441823e+00
1.371489371906441823e+00
1.371489371906441823e+00
1.371489371906441823e+00
1.371489371906441823e+00
1.371489371906441823e+00
1.371489371906441823e+00
1.371489371906441823e+00
1.279439104231102631e+00
1.279439104231102631e+00
1.279439104231102631e+00
1.279439104231102631e+00
1.279439104231102631e+00
1.444218829080229805e+00
1.444218829080229805e+00
1.444218829080229805e+00
1.444218829080229805e+00
1.444218829080229805e+00
1.444218829080229805e+00
1.444218829080229805e+00
1.444218829080229805e+00
1.444218829080229805e+00
1.444218829080229805e+00
1.388947875115100095e+00
1.388947875115100095e+00
1.350595588483494369e+00
1.350595588483494369e+00
1.350595588483494369e+00
1.350595588483494369e+00
1.350595588483494369e+00
1.350595588483494369e+00
1.350595588483494369e+00
1.350595588483494369e+00
1.350595588483494369e+00
1.350595588483494369e+00
1.350595588483494369e+00
1.350595588483494369e+00
1.350595588483494369e+00
1.350595588483494369e+00
1.350595588483494369e+00
1.350595588483494369e+00
1.350595588483494369e+00
1.350595588483494369e+00
1.350595588483494369e+00
1.350595588483494369e+00
1.350595588483494369e+00
1.350595588483494369e+00
1.350595588483494369e+00
1.350595588483494369e+00
1.350595588483494369e+00
1.350595588483494369e+00
1.350595588483494369e+00
1.350595588483494369e+00
1.350595588483494369e+00
1.350595588483494369e+00
1.350595588483494369e+00
1.377861896171279854e+00
1.377861896171279854e+00
1.377861896171279854e+00
1.377861896171279854e+00
1.377861896171279854e+00
1.537112425117032055e+00
1.537112425117032055e+00
1.491276008435367784e+00
1.491276008435367784e+00
1.491276008435367784e+00
1.491276008435367784e+00
1.491276008435367784e+00
1.491276008435367784e+00
1.491276008435367784e+00
1.422375194226041639e+00
1.275234767415523107e+00
1.275234767415523107e+00
1.275234767415523107e+00
1.284239898986858641e+00
1.284239898986858641e+00
1.284239898986858641e+00
1.284239898986858641e+00
1.284239898986858641e+00
1.284239898986858641e+00
1.284239898986858641e+00
1.284239898986858641e+00
1.580141444670545736e+00
1.580141444670545736e+00
1.580141444670545736e+00
1.580141444670545736e+00
1.580141444670545736e+00
1.580141444670545736e+00
1.580141444670545736e+00
1.580141444670545736e+00
1.580141444670545736e+00
1.580141444670545736e+00
1.580141444670545736e+00
1.580141444670545736e+00
1.580141444670545736e+00
1.580141444670545736e+00
1.580141444670545736e+00
1.388976563089316052e+00
1.388976563089316052e+00
1.388976563089316052e+00
1.388976563089316052e+00
1.388976563089316052e+00
1.521730980355038509e+00
1.414879797739748257e+00
1.414879797739748257e+00
1.414879797739748257e+00
1.414879797739748257e+00
1.414879797739748257e+00
1.414879797739748257e+00
1.414879797739748257e+00
1.414879797739748257e+00
1.450445503355951127e+00
1.450445503355951127e+00
1.512680874427639210e+00
1.512680874427639210e+00
1.512680874427639210e+00
1.512680874427639210e+00
1.512680874427639210e+00
1.512680874427639210e+00
1.512680874427639210e+00
1.512680874427639210e+00
1.512680874427639210e+00
1.512680874427639210e+00
1.512680874427639210e+00
1.512680874427639210e+00
1.399214581598407170e+00
1.399214581598407170e+00
1.399214581598407170e+00
1.399214581598407170e+00
1.399214581598407170e+00
1.399214581598407170e+00
1.399214581598407170e+00
1.399214581598407170e+00
1.399214581598407170e+00
1.399214581598407170e+00
1.399214581598407170e+00
1.399214581598407170e+00
1.399214581598407170e+00
1.418059418505373426e+00
1.418059418505373426e+00
1.418059418505373426e+00
1.606936347432791123e+00
1.606936347432791123e+00
1.606936347432791123e+00
1.606936347432791123e+00
1.606936347432791123e+00
1.606936347432791123e+00
1.606936347432791123e+00
1.606936347432791123e+00
1.409826795061891014e+00
1.409826795061891014e+00
1.409826795061891014e+00
1.409826795061891014e+00
1.409826795061891014e+00
1.409826795061891014e+00
1.409826795061891014e+00
1.409826795061891014e+00
1.409826795061891014e+00
1.409826795061891014e+00
1.409826795061891014e+00
1.409826795061891014e+00
1.409826795061891014e+00
1.409826795061891014e+00
1.493477434823998085e+00
1.493477434823998085e+00
1.493477434823998085e+00
1.493477434823998085e+00
1.493477434823998085e+00
1.466324549801379939e+00
1.431564800332707721e+00
1.431564800332707721e+00
1.431564800332707721e+00
1.431564800332707721e+00
1.431564800332707721e+00
1.431564800332707721e+00
1.431564800332707721e+00
1.431564800332707721e+00
1.431564800332707721e+00
1.431564800332707721e+00
1.431564800332707721e+00
1.431564800332707721e+00
1.448292953206417932e+00
1.448292953206417932e+00
1.448292953206417932e+00
1.448292953206417932e+00
1.448292953206417932e+00
1.448292953206417932e+00
1.405231302749896605e+00
1.405231302749896605e+00
1.405231302749896605e+00
1.405231302749896605e+00
1.405231302749896605e+00
1.405231302749896605e+00
1.405231302749896605e+00
1.405231302749896605e+00
1.405231302749896605e+00
1.405231302749896605e+00
1.405231302749896605e+00
1.405231302749896605e+00
1.405231302749896605e+00
1.405231302749896605e+00
1.405231302749896605e+00
1.405231302749896605e+00
1.405231302749896605e+00
1.405231302749896605e+00
1.405231302749896605e+00
1.405231302749896605e+00
1.405231302749896605e+00
1.405231302749896605e+00
1.405231302749896605e+00
1.405231302749896605e+00
1.405231302749896605e+00
1.405231302749896605e+00
1.405231302749896605e+00
1.405231302749896605e+00
1.405231302749896605e+00
1.453683015329690242e+00
1.453683015329690242e+00
1.453683015329690242e+00
1.607216559666614808e+00
1.607216559666614808e+00
1.607216559666614808e+00
1.607216559666614808e+00
1.540769790141265139e+00
1.540769790141265139e+00
1.540769790141265139e+00
1.520799951357060920e+00
1.338144026839192202e+00
1.338144026839192202e+00
1.338144026839192202e+00
1.338144026839192202e+00
1.338144026839192202e+00
1.464307077217660735e+00
1.464307077217660735e+00
1.464307077217660735e+00
1.464307077217660735e+00
1.464307077217660735e+00
1.464307077217660735e+00
1.464307077217660735e+00
1.464307077217660735e+00
1.491265905309334006e+00
1.491265905309334006e+00
1.491265905309334006e+00
1.491265905309334006e+00
1.491265905309334006e+00
1.491265905309334006e+00
1.491265905309334006e+00
1.491265905309334006e+00
1.384567985465195550e+00
1.520297139033625955e+00
1.520297139033625955e+00
1.520297139033625955e+00
1.508038984359767909e+00
1.508038984359767909e+00
1.508038984359767909e+00
1.508038984359767909e+00
1.508038984359767909e+00
1.508038984359767909e+00
1.508038984359767909e+00
1.508038984359767909e+00
1.508038984359767909e+00
1.291277766888729861e+00
1.291277766888729861e+00
1.291277766888729861e+00
1.291277766888729861e+00
1.430947680295642233e+00
1.430947680295642233e+00
1.430947680295642233e+00
1.430947680295642233e+00
1.430947680295642233e+00
1.430947680295642233e+00
1.430947680295642233e+00
1.430947680295642233e+00
1.430947680295642233e+00
1.430947680295642233e+00
1.430947680295642233e+00
1.430947680295642233e+00
1.430947680295642233e+00
1.430947680295642233e+00
1.430947680295642233e+00
1.375397064778853595e+00
1.375397064778853595e+00
1.375397064778853595e+00
1.375397064778853595e+00
1.428253417210406884e+00
1.428253417210406884e+00
1.428253417210406884e+00
1.428253417210406884e+00
1.428253417210406884e+00
1.428253417210406884e+00
1.428253417210406884e+00
1.428253417210406884e+00
1.428253417210406884e+00
1.428253417210406884e+00
1.225982700157322691e+00
1.471848438977304330e+00
1.471848438977304330e+00
1.471848438977304330e+00
1.471848438977304330e+00
1.471848438977304330e+00
1.471848438977304330e+00
1.453269208577852245e+00
1.453269208577852245e+00
1.486424346446039380e+00
1.486424346446039380e+00
1.486424346446039380e+00
1.486424346446039380e+00
1.486424346446039380e+00
1.486424346446039380e+00
1.486424346446039380e+00
1.486424346446039380e+00
1.486424346446039380e+00
1.486424346446039380e+00
1.486424346446039380e+00
1.486424346446039380e+00
1.486424346446039380e+00
1.486424346446039380e+00
1.486424346446039380e+00
1.483950709673283130e+00
1.483950709673283130e+00
1.483950709673283130e+00
1.483950709673283130e+00
1.483950709673283130e+00
1.483950709673283130e+00
1.299659514812084193e+00
1.299659514812084193e+00
1.299659514812084193e+00
1.315788556416250810e+00
1.315788556416250810e+00
1.315788556416250810e+00
1.315788556416250810e+00
1.315788556416250810e+00
1.372931661753490573e+00
1.372931661753490573e+00
1.372931661753490573e+00
1.372931661753490573e+00
1.377909425416303124e+00
1.377909425416303124e+00
1.377909425416303124e+00
1.377909425416303124e+00
1.377909425416303124e+00
1.377909425416303124e+00
1.377909425416303124e+00
1.377909425416303124e+00
1.377909425416303124e+00
1.503430235982697427e+00
1.395640795594739636e+00
1.395640795594739636e+00
1.395640795594739636e+00
1.395640795594739636e+00
1.395640795594739636e+00
1.395640795594739636e+00
1.337322798174851890e+00
1.399198674818482369e+00
1.399198674818482369e+00
1.399198674818482369e+00
1.399198674818482369e+00
1.399198674818482369e+00
1.399198674818482369e+00
1.399198674818482369e+00
1.399198674818482369e+00
1.399198674818482369e+00
1.399198674818482369e+00
1.399198674818482369e+00
1.399198674818482369e+00
1.399198674818482369e+00
1.399198674818482369e+00
1.399198674818482369e+00
1.429722118190459135e+00
1.429722118190459135e+00
1.429722118190459135e+00
1.429722118190459135e+00
1.429722118190459135e+00
1.429722118190459135e+00
1.429722118190459135e+00
1.429722118190459135e+00
1.429722118190459135e+00
1.429722118190459135e+00
1.429722118190459135e+00
1.429722118190459135e+00
1.429722118190459135e+00
1.429722118190459135e+00
1.429722118190459135e+00
1.429722118190459135e+00
1.429722118190459135e+00
1.429722118190459135e+00
1.429722118190459135e+00
1.429722118190459135e+00
1.411749449598414641e+00
1.411749449598414641e+00
1.414955767144114196e+00
1.414955767144114196e+00
1.414955767144114196e+00
1.414955767144114196e+00
1.414955767144114196e+00
1.414955767144114196e+00
1.254437132914466568e+00
1.298686237250160858e+00
1.298686237250160858e+00
1.298686237250160858e+00
1.466032069457164022e+00
1.466032069457164022e+00
1.466032069457164022e+00
1.466032069457164022e+00
1.466032069457164022e+00
1.466032069457164022e+00
1.466032069457164022e+00
1.466032069457164022e+00
1.466032069457164022e+00
1.466032069457164022e+00
1.466032069457164022e+00
1.466032069457164022e+00
1.466032069457164022e+00
1.466032069457164022e+00
1.466032069457164022e+00
1.466032069457164022e+00
1.466032069457164022e+00
1.466032069457164022e+00
1.466032069457164022e+00
1.466032069457164022e+00
1.466032069457164022e+00
1.466032069457164022e+00
1.466032069457164022e+00
1.466032069457164022e+00
1.528309820929151908e+00
1.588144614707222901e+00
1.588144614707222901e+00
1.588144614707222901e+00
1.588144614707222901e+00
1.588144614707222901e+00
1.588144614707222901e+00
1.588144614707222901e+00
1.528000344164953228e+00
1.528000344164953228e+00
1.528000344164953228e+00
1.528000344164953228e+00
1.528000344164953228e+00
1.528000344164953228e+00
1.528000344164953228e+00
1.528000344164953228e+00
1.528000344164953228e+00
1.528000344164953228e+00
1.528000344164953228e+00
1.528000344164953228e+00
1.528000344164953228e+00
1.607358650262389332e+00
1.607358650262389332e+00
1.607358650262389332e+00
1.607358650262389332e+00
1.459407849792737633e+00
1.459407849792737633e+00
1.459407849792737633e+00
1.459407849792737633e+00
1.459407849792737633e+00
1.459407849792737633e+00
1.459407849792737633e+00
1.459407849792737633e+00
1.362123041205548502e+00
1.362123041205548502e+00
1.421642770368833686e+00
1.421642770368833686e+00
1.421642770368833686e+00
1.421642770368833686e+00
1.421642770368833686e+00
1.421642770368833686e+00
1.421642770368833686e+00
1.421642770368833686e+00
1.421642770368833686e+00
1.421642770368833686e+00
1.528988271819961442e+00
1.575672228496145966e+00
1.575672228496145966e+00
1.575672228496145966e+00
1.575672228496145966e+00
1.428891316711319304e+00
1.428891316711319304e+00
1.428891316711319304e+00
1.428891316711319304e+00
1.428891316711319304e+00
1.428891316711319304e+00
1.428891316711319304e+00
1.428891316711319304e+00
1.428891316711319304e+00
1.475967540787698207e+00
1.475967540787698207e+00
1.475967540787698207e+00
1.475967540787698207e+00
1.475967540787698207e+00
1.475967540787698207e+00
1.475967540787698207e+00
1.475967540787698207e+00
1.475967540787698207e+00
1.475967540787698207e+00
1.475967540787698207e+00
1.475967540787698207e+00
1.475967540787698207e+00
1.475967540787698207e+00
1.475967540787698207e+00
1.475967540787698207e+00
1.475967540787698207e+00
1.475967540787698207e+00
1.475967540787698207e+00
1.475967540787698207e+00
1.475967540787698207e+00
1.475967540787698207e+00
1.475967540787698207e+00
1.475967540787698207e+00
1.475967540787698207e+00
1.475967540787698207e+00
1.475967540787698207e+00
1.475967540787698207e+00
1.475967540787698207e+00
1.518239681099331939e+00
1.518239681099331939e+00
1.518239681099331939e+00
1.518239681099331939e+00
1.435964781835761039e+00
1.435964781835761039e+00
1.435964781835761039e+00
1.435964781835761039e+00
1.435964781835761039e+00
1.435964781835761039e+00
