# Variable: dg_gbvi_00000314
# Sample shape: (1000,)
# Date: 2013-03-07 22:55:07.835135
-4.475852315208820542e+00
-5.479582936799411108e+00
-6.475699998962116233e+00
-6.130421400734266335e+00
-6.709524945049396116e+00
-5.838430525518594649e+00
-6.225849102061941309e+00
-6.198350129260038699e+00
-6.720348487575457774e+00
-6.571124674493272977e+00
-6.545048581477972860e+00
-6.539844048417788436e+00
-6.625788395007280229e+00
-6.443408058367817048e+00
-6.207445012188927080e+00
-6.210173117410576538e+00
-6.212923526654079431e+00
-6.212923526654079431e+00
-6.265256899700777815e+00
-6.265256899700777815e+00
-6.278471273034731404e+00
-6.297351824475571291e+00
-6.293604865836607942e+00
-6.341922045636238181e+00
-5.738494143649926826e+00
-5.728929461714785454e+00
-5.762467624204541394e+00
-5.751886294783159492e+00
-5.902345052176752205e+00
-5.897874308141406452e+00
-5.731351587230258282e+00
-5.723330579912921046e+00
-5.547741803299292229e+00
-5.420215692593238543e+00
-5.422289605803675805e+00
-5.419683382174429020e+00
-5.536953464919128542e+00
-5.550034455624638596e+00
-5.534259919647767312e+00
-5.535139331835160270e+00
-5.624728313571131899e+00
-5.618245085191161614e+00
-5.615953144512935147e+00
-5.634908951818069056e+00
-5.629690286022708712e+00
-5.634196354140912355e+00
-5.631560879222421434e+00
-5.610575855923845445e+00
-5.615722342581105586e+00
-5.620099308298256879e+00
-4.981895888839792619e+00
-5.472852752704203461e+00
-5.483217954174248732e+00
-5.345068477420204189e+00
-5.354402226139040266e+00
-5.469974512670645161e+00
-5.467080760221572078e+00
-4.992346150591937537e+00
-4.976065500289968746e+00
-4.996569905539953282e+00
-5.011786321606361838e+00
-5.009722593499528642e+00
-5.013936755162554881e+00
-5.014219152130472423e+00
-4.995146949899443634e+00
-5.020692006063898205e+00
-5.008863323179819638e+00
-5.008640004569312687e+00
-5.109525386452567375e+00
-5.275017719587827614e+00
-5.263775885299025958e+00
-5.266259091282510241e+00
-5.401414107276747423e+00
-5.409318502135217699e+00
-5.240839317193338509e+00
-5.172163290299456762e+00
-5.172163290299456762e+00
-5.066184817840278853e+00
-5.068287296352911753e+00
-5.167409545432851914e+00
-5.169522223073962586e+00
-5.162323556604626162e+00
-5.166220333828694500e+00
-5.170379084347029419e+00
-5.159733268304626641e+00
-5.190576703974619122e+00
-5.158735925337816219e+00
-5.164976826122860132e+00
-5.208173483336227427e+00
-5.196353558405729878e+00
-4.978282456282616231e+00
-4.908634116401139558e+00
-4.886557506875545798e+00
-4.640283639568697716e+00
-4.626852816262451817e+00
-4.624456650307571692e+00
-4.619308463617239902e+00
-4.629932808729160243e+00
-4.633034950610246838e+00
-4.623498018919064201e+00
-4.624507311640539520e+00
-4.812033120379307860e+00
-4.814554204304451801e+00
-4.653761513744416156e+00
-5.351039098630605118e+00
-5.348153577360407418e+00
-5.581245402557471813e+00
-5.577775680328098673e+00
-5.572820148809193519e+00
-5.564776626802707682e+00
-5.370971923238749390e+00
-5.523543416919273419e+00
-5.536057861322793094e+00
-4.521341420982691872e+00
-4.532483069377419405e+00
-4.678049776666909132e+00
-4.439845922413013568e+00
-4.600241725729237174e+00
-4.488024042301300476e+00
-4.500574560020965897e+00
-4.672646007048736116e+00
-4.670145441964797861e+00
-4.671757559853590536e+00
-4.661064477420651109e+00
-4.781355945137311991e+00
-4.600894848766603928e+00
-4.532288820977693256e+00
-4.526864696473276162e+00
-4.524569282168422468e+00
-4.522441267874929949e+00
-4.521637191156261615e+00
-4.563545286974601822e+00
-4.574467770252068632e+00
-4.565329983531408509e+00
-4.545243882627000964e+00
-4.547254094020848569e+00
-4.533198798870418322e+00
-4.539504414920611630e+00
-4.745187938886214596e+00
-4.868088110811831015e+00
-4.721683605141144824e+00
-4.973002143609019043e+00
-5.113559155141201629e+00
-5.118369735728276915e+00
-5.050970710202356884e+00
-5.263594781003866352e+00
-5.269540327044857975e+00
-4.734788788979085616e+00
-4.879949471253007154e+00
-4.873212591161721896e+00
-4.875689654748466495e+00
-4.883270323659969492e+00
-4.680857529706225151e+00
-4.466134577136055661e+00
-4.355443170033893807e+00
-4.380981414404978125e+00
-4.486980553564608343e+00
-4.494031977870204031e+00
-4.511358772901629344e+00
-4.277165808245994683e+00
-4.275771184169880890e+00
-4.269716821012777608e+00
-4.266854981906080369e+00
-4.258176488521468350e+00
-4.411374888584271403e+00
-4.427085982454966206e+00
-4.470766765281820376e+00
-4.470786590639044711e+00
-4.474836555641134694e+00
-4.335592327628517317e+00
-4.337350465943898392e+00
-4.376689570104498550e+00
-4.372144807234783492e+00
-4.357697287612133152e+00
-4.338492138720607905e+00
-4.342087417166260899e+00
-4.347163899560273492e+00
-4.164915904517608958e+00
-4.105652705883915843e+00
-4.108146657754759623e+00
-4.115968725919190163e+00
-4.324461476556986206e+00
-4.319454847390227670e+00
-4.301277458800753628e+00
-4.298034023339767806e+00
-4.347582174235695263e+00
-4.229774507997587918e+00
-4.218608801538033859e+00
-4.213583332987327346e+00
-4.209589193687244268e+00
-4.518217744211683318e+00
-4.515570122097075867e+00
-4.610572437506517574e+00
-4.601184273175628725e+00
-4.622890612763041140e+00
-4.685587884199596154e+00
-4.638017269194898873e+00
-4.636326559133001624e+00
-4.686383709388624474e+00
-4.691585789907106729e+00
-4.694116909659816983e+00
-4.693180008606120168e+00
-4.673890800800428735e+00
-4.259827569150616888e+00
-5.639573717734066349e+00
-5.505078048593392559e+00
-5.501304460537776997e+00
-5.449189731562878336e+00
-5.454997731292087870e+00
-4.080712762054358400e+00
-4.108945377557288836e+00
-4.115471059969293854e+00
-4.114702046547218828e+00
-4.227782477420033658e+00
-4.212924943824462254e+00
-4.214219925777291209e+00
-4.204643620869287446e+00
-4.206690768184877527e+00
-4.208873111530921918e+00
-4.225937587717195854e+00
-4.211112192777616059e+00
-4.001639688195806066e+00
-4.184669228569266153e+00
-4.338265224521031804e+00
-4.338867734870494708e+00
-4.332776935952227682e+00
-4.535758960028017484e+00
-4.535758960028017484e+00
-4.265043183316069353e+00
-4.258947414529448139e+00
-4.266218356444292148e+00
-4.253244203321887795e+00
-4.262203046711506182e+00
-4.258951019719238396e+00
-4.263754040977908666e+00
-4.269712978930416014e+00
-4.522037354028605627e+00
-4.522037354028605627e+00
-4.560183390086509192e+00
-4.577885352400127950e+00
-4.569255905563069931e+00
-4.562846824681839664e+00
-4.349375664153459553e+00
-5.161617360427250389e+00
-5.159700294446638580e+00
-5.160600032049214470e+00
-5.165702537976233799e+00
-5.151200529379988957e+00
-4.575621956964377013e+00
-4.572442329202251798e+00
-4.577743847879760075e+00
-4.577263531354033965e+00
-4.461396194724882136e+00
-4.598841511442773644e+00
-4.548929461286307152e+00
-4.549168731696571655e+00
-4.554213248374575862e+00
-4.552209305831508956e+00
-4.553491809108073163e+00
-4.543914604268405988e+00
-4.643394006034223587e+00
-4.629347808609011850e+00
-4.626239454371988025e+00
-4.624123663015339503e+00
-4.572331995657004100e+00
-4.567417325820927410e+00
-4.573048887140369168e+00
-4.880282017386697646e+00
-4.893500900406669629e+00
-4.819629550691400866e+00
-4.819629550691400866e+00
-4.820570507072648780e+00
-4.819544621070392942e+00
-4.823565788497881535e+00
-4.823543768176426383e+00
-4.806195273779430899e+00
-4.822041670291514315e+00
-4.829579340093050455e+00
-4.832916991597836720e+00
-4.759136512218570481e+00
-4.753715585632670937e+00
-4.755191022571452208e+00
-4.746350433513633504e+00
-4.738525106258782316e+00
-4.724608174454725251e+00
-4.747855567784818653e+00
-4.742686133695097617e+00
-4.746894486803636681e+00
-4.909629355729538069e+00
-4.999107592165830560e+00
-4.865896461045604582e+00
-4.863399982738136451e+00
-4.827582663762640891e+00
-4.841331031693251852e+00
-4.727547083548364171e+00
-4.751785515655901904e+00
-4.739703162160089356e+00
-4.806298296109877910e+00
-4.557843768220978475e+00
-4.536627881619079261e+00
-4.544492634685656895e+00
-4.549886661940751864e+00
-4.553336907292109714e+00
-4.196843741742162237e+00
-4.210110362536815920e+00
-4.217214128403986351e+00
-4.212137715586424136e+00
-4.231781237659832939e+00
-4.324197121474655070e+00
-4.330872613118378567e+00
-4.332890403409287217e+00
-4.327505130106409581e+00
-4.321422344639872293e+00
-4.323502499282460221e+00
-4.447306426859178430e+00
-4.406601400852973249e+00
-4.419997830577927722e+00
-4.428417818739565526e+00
-4.418722321571599387e+00
-4.427941621355300228e+00
-4.423453198215312021e+00
-4.425746956860282744e+00
-4.441102182054518011e+00
-4.441102182054518011e+00
-4.443203110149671176e+00
-4.449237288244453303e+00
-4.467997579440312172e+00
-4.456157837821216994e+00
-4.457180622676806259e+00
-4.445294388306657574e+00
-4.440594253983541684e+00
-4.463884516423581417e+00
-4.460182858223141977e+00
-4.467000921708763173e+00
-4.458655506417590786e+00
-4.467058810622856591e+00
-4.607704435010270494e+00
-4.608571652532974738e+00
-4.201874006921079818e+00
-4.576931604394673947e+00
-4.405069639155695604e+00
-4.588345399611503339e+00
-4.569520533956112907e+00
-4.539822359840799848e+00
-4.598635395647808544e+00
-4.617405555751475710e+00
-4.572664992940555173e+00
-4.571909585795013164e+00
-4.503292076959050760e+00
-4.507952055102594002e+00
-4.516217250864389854e+00
-4.514334484606004949e+00
-4.528888652839293982e+00
-4.493474072624930926e+00
-4.348982218104073816e+00
-4.465207921650203637e+00
-4.418225473594249664e+00
-4.430089679500372135e+00
-4.407099079521707097e+00
-4.412701323677824305e+00
-4.414744621333983154e+00
-4.353350154678458317e+00
-4.436506612333075417e+00
-4.435186260636113431e+00
-4.439538775671199922e+00
-4.440686519347473826e+00
-4.450763064900741917e+00
-4.376540466775797888e+00
-4.361593845870645580e+00
-4.370773380753520954e+00
-4.363669380546902232e+00
-4.332693482327572454e+00
-4.411502405424781337e+00
-4.411502405424781337e+00
-4.414995975150508123e+00
-4.534373772329383989e+00
-4.527089674886528137e+00
-4.522329218673889706e+00
-4.538634749222556941e+00
-4.452199335310234929e+00
-4.316713371252067333e+00
-4.295052351442516958e+00
-4.307089246909331592e+00
-4.301890717563294331e+00
-4.299515137683848742e+00
-4.311313290472216231e+00
-4.315919287429757389e+00
-4.553361800054038788e+00
-4.494530707533466618e+00
-4.491944742281765102e+00
-4.574648818450261167e+00
-4.552653298384466751e+00
-4.613155318473184607e+00
-4.577240312161695357e+00
-4.630143557246451103e+00
-4.610603711788847647e+00
-4.603265100474217775e+00
-4.614970620064601903e+00
-4.621215703127376173e+00
-4.958426036250735969e+00
-4.911054774025004122e+00
-4.893593110733088558e+00
-4.893935506350228337e+00
-4.888069542941177126e+00
-4.884669188950819141e+00
-4.930627714926147043e+00
-4.931477086523446296e+00
-4.915232205699555657e+00
-4.903323020734593918e+00
-4.965191900532557767e+00
-5.066746094071509887e+00
-5.077091171023904614e+00
-5.066218926173611692e+00
-5.059929325217959573e+00
-5.063891516043172558e+00
-5.066458855256954052e+00
-5.102465606568152623e+00
-5.035145385184809363e+00
-5.038115765738033325e+00
-5.007681935628322201e+00
-4.988976820696843006e+00
-4.986667839427643578e+00
-5.200351450222117755e+00
-5.204066007794199145e+00
-5.082632871816235465e+00
-4.770436158493703616e+00
-5.285079372136112674e+00
-5.285079372136112674e+00
-4.955406543938194019e+00
-4.962301328568420544e+00
-4.856685920303517534e+00
-4.858592439438159438e+00
-4.853773648920727268e+00
-4.861783830793253713e+00
-4.851074156672137150e+00
-4.853065839660142267e+00
-4.853349753652967280e+00
-4.862387954897364750e+00
-4.859705822930478369e+00
-4.870782129804529070e+00
-4.902091047670785073e+00
-4.626070011642255508e+00
-4.926827499526033272e+00
-4.930014207863312237e+00
-4.821406992874134545e+00
-4.571618328567744527e+00
-4.875771195552344395e+00
-4.860662886578768216e+00
-4.879371126078666521e+00
-4.862035684804170366e+00
-4.512589842079479219e+00
-4.434773318624309901e+00
-4.433504194687623468e+00
-4.443555013249151031e+00
-4.460361208029287816e+00
-4.454473677590280012e+00
-4.641731274694753218e+00
-4.626388168739653750e+00
-4.622842443824034753e+00
-4.622842443824034753e+00
-4.556235501950651745e+00
-4.718852981939526181e+00
-4.769165103289795482e+00
-4.672213383354064220e+00
-4.670488593470234484e+00
-4.678142871236939726e+00
-4.678142871236939726e+00
-4.670901257742046120e+00
-4.682408937882952316e+00
-4.675140759373353383e+00
-4.680637017967926639e+00
-4.716418167687345786e+00
-4.658082220686878827e+00
-4.654675710260558930e+00
-4.651811416069104865e+00
-4.201170560897921291e+00
-4.201797351199799913e+00
-4.083145352217975699e+00
-4.102858784617328780e+00
-4.684453808426432886e+00
-4.694622998986607065e+00
-4.663133167408360258e+00
-4.674891939694051146e+00
-4.719055764895616178e+00
-4.754213063852160026e+00
-4.740540184490784625e+00
-4.768739040377653282e+00
-4.773660635277499509e+00
-4.774291003110518794e+00
-4.742000567602533856e+00
-4.745126232201667626e+00
-4.663521783730940840e+00
-4.655138708724897434e+00
-4.649433916073653528e+00
-4.645004451619868746e+00
-4.606122842789281968e+00
-4.792452712143441040e+00
-4.758332856998925386e+00
-4.718723572050056880e+00
-4.652181401747808032e+00
-4.665060093836543409e+00
-4.682174090999140503e+00
-4.689485616809799140e+00
-4.742187466060529211e+00
-4.774062425864174841e+00
-4.754614315653820533e+00
-4.757557115269864134e+00
-4.764302721937608176e+00
-4.766431606938421162e+00
-4.782044902036696854e+00
-4.779711293773963199e+00
-4.783323503826610867e+00
-4.790013181519851670e+00
-4.791703246391537441e+00
-5.023232357036012452e+00
-5.029575133331634973e+00
-5.021960586807917792e+00
-5.020357872131040011e+00
-5.018041623706816168e+00
-5.011245309315146557e+00
-4.986022068736915003e+00
-4.990027473557815618e+00
-4.689459392420194384e+00
-4.683697664480565237e+00
-4.801008371641505512e+00
-4.793837821269628208e+00
-4.748308134971397365e+00
-4.750198556627426960e+00
-4.821084536924996833e+00
-4.804557860442328021e+00
-4.811106327304248254e+00
-4.809715583284686957e+00
-4.904770126725979118e+00
-4.907696145475290095e+00
-4.891450146025164258e+00
-4.894185715831792294e+00
-4.792163583504585489e+00
-4.752192110139479730e+00
-4.815149793122553312e+00
-4.555863844032740140e+00
-4.393759843153365097e+00
-4.380377048938205675e+00
-4.382520734853668998e+00
-4.388631158390640330e+00
-4.379943511359762454e+00
-4.365158745317895495e+00
-4.361410263315370628e+00
-4.365535277262981850e+00
-4.410222746835991359e+00
-4.447983158071971310e+00
-4.079069239747694198e+00
-4.064531961030311891e+00
-4.077302156300121716e+00
-4.074652170930880501e+00
-4.015897034585665715e+00
-4.019135720795756761e+00
-3.990716534603086618e+00
-4.036733367404855777e+00
-4.198343645804527569e+00
-4.167727031320692888e+00
-4.182459316404490757e+00
-4.179292912924990056e+00
-4.188220017036800691e+00
-4.173339920292714389e+00
-4.159819442991117278e+00
-4.146400280316913545e+00
-4.091137357455438384e+00
-4.090927653490267879e+00
-4.073480746688603382e+00
-4.071484692300133545e+00
-4.084597036207963328e+00
-4.312591199498090333e+00
-4.318303571392837270e+00
-4.342961344291090597e+00
-4.567180007558294008e+00
-4.594749059281427073e+00
-4.728811211783006563e+00
-4.730421978659858695e+00
-4.469583191966730595e+00
-4.426042672895399654e+00
-4.513936903104271536e+00
-4.520643224664079085e+00
-4.514820483688560593e+00
-4.505005686934993037e+00
-4.447198808039321882e+00
-4.280049603925554891e+00
-4.281726409176629389e+00
-4.182769267225833865e+00
-4.184960330280548035e+00
-4.183265562781205205e+00
-4.286101863635338738e+00
-4.273033225324031292e+00
-4.268237578026266910e+00
-4.241022904284188044e+00
-4.362755906578768439e+00
-4.292425321499075075e+00
-4.279802335684163239e+00
-4.288785828969206904e+00
-4.333877374908707836e+00
-4.329756834193220882e+00
-4.297407688063877629e+00
-4.294100751157578166e+00
-4.338959897700524593e+00
-4.351373620576231893e+00
-4.395645402113371958e+00
-4.388100607225180028e+00
-4.398223942845238099e+00
-4.404021874382915591e+00
-4.391397719979558190e+00
-4.403482623468841339e+00
-4.410391669063897346e+00
-4.353273559527520042e+00
-4.308136677940938242e+00
-4.306124670846943836e+00
-4.310779437037588480e+00
-4.315380739118618969e+00
-4.320643113140966385e+00
-4.303862534972294540e+00
-4.362433315016396307e+00
-4.362008324844961038e+00
-4.353611322196684341e+00
-4.360433896563251643e+00
-4.626949159512142806e+00
-4.628489323543925948e+00
-4.615723414117749890e+00
-4.623636278748762152e+00
-4.279888385465890011e+00
-4.338237732198382268e+00
-4.306479516750737702e+00
-4.305204085088309540e+00
-4.401961534889159644e+00
-4.416246932244884071e+00
-4.438472344693009219e+00
-4.435347206878139659e+00
-4.163423225109569081e+00
-4.159472835822260350e+00
-4.274590127080671209e+00
-4.283043206236794909e+00
-4.155759083733576276e+00
-3.992356632928403926e+00
-4.773755512942281065e+00
-4.767851487598247395e+00
-4.776405721802292170e+00
-4.767477683851987891e+00
-4.762534854616088609e+00
-4.771929867450186435e+00
-4.779219109260667508e+00
-4.779572520837316318e+00
-4.784222422952183251e+00
-4.777862684480790101e+00
-4.750662048071679244e+00
-4.726672806415626482e+00
-4.720090571203678032e+00
-4.719016707352135853e+00
-4.701502481754494589e+00
-4.473430572000221872e+00
-3.719565085156547823e+00
-3.889125473509645214e+00
-3.900862088110614856e+00
-3.754389762965523847e+00
-3.732969659816092189e+00
-3.723315105122318336e+00
-3.716254738076953945e+00
-4.242719853127184138e+00
-4.242719853127184138e+00
-4.254485382011615080e+00
-4.263576525080694957e+00
-4.267573086157661955e+00
-4.261709800743187948e+00
-4.345438883164713495e+00
-4.352202052617955452e+00
-4.361621199852495856e+00
-4.354991523717567148e+00
-4.348855545289604052e+00
-4.194656450320168872e+00
-4.190586439710769717e+00
-4.194829220140591453e+00
-4.194829220140591453e+00
-4.193842708627509630e+00
-4.199830547456882890e+00
-4.225083975680838932e+00
-4.217531571447335814e+00
-4.194794715328939105e+00
-4.206087657123229739e+00
-4.263246485353826998e+00
-4.414420960007251260e+00
-4.348350922571658117e+00
-4.355661692224669146e+00
-4.356702648275014411e+00
-4.351817830617535243e+00
-4.355082108022142684e+00
-4.355732079702493209e+00
-4.342122398230395142e+00
-4.356951755396735848e+00
-4.503900520152760656e+00
-4.498104284439170542e+00
-4.506104778182171700e+00
-4.472224647728845426e+00
-4.466919290994023406e+00
-4.472225677210914796e+00
-4.374052934079505128e+00
-4.155949861009686330e+00
-4.142089202261625580e+00
-4.205584208430474646e+00
-4.200321564274597463e+00
-4.236632228928011834e+00
-4.222372218626553320e+00
-4.166290834306205504e+00
-4.177563523956833613e+00
-4.185265287148784985e+00
-4.150247080458873583e+00
-4.148179897648447856e+00
-4.141398591668978391e+00
-4.066804695418579918e+00
-4.289954398626581344e+00
-4.182839392158246739e+00
-4.182696755767095986e+00
-4.178429209783153020e+00
-4.209882692325257914e+00
-4.215087731167109553e+00
-4.045661477148716045e+00
-4.032181041960268608e+00
-4.034519451339906304e+00
-4.012130491813909572e+00
-4.495449581159248531e+00
-4.497656397885577029e+00
-4.184596933734179736e+00
-3.927685236776404576e+00
-3.925155481777616195e+00
-3.921614193854356056e+00
-3.947096949714920644e+00
-4.408774800493067580e+00
-4.411789832207017703e+00
-4.415427282787979024e+00
-4.410374589639324938e+00
-4.404364960448459598e+00
-4.406826964672188041e+00
-4.402793592941662837e+00
-4.490838747198435676e+00
-4.542389120966737082e+00
-4.258226033317193959e+00
-4.247398516931272461e+00
-4.249833794756444405e+00
-4.191969783677587991e+00
-4.189019929290663136e+00
-4.085577028372491704e+00
-4.196332319362527485e+00
-4.200305144210051189e+00
-4.190405085165269661e+00
-4.454420608425453842e+00
-4.452568677632229743e+00
-4.452568677632229743e+00
-4.434635711686951254e+00
-4.236661197001557078e+00
-4.113567180425704350e+00
-4.114373346078888716e+00
-4.382087875519075304e+00
-4.376595998408753019e+00
-4.157845356644132906e+00
-4.162730177654462516e+00
-4.127249575349076771e+00
-4.100690901115429554e+00
-4.090228598457145814e+00
-4.088287430476535533e+00
-4.086518015085831124e+00
-4.096910551142048718e+00
-4.102056596599461535e+00
-4.088270780825912887e+00
-4.103385727595175503e+00
-4.106919384881129176e+00
-4.114211930771830339e+00
-4.119343278591540702e+00
-4.125598172984087597e+00
-4.108866168126901641e+00
-4.312880370874305314e+00
-4.319408082401952953e+00
-4.325415307494250072e+00
-4.301389540937080369e+00
-4.305896478196324928e+00
-4.616731183620508716e+00
-4.608009053493341334e+00
-4.595075975530830803e+00
-4.693880042404572350e+00
-4.690056603643206756e+00
-4.689002200392913267e+00
-4.689002200392913267e+00
-4.689682088636379476e+00
-4.684069231614809148e+00
-4.495460093861084694e+00
-4.462196402152050823e+00
-4.458568797907719983e+00
-4.458379572453882389e+00
-4.447042113472767788e+00
-4.453187317152949909e+00
-4.450107380721061823e+00
-4.440195254658702240e+00
-4.428001853184221126e+00
-4.430911140017700589e+00
-4.440247320774711071e+00
-4.431635715435853662e+00
-4.437064988545540878e+00
-4.486164970556519194e+00
-4.190453976326029562e+00
-4.209181944420177679e+00
-4.209181944420177679e+00
-4.210824460465869556e+00
-4.128032043539998419e+00
-4.128419265039110719e+00
-4.131328398474226837e+00
-4.123755989783489007e+00
-4.128808851262930624e+00
-4.140376462875713592e+00
-4.128482366966489181e+00
-4.121713619830740249e+00
-4.117987578340091659e+00
-4.117987578340091659e+00
-4.110455076733560809e+00
-4.140528058014279367e+00
-4.128237623147055224e+00
-4.028767505627814494e+00
-3.993395771258041460e+00
-4.165838345389315300e+00
-4.165848836863799143e+00
-4.078207180129802545e+00
-4.086620999398583365e+00
-4.080869069305867569e+00
-4.121318855908247869e+00
-4.135180665062176963e+00
-4.138683542086369016e+00
-4.145242417474838348e+00
-4.165237281692794724e+00
-4.174734848280390764e+00
-4.176325659254864320e+00
-4.173712828216810777e+00
-4.180389657906766310e+00
-4.084443647370687991e+00
-4.041536652649472927e+00
-4.033539687403824736e+00
-4.037052269266089510e+00
-4.039523656873542201e+00
-4.039523656873542201e+00
-4.020838920588071908e+00
-4.048776811766706452e+00
-4.294060985413929110e+00
-4.300543936376451271e+00
-4.295863215331968021e+00
-3.981057745036426621e+00
-3.974264997745984296e+00
-4.107345661054955244e+00
-4.100860323583146894e+00
-4.112910259725281570e+00
-4.142278057601994412e+00
-4.138294534083581944e+00
-4.134228062873631870e+00
-4.099240049256631657e+00
-4.091351174595928342e+00
-4.228756601314626273e+00
-4.231958900851985561e+00
-4.192679810758344949e+00
-4.180427378909565839e+00
-4.207149074353886853e+00
-4.248234612875872784e+00
-4.237660487908676110e+00
-4.242525739303067311e+00
-4.236523200923203447e+00
-4.244511165096400696e+00
-4.254764423812043006e+00
-4.254552260810166686e+00
-4.230319437377766612e+00
-4.240497654933418126e+00
-4.249449755499844272e+00
-4.247419526114058819e+00
-4.233868492715889609e+00
-4.233868492715889609e+00
-4.398107904903015175e+00
-4.413236481963360269e+00
-4.393440604944466088e+00
-4.395105630668950880e+00
-4.375842047846662197e+00
-4.146825319500587526e+00
-4.148746485124556571e+00
-4.136929562988101772e+00
-4.141340569539420535e+00
-4.568222789691549046e+00
-4.555947383659018968e+00
-4.544823638619390316e+00
-4.882272067001199645e+00
-5.140192435851328234e+00
-5.150117407516019874e+00
-5.146162908464471997e+00
-5.167250509814712345e+00
-4.954511277192778174e+00
-5.003629411829407125e+00
-5.004883568233260860e+00
-4.595793735904649679e+00
-4.625873578501799699e+00
-4.713970829111654659e+00
-4.702100735643732321e+00
-4.700362694858977619e+00
-3.902356440798800286e+00
-4.223338733137242507e+00
-4.224965431189747989e+00
-4.211428378068587719e+00
-4.214473135418661087e+00
-4.106752796059440769e+00
-4.014235179994281921e+00
-4.021410961702099662e+00
-4.013320051899149199e+00
-4.001865935928094586e+00
-3.916987583791966099e+00
-4.056145887835579167e+00
-4.088491923777684889e+00
-4.096876974800921722e+00
-4.963341397767579544e+00
-4.926901734147319800e+00
-4.932401185399540644e+00
-4.930583238582391559e+00
-4.930583238582391559e+00
-5.035478000472256355e+00
-4.996929890192699730e+00
-5.006843328075770039e+00
-4.871200245314120103e+00
-4.880609676963344690e+00
-4.878257250183265725e+00
-4.889336416225642523e+00
-4.886582718349219867e+00
-4.883194470243559238e+00
-4.919523756293213701e+00
-4.853239174426136060e+00
-4.835839448982632405e+00
-4.838507559818482129e+00
-4.837245980030441928e+00
-4.839375749389746240e+00
-4.790469774865785624e+00
-4.790469774865785624e+00
-4.681779228630053247e+00
-4.798654096591560503e+00
-4.792906755556116671e+00
-4.773365067368432690e+00
-4.818288825517710094e+00
-4.822330877227356538e+00
-4.901624676709015027e+00
-4.969197121637679793e+00
-4.541966241487344291e+00
-4.543320336070006071e+00
-4.547278926834173340e+00
-4.533495333174689002e+00
-4.535136813064365668e+00
-4.673898385198445915e+00
-4.654796191936497962e+00
-5.330940286293457397e+00
-5.246079313968233571e+00
-5.125192390685594290e+00
-5.185885291868313374e+00
-5.198831442685738935e+00
-4.753736510348892885e+00
-4.738606203086258795e+00
-5.236030920868887328e+00
-3.921866181573376853e+00
-4.012273425074414313e+00
-4.225448726522312626e+00
-4.230804600710120766e+00
-4.230654983404587455e+00
-4.233796434287103061e+00
-4.226537185289326537e+00
-4.338403649296617814e+00
-4.478146469766217663e+00
-4.784415054468210471e+00
-4.779602399950961811e+00
-4.785912981068332961e+00
-4.803321442478294401e+00
-4.789228232877470681e+00
-4.803640380717489222e+00
-4.796644602563386428e+00
-4.798400669135344465e+00
-4.706342998653924248e+00
-4.701574398267538868e+00
-4.709349463925421198e+00
-4.785253940323343613e+00
-4.781213426042175030e+00
-4.790425168415437973e+00
-4.795079115002068626e+00
-4.725237914923281934e+00
-4.468507237132507193e+00
-4.734405625724594557e+00
-4.734215834727764971e+00
-4.734215834727764971e+00
-4.724465376716498355e+00
-4.721542626038654156e+00
-4.734261966804272248e+00
-4.732979166190436793e+00
-4.656754187070983875e+00
-4.664903503866344892e+00
-4.667047762472246397e+00
-4.675049969830478602e+00
-4.493899120708689132e+00
-4.492962302324187363e+00
-4.479243596638042391e+00
-4.412994186527203766e+00
-4.405833215368694766e+00
