# Variable: dg_gbvi_00000220
# Sample shape: (1000,)
# Date: 2013-03-07 22:55:07.683671
-7.741690932997629560e+00
-5.846342860820993970e+00
-3.021192453725256133e+00
-2.708479546302405616e+00
-2.962321404254681934e+00
-3.557913770793184494e+00
-3.599522382092526396e+00
-4.463127551078915012e+00
-4.618704146557238488e+00
-4.762683762619460914e+00
-4.827394040603213199e+00
-4.356765292482551288e+00
-4.048205963285314013e+00
-3.968174461147228715e+00
-3.926948431669682105e+00
-3.926948431669682105e+00
-3.976775715853938298e+00
-3.976775715853938298e+00
-3.995251959763173488e+00
-4.002714256546418881e+00
-4.036455728711159985e+00
-4.036455728711159985e+00
-4.036447276185022304e+00
-3.985303850237146062e+00
-3.985303850237146062e+00
-4.087302198027648714e+00
-4.087302198027648714e+00
-3.943478144791765061e+00
-4.007969664945328248e+00
-4.007969664945328248e+00
-4.056077688085463429e+00
-3.962851057769879226e+00
-3.962851057769879226e+00
-3.962851057769879226e+00
-3.962851057769879226e+00
-3.962851057769879226e+00
-3.962851057769879226e+00
-3.962851057769879226e+00
-3.868158770683522540e+00
-3.852454793141299128e+00
-3.852454793141299128e+00
-3.868732869823738429e+00
-3.868732869823738429e+00
-3.868732869823738429e+00
-3.916008202365513835e+00
-3.916008202365513835e+00
-3.912950843485443198e+00
-3.912950843485443198e+00
-3.912998402050438251e+00
-3.909805071990041014e+00
-3.909805071990041014e+00
-4.003525015273202925e+00
-4.003525015273202925e+00
-3.945373494222511379e+00
-3.939835234698386923e+00
-3.939835234698386923e+00
-3.939835234698386923e+00
-3.947052421115412990e+00
-3.947052421115412990e+00
-3.947052421115412990e+00
-3.951085104483349042e+00
-3.951085104483349042e+00
-3.951085104483349042e+00
-3.951085104483349042e+00
-3.951085104483349042e+00
-3.951085104483349042e+00
-3.951085104483349042e+00
-3.911388440320644033e+00
-3.911388440320644033e+00
-3.950083846937040732e+00
-3.941664907772790993e+00
-3.866455894149590566e+00
-3.866455894149590566e+00
-3.907264828788973965e+00
-3.907264828788973965e+00
-3.907264828788973965e+00
-3.889242027123197332e+00
-3.889242027123197332e+00
-3.889242027123197332e+00
-3.880204059962277352e+00
-3.880204059962277352e+00
-3.880204059962277352e+00
-3.880865363434450988e+00
-3.907720069735206803e+00
-3.907720069735206803e+00
-3.836260270052394450e+00
-3.744705620606004093e+00
-3.710476349665639439e+00
-3.838177882968120347e+00
-3.794002630498701567e+00
-3.890297258825285542e+00
-3.890297258825285542e+00
-4.079211432428832218e+00
-4.173809811650035506e+00
-4.173809811650035506e+00
-4.173809811650035506e+00
-4.173809811650035506e+00
-4.173809811650035506e+00
-4.173809811650035506e+00
-4.240658729772595059e+00
-4.240658729772595059e+00
-4.240658729772595059e+00
-4.240658729772595059e+00
-4.240658729772595059e+00
-4.240658729772595059e+00
-4.159951945289285469e+00
-4.088120497457992109e+00
-3.990721153763080675e+00
-3.990721153763080675e+00
-3.990721153763080675e+00
-4.136140063014374313e+00
-4.136140063014374313e+00
-4.136140063014374313e+00
-4.136140063014374313e+00
-4.136140063014374313e+00
-4.264334867682321395e+00
-4.264334867682321395e+00
-4.264334867682321395e+00
-4.242161257124003271e+00
-4.227509166788124162e+00
-4.227509166788124162e+00
-4.227509166788124162e+00
-4.191482913342775340e+00
-4.257569611738699855e+00
-4.257569611738699855e+00
-4.257569611738699855e+00
-4.243319107025452119e+00
-4.243319107025452119e+00
-4.323235166067720847e+00
-4.309672382076811026e+00
-4.309672382076811026e+00
-4.385186790406281787e+00
-4.219578619043487855e+00
-4.228420902056901021e+00
-4.228420902056901021e+00
-4.228420902056901021e+00
-4.234627188805900389e+00
-4.234627188805900389e+00
-4.129204638514061720e+00
-4.105211530335023618e+00
-4.105211530335023618e+00
-4.105211530335023618e+00
-4.105211530335023618e+00
-4.105211530335023618e+00
-4.105211530335023618e+00
-4.105211530335023618e+00
-4.168687732423518533e+00
-4.168687732423518533e+00
-4.168687732423518533e+00
-4.230975260813542249e+00
-4.231947754593120337e+00
-4.231947754593120337e+00
-4.228935454191676158e+00
-4.228935454191676158e+00
-4.228935454191676158e+00
-4.226502066817150016e+00
-3.983506538219162341e+00
-4.079149138371977124e+00
-4.147658673916868821e+00
-4.147658673916868821e+00
-4.147658673916868821e+00
-4.147658673916868821e+00
-4.147658673916868821e+00
-4.167517066446898788e+00
-4.167517066446898788e+00
-4.167517066446898788e+00
-4.167517066446898788e+00
-4.131208951243584337e+00
-4.131208951243584337e+00
-4.160470549060635292e+00
-4.096564495952966567e+00
-4.096564495952966567e+00
-4.117819497938540962e+00
-4.117819497938540962e+00
-4.117819497938540962e+00
-4.043973052173194027e+00
-4.111203580857425877e+00
-4.021780198158168673e+00
-4.004149494105027962e+00
-4.004149494105027962e+00
-4.057256976669082249e+00
-4.162615031530149778e+00
-4.162615031530149778e+00
-4.162615031530149778e+00
-4.162615031530149778e+00
-4.162615031530149778e+00
-4.162615031530149778e+00
-4.086195253593281507e+00
-4.086195253593281507e+00
-4.086195253593281507e+00
-4.373600161824392707e+00
-4.373600161824392707e+00
-4.373600161824392707e+00
-4.271363289111976158e+00
-4.274883883668304740e+00
-4.172877209210122729e+00
-4.293138342534963847e+00
-4.303343990665177365e+00
-4.229650308897486610e+00
-4.229650308897486610e+00
-4.247385717787186543e+00
-4.130612303587279932e+00
-4.130612303587279932e+00
-4.130612303587279932e+00
-4.130612303587279932e+00
-4.116021172878862266e+00
-4.116021172878862266e+00
-4.230814771369196592e+00
-4.140064655049377151e+00
-4.018348627470126999e+00
-4.117189998941674034e+00
-4.138194074665554112e+00
-4.118767287395156629e+00
-3.963898070360690973e+00
-3.981391491771358204e+00
-3.877199834334043249e+00
-3.961781479741127932e+00
-3.943860812004333916e+00
-3.973607914170007582e+00
-3.973607914170007582e+00
-3.973607914170007582e+00
-3.973607914170007582e+00
-4.001120160519055169e+00
-4.001120160519055169e+00
-4.001120160519055169e+00
-4.001120160519055169e+00
-4.001120160519055169e+00
-4.001120160519055169e+00
-4.001120160519055169e+00
-3.949099642526054943e+00
-3.949099642526054943e+00
-3.949099642526054943e+00
-3.996949003862574568e+00
-3.996949003862574568e+00
-4.101638049631525007e+00
-4.101638049631525007e+00
-4.017300667066488806e+00
-4.085834853894080965e+00
-4.085834853894080965e+00
-4.095518226123403771e+00
-4.068520525312769642e+00
-4.168931345850719339e+00
-4.201172452204973595e+00
-4.201172452204973595e+00
-4.134417527905164924e+00
-4.170344193217949247e+00
-4.113910084009530621e+00
-4.216000513669807326e+00
-4.216000513669807326e+00
-4.216000513669807326e+00
-4.216000513669807326e+00
-4.002099182082279327e+00
-4.026724763829493625e+00
-4.026724763829493625e+00
-4.167496915733090113e+00
-4.168221782569784928e+00
-4.168221782569784928e+00
-4.082453110160655818e+00
-4.082453110160655818e+00
-4.082453110160655818e+00
-4.082453110160655818e+00
-4.098509000619672271e+00
-4.099214061981193424e+00
-4.099214061981193424e+00
-4.067604839149694840e+00
-4.067604839149694840e+00
-4.150352574132924133e+00
-4.150352574132924133e+00
-4.150352574132924133e+00
-4.150352574132924133e+00
-4.150352574132924133e+00
-4.133007500349739516e+00
-4.133007500349739516e+00
-4.133007500349739516e+00
-4.020081116479770067e+00
-4.020081116479770067e+00
-4.020081116479770067e+00
-4.034948427536225957e+00
-3.970774620460385762e+00
-3.970774620460385762e+00
-3.970774620460385762e+00
-4.027013590691051803e+00
-4.019903194114287537e+00
-4.034002689283048504e+00
-4.034002689283048504e+00
-4.033218999828103613e+00
-4.300522081318214340e+00
-4.300522081318214340e+00
-4.100939856138530182e+00
-4.100939856138530182e+00
-4.100939856138530182e+00
-4.117691995316884679e+00
-4.197978181181100332e+00
-4.197978181181100332e+00
-4.197978181181100332e+00
-4.197978181181100332e+00
-4.247702781539214101e+00
-4.247702781539214101e+00
-4.226722994338581785e+00
-4.257544575813422050e+00
-4.237838248421423870e+00
-4.237838248421423870e+00
-4.281922367859435141e+00
-4.097757018615723723e+00
-4.079624787642481820e+00
-4.071776991890028619e+00
-3.995528872914648755e+00
-4.065495128650860046e+00
-4.065495128650860046e+00
-4.067461897668847470e+00
-4.109908090032644346e+00
-4.089135446331487067e+00
-4.089135446331487067e+00
-4.089135446331487067e+00
-4.089135446331487067e+00
-3.965165381303620507e+00
-3.965165381303620507e+00
-3.975478444225033492e+00
-3.975478444225033492e+00
-3.975478444225033492e+00
-4.131794182393477399e+00
-4.131794182393477399e+00
-4.131794182393477399e+00
-4.131794182393477399e+00
-4.132794859535909637e+00
-4.126194242604369400e+00
-4.126194242604369400e+00
-4.126194242604369400e+00
-4.126566098670227944e+00
-4.103350653195178666e+00
-4.247833238992376081e+00
-4.247833238992376081e+00
-4.156831805217624520e+00
-4.090911538896630617e+00
-4.090911538896630617e+00
-3.908212461369191537e+00
-3.911086465713671245e+00
-4.024552597574666990e+00
-4.024552597574666990e+00
-4.025949001180118003e+00
-3.974106486468447663e+00
-3.974106486468447663e+00
-3.959898402129730766e+00
-3.894319330227304921e+00
-4.014279787334681160e+00
-4.023690657183276898e+00
-3.864845895619594796e+00
-3.864845895619594796e+00
-3.864845895619594796e+00
-4.001502927494242634e+00
-3.941761116636685713e+00
-3.963067509008674438e+00
-3.963067509008674438e+00
-4.027184665836635702e+00
-4.027184665836635702e+00
-3.981256243583940702e+00
-3.981256243583940702e+00
-3.986929316082023167e+00
-3.986929316082023167e+00
-3.986929316082023167e+00
-3.986929316082023167e+00
-3.986929316082023167e+00
-3.986929316082023167e+00
-3.986929316082023167e+00
-4.032325580903710183e+00
-3.878626442357075099e+00
-3.878626442357075099e+00
-3.878626442357075099e+00
-3.878626442357075099e+00
-3.878626442357075099e+00
-3.914422663328655183e+00
-3.914422663328655183e+00
-3.914422663328655183e+00
-3.925830541496464043e+00
-3.925830541496464043e+00
-3.925830541496464043e+00
-4.124189512959991255e+00
-4.137638682961025438e+00
-4.137638682961025438e+00
-4.137638682961025438e+00
-4.137638682961025438e+00
-4.107504081690441566e+00
-4.107504081690441566e+00
-4.106365677650293478e+00
-4.199845505138676494e+00
-4.199845505138676494e+00
-4.167633881956129827e+00
-4.067881856194607515e+00
-4.094688889132353182e+00
-4.094688889132353182e+00
-4.067754207990761373e+00
-4.136518244652314991e+00
-4.113439037228149076e+00
-4.086036708379465310e+00
-4.110360055114854028e+00
-4.110360055114854028e+00
-4.233616341702329144e+00
-4.233616341702329144e+00
-4.233616341702329144e+00
-4.233616341702329144e+00
-4.233616341702329144e+00
-4.245094609773794048e+00
-4.245094609773794048e+00
-4.248992645992336392e+00
-4.237110988198215189e+00
-4.117658946349228799e+00
-4.165790510886940190e+00
-4.165790510886940190e+00
-4.165790510886940190e+00
-4.131174684223504201e+00
-4.131174684223504201e+00
-4.131174684223504201e+00
-4.131174684223504201e+00
-4.131174684223504201e+00
-4.080538462837139058e+00
-4.080538462837139058e+00
-4.123378938018298356e+00
-4.160765454787189732e+00
-4.160765454787189732e+00
-3.985226075306803839e+00
-3.985226075306803839e+00
-3.985226075306803839e+00
-3.985226075306803839e+00
-3.985226075306803839e+00
-3.985226075306803839e+00
-3.985226075306803839e+00
-3.985226075306803839e+00
-4.005816211327801746e+00
-4.039634255213895742e+00
-4.039634255213895742e+00
-4.039634255213895742e+00
-4.039634255213895742e+00
-4.000548488614143139e+00
-4.009264792345421213e+00
-4.010384795590026030e+00
-4.022571370472590502e+00
-4.036438242896857709e+00
-4.036438242896857709e+00
-3.912401255066321415e+00
-3.928327444928923384e+00
-3.928327444928923384e+00
-3.928327444928923384e+00
-3.940764029047925554e+00
-3.940764029047925554e+00
-3.909643943599525606e+00
-3.932113221014122750e+00
-3.932113221014122750e+00
-3.932113221014122750e+00
-3.932113221014122750e+00
-3.932113221014122750e+00
-3.932113221014122750e+00
-4.112394814402605014e+00
-4.112394814402605014e+00
-4.096514630210953634e+00
-4.096514630210953634e+00
-4.096514630210953634e+00
-4.233926286083085522e+00
-4.170574881204898610e+00
-4.170574881204898610e+00
-4.170574881204898610e+00
-4.170574881204898610e+00
-4.170574881204898610e+00
-4.142509929462273810e+00
-4.133032808236896116e+00
-4.133032808236896116e+00
-4.133032808236896116e+00
-4.059994038835631258e+00
-4.059994038835631258e+00
-4.056309649226388814e+00
-4.055788221815766370e+00
-4.016525049244788370e+00
-4.016525049244788370e+00
-4.203807252648703141e+00
-4.203807252648703141e+00
-4.203807252648703141e+00
-4.181191707912243594e+00
-4.181191707912243594e+00
-4.181191707912243594e+00
-4.224040197323565060e+00
-3.996918370579592317e+00
-3.991015145558558963e+00
-3.991015145558558963e+00
-3.991015145558558963e+00
-4.032251357287780280e+00
-3.957175759190838971e+00
-4.066548019534586444e+00
-4.113061607192618929e+00
-4.113061607192618929e+00
-4.113061607192618929e+00
-4.155399452360860835e+00
-4.155399452360860835e+00
-3.879202819818838410e+00
-3.879202819818838410e+00
-3.879202819818838410e+00
-3.879202819818838410e+00
-3.895180760793860220e+00
-4.049917577932360402e+00
-4.049917577932360402e+00
-3.953177992349361514e+00
-3.953177992349361514e+00
-4.065249519446876292e+00
-4.126070856276867538e+00
-4.126070856276867538e+00
-4.155877512855504996e+00
-4.155877512855504996e+00
-4.155877512855504996e+00
-4.150646239131990711e+00
-4.139522917945686054e+00
-4.139522917945686054e+00
-4.181383381600075388e+00
-4.181383381600075388e+00
-4.198930696148424957e+00
-4.198930696148424957e+00
-4.198930696148424957e+00
-4.059695437096058512e+00
-4.059695437096058512e+00
-4.033781213189566728e+00
-4.033781213189566728e+00
-3.988861781686129149e+00
-3.988861781686129149e+00
-3.993757631854621959e+00
-3.993757631854621959e+00
-3.993757631854621959e+00
-3.993757631854621959e+00
-3.993757631854621959e+00
-3.993757631854621959e+00
-3.993757631854621959e+00
-3.993757631854621959e+00
-3.993757631854621959e+00
-3.993757631854621959e+00
-4.368108747538669512e+00
-4.348409220317621227e+00
-4.348409220317621227e+00
-4.348409220317621227e+00
-4.090766510734873407e+00
-4.157624778969394974e+00
-4.157624778969394974e+00
-4.157624778969394974e+00
-4.157624778969394974e+00
-4.143131864102847395e+00
-4.143131864102847395e+00
-4.224362936542997105e+00
-4.224362936542997105e+00
-4.224362936542997105e+00
-4.105229411438677367e+00
-4.105229411438677367e+00
-4.105229411438677367e+00
-4.105229411438677367e+00
-3.965255379941940106e+00
-4.062035971096429776e+00
-4.074547897500851334e+00
-4.139063332226090353e+00
-4.136569345844309353e+00
-4.113107428328555137e+00
-4.142252113619496079e+00
-4.142252113619496079e+00
-4.142252113619496079e+00
-4.142252113619496079e+00
-4.209038643590024442e+00
-4.184145792568405575e+00
-3.993368457406162531e+00
-4.064937326714514576e+00
-4.064937326714514576e+00
-3.970796060669356642e+00
-3.970796060669356642e+00
-3.967295918728856119e+00
-3.967295918728856119e+00
-3.967295918728856119e+00
-3.967295918728856119e+00
-4.051432043140506423e+00
-4.051432043140506423e+00
-4.074224268301223084e+00
-4.074224268301223084e+00
-4.074224268301223084e+00
-4.074224268301223084e+00
-4.096119196705202192e+00
-4.096119196705202192e+00
-4.096119196705202192e+00
-3.836536021460355883e+00
-3.915567436459230333e+00
-3.832128158380123661e+00
-3.899286643370293071e+00
-3.899286643370293071e+00
-3.899286643370293071e+00
-4.158172960814806807e+00
-4.072988690967174641e+00
-4.072988690967174641e+00
-4.072988690967174641e+00
-4.058881579087694647e+00
-4.059341442645700404e+00
-4.093143763357387499e+00
-4.052426813231340574e+00
-4.052426813231340574e+00
-4.052426813231340574e+00
-4.052426813231340574e+00
-4.052426813231340574e+00
-4.051886346546681672e+00
-4.000050265934886440e+00
-4.000050265934886440e+00
-4.000050265934886440e+00
-4.000050265934886440e+00
-4.000050265934886440e+00
-4.000050265934886440e+00
-4.071400361044074323e+00
-4.014501671172497232e+00
-4.039711204269395672e+00
-4.039711204269395672e+00
-4.039711204269395672e+00
-4.074483669451024248e+00
-4.074483669451024248e+00
-4.074483669451024248e+00
-4.074483669451024248e+00
-4.074483669451024248e+00
-4.222814790789489514e+00
-4.222814790789489514e+00
-4.156801560986241206e+00
-4.127509010455310268e+00
-4.127509010455310268e+00
-4.127509010455310268e+00
-3.986843012124584362e+00
-3.986843012124584362e+00
-3.986843012124584362e+00
-3.982166158407797418e+00
-3.969467573861977350e+00
-3.969467573861977350e+00
-3.969467573861977350e+00
-3.962191498180006821e+00
-4.090932596298781476e+00
-4.070705795814044237e+00
-4.070705795814044237e+00
-4.092944561617001931e+00
-4.117220132367100049e+00
-4.117220132367100049e+00
-4.117220132367100049e+00
-4.020387288817417470e+00
-4.060968729221964502e+00
-4.060968729221964502e+00
-4.060968729221964502e+00
-4.129024649124708013e+00
-4.232546937355684769e+00
-3.993965240712809894e+00
-3.939329252290254324e+00
-4.055056604107017293e+00
-4.055056604107017293e+00
-4.057419086119167240e+00
-4.057419086119167240e+00
-4.057051466380074523e+00
-4.078907087213413440e+00
-4.018960985867649605e+00
-4.018960985867649605e+00
-4.018960985867649605e+00
-4.018960985867649605e+00
-4.207545241851379458e+00
-4.207545241851379458e+00
-4.207545241851379458e+00
-4.207545241851379458e+00
-4.214436339440201351e+00
-4.122158617832697658e+00
-4.146482342810000610e+00
-4.135964310544566480e+00
-4.079228737143920647e+00
-4.079228737143920647e+00
-4.180249189683789446e+00
-4.180249189683789446e+00
-4.115597401937028721e+00
-4.113865403330739134e+00
-4.113865403330739134e+00
-4.113865403330739134e+00
-4.113865403330739134e+00
-4.113865403330739134e+00
-4.113865403330739134e+00
-4.138003151150980941e+00
-4.168933227582037659e+00
-4.168933227582037659e+00
-4.168933227582037659e+00
-4.072547836334374338e+00
-4.043909019476944700e+00
-4.041776317980865230e+00
-3.974486003633347586e+00
-4.024703140346367114e+00
-4.024703140346367114e+00
-4.017336720105077141e+00
-4.037730055894797943e+00
-4.037730055894797943e+00
-4.037730055894797943e+00
-4.037730055894797943e+00
-4.037730055894797943e+00
-4.037730055894797943e+00
-4.037730055894797943e+00
-4.037730055894797943e+00
-4.037730055894797943e+00
-4.037730055894797943e+00
-4.037730055894797943e+00
-4.037730055894797943e+00
-3.999421494278017075e+00
-4.054507840811951702e+00
-4.043286688218791447e+00
-4.040673629321191562e+00
-4.036879350969705627e+00
-4.036879350969705627e+00
-4.036879350969705627e+00
-4.079794485703577500e+00
-3.984881879679341043e+00
-4.033758425491985378e+00
-3.974101450743068753e+00
-4.053007374920002626e+00
-4.053007374920002626e+00
-4.041140612150854849e+00
-4.013642491748191432e+00
-4.013642491748191432e+00
-3.995550738319487039e+00
-3.995550738319487039e+00
-3.992551552129159464e+00
-4.015925610263588297e+00
-4.015925610263588297e+00
-4.064189301077406391e+00
-4.025607421439702627e+00
-4.025607421439702627e+00
-4.008924654149426559e+00
-4.008924654149426559e+00
-4.008924654149426559e+00
-4.008924654149426559e+00
-4.008924654149426559e+00
-4.008924654149426559e+00
-4.008924654149426559e+00
-4.008924654149426559e+00
-4.074951877627514207e+00
-3.897037594828298701e+00
-4.002474628633628129e+00
-3.981073941715340236e+00
-4.029632503868810112e+00
-4.044403100966532882e+00
-4.044403100966532882e+00
-4.044403100966532882e+00
-3.989685064770458922e+00
-3.989685064770458922e+00
-3.989685064770458922e+00
-4.007621376383699641e+00
-4.007621376383699641e+00
-4.099292395505955255e+00
-4.099292395505955255e+00
-4.113219118571924682e+00
-4.113219118571924682e+00
-4.041874223887529816e+00
-4.041874223887529816e+00
-4.041874223887529816e+00
-3.990692153593703662e+00
-3.990692153593703662e+00
-3.990692153593703662e+00
-4.276679906841586387e+00
-4.276679906841586387e+00
-4.276679906841586387e+00
-4.276679906841586387e+00
-4.276679906841586387e+00
-3.956836682725509924e+00
-3.956836682725509924e+00
-3.956836682725509924e+00
-3.956836682725509924e+00
-3.950831260446630022e+00
-3.964054334110032052e+00
-3.964054334110032052e+00
-3.962525519007440877e+00
-3.871058801083063106e+00
-3.871058801083063106e+00
-3.931086938813257881e+00
-3.931086938813257881e+00
-3.938328549868095774e+00
-3.938328549868095774e+00
-3.938328549868095774e+00
-3.909170534555522991e+00
-3.909170534555522991e+00
-3.993663086694574371e+00
-4.121755851875854582e+00
-3.913892066623120058e+00
-3.913892066623120058e+00
-3.913892066623120058e+00
-3.868759865151090604e+00
-3.981076836381745032e+00
-4.029563353777236401e+00
-4.259514095298968073e+00
-4.184097322418300458e+00
-4.163101039064105890e+00
-4.021600511428978564e+00
-4.021600511428978564e+00
-4.021600511428978564e+00
-4.021600511428978564e+00
-4.021600511428978564e+00
-4.021600511428978564e+00
-4.104713373872707294e+00
-4.004252426121877484e+00
-4.004252426121877484e+00
-4.004252426121877484e+00
-4.004252426121877484e+00
-3.942045149975374585e+00
-3.949012763946920579e+00
-3.949012763946920579e+00
-3.950640228544707533e+00
-3.950640228544707533e+00
-3.960140466593237374e+00
-3.960140466593237374e+00
-3.960140466593237374e+00
-3.903072649276568828e+00
-4.024322219392909794e+00
-4.024322219392909794e+00
-4.077423010098727651e+00
-3.977905767343648868e+00
-3.977905767343648868e+00
-3.977905767343648868e+00
-3.977905767343648868e+00
-3.977905767343648868e+00
-3.941667494590340048e+00
-4.062112800037047222e+00
-3.948764296893958914e+00
-3.943837949062430681e+00
-3.924605293787584603e+00
-3.924605293787584603e+00
-3.927508379163584529e+00
-3.972897627367807605e+00
-3.972897627367807605e+00
-4.004193712939013494e+00
-4.004193712939013494e+00
-4.004193712939013494e+00
-4.004193712939013494e+00
-3.924592554712194037e+00
-3.992949062774765245e+00
-3.992949062774765245e+00
-3.947445320490859277e+00
-3.947445320490859277e+00
-3.929424930916161518e+00
-3.929424930916161518e+00
-3.966408281478865483e+00
-4.110248287727575445e+00
-4.110248287727575445e+00
-4.110248287727575445e+00
-4.031808253400477327e+00
-4.036503400374398254e+00
-4.036503400374398254e+00
-4.093719612242541217e+00
-4.069922035728674281e+00
-4.069922035728674281e+00
-4.069922035728674281e+00
-4.069922035728674281e+00
-4.069922035728674281e+00
-4.147172133715012698e+00
-4.147172133715012698e+00
-4.147172133715012698e+00
-4.030282321954972602e+00
-4.030282321954972602e+00
-4.030282321954972602e+00
-4.030282321954972602e+00
-4.030282321954972602e+00
-4.026162116772784572e+00
-4.026162116772784572e+00
-4.026162116772784572e+00
-4.045429496814430870e+00
-4.045429496814430870e+00
-3.981926329717939694e+00
-3.981926329717939694e+00
-3.981926329717939694e+00
-3.977894771349403058e+00
-3.963041445532063722e+00
-3.997025983591616427e+00
-4.036087779380725493e+00
-4.021765505681460517e+00
-4.021765505681460517e+00
-4.021765505681460517e+00
-4.053103660476750747e+00
-4.053103660476750747e+00
-3.955960446472504444e+00
-3.955960446472504444e+00
-3.955960446472504444e+00
-3.985376015762324364e+00
-3.985376015762324364e+00
-3.985376015762324364e+00
-4.023554125496433542e+00
-4.238018428076158806e+00
-4.238018428076158806e+00
-4.238018428076158806e+00
-4.142342471539586235e+00
-4.201177258807016202e+00
-4.201177258807016202e+00
-4.201177258807016202e+00
-4.201177258807016202e+00
-4.201177258807016202e+00
-4.201177258807016202e+00
-4.196315856538527456e+00
-4.196315856538527456e+00
-4.176904157392742789e+00
-4.176904157392742789e+00
-4.176904157392742789e+00
-4.176904157392742789e+00
-4.176904157392742789e+00
-4.176904157392742789e+00
-4.176904157392742789e+00
-4.176904157392742789e+00
-4.176904157392742789e+00
-4.176904157392742789e+00
-4.176904157392742789e+00
-4.176904157392742789e+00
-4.176904157392742789e+00
-4.176904157392742789e+00
-4.176904157392742789e+00
-4.137353917898459521e+00
-4.139531036044603596e+00
-4.079190107003863197e+00
-4.111569813569343701e+00
-4.111569813569343701e+00
-4.111569813569343701e+00
-4.111569813569343701e+00
-3.929465825113570787e+00
-4.038978299726419863e+00
-3.920642015287207016e+00
-3.951175428281384239e+00
-3.951175428281384239e+00
-3.951175428281384239e+00
-3.951175428281384239e+00
-3.951175428281384239e+00
-3.951175428281384239e+00
-4.020882126820818137e+00
-3.908331556029205789e+00
-3.908331556029205789e+00
-3.908331556029205789e+00
-3.908331556029205789e+00
-3.857751494066217646e+00
-3.857751494066217646e+00
-3.857751494066217646e+00
-3.857751494066217646e+00
-3.953910645813469404e+00
-3.853564356828739434e+00
-3.853564356828739434e+00
-3.853564356828739434e+00
-3.853564356828739434e+00
-3.853564356828739434e+00
-3.824000326298913954e+00
-3.824000326298913954e+00
-3.870248915127862066e+00
-3.885491447409086252e+00
-3.847993074577461758e+00
-3.846813306617166361e+00
-3.885875893073618137e+00
-3.885875893073618137e+00
-3.852879883195250432e+00
-3.852879883195250432e+00
-3.852879883195250432e+00
-3.879653795129337723e+00
-3.879653795129337723e+00
-3.879653795129337723e+00
-3.812024427660795300e+00
-3.782612794958360780e+00
-3.774346920324669341e+00
-3.794462431911644895e+00
-3.794462431911644895e+00
-3.886936732988744314e+00
-3.886936732988744314e+00
-3.886936732988744314e+00
-3.886936732988744314e+00
-4.012031792229028504e+00
-4.012031792229028504e+00
-4.012031792229028504e+00
-4.012031792229028504e+00
-3.971196992228587686e+00
-3.941586669353962513e+00
-3.941586669353962513e+00
-3.941586669353962513e+00
-3.941586669353962513e+00
-3.945286699552978504e+00
-4.023103503642416534e+00
-4.023103503642416534e+00
-4.023103503642416534e+00
-4.023103503642416534e+00
-4.043566657334430658e+00
-4.043566657334430658e+00
-3.913287663866705568e+00
-3.913287663866705568e+00
-3.904079460380783573e+00
-4.019298486507090651e+00
-4.019298486507090651e+00
-4.059915531016762280e+00
-4.059915531016762280e+00
-4.059915531016762280e+00
-4.059915531016762280e+00
-4.100572040193558365e+00
-4.171786638051435681e+00
-4.219673766324683939e+00
-4.158792045003660398e+00
-4.173221152473691298e+00
-4.173221152473691298e+00
-4.193589694644112242e+00
-4.193589694644112242e+00
-4.193589694644112242e+00
-4.064093786689137566e+00
-4.064093786689137566e+00
-4.064093786689137566e+00
-3.948451419833872045e+00
-4.000285910525284372e+00
-4.000285910525284372e+00
-4.000285910525284372e+00
-4.000285910525284372e+00
-4.003418115539595590e+00
-4.003418115539595590e+00
