# Variable: dg_gbvi_00000046
# Sample shape: (1000,)
# Date: 2013-03-07 22:55:08.277754
-1.077329815831322923e+00
-8.456483671446198835e-01
-2.692404172963853703e-01
7.781105836133024312e-01
2.301157272811973797e+00
1.725618040189139224e+00
1.688852005195716766e+00
1.772993705750174787e+00
1.115409764479358357e+00
1.179160436590478422e+00
1.179160436590478422e+00
1.179160436590478422e+00
1.136142677340878926e+00
1.233949719622437602e+00
1.233949719622437602e+00
1.233949719622437602e+00
1.233949719622437602e+00
1.233949719622437602e+00
1.188681753728758395e+00
1.188681753728758395e+00
1.140270032164320657e+00
1.121051472059781062e+00
1.121051472059781062e+00
1.121051472059781062e+00
1.121051472059781062e+00
1.121051472059781062e+00
1.104288717199826131e+00
1.104288717199826131e+00
1.035016242262161379e+00
1.035016242262161379e+00
1.342564891907783498e+00
1.381853300517304595e+00
1.444066184294996447e+00
1.444066184294996447e+00
1.444066184294996447e+00
1.444066184294996447e+00
1.391921938953187610e+00
1.391921938953187610e+00
1.391921938953187610e+00
1.388728751405941431e+00
1.388728751405941431e+00
1.388728751405941431e+00
1.388728751405941431e+00
1.388728751405941431e+00
1.388728751405941431e+00
1.388728751405941431e+00
1.388728751405941431e+00
1.399155104750401390e+00
1.399155104750401390e+00
1.399155104750401390e+00
1.399155104750401390e+00
1.391311978838526642e+00
1.391311978838526642e+00
1.454051909250048791e+00
1.454051909250048791e+00
1.393936155373917130e+00
1.393936155373917130e+00
1.393936155373917130e+00
1.397781950237334092e+00
1.397781950237334092e+00
1.295988432750162955e+00
1.295988432750162955e+00
1.295988432750162955e+00
1.295988432750162955e+00
1.303619873478209401e+00
1.290829252151797002e+00
1.290829252151797002e+00
1.290829252151797002e+00
1.290829252151797002e+00
1.290829252151797002e+00
1.290829252151797002e+00
1.290829252151797002e+00
1.303526487817640911e+00
1.303526487817640911e+00
1.303526487817640911e+00
1.303526487817640911e+00
1.303526487817640911e+00
1.303526487817640911e+00
1.303526487817640911e+00
1.213317696906865306e+00
1.213317696906865306e+00
1.213317696906865306e+00
1.208090408994870302e+00
1.208090408994870302e+00
1.208090408994870302e+00
1.208090408994870302e+00
1.322453196742744641e+00
1.371448325048390871e+00
1.157233916620707292e+00
1.157233916620707292e+00
1.262566966090780562e+00
1.262566966090780562e+00
1.262566966090780562e+00
1.262672635913270947e+00
1.258625144407558016e+00
1.258625144407558016e+00
1.255989943685146937e+00
1.255989943685146937e+00
1.255989943685146937e+00
1.255989943685146937e+00
1.255989943685146937e+00
1.170761809695828326e+00
1.170761809695828326e+00
1.242158158115392430e+00
1.242158158115392430e+00
1.242158158115392430e+00
1.144142091064694444e+00
1.144142091064694444e+00
1.144142091064694444e+00
1.144142091064694444e+00
1.144142091064694444e+00
1.144142091064694444e+00
1.144142091064694444e+00
1.222661949892292821e+00
1.211007012028866292e+00
1.211007012028866292e+00
1.211007012028866292e+00
1.211007012028866292e+00
1.257123998475182525e+00
1.257123998475182525e+00
1.182277677184580655e+00
1.182277677184580655e+00
1.232782566641427602e+00
1.240831503904438415e+00
1.240831503904438415e+00
1.326419103531383037e+00
1.346396761389662577e+00
1.346396761389662577e+00
1.328684949147891370e+00
1.340367271068445998e+00
1.340367271068445998e+00
1.213773864474906317e+00
1.213773864474906317e+00
1.201385238613811746e+00
1.210905361791200896e+00
1.210905361791200896e+00
1.218095885895142061e+00
1.231677415839403711e+00
1.231677415839403711e+00
1.297730980088187325e+00
1.279648747425485844e+00
1.290214136533494260e+00
1.276534698904204568e+00
1.276534698904204568e+00
1.305456710903703854e+00
1.210872443667210696e+00
1.264697658783753731e+00
1.337050222285522505e+00
1.308353912758647652e+00
1.337177617956007758e+00
1.337177617956007758e+00
1.337177617956007758e+00
1.339684069108546316e+00
1.310716236571743076e+00
1.310716236571743076e+00
1.302300580164258870e+00
1.302300580164258870e+00
1.198486923239981738e+00
1.244246460955986899e+00
1.282142439943891432e+00
1.282142439943891432e+00
1.282142439943891432e+00
1.282142439943891432e+00
1.254788596800272549e+00
1.176037281601144624e+00
1.176037281601144624e+00
1.176037281601144624e+00
1.176037281601144624e+00
1.176037281601144624e+00
1.249456121106325091e+00
1.249456121106325091e+00
1.235440274392541671e+00
1.235440274392541671e+00
1.235440274392541671e+00
1.235440274392541671e+00
1.337520240401965266e+00
1.337520240401965266e+00
1.337520240401965266e+00
1.390486609144031771e+00
1.390486609144031771e+00
1.390486609144031771e+00
1.390486609144031771e+00
1.390486609144031771e+00
1.390486609144031771e+00
1.390486609144031771e+00
1.390486609144031771e+00
1.409514580440316633e+00
1.409514580440316633e+00
1.409514580440316633e+00
1.409514580440316633e+00
1.409514580440316633e+00
1.409514580440316633e+00
1.361060054716341172e+00
1.502065964009784871e+00
1.489631565730992424e+00
1.461091139162426389e+00
1.559924303995885442e+00
1.559924303995885442e+00
1.533730126044268838e+00
1.533730126044268838e+00
1.497964554704165563e+00
1.497964554704165563e+00
1.497964554704165563e+00
1.459277008481793203e+00
1.459277008481793203e+00
1.459277008481793203e+00
1.459277008481793203e+00
1.459277008481793203e+00
1.459277008481793203e+00
1.459277008481793203e+00
1.298165430526752262e+00
1.298165430526752262e+00
1.298165430526752262e+00
1.244495143355383915e+00
1.220213447724095790e+00
1.335341155425024295e+00
1.335341155425024295e+00
1.335341155425024295e+00
1.335341155425024295e+00
1.335341155425024295e+00
1.335341155425024295e+00
1.335341155425024295e+00
1.290496154223692793e+00
1.290496154223692793e+00
1.290496154223692793e+00
1.290496154223692793e+00
1.290496154223692793e+00
1.290496154223692793e+00
1.290496154223692793e+00
1.290496154223692793e+00
1.290496154223692793e+00
1.292234902814789921e+00
1.292234902814789921e+00
1.292234902814789921e+00
1.292234902814789921e+00
1.292234902814789921e+00
1.369643697306800911e+00
1.334135359580707059e+00
1.315485326630736918e+00
1.315485326630736918e+00
1.315485326630736918e+00
1.315485326630736918e+00
1.406676152252648748e+00
1.406676152252648748e+00
1.406676152252648748e+00
1.406676152252648748e+00
1.406676152252648748e+00
1.406676152252648748e+00
1.406676152252648748e+00
1.406676152252648748e+00
1.406676152252648748e+00
1.406676152252648748e+00
1.406676152252648748e+00
1.406676152252648748e+00
1.400985634872045082e+00
1.400985634872045082e+00
1.400985634872045082e+00
1.400985634872045082e+00
1.400985634872045082e+00
1.400985634872045082e+00
1.357848173914231404e+00
1.357848173914231404e+00
1.356855331613636695e+00
1.356855331613636695e+00
1.408822773132673900e+00
1.408822773132673900e+00
1.408822773132673900e+00
1.408822773132673900e+00
1.408822773132673900e+00
1.441102892587591278e+00
1.441102892587591278e+00
1.337487190013387117e+00
1.337487190013387117e+00
1.337487190013387117e+00
1.337487190013387117e+00
1.337487190013387117e+00
1.337487190013387117e+00
1.337487190013387117e+00
1.337487190013387117e+00
1.337487190013387117e+00
1.337487190013387117e+00
1.337487190013387117e+00
1.337487190013387117e+00
1.337487190013387117e+00
1.337487190013387117e+00
1.331346963105914494e+00
1.331346963105914494e+00
1.331346963105914494e+00
1.370776091248301798e+00
1.370776091248301798e+00
1.370776091248301798e+00
1.291451080443982491e+00
1.188705802033314107e+00
1.188705802033314107e+00
1.188705802033314107e+00
1.184665452501604266e+00
1.114496270170351799e+00
1.141007463721265047e+00
1.153816703892937667e+00
1.153816703892937667e+00
1.153816703892937667e+00
1.153816703892937667e+00
1.153816703892937667e+00
1.368549314478778589e+00
1.368549314478778589e+00
1.368549314478778589e+00
1.368549314478778589e+00
1.368549314478778589e+00
1.338382981602343813e+00
1.327310278180896752e+00
1.267216268512819433e+00
1.248163467160248619e+00
1.248163467160248619e+00
1.248163467160248619e+00
1.248163467160248619e+00
1.237537143152030783e+00
1.237537143152030783e+00
1.171765869433411655e+00
1.171765869433411655e+00
1.166088137346725562e+00
1.166088137346725562e+00
1.166088137346725562e+00
1.166088137346725562e+00
1.166088137346725562e+00
1.096879580364686468e+00
1.096879580364686468e+00
1.099480450738301585e+00
1.099480450738301585e+00
1.099480450738301585e+00
1.099480450738301585e+00
1.099480450738301585e+00
1.099480450738301585e+00
1.099480450738301585e+00
1.194538399493232594e+00
1.194538399493232594e+00
1.253133016575940450e+00
1.201875490109729716e+00
1.201875490109729716e+00
1.393233812558053231e+00
1.219647155520412474e+00
1.301812626379309057e+00
1.301812626379309057e+00
1.325665491728791778e+00
1.435761176308170572e+00
1.234368746306378384e+00
1.234368746306378384e+00
1.432459893102572934e+00
1.432459893102572934e+00
1.432459893102572934e+00
1.277536188311157339e+00
1.277536188311157339e+00
1.277536188311157339e+00
1.269797781727139974e+00
1.191379344001475715e+00
1.191379344001475715e+00
1.144151195221859485e+00
1.144151195221859485e+00
1.144151195221859485e+00
1.151290103466715342e+00
1.151290103466715342e+00
1.151290103466715342e+00
1.184192292329937946e+00
1.145491134970464842e+00
1.145491134970464842e+00
1.145491134970464842e+00
1.366692637473467808e+00
1.366692637473467808e+00
1.379435514775837257e+00
1.379435514775837257e+00
1.379435514775837257e+00
1.379435514775837257e+00
1.379435514775837257e+00
1.343727742503916245e+00
1.343727742503916245e+00
1.343727742503916245e+00
1.343727742503916245e+00
1.343727742503916245e+00
1.343727742503916245e+00
1.343727742503916245e+00
1.380975592419127151e+00
1.380975592419127151e+00
1.380975592419127151e+00
1.380975592419127151e+00
1.380975592419127151e+00
1.246778383180426664e+00
1.246778383180426664e+00
1.246778383180426664e+00
1.352845453631609907e+00
1.352845453631609907e+00
1.352845453631609907e+00
1.352845453631609907e+00
1.225040850713693841e+00
1.263673302133812681e+00
1.263673302133812681e+00
1.240569613829294315e+00
1.250988829895367527e+00
1.250988829895367527e+00
1.250988829895367527e+00
1.250988829895367527e+00
1.257966838470941706e+00
1.281190378116729756e+00
1.281190378116729756e+00
1.281190378116729756e+00
1.281190378116729756e+00
1.281190378116729756e+00
1.264474346331247334e+00
1.264474346331247334e+00
1.263226274908240576e+00
1.268921906996292259e+00
1.268921906996292259e+00
1.261767914958528802e+00
1.261767914958528802e+00
1.261767914958528802e+00
1.261767914958528802e+00
1.261767914958528802e+00
1.261767914958528802e+00
1.261767914958528802e+00
1.261767914958528802e+00
1.261767914958528802e+00
1.270006966017572569e+00
1.279062795703232780e+00
1.279062795703232780e+00
1.178098453046135363e+00
1.178098453046135363e+00
1.178098453046135363e+00
1.178098453046135363e+00
1.178098453046135363e+00
1.178098453046135363e+00
1.121785825042594498e+00
1.121785825042594498e+00
1.168309755464784994e+00
1.168309755464784994e+00
1.168309755464784994e+00
1.168309755464784994e+00
1.168309755464784994e+00
1.168309755464784994e+00
1.168309755464784994e+00
1.168309755464784994e+00
1.345118403533596574e+00
1.345118403533596574e+00
1.345118403533596574e+00
1.345118403533596574e+00
1.345118403533596574e+00
1.345118403533596574e+00
1.365072879493387736e+00
1.376542487073248777e+00
1.376542487073248777e+00
1.376542487073248777e+00
1.376542487073248777e+00
1.376542487073248777e+00
1.376542487073248777e+00
1.160334674464999827e+00
1.160334674464999827e+00
1.182971098866448578e+00
1.182971098866448578e+00
1.182971098866448578e+00
1.182971098866448578e+00
1.208362840935276683e+00
1.208362840935276683e+00
1.208362840935276683e+00
1.208362840935276683e+00
1.132423828465600968e+00
1.132423828465600968e+00
1.173481630443025336e+00
1.173481630443025336e+00
1.173481630443025336e+00
1.173481630443025336e+00
1.173481630443025336e+00
1.178732281152299111e+00
1.178732281152299111e+00
1.172502828046502854e+00
1.156713963822789015e+00
1.176462316870298563e+00
1.176462316870298563e+00
1.176462316870298563e+00
1.208691895879325351e+00
1.208691895879325351e+00
1.208691895879325351e+00
1.208691895879325351e+00
1.208691895879325351e+00
1.208691895879325351e+00
1.208691895879325351e+00
1.193303353904636266e+00
1.193303353904636266e+00
1.181312230862128665e+00
1.181312230862128665e+00
1.079894898827241878e+00
1.079894898827241878e+00
1.079894898827241878e+00
1.079894898827241878e+00
1.079894898827241878e+00
1.260248725532122638e+00
1.262878912421011579e+00
1.262878912421011579e+00
1.262878912421011579e+00
1.281042149307053846e+00
1.259845398705375930e+00
1.259845398705375930e+00
1.259845398705375930e+00
1.290831177750605407e+00
1.290831177750605407e+00
1.230098740527201695e+00
1.230098740527201695e+00
1.190205677707973475e+00
1.190205677707973475e+00
1.190205677707973475e+00
1.190205677707973475e+00
1.190205677707973475e+00
1.190205677707973475e+00
1.190205677707973475e+00
1.190205677707973475e+00
1.190205677707973475e+00
1.190205677707973475e+00
1.190205677707973475e+00
1.194005768315581806e+00
1.190944114949978871e+00
1.190944114949978871e+00
1.190944114949978871e+00
1.190944114949978871e+00
1.190944114949978871e+00
1.190944114949978871e+00
1.190944114949978871e+00
1.190944114949978871e+00
1.190944114949978871e+00
1.190944114949978871e+00
1.190944114949978871e+00
1.217172819893634239e+00
1.217172819893634239e+00
1.204377912311299204e+00
1.204377912311299204e+00
1.204377912311299204e+00
1.204377912311299204e+00
1.204377912311299204e+00
1.204377912311299204e+00
1.234637695573206795e+00
1.234637695573206795e+00
1.234637695573206795e+00
1.234637695573206795e+00
1.201571310762973077e+00
1.356786780528663972e+00
1.356786780528663972e+00
1.313344528905415309e+00
1.313344528905415309e+00
1.313344528905415309e+00
1.298783731943999653e+00
1.298783731943999653e+00
1.298783731943999653e+00
1.298783731943999653e+00
1.235983865920100344e+00
1.077872936726953279e+00
1.077872936726953279e+00
1.077872936726953279e+00
1.087549473292149571e+00
1.087549473292149571e+00
1.121790007192648764e+00
1.121790007192648764e+00
1.133182765628739874e+00
1.162388562069339271e+00
1.066004750082438335e+00
1.076204049523380446e+00
1.344354025978704792e+00
1.344354025978704792e+00
1.344354025978704792e+00
1.344354025978704792e+00
1.344354025978704792e+00
1.344354025978704792e+00
1.344354025978704792e+00
1.344354025978704792e+00
1.344354025978704792e+00
1.344354025978704792e+00
1.359552213957593958e+00
1.359552213957593958e+00
1.359552213957593958e+00
1.347997080451990071e+00
1.347997080451990071e+00
1.138796729925784623e+00
1.138796729925784623e+00
1.138796729925784623e+00
1.138796729925784623e+00
1.160340398832530928e+00
1.281182585001239715e+00
1.183919301655280920e+00
1.183919301655280920e+00
1.183919301655280920e+00
1.211012199965160852e+00
1.180574547348878234e+00
1.180574547348878234e+00
1.226594899677200479e+00
1.226594899677200479e+00
1.265826878607922534e+00
1.285848190246737133e+00
1.353131704534430657e+00
1.353131704534430657e+00
1.353131704534430657e+00
1.298370668449127407e+00
1.298370668449127407e+00
1.298370668449127407e+00
1.298370668449127407e+00
1.276017375658489383e+00
1.276017375658489383e+00
1.283323937908693368e+00
1.283323937908693368e+00
1.283323937908693368e+00
1.180134078707882672e+00
1.180134078707882672e+00
1.180134078707882672e+00
1.180134078707882672e+00
1.180134078707882672e+00
1.180134078707882672e+00
1.180134078707882672e+00
1.180134078707882672e+00
1.206852733504478969e+00
1.206852733504478969e+00
1.206852733504478969e+00
1.203717646478337011e+00
1.203717646478337011e+00
1.221807830029370656e+00
1.221807830029370656e+00
1.198549274142380883e+00
1.370497420671932476e+00
1.370497420671932476e+00
1.370497420671932476e+00
1.370097679404145063e+00
1.370097679404145063e+00
1.370097679404145063e+00
1.370097679404145063e+00
1.370097679404145063e+00
1.157641405401373280e+00
1.157641405401373280e+00
1.157641405401373280e+00
1.157641405401373280e+00
1.157641405401373280e+00
1.157641405401373280e+00
1.157641405401373280e+00
1.157641405401373280e+00
1.157641405401373280e+00
1.204317289559057258e+00
1.204317289559057258e+00
1.204317289559057258e+00
1.204317289559057258e+00
1.204317289559057258e+00
1.294480871323798743e+00
1.294480871323798743e+00
1.294480871323798743e+00
1.294480871323798743e+00
1.294480871323798743e+00
1.264572170870767343e+00
1.232991134269389777e+00
1.232991134269389777e+00
1.232991134269389777e+00
1.232991134269389777e+00
1.236405429611407536e+00
1.236405429611407536e+00
1.236405429611407536e+00
1.236405429611407536e+00
1.236405429611407536e+00
1.236405429611407536e+00
1.157890473499338047e+00
1.157890473499338047e+00
1.245607227890549673e+00
1.245607227890549673e+00
1.245607227890549673e+00
1.245607227890549673e+00
1.245607227890549673e+00
1.245607227890549673e+00
1.198097794157503282e+00
1.198097794157503282e+00
1.198097794157503282e+00
1.198097794157503282e+00
1.198097794157503282e+00
1.198097794157503282e+00
1.198097794157503282e+00
1.198097794157503282e+00
1.198097794157503282e+00
1.271401553275002705e+00
1.271401553275002705e+00
1.265333764608842948e+00
1.265333764608842948e+00
1.265333764608842948e+00
1.265333764608842948e+00
1.265333764608842948e+00
1.265333764608842948e+00
1.245223651196282644e+00
1.245223651196282644e+00
1.218462024628522933e+00
1.170816149361802561e+00
1.192864234153970138e+00
1.192864234153970138e+00
1.192864234153970138e+00
1.192864234153970138e+00
1.192864234153970138e+00
1.192864234153970138e+00
1.192864234153970138e+00
1.192864234153970138e+00
1.192196886338249717e+00
1.192196886338249717e+00
1.192196886338249717e+00
1.359952528308962405e+00
1.359952528308962405e+00
1.359952528308962405e+00
1.403937964873721356e+00
1.333161481576500051e+00
1.333161481576500051e+00
1.300267522055399638e+00
1.278996435872356452e+00
1.077652306490128442e+00
1.077652306490128442e+00
1.077652306490128442e+00
1.077652306490128442e+00
1.077652306490128442e+00
1.216767014455308216e+00
1.216767014455308216e+00
1.216767014455308216e+00
1.258500787161531909e+00
1.258500787161531909e+00
1.258500787161531909e+00
1.258500787161531909e+00
1.258500787161531909e+00
1.282873267493976233e+00
1.282873267493976233e+00
1.282873267493976233e+00
1.282873267493976233e+00
1.282873267493976233e+00
1.282873267493976233e+00
1.282873267493976233e+00
1.282873267493976233e+00
1.186411620716492310e+00
1.329442159086072994e+00
1.329442159086072994e+00
1.329442159086072994e+00
1.309357178166635549e+00
1.309357178166635549e+00
1.309357178166635549e+00
1.309357178166635549e+00
1.309357178166635549e+00
1.309357178166635549e+00
1.309357178166635549e+00
1.309357178166635549e+00
1.268545499656773323e+00
1.033654760156330621e+00
1.160111105444384672e+00
1.160111105444384672e+00
1.160111105444384672e+00
1.286804881893627073e+00
1.286804881893627073e+00
1.141015195961169182e+00
1.141015195961169182e+00
1.141015195961169182e+00
1.141015195961169182e+00
1.141015195961169182e+00
1.141015195961169182e+00
1.141015195961169182e+00
1.149101787121534990e+00
1.238418260510665059e+00
1.238418260510665059e+00
1.238418260510665059e+00
1.125815519202619797e+00
1.125815519202619797e+00
1.075425874845943985e+00
1.065925379595585865e+00
1.079397157341087210e+00
1.079397157341087210e+00
1.127342851123942058e+00
1.127342851123942058e+00
1.127342851123942058e+00
1.127342851123942058e+00
1.127342851123942058e+00
1.127342851123942058e+00
1.127342851123942058e+00
1.127342851123942058e+00
1.127342851123942058e+00
1.127342851123942058e+00
9.438642451489254181e-01
1.166887645040610488e+00
1.201119904486673384e+00
1.201119904486673384e+00
1.201119904486673384e+00
1.217064318865090033e+00
1.217064318865090033e+00
1.196931154737333358e+00
1.196931154737333358e+00
1.234433154961022794e+00
1.222629085493976309e+00
1.222629085493976309e+00
1.222629085493976309e+00
1.222629085493976309e+00
1.222629085493976309e+00
1.222629085493976309e+00
1.222629085493976309e+00
1.247834347607746253e+00
1.247834347607746253e+00
1.247834347607746253e+00
1.247834347607746253e+00
1.247834347607746253e+00
1.247834347607746253e+00
1.247834347607746253e+00
1.245144011189029953e+00
1.245144011189029953e+00
1.245144011189029953e+00
1.245144011189029953e+00
1.245144011189029953e+00
1.226138678879971966e+00
1.025702900012040120e+00
1.025702900012040120e+00
1.025702900012040120e+00
1.043244904765763259e+00
1.080018104777389354e+00
1.080018104777389354e+00
1.080018104777389354e+00
1.080018104777389354e+00
1.132020574181944905e+00
1.132020574181944905e+00
1.132020574181944905e+00
1.132020574181944905e+00
1.137434408182683487e+00
1.137434408182683487e+00
1.137434408182683487e+00
1.115664356351291797e+00
1.115664356351291797e+00
1.161561731766986627e+00
1.175691958431881901e+00
1.090338366340277254e+00
1.090338366340277254e+00
1.243125573628866221e+00
1.145032950856121889e+00
1.145032950856121889e+00
1.145032950856121889e+00
1.145032950856121889e+00
1.145032950856121889e+00
1.145032950856121889e+00
1.091961283527844273e+00
1.148270760638875343e+00
1.148270760638875343e+00
1.148270760638875343e+00
1.148270760638875343e+00
1.148270760638875343e+00
1.166329699427191224e+00
1.166329699427191224e+00
1.166329699427191224e+00
1.166329699427191224e+00
1.166329699427191224e+00
1.166329699427191224e+00
1.161908781450303296e+00
1.161908781450303296e+00
1.161908781450303296e+00
1.161908781450303296e+00
1.195147306085270866e+00
1.195147306085270866e+00
1.195147306085270866e+00
1.190392091639139949e+00
1.190392091639139949e+00
1.178384882131587652e+00
1.178384882131587652e+00
1.178384882131587652e+00
1.183736007357129694e+00
1.183736007357129694e+00
1.183736007357129694e+00
1.183736007357129694e+00
1.183736007357129694e+00
1.183736007357129694e+00
1.168369311411504574e+00
1.221299854108058414e+00
1.221299854108058414e+00
1.221299854108058414e+00
1.221299854108058414e+00
1.221299854108058414e+00
1.204926058967295655e+00
1.204926058967295655e+00
1.208417580661997226e+00
1.208417580661997226e+00
1.208417580661997226e+00
1.208417580661997226e+00
1.208417580661997226e+00
1.208417580661997226e+00
9.898981431268744080e-01
1.030210785951416019e+00
1.030210785951416019e+00
1.029836575444839752e+00
1.214793170005255440e+00
1.263998913069391383e+00
1.263998913069391383e+00
1.263998913069391383e+00
1.263998913069391383e+00
1.263998913069391383e+00
1.263998913069391383e+00
1.263998913069391383e+00
1.263998913069391383e+00
1.263998913069391383e+00
1.263998913069391383e+00
1.263998913069391383e+00
1.256742386791009469e+00
1.256742386791009469e+00
1.230869881700850099e+00
1.230869881700850099e+00
1.230869881700850099e+00
1.216977623682076404e+00
1.195212745126229548e+00
1.195212745126229548e+00
1.195212745126229548e+00
1.171416943394192112e+00
1.171416943394192112e+00
1.171416943394192112e+00
1.227408552162028599e+00
1.285513963682600069e+00
1.330863312928938003e+00
1.375512183926145937e+00
1.375512183926145937e+00
1.379416845583095297e+00
1.379416845583095297e+00
1.379416845583095297e+00
1.261421464454241859e+00
1.261421464454241859e+00
1.261421464454241859e+00
1.261421464454241859e+00
1.261421464454241859e+00
1.261421464454241859e+00
1.261421464454241859e+00
1.261421464454241859e+00
1.261421464454241859e+00
1.281910013190517672e+00
1.281910013190517672e+00
1.281910013190517672e+00
1.281910013190517672e+00
1.354110584814149476e+00
1.354110584814149476e+00
1.354110584814149476e+00
1.354110584814149476e+00
1.195261337382656608e+00
1.224771285711682589e+00
1.224771285711682589e+00
1.224771285711682589e+00
1.224771285711682589e+00
1.224771285711682589e+00
1.233484471708742536e+00
1.233484471708742536e+00
1.168984535091516452e+00
1.111920663618230165e+00
1.166191336822135938e+00
1.173565019589876801e+00
1.173565019589876801e+00
1.173565019589876801e+00
1.173565019589876801e+00
1.150505736549510383e+00
1.150505736549510383e+00
1.150505736549510383e+00
1.150505736549510383e+00
1.155803943683245683e+00
1.253682625442385179e+00
1.236173744726472679e+00
1.236173744726472679e+00
1.236173744726472679e+00
1.277659286959443863e+00
1.199707136168143284e+00
1.199707136168143284e+00
1.194608114778838548e+00
1.194608114778838548e+00
1.194608114778838548e+00
1.194608114778838548e+00
1.194608114778838548e+00
1.194608114778838548e+00
1.194608114778838548e+00
1.237064660223698764e+00
1.237064660223698764e+00
1.237064660223698764e+00
1.237064660223698764e+00
1.237064660223698764e+00
1.237064660223698764e+00
1.237064660223698764e+00
1.237064660223698764e+00
1.237064660223698764e+00
1.237064660223698764e+00
1.237064660223698764e+00
1.184455055720791350e+00
1.184455055720791350e+00
1.184455055720791350e+00
1.184455055720791350e+00
1.184455055720791350e+00
1.184455055720791350e+00
1.184455055720791350e+00
1.184455055720791350e+00
1.184455055720791350e+00
1.184455055720791350e+00
1.184455055720791350e+00
1.298366741150815740e+00
1.174347175832106460e+00
1.174347175832106460e+00
1.174347175832106460e+00
1.174347175832106460e+00
1.174347175832106460e+00
1.174347175832106460e+00
1.212891328245647049e+00
1.212891328245647049e+00
1.212891328245647049e+00
1.212891328245647049e+00
1.137872267615045896e+00
1.137872267615045896e+00
1.137872267615045896e+00
1.137872267615045896e+00
1.165422470974352365e+00
1.165422470974352365e+00
