# Variable: dg_gbvi_00000165
# Sample shape: (1000,)
# Date: 2013-03-07 22:55:07.952308
-9.656914468981556254e+00
-5.927213557378301800e+00
-4.843893867650279184e+00
-3.862475801153232080e+00
-4.141766369509743306e+00
-4.815699047799337329e+00
-1.458634812926370872e+00
-3.519146963233829251e+00
-3.285727051062129700e+00
-3.371084246382671346e+00
-3.424606946223613502e+00
-3.320834570017483944e+00
-2.936723182776945773e+00
-2.825725762059996704e+00
-2.769897069838124448e+00
-2.769897069838124448e+00
-2.837373665285904512e+00
-2.837373665285904512e+00
-2.878918169695776630e+00
-2.889023684965125849e+00
-2.946820212959280205e+00
-2.956959023477856885e+00
-2.956947576984313653e+00
-2.887688649491157999e+00
-2.887688649491157999e+00
-2.920216484768924481e+00
-2.929059727674218294e+00
-2.966326356976426215e+00
-3.094214564288602087e+00
-3.094214564288602087e+00
-3.201009542634695393e+00
-3.059250660626684049e+00
-3.027030766424433139e+00
-3.027030766424433139e+00
-3.027030766424433139e+00
-3.027030766424433139e+00
-3.054036138401285516e+00
-3.054036138401285516e+00
-2.917247543297746049e+00
-2.896215964981279978e+00
-2.896215964981279978e+00
-2.896215964981279978e+00
-2.896215964981279978e+00
-2.896215964981279978e+00
-2.963977425593764536e+00
-2.963977425593764536e+00
-2.967562291381354189e+00
-2.962161919466108184e+00
-2.792526832368219747e+00
-2.910997339426857344e+00
-2.910997339426857344e+00
-2.785230245724808373e+00
-2.785230245724808373e+00
-2.753275317859215310e+00
-2.745263366571553121e+00
-2.775881739370142043e+00
-2.775881739370142043e+00
-2.786322518780228741e+00
-2.784363764656016649e+00
-2.784363764656016649e+00
-2.939323109592701488e+00
-2.939323109592701488e+00
-2.939323109592701488e+00
-2.939323109592701488e+00
-2.935406733359156028e+00
-2.941970747568287248e+00
-2.941970747568287248e+00
-2.884013437124546275e+00
-2.884013437124546275e+00
-2.940508906991262439e+00
-2.928217217474242240e+00
-2.818411715106049265e+00
-2.811895625449390312e+00
-2.871476855854012911e+00
-2.871476855854012911e+00
-2.871476855854012911e+00
-2.845163483351777600e+00
-2.504907060287006715e+00
-2.504907060287006715e+00
-2.636979784772621738e+00
-2.636979784772621738e+00
-2.636979784772621738e+00
-2.640302858128240171e+00
-2.752188659555093508e+00
-2.752188659555093508e+00
-2.647857026612615794e+00
-2.674321654359255618e+00
-2.616026244375237120e+00
-2.829632154105319763e+00
-2.765136084339689049e+00
-2.851670851646482152e+00
-2.851670851646482152e+00
-2.822104308970418973e+00
-2.719834454202151974e+00
-2.721908173574701717e+00
-2.721908173574701717e+00
-2.723258310265762372e+00
-2.723258310265762372e+00
-2.723258310265762372e+00
-2.805777253993633202e+00
-2.771483850502763246e+00
-2.815150213308079685e+00
-2.815150213308079685e+00
-2.778570521753948253e+00
-2.778570521753948253e+00
-2.678945295283931216e+00
-2.640494088792407990e+00
-2.520263407620329410e+00
-2.520263407620329410e+00
-2.520263407620329410e+00
-2.699769899669692386e+00
-2.699769899669692386e+00
-2.699769899669692386e+00
-2.659540500262474794e+00
-2.665511870529499561e+00
-2.596688198720313423e+00
-2.596688198720313423e+00
-2.596688198720313423e+00
-2.545688990808027796e+00
-2.527602310396754426e+00
-2.565949584555405671e+00
-2.565949584555405671e+00
-2.505876316731956877e+00
-2.583330521788397949e+00
-2.583330521788397949e+00
-2.539479987909353920e+00
-2.515717472954616785e+00
-2.515717472954616785e+00
-2.606993683107199811e+00
-2.588130911148360358e+00
-2.588130911148360358e+00
-2.596054925986129636e+00
-2.504845323404025326e+00
-2.519581598035382619e+00
-2.514700607393039355e+00
-2.696084693958859191e+00
-2.699985632865992802e+00
-2.693022348953439060e+00
-2.564137288313592222e+00
-2.614537043702058305e+00
-2.623772305171597985e+00
-2.618376172251511314e+00
-2.625362764317840103e+00
-2.625362764317840103e+00
-2.610591228743502246e+00
-2.658898893793938623e+00
-2.594879964853534116e+00
-2.508488319104968944e+00
-2.544603023128243713e+00
-2.607726744131614094e+00
-2.613467452948436520e+00
-2.613467452948436520e+00
-2.609092784868914272e+00
-2.624096977013269161e+00
-2.624096977013269161e+00
-2.746036487193237452e+00
-2.732460562024308537e+00
-2.881605880145309939e+00
-2.799081697875274610e+00
-2.779453078802358590e+00
-2.779453078802358590e+00
-2.779453078802358590e+00
-2.779453078802358590e+00
-2.812133106758426315e+00
-2.852923174961394359e+00
-2.852923174961394359e+00
-2.852923174961394359e+00
-2.852923174961394359e+00
-2.852923174961394359e+00
-2.814895118373048621e+00
-2.814895118373048621e+00
-2.822154772918905596e+00
-2.847168370327596065e+00
-2.847168370327596065e+00
-2.847168370327596065e+00
-2.725211973728139725e+00
-2.804331109036721337e+00
-2.699094680675972135e+00
-2.793022885950415812e+00
-2.793022885950415812e+00
-2.855521548107581964e+00
-2.855521548107581964e+00
-2.855521548107581964e+00
-2.855521548107581964e+00
-2.855521548107581964e+00
-2.855521548107581964e+00
-2.827353855437323205e+00
-2.765409303832942811e+00
-2.765409303832942811e+00
-2.765409303832942811e+00
-2.765409303832942811e+00
-2.765409303832942811e+00
-2.790655591686557191e+00
-2.621836757678682517e+00
-2.618814767668204091e+00
-2.514336622369213625e+00
-2.603538647944460216e+00
-2.615479741167815675e+00
-2.673593401933538338e+00
-2.673593401933538338e+00
-2.706553299748021058e+00
-2.563199359616754158e+00
-2.563199359616754158e+00
-2.583362278817213475e+00
-2.583362278817213475e+00
-2.565449844789711609e+00
-2.565449844789711609e+00
-2.706373314041579548e+00
-2.594966219961536424e+00
-2.594966219961536424e+00
-2.757590706758259458e+00
-2.783375831176040371e+00
-2.753609124130645736e+00
-2.781580649062251887e+00
-2.810651320987641366e+00
-2.646731113268161906e+00
-2.750565639431232778e+00
-2.728565783150119994e+00
-2.701587267415961335e+00
-2.701587267415961335e+00
-2.701587267415961335e+00
-2.701587267415961335e+00
-2.746853382975949387e+00
-2.746853382975949387e+00
-2.746853382975949387e+00
-2.746853382975949387e+00
-2.746853382975949387e+00
-2.746853382975949387e+00
-2.746853382975949387e+00
-2.682991704587411430e+00
-2.682991704587411430e+00
-2.682085515108484586e+00
-2.740826578109451628e+00
-2.740826578109451628e+00
-2.740826578109451628e+00
-2.596541412334670174e+00
-2.518405715089317098e+00
-2.566786792864765854e+00
-2.576509724608319285e+00
-2.588353476179158896e+00
-2.555332535352707435e+00
-2.711821104854029496e+00
-2.703714213990841220e+00
-2.703714213990841220e+00
-2.622066135117770980e+00
-2.666008109943934556e+00
-2.596983440256851683e+00
-2.596983440256851683e+00
-2.596983440256851683e+00
-2.596983440256851683e+00
-2.596983440256851683e+00
-2.596983440256851683e+00
-2.630717173339057968e+00
-2.630717173339057968e+00
-2.653970042164409904e+00
-2.654963012183970239e+00
-2.654963012183970239e+00
-2.537471473037200553e+00
-2.537471473037200553e+00
-2.537471473037200553e+00
-2.559960580140022035e+00
-2.581954989397090117e+00
-2.583144583473078182e+00
-2.583144583473078182e+00
-2.530620555829610652e+00
-2.530620555829610652e+00
-2.643973817236206614e+00
-2.643973817236206614e+00
-2.643973817236206614e+00
-2.627145032055191010e+00
-2.627145032055191010e+00
-2.626736279682488906e+00
-2.626736279682488906e+00
-2.626736279682488906e+00
-2.695626955753738230e+00
-2.695626955753738230e+00
-2.695626955753738230e+00
-2.715993171178693100e+00
-2.628083691476337247e+00
-2.628083691476337247e+00
-2.628083691476337247e+00
-2.705123512506924843e+00
-2.695383226056379034e+00
-2.714697637041640466e+00
-2.714697637041640466e+00
-2.716825208682019266e+00
-2.716825208682019266e+00
-2.716825208682019266e+00
-2.644705435916371972e+00
-2.644705435916371972e+00
-2.644705435916371972e+00
-2.628287975469011162e+00
-2.758516976236307983e+00
-2.758516976236307983e+00
-2.758516976236307983e+00
-2.760627259950879431e+00
-2.844696640510872232e+00
-2.830849784053210527e+00
-2.795686644716130154e+00
-2.837516339084714456e+00
-2.810771778536858001e+00
-2.810771778536858001e+00
-2.810771778536858001e+00
-2.548979409557937448e+00
-2.524790225987496139e+00
-2.524790225987496139e+00
-2.524790225987496139e+00
-2.618128249655807593e+00
-2.662602139359985465e+00
-2.660335897919841042e+00
-2.732051391083186509e+00
-2.718695795918032232e+00
-2.718695795918032232e+00
-2.718695795918032232e+00
-2.661136733250704545e+00
-2.666631712169345025e+00
-2.666631712169345025e+00
-2.656044491251765116e+00
-2.656044491251765116e+00
-2.658986870555750670e+00
-2.728720895316605777e+00
-2.728720895316605777e+00
-2.728720895316605777e+00
-2.728720895316605777e+00
-2.713157526677461906e+00
-2.703719896509217069e+00
-2.702368149976818845e+00
-2.702368149976818845e+00
-2.649727483113778259e+00
-2.616564908471130213e+00
-2.822953992893908914e+00
-2.822953992893908914e+00
-2.692961146390635108e+00
-2.579486313534300468e+00
-2.579486313534300468e+00
-2.571852555336318069e+00
-2.602833050224648392e+00
-2.776716419540572911e+00
-2.677500325605473908e+00
-2.950538812584249104e+00
-2.827155150570952014e+00
-2.827155150570952014e+00
-2.803269732036645756e+00
-2.693023794432487517e+00
-2.894691074641996487e+00
-2.909285755931140471e+00
-2.647571629517304181e+00
-2.647571629517304181e+00
-2.600771463570084041e+00
-2.830786415697864822e+00
-2.738411910024040719e+00
-2.771356466521461392e+00
-2.775395790525677420e+00
-2.867880363529984322e+00
-2.867880363529984322e+00
-2.821516851946990201e+00
-2.821516851946990201e+00
-2.830288719758490057e+00
-2.826562324262948511e+00
-2.826562324262948511e+00
-2.826562324262948511e+00
-2.809387909889198731e+00
-2.829589292721155669e+00
-2.829589292721155669e+00
-2.899782302644138277e+00
-2.635411222170823464e+00
-2.635411222170823464e+00
-2.615729785613457814e+00
-2.615729785613457814e+00
-2.615729785613457814e+00
-2.670529150028611021e+00
-2.670529150028611021e+00
-2.689240185094717628e+00
-2.706704164697975923e+00
-2.706704164697975923e+00
-2.706704164697975923e+00
-2.706704164697975923e+00
-2.727293096936191041e+00
-2.727293096936191041e+00
-2.707775054180870278e+00
-2.707775054180870278e+00
-2.661642894089360833e+00
-2.661642894089360833e+00
-2.659900145381409065e+00
-2.820519880429102066e+00
-2.821792709020975121e+00
-2.772476849619713857e+00
-2.645524322319062094e+00
-2.686565776822328111e+00
-2.686565776822328111e+00
-2.645328893456691421e+00
-2.767276995325009814e+00
-2.728531250115690643e+00
-2.686578400080458451e+00
-2.735924498840982544e+00
-2.730464457702654002e+00
-2.730464457702654002e+00
-2.659067290021259300e+00
-2.659067290021259300e+00
-2.655410564443764887e+00
-2.643240600692221776e+00
-2.659777426882809159e+00
-2.659777426882809159e+00
-2.665393356658040336e+00
-2.648275363893446421e+00
-2.584391992865544108e+00
-2.653403430695254972e+00
-2.654055190181458190e+00
-2.651080855399906788e+00
-2.601448395024843485e+00
-2.605184304756354763e+00
-2.605184304756354763e+00
-2.605184304756354763e+00
-2.605184304756354763e+00
-2.532581669090967491e+00
-2.532581669090967491e+00
-2.660646182080889766e+00
-2.714251280989407711e+00
-2.714251280989407711e+00
-2.762455159748971045e+00
-2.757714075019335631e+00
-2.853030960644370673e+00
-2.604001133683965463e+00
-2.604001133683965463e+00
-2.604001133683965463e+00
-2.604001133683965463e+00
-2.604001133683965463e+00
-2.659723912395168366e+00
-2.716242776135227022e+00
-2.716242776135227022e+00
-2.691778996076851893e+00
-2.691778996076851893e+00
-2.635200331724352640e+00
-2.704783790699075041e+00
-2.706405053198520427e+00
-2.724045749284843776e+00
-2.784608031059931932e+00
-2.784608031059931932e+00
-2.572833513674869454e+00
-2.595887495444693993e+00
-2.595887495444693993e+00
-2.595887495444693993e+00
-2.613890092803629717e+00
-2.613890092803629717e+00
-2.558349457298685348e+00
-2.584843807153926587e+00
-2.584843807153926587e+00
-2.584843807153926587e+00
-2.584843807153926587e+00
-2.584843807153926587e+00
-2.584843807153926587e+00
-2.812371714656817012e+00
-2.812371714656817012e+00
-2.785273392874958009e+00
-2.785273392874958009e+00
-2.785273392874958009e+00
-2.785273392874958009e+00
-2.702082478170826363e+00
-2.702082478170826363e+00
-2.702082478170826363e+00
-2.702082478170826363e+00
-2.741873221966704577e+00
-2.701295849635120927e+00
-2.679782263585289481e+00
-2.679782263585289481e+00
-2.679782263585289481e+00
-2.573706788754041241e+00
-2.841572553728443751e+00
-2.835272735679155165e+00
-2.834503649440712980e+00
-2.779892568863710611e+00
-2.788258243000035996e+00
-2.777794647646771420e+00
-2.777794647646771420e+00
-2.777794647646771420e+00
-2.578575445938189326e+00
-2.578575445938189326e+00
-2.578575445938189326e+00
-2.641775390691705638e+00
-2.624137467971777049e+00
-2.615430428346285030e+00
-2.615430428346285030e+00
-2.623583993147991844e+00
-2.684405887663659396e+00
-2.580025598123428576e+00
-2.632962990830019390e+00
-2.714049102456682849e+00
-2.714049102456682849e+00
-2.714049102456682849e+00
-2.619111689732703141e+00
-2.619111689732703141e+00
-2.660447901796160419e+00
-2.801326360153513662e+00
-2.801326360153513662e+00
-2.801326360153513662e+00
-2.817179914150131914e+00
-2.664011633370143350e+00
-2.664011633370143350e+00
-2.533278184761351248e+00
-2.516992200086450637e+00
-2.668445166728956153e+00
-2.717394419737571898e+00
-2.717394419737571898e+00
-2.741872364067140744e+00
-2.741872364067140744e+00
-2.741872364067140744e+00
-2.734979999470165790e+00
-2.720324680479566659e+00
-2.720324680479566659e+00
-2.775477133391280216e+00
-2.775477133391280216e+00
-2.798596261916589611e+00
-2.798596261916589611e+00
-2.798596261916589611e+00
-2.796579940025392119e+00
-2.798204448317896276e+00
-2.764061658463811799e+00
-2.764061658463811799e+00
-2.704878920994190583e+00
-2.704878920994190583e+00
-2.711329354704384631e+00
-2.711329354704384631e+00
-2.711329354704384631e+00
-2.711329354704384631e+00
-2.711329354704384631e+00
-2.711329354704384631e+00
-2.697412446552308829e+00
-2.697412446552308829e+00
-2.704201403689924454e+00
-2.704201403689924454e+00
-2.667086860423768080e+00
-2.641132125272906972e+00
-2.641132125272906972e+00
-2.641132125272906972e+00
-2.557399472959378528e+00
-2.645760996848013580e+00
-2.645760996848013580e+00
-2.645760996848013580e+00
-2.663293282962702957e+00
-2.560002764263431985e+00
-2.560002764263431985e+00
-2.617120058015248052e+00
-2.617120058015248052e+00
-2.680622315404490585e+00
-2.688351076237687209e+00
-2.688351076237687209e+00
-2.688351076237687209e+00
-2.688351076237687209e+00
-2.763884829328643544e+00
-2.925429664361109072e+00
-2.787426133871768297e+00
-2.864925768150086594e+00
-2.859195820648524400e+00
-2.859195820648524400e+00
-2.841112829673910767e+00
-2.841112829673910767e+00
-2.835096125945678391e+00
-2.801145735524317448e+00
-2.931373140506348562e+00
-2.896523518981769740e+00
-2.574045044512565994e+00
-2.658636376367333742e+00
-2.658636376367333742e+00
-2.547365440355429111e+00
-2.547365440355429111e+00
-2.543228422804515887e+00
-2.543228422804515887e+00
-2.543228422804515887e+00
-2.543228422804515887e+00
-2.642673710816763055e+00
-2.634586318742524025e+00
-2.661525750661894563e+00
-2.661525750661894563e+00
-2.667674568880211261e+00
-2.667674568880211261e+00
-2.643533280084894965e+00
-2.809318333004413581e+00
-2.809318333004413581e+00
-2.809318333004413581e+00
-2.903572299387018329e+00
-2.758311059470579529e+00
-2.875228715341625385e+00
-2.875228715341625385e+00
-2.875228715341625385e+00
-2.939669111284681779e+00
-2.841935819972654542e+00
-2.841935819972654542e+00
-2.817329595723943036e+00
-2.798449115816655564e+00
-2.801845587258904757e+00
-2.836434636156035083e+00
-2.767868996379450941e+00
-2.767868996379450941e+00
-2.767868996379450941e+00
-2.797120133290762478e+00
-2.797120133290762478e+00
-2.796396091545994445e+00
-2.796396091545994445e+00
-2.808336319024872463e+00
-2.808336319024872463e+00
-2.804433448151523844e+00
-2.804433448151523844e+00
-2.804433448151523844e+00
-2.928477451735544079e+00
-2.852252537491947404e+00
-2.886024747410477431e+00
-2.886024747410477431e+00
-2.658476943963323791e+00
-2.773429077921015562e+00
-2.773429077921015562e+00
-2.773429077921015562e+00
-2.759127541826339680e+00
-2.759127541826339680e+00
-2.862359888329284008e+00
-2.864037987792212192e+00
-2.775372059454713103e+00
-2.752008018440338155e+00
-2.752008018440338155e+00
-2.764456276523233225e+00
-2.528502200290871027e+00
-2.528502200290871027e+00
-2.528502200290871027e+00
-2.512138581206992960e+00
-2.512138581206992960e+00
-2.512138581206992960e+00
-2.512138581206992960e+00
-2.502356504999731168e+00
-2.719328352764091683e+00
-2.692135108435821156e+00
-2.692135108435821156e+00
-2.722033272136764381e+00
-2.754669750017372021e+00
-2.754669750017372021e+00
-2.754669750017372021e+00
-2.710113600382203725e+00
-2.764671958484694603e+00
-2.739613920666003732e+00
-2.739613920666003732e+00
-2.831109422354315619e+00
-2.831109422354315619e+00
-2.831109422354315619e+00
-2.739029491891570522e+00
-2.734637287288997243e+00
-2.734637287288997243e+00
-2.752348657495907958e+00
-2.752348657495907958e+00
-2.749694188321256672e+00
-2.787713641700702016e+00
-2.794984853789326262e+00
-2.794984853789326262e+00
-2.794984853789326262e+00
-2.789680322433099491e+00
-2.789680322433099491e+00
-2.789680322433099491e+00
-2.789680322433099491e+00
-2.789680322433099491e+00
-2.798858487699273923e+00
-2.718163881608159915e+00
-2.750560341657257268e+00
-2.693277698335420300e+00
-2.830776390949229171e+00
-2.830776390949229171e+00
-2.771339756749375827e+00
-2.771339756749375827e+00
-2.684425332224278371e+00
-2.682117308403948464e+00
-2.682117308403948464e+00
-2.682117308403948464e+00
-2.682117308403948464e+00
-2.682117308403948464e+00
-2.682117308403948464e+00
-2.714537188318299599e+00
-2.756079977277079429e+00
-2.756079977277079429e+00
-2.716608076924354354e+00
-2.716608076924354354e+00
-2.719875401171780283e+00
-2.885218695566661218e+00
-2.789405825168401520e+00
-2.860908656717200405e+00
-2.860908656717200405e+00
-2.850419808883426942e+00
-2.890335490136390906e+00
-2.890335490136390906e+00
-2.904811649843988874e+00
-2.930584720775343044e+00
-2.906345095209190266e+00
-2.906345095209190266e+00
-2.906345095209190266e+00
-2.906345095209190266e+00
-2.906345095209190266e+00
-2.906345095209190266e+00
-2.906345095209190266e+00
-2.805013856460377042e+00
-2.764702844854119324e+00
-2.842190058080529713e+00
-2.826405822996131967e+00
-2.840832868071312856e+00
-2.843339871480018655e+00
-2.843339871480018655e+00
-2.819639422767795889e+00
-2.892446602348835327e+00
-2.758085467860029283e+00
-2.775809552499362010e+00
-2.797690941902519324e+00
-2.893605351583319774e+00
-2.893605351583319774e+00
-2.876861434743409607e+00
-2.838061784810816945e+00
-2.838061784810816945e+00
-2.779445234846982249e+00
-2.779445234846982249e+00
-2.775207691155481271e+00
-2.785714263777891109e+00
-2.785714263777891109e+00
-2.853905928302173933e+00
-2.853905928302173933e+00
-2.853905928302173933e+00
-2.824476193056169482e+00
-2.824476193056169482e+00
-2.824476193056169482e+00
-2.824476193056169482e+00
-2.824476193056169482e+00
-2.824476193056169482e+00
-2.824476193056169482e+00
-2.824476193056169482e+00
-2.940953493984626022e+00
-2.639720336794102451e+00
-2.796851438483330732e+00
-2.764958341807400188e+00
-2.844327733006394521e+00
-2.866340114337777134e+00
-2.866340114337777134e+00
-2.695477212182582516e+00
-2.613931810159658919e+00
-2.613931810159658919e+00
-2.613931810159658919e+00
-2.613931810159658919e+00
-2.636032888176961464e+00
-2.802954518835316655e+00
-2.734473592418168231e+00
-2.755228361964482620e+00
-2.755228361964482620e+00
-2.624428720447203212e+00
-2.624428720447203212e+00
-2.703379387034773984e+00
-2.627103577655943933e+00
-2.627103577655943933e+00
-2.627103577655943933e+00
-2.627103577655943933e+00
-2.627103577655943933e+00
-2.627103577655943933e+00
-2.622724380606107353e+00
-2.574356109104448009e+00
-2.574356109104448009e+00
-2.574356109104448009e+00
-2.635334781422711270e+00
-2.635334781422711270e+00
-2.643681424356520981e+00
-2.664036240337415151e+00
-2.656740759684416364e+00
-2.654792956946344873e+00
-2.596895862860615356e+00
-2.596895862860615356e+00
-2.673375334337585230e+00
-2.673375334337585230e+00
-2.682601584010781970e+00
-2.682601584010781970e+00
-2.682601584010781970e+00
-2.645452512179733873e+00
-2.645452512179733873e+00
-2.753101124575126679e+00
-2.974661754419478665e+00
-2.638889224715050386e+00
-2.620351152664347705e+00
-2.620351152664347705e+00
-2.562850003275255695e+00
-2.653254013277641210e+00
-2.715028763659424804e+00
-2.735574035101560497e+00
-2.639488513402778569e+00
-2.599149383144874204e+00
-2.436696355968473782e+00
-2.436696355968473782e+00
-2.436696355968473782e+00
-2.436696355968473782e+00
-2.436696355968473782e+00
-2.436696355968473782e+00
-2.699199672027489338e+00
-2.779806520891402677e+00
-2.779806520891402677e+00
-2.779806520891402677e+00
-2.779806520891402677e+00
-2.690105416067021693e+00
-2.700152515216089011e+00
-2.700152515216089011e+00
-2.682731294841260272e+00
-2.682731294841260272e+00
-2.696430365140379593e+00
-2.696430365140379593e+00
-2.696430365140379593e+00
-2.624476608435453606e+00
-2.828812135231074443e+00
-2.828812135231074443e+00
-2.905381949703298439e+00
-2.759299375991242975e+00
-2.739299601343768487e+00
-2.739299601343768487e+00
-2.739299601343768487e+00
-2.739299601343768487e+00
-2.676345266227849073e+00
-2.850023935971165656e+00
-2.686578651239847293e+00
-2.679474999213731667e+00
-2.650945336055555490e+00
-2.650945336055555490e+00
-2.655131501754458334e+00
-2.732421532740713754e+00
-2.732421532740713754e+00
-2.752587465278266698e+00
-2.744902484125517184e+00
-2.791323589893978774e+00
-2.791323589893978774e+00
-2.632067148652861732e+00
-2.750818352531148925e+00
-2.751385175780953318e+00
-2.685770086849918137e+00
-2.685770086849918137e+00
-2.659785202856455477e+00
-2.659785202856455477e+00
-2.724033911973571254e+00
-2.919861091116498830e+00
-2.919861091116498830e+00
-2.919861091116498830e+00
-2.806752815405593182e+00
-2.813523082438047940e+00
-2.803701399635772251e+00
-2.886205533177179650e+00
-2.886205533177179650e+00
-2.886205533177179650e+00
-2.886205533177179650e+00
-2.886205533177179650e+00
-2.894170897682321275e+00
-2.763438752824827649e+00
-2.763438752824827649e+00
-2.763438752824827649e+00
-2.589451998667837263e+00
-2.589451998667837263e+00
-2.589451998667837263e+00
-2.592035671171565525e+00
-2.606855907950410778e+00
-2.607415814229265827e+00
-2.607415814229265827e+00
-2.607415814229265827e+00
-2.667363584661940568e+00
-2.667363584661940568e+00
-2.575319631940321763e+00
-2.575319631940321763e+00
-2.575319631940321763e+00
-2.569476134917502375e+00
-2.556303437020427616e+00
-2.576778731125894506e+00
-2.822172981006780823e+00
-2.801413722161658182e+00
-2.801413722161658182e+00
-2.801413722161658182e+00
-2.850130549593690166e+00
-2.687406029474327607e+00
-2.546103339780558805e+00
-2.546103339780558805e+00
-2.546103339780558805e+00
-2.588739406496376017e+00
-2.588739406496376017e+00
-2.588739406496376017e+00
-2.712802341397392958e+00
-2.672227029880737348e+00
-2.692150005043728367e+00
-2.692353497776068583e+00
-2.507859018200725654e+00
-2.659199581055350148e+00
-2.659199581055350148e+00
-2.659199581055350148e+00
-2.659199581055350148e+00
-2.659199581055350148e+00
-2.659199581055350148e+00
-2.652095500242340087e+00
-2.652095500242340087e+00
-2.623728730361282402e+00
-2.623728730361282402e+00
-2.623728730361282402e+00
-2.627656824599687191e+00
-2.627656824599687191e+00
-2.641662098511603052e+00
-2.641662098511603052e+00
-2.641662098511603052e+00
-2.649182239221980595e+00
-2.546294634831874681e+00
-2.546294634831874681e+00
-2.546294634831874681e+00
-2.559175750133600324e+00
-2.559175750133600324e+00
-2.559175750133600324e+00
-2.443677416663226687e+00
-2.518819048509485903e+00
-2.405370931459733352e+00
-2.428919287006006122e+00
-2.428919287006006122e+00
-2.426806352944359535e+00
-2.426806352944359535e+00
-2.484693572165948439e+00
-2.683439548263596208e+00
-2.509079245373901479e+00
-2.554068110481084286e+00
-2.554068110481084286e+00
-2.554068110481084286e+00
-2.554068110481084286e+00
-2.554068110481084286e+00
-2.572137365721475888e+00
-2.674845348555090485e+00
-2.497922901225617665e+00
-2.727155806607173716e+00
-2.727155806607173716e+00
-2.727155806607173716e+00
-2.639916647880538925e+00
-2.639916647880538925e+00
-2.639916647880538925e+00
-2.639916647880538925e+00
-2.802459048838676470e+00
-2.638637003449409768e+00
-2.638637003449409768e+00
-2.638637003449409768e+00
-2.638637003449409768e+00
-2.638637003449409768e+00
-2.872687538242395977e+00
-2.872687538242395977e+00
-2.890773046097164567e+00
-2.799314891560507501e+00
-2.733779720865154417e+00
-2.654666529341102255e+00
-2.716869014919579772e+00
-2.716869014919579772e+00
-2.664326825198102711e+00
-2.676799625304933095e+00
-2.676799625304933095e+00
-2.719433870039755341e+00
-2.719433870039755341e+00
-2.716568062009731666e+00
-2.598373542984311779e+00
-2.579466482055257082e+00
-2.566304067726423277e+00
-2.598335608207940073e+00
-2.575896017406718919e+00
-2.707283734111743279e+00
-2.707283734111743279e+00
-2.775802465851413992e+00
-2.775802465851413992e+00
-2.775802465851413992e+00
-2.775802465851413992e+00
-2.775802465851413992e+00
-2.775802465851413992e+00
-2.710777942681164454e+00
-2.658949223421959385e+00
-2.658949223421959385e+00
-2.658949223421959385e+00
-2.658949223421959385e+00
-2.664841077904017919e+00
-2.619755612487251195e+00
-2.619755612487251195e+00
-2.619755612487251195e+00
-2.619755612487251195e+00
-2.652340731340983471e+00
-2.652340731340983471e+00
-2.473343666300593657e+00
-2.473343666300593657e+00
-2.458680706253765447e+00
-2.458680706253765447e+00
-2.458680706253765447e+00
-2.523358479912449326e+00
-2.523358479912449326e+00
-2.523358479912449326e+00
-2.523358479912449326e+00
-2.523358479912449326e+00
-2.636759188827873857e+00
-2.651398701079428211e+00
-2.621534224463741847e+00
-2.644510848152383353e+00
-2.644510848152383353e+00
-2.676945309501293835e+00
-2.676945309501293835e+00
-2.676945309501293835e+00
-2.466602626375216101e+00
-2.454808609712253009e+00
-2.454808609712253009e+00
-2.454808609712253009e+00
-2.545398732398950425e+00
-2.545398732398950425e+00
-2.545398732398950425e+00
-2.545398732398950425e+00
-2.608938637843560393e+00
-2.608938637843560393e+00
