# Variable: dg_gbvi_00000454
# Sample shape: (1000,)
# Date: 2013-03-07 22:55:08.749267
-1.920428534225960382e+00
-1.765654876744498836e+00
-1.625857536465853403e+00
-9.418098822257386926e-01
-9.660191837983177487e-01
-9.217182404791517403e-01
-8.976548981536900396e-01
3.724775438041109665e-01
3.764653878711248236e-01
7.339030505267917226e-01
6.007581412110575281e-01
6.117018152854326596e-01
5.241732432215198134e-01
3.779492935911243912e-01
3.547101898655976027e-01
4.464655122564053502e-01
4.407361480722703506e-01
4.407361480722703506e-01
4.153402457246001545e-01
1.217837923186522620e+00
5.694736212583308976e-01
6.177826920295956814e-01
6.255879634364683861e-01
6.243213247996236559e-01
6.203943586515355824e-01
6.403185013009585758e-01
6.468955920248400382e-01
6.689375081326359718e-01
6.714088145768669635e-01
6.714088145768669635e-01
6.664452674854005609e-01
6.856343903607543533e-01
7.078448752997016369e-01
4.716725821817820963e-01
4.672442501167251572e-01
4.330829559362101011e-01
4.238230047558247948e-01
3.958917633266288982e-01
4.295744088328243837e-01
4.424635625016821172e-01
4.339046995549465380e-01
4.477558959340101064e-01
4.526525490461146273e-01
4.847570123977490431e-01
4.959065139318218352e-01
4.862794530379796476e-01
4.862794530379796476e-01
4.829080449780719930e-01
4.719127517114997117e-01
4.625615136955754103e-01
4.738673780679393266e-01
4.291601208795846056e-01
4.070152213548808851e-01
4.120951172767610138e-01
3.921538813861926709e-01
4.231767665994313199e-01
4.293591700403349143e-01
4.264065313817657632e-01
4.294607492597943277e-01
4.130316106543694965e-01
3.714619107127358766e-01
3.781181722805717627e-01
3.691159961257381994e-01
3.685127474955089411e-01
3.739813638225140680e-01
4.043176893242959036e-01
7.612277548132407867e-01
7.617048018824306155e-01
7.813411979798972062e-01
7.490793190517689437e-01
7.731660162726847751e-01
7.678455117069019620e-01
1.209167081202767280e+00
1.192815885402434217e+00
9.279569828832673339e-01
8.269795650479988547e-01
8.269795650479988547e-01
8.258695458814445667e-01
8.215414999943507768e-01
8.149362239291231269e-01
8.105871826807029557e-01
8.254059590049052098e-01
8.367171223526922441e-01
8.281561487360016294e-01
8.500710363603866115e-01
8.308862252894460010e-01
8.377266288705852437e-01
8.286221136459879233e-01
8.496399849499232104e-01
1.180550468079653248e+00
1.008406698660962997e+00
1.021677005990095921e+00
1.067093882525882886e+00
1.070173556132530290e+00
9.883387026407993714e-01
9.933272168872930852e-01
1.016116168975498724e+00
1.025439240495031878e+00
1.018980973722260819e+00
1.038835658458278299e+00
1.036734438753645460e+00
1.036734438753645460e+00
1.031485861103347057e+00
1.039190231600568781e+00
6.612399377841585713e-01
6.533528084070649999e-01
6.317879578832030774e-01
7.191688431857560238e-01
7.297075597008301218e-01
7.468133732519510737e-01
7.392907849802837772e-01
7.492706592394715592e-01
5.780433635965975814e-01
1.004769285476973861e+00
1.034619194939152553e+00
1.033355210644800737e+00
1.026237307203561544e+00
1.182104116161080576e+00
1.205975420366968365e+00
1.180260894028292595e+00
1.162118203686886453e+00
1.167241565778297296e+00
1.167398501946850686e+00
1.216221069035515523e+00
1.195766936915492185e+00
1.183394512246332519e+00
1.205985599989126467e+00
1.216846843215928509e+00
1.216652963014297262e+00
1.254241326175263183e+00
1.255851647098948698e+00
1.255844034927304120e+00
1.233969625493556155e+00
1.251490134038397040e+00
1.162642093215199957e+00
1.158616251658807439e+00
1.156366563403862013e+00
1.156366563403862013e+00
9.658601639842224751e-01
9.626612465985248113e-01
9.616436447763254680e-01
9.665895435076116149e-01
9.868021767122207022e-01
9.769980074818547244e-01
9.840143806557980488e-01
9.769498058369425753e-01
9.690768050612252882e-01
1.036480279645268787e+00
1.045505791412194130e+00
8.987644041629880842e-01
8.937476381444665607e-01
8.783946038515980659e-01
1.254135513281466663e+00
1.233981996578098261e+00
1.243068745772542893e+00
1.227530995517183809e+00
1.213779221765818761e+00
1.196163034523999080e+00
1.163093419754304136e+00
1.157212381772314336e+00
1.159999217589178455e+00
1.172097471436575278e+00
1.177816199415852250e+00
1.194229231831083871e+00
1.220245443051541034e+00
1.201725752484755105e+00
1.131556608937832831e+00
1.131516858566575134e+00
1.019789485558712627e+00
9.861627112636348613e-01
9.826375969381268005e-01
9.634788687226324422e-01
9.725912397789365782e-01
1.260342248954756661e+00
1.298849085924696389e+00
1.296151697737748520e+00
1.285973214819904786e+00
1.298914198669411046e+00
1.296681429483367953e+00
1.291690133182639366e+00
1.276035356380563757e+00
1.255408940189570721e+00
1.265429009113638203e+00
1.301808513258948974e+00
1.308299796273401094e+00
1.165498915886705955e+00
1.179301299622104837e+00
1.201847999558290248e+00
1.211995833182785365e+00
1.214455952166566766e+00
1.097511258732286610e+00
1.102936597040526712e+00
1.077408467339689757e+00
1.106763221585735479e+00
1.075842221172749635e+00
1.184084713916379039e+00
1.194512751283305807e+00
1.197977567327513260e+00
1.213318637081079121e+00
7.731279351479054540e-01
7.653655196071109668e-01
7.672855352714402777e-01
8.068154098439206390e-01
1.131879621483303122e+00
3.770265179507008013e-01
3.469670852203815548e-01
3.550218318056364564e-01
3.566434464651024316e-01
3.442462358272318501e-01
1.154011926575339908e+00
1.172343190806441893e+00
1.159310738603999358e+00
1.749466773166287181e+00
1.749466773166287181e+00
1.219923244942130669e+00
1.220342891287282905e+00
1.239467747219585414e+00
1.235379385595872570e+00
1.231021023734082176e+00
1.196941527335636302e+00
1.226549350507808889e+00
1.235503298406175343e+00
9.919613358751477872e-01
9.827270715960869651e-01
9.815102588530977279e-01
9.938110628896593690e-01
9.711755667625042721e-01
9.711755667625042721e-01
1.482636933419255509e+00
1.494947774460413825e+00
1.480263587237040435e+00
1.498913978050661511e+00
1.480820953078274549e+00
1.459384174454880112e+00
1.449684129505246943e+00
1.437649628119884060e+00
1.443706641312265226e+00
1.544766940158090129e+00
1.548585195276419801e+00
1.512869389488980643e+00
1.530280320651583592e+00
1.543211400493161856e+00
1.578922749767602607e+00
1.167756194119097479e+00
1.171778511914853604e+00
1.169890715351274091e+00
1.159184823847916102e+00
1.137751796348163591e+00
1.392558023200728412e+00
1.399081713978709729e+00
1.388204507244728436e+00
1.186610411761910289e+00
1.248258922774605040e+00
1.250076675306309948e+00
1.241294339500646826e+00
1.240793006408187127e+00
1.230223445619849754e+00
1.234422221018420363e+00
1.231735046565812342e+00
1.251801755667323768e+00
1.240622870349051832e+00
1.234432232815621866e+00
1.240867938875832577e+00
1.245301066326286010e+00
1.119522143403470560e+00
1.129819641638242222e+00
1.118020071233682078e+00
1.102181584942724557e+00
1.074484622765403907e+00
1.092515770465901426e+00
1.092515770465901426e+00
1.082498268752167370e+00
1.084647763967444778e+00
1.076222383246581815e+00
1.076268521487575569e+00
1.112618082371127581e+00
1.079415803163508381e+00
8.410147405292687228e-01
8.340215015884689942e-01
8.121338809879516951e-01
8.002653576911347155e-01
7.971645119273236268e-01
8.157442983004157266e-01
8.321903640256519408e-01
8.614388245294900548e-01
8.204209758654996687e-01
8.312852950221358839e-01
8.224408276198151846e-01
8.170376629041835592e-01
8.614277041298495918e-01
9.748693598623685563e-01
9.805548381231755650e-01
1.003155654736979097e+00
1.128361290053249810e+00
1.129615747675150939e+00
1.097447424702546526e+00
1.117556935350835889e+00
1.117556935350835889e+00
1.327188992430652581e+00
1.218148359933112435e+00
1.202001723876239048e+00
1.190927581531075141e+00
1.183844097088055047e+00
1.109494712237921066e+00
1.082240959735512043e+00
1.067647622081887793e+00
1.078076147979429855e+00
1.037722263056443772e+00
1.047399612275976999e+00
1.035383399633685642e+00
1.027761308996878897e+00
1.034472668019057240e+00
1.046891695923293897e+00
1.042644710936967201e+00
1.042644710936967201e+00
1.017089899159195232e+00
9.897388384508087888e-01
9.820665746206709290e-01
7.932344674284114161e-01
7.994877665011356216e-01
8.088104900183679113e-01
8.040462160193760921e-01
7.721524942008344272e-01
8.452535908660611108e-01
8.535098036806478827e-01
8.409716344304697389e-01
8.409716344304697389e-01
8.655729441642560085e-01
8.817086028825967814e-01
9.064065179820971485e-01
9.161727328196663800e-01
8.129233623855940394e-01
8.206148849582458604e-01
8.136638296909544099e-01
8.310044231802677928e-01
8.040851859238088428e-01
8.801533405132178078e-01
8.783519593169588635e-01
8.654029803870891824e-01
8.552576802324737271e-01
8.439522385009108341e-01
8.587023976108998369e-01
8.856553116991366936e-01
8.912643691687678338e-01
8.819731303867233141e-01
8.585889177564849373e-01
8.506213665787566436e-01
7.124231799658459208e-01
7.236484205041650020e-01
7.024486806510885639e-01
6.852802450061443729e-01
6.891911204739659125e-01
6.936456991950978868e-01
9.294029450161551686e-01
8.998120378525642504e-01
8.700827223748021089e-01
8.541282732879800221e-01
8.294839863953314962e-01
8.452407109141268915e-01
8.336037490037824238e-01
8.293594182795938075e-01
8.094078159725522914e-01
8.101486426038644328e-01
8.101486426038644328e-01
8.011076136401065195e-01
8.151719581588294794e-01
7.942409930806317853e-01
8.288232959400081423e-01
8.599517401585994314e-01
8.408340652428143436e-01
8.556291467240303428e-01
1.071064210596619715e+00
1.069796994510368915e+00
1.069796994510368915e+00
1.062656231919799188e+00
1.059939059181012055e+00
1.074827558512509773e+00
1.084557803020568256e+00
1.051229736972845163e+00
1.070312159791353190e+00
1.051078426729745940e+00
1.085734326335137112e+00
1.061131235627345903e+00
1.071756889841945837e+00
1.073941917748686636e+00
1.036280089021446305e+00
1.026865555077986381e+00
9.972289007048139586e-01
1.134013132710878891e+00
1.139319982972177403e+00
1.168718160606623035e+00
1.209895590891445272e+00
1.203696030743847123e+00
1.178287385216440386e+00
1.168690282151222393e+00
1.057874186273938033e+00
1.072934292494231778e+00
1.048912531313952234e+00
1.036096535174134026e+00
1.046682854737057911e+00
1.044413958590928226e+00
1.012473596560217848e+00
1.011769469133814603e+00
9.905208567725093394e-01
9.975135937826911103e-01
9.751497781352352900e-01
9.142326953787195398e-01
9.531993768541390244e-01
9.531067650889109011e-01
9.458899088608874184e-01
9.230933876557159135e-01
9.235409619219595578e-01
9.459040570674842607e-01
9.588411226445928692e-01
9.506913015516110788e-01
9.454105474939921150e-01
8.689892083001242717e-01
8.837052984224088581e-01
8.776044873767231413e-01
8.776434621492309462e-01
8.776434621492309462e-01
8.823858371341892770e-01
8.718321071486713203e-01
8.642028443456296616e-01
8.699838309259404490e-01
8.974403333121897530e-01
8.658736472037910081e-01
8.658736472037910081e-01
8.811614704331947046e-01
8.670003966327175515e-01
8.865506733135837258e-01
8.826349080481494802e-01
8.925321349821500050e-01
8.760801669025631844e-01
8.980765734245801379e-01
8.939858916567043901e-01
8.934027658273983041e-01
8.748393673008674210e-01
8.844248732809810720e-01
5.361703615001709444e-01
5.321333469278375361e-01
5.939077447830715117e-01
5.910345908604739407e-01
5.843218886496136522e-01
5.956050472206961821e-01
5.956050472206961821e-01
6.245734995768034148e-01
6.564106851485624894e-01
6.701959976056917068e-01
7.067263374200053461e-01
6.893586651612580996e-01
6.428839454854238245e-01
6.455583238262779799e-01
6.262446732010327199e-01
6.435725730664301203e-01
6.559791501012171011e-01
6.219958054085421573e-01
6.365960469222200491e-01
6.440665817300761375e-01
6.440665817300761375e-01
6.818251942532362886e-01
6.677838826523562199e-01
4.237024844324895345e-01
4.512990530389505150e-01
4.548097783858547905e-01
4.392298708158114406e-01
4.392298708158114406e-01
4.539698204684334826e-01
4.306026432101258128e-01
4.453966646493121018e-01
4.363793191979841168e-01
4.288239190873727735e-01
4.659189211831694100e-01
4.728527063417531928e-01
4.786828369061766897e-01
4.636889134588541017e-01
4.720937365480359915e-01
1.002456750659895146e+00
9.580734085223023833e-01
9.580734085223023833e-01
9.372654371801764084e-01
9.588547017100952363e-01
1.000095069442446416e+00
1.010820891558524171e+00
9.897668498068582510e-01
1.004015721302887076e+00
9.957467916547840803e-01
9.856763337331259089e-01
9.843864891061774314e-01
9.654502187168267913e-01
9.590545533962684388e-01
9.646243658369186846e-01
9.708770336441191473e-01
1.195258987891546276e+00
1.204324327367668035e+00
1.122815613540322222e+00
1.126555188084737313e+00
1.196384864558786454e+00
1.210502439112182582e+00
1.216445423312409568e+00
1.201725651104067705e+00
1.207657124711262187e+00
1.192625496214421377e+00
1.182446308029135418e+00
1.198472651931161925e+00
1.221518616596108719e+00
1.221728349345823306e+00
1.207782646553624328e+00
1.203381441597209944e+00
1.171102895904863050e+00
1.146880261508669285e+00
1.139484783894384901e+00
1.125788636409586374e+00
1.129249532764841746e+00
1.113156084985584382e+00
1.075068274108292421e+00
1.090765530389273152e+00
1.094069499043200944e+00
1.098844405206322428e+00
1.112854890064463476e+00
1.112854890064463476e+00
1.104597817133474269e+00
1.084907608649383182e+00
1.096785311386891060e+00
8.197976321237206987e-01
8.344789887117952665e-01
8.187926071482209966e-01
8.149220598408863925e-01
8.376574277988105832e-01
8.269464719500189132e-01
8.135388013921086570e-01
7.191867935190360273e-01
4.138298903864373601e-01
4.080329644055425975e-01
4.121976457286306017e-01
4.067775796012043643e-01
4.339558026343687258e-01
4.689563494801803345e-01
4.776561019740719338e-01
5.095414077917156392e-01
6.397970161971600067e-01
6.584624420353234475e-01
6.542162392266468451e-01
6.421127415091313351e-01
7.068062613126352423e-01
7.361615076226161181e-01
7.436041423021946262e-01
7.354139010686601141e-01
7.757164985137179336e-01
7.703151106192908104e-01
7.710188358918811380e-01
7.998826945567513169e-01
7.702695108460688722e-01
7.755310735256319976e-01
7.365231095112917403e-01
7.497720249151557104e-01
7.295031811671986999e-01
7.401995660161645452e-01
7.700475946474819589e-01
6.876951505535664477e-01
6.607174377985117752e-01
6.670360496131166883e-01
6.492218620415498576e-01
6.789153473154049268e-01
4.009861588614389571e-01
4.277643254356781610e-01
4.065422222552126374e-01
4.069606900722401721e-01
4.417762883240058946e-01
4.457594486897761277e-01
4.532946357767098089e-01
4.438897286602337955e-01
4.324905937182626503e-01
4.304994543367287041e-01
6.912831578886213801e-01
6.737530501578821163e-01
6.664881759159372310e-01
9.597995641213559193e-01
9.834676368296968452e-01
9.749959208826916024e-01
9.918200060883815006e-01
9.712647369463618396e-01
9.832047779042237812e-01
1.003330879292454458e+00
1.078299201847138233e+00
1.071528078359261338e+00
1.068089642155354069e+00
1.064618048182234489e+00
1.060125081257456969e+00
1.301098677732369868e+00
1.343440877769842778e+00
1.338206127074697882e+00
1.348038349390927371e+00
1.293181778791214320e+00
1.290882235176192161e+00
1.287840757741811837e+00
1.313920758917815457e+00
1.295360212397850042e+00
1.176597466776758250e+00
1.185110801757990551e+00
1.218695356868997992e+00
1.225527727567172542e+00
1.200544607590887658e+00
1.167218218490430059e+00
1.156321512784751926e+00
1.171909604417104012e+00
1.150994061236798593e+00
1.139015115562760139e+00
1.165097531126962460e+00
1.140129246932264140e+00
1.125854659296171567e+00
1.122272027993908239e+00
1.181385673608105646e+00
1.185533266156360677e+00
1.190132857312132586e+00
1.162418238293652095e+00
1.119256485451526117e+00
1.142354664194497937e+00
1.126989131102242858e+00
1.140493824993710659e+00
1.157811579327504115e+00
1.143740883895662641e+00
1.327204576179350060e+00
1.324045928480475531e+00
1.350226912843791371e+00
1.333998802627938129e+00
1.325872944443181156e+00
1.336411103607004547e+00
1.003826189605198094e+00
1.006441910530027517e+00
1.000322048342841219e+00
1.192284370192769449e+00
1.146703349965608298e+00
1.153112543508571619e+00
1.144068930896119607e+00
1.152170592650663572e+00
1.141633766650894222e+00
1.124420652201755022e+00
1.131810532949297343e+00
9.634734555705893877e-01
8.426260700397849579e-01
8.108149302527802860e-01
7.928531301605012960e-01
8.115998267150374978e-01
8.219785594581169308e-01
7.679540967860730705e-01
7.796730947457026772e-01
7.761489058064813262e-01
7.663833646425660673e-01
7.797398367359362759e-01
7.957987291413534114e-01
7.766484723789096600e-01
7.904862049696121939e-01
7.927437725493129417e-01
8.295636616218626802e-01
8.295636616218626802e-01
8.157105534707735917e-01
8.089563022075870746e-01
7.853779058578005401e-01
7.713732035288347610e-01
8.144053468752535663e-01
8.338009668977151012e-01
8.479849661368837888e-01
8.616960350961976323e-01
8.616960350961976323e-01
8.674648281292661745e-01
6.823464894966757566e-01
6.743183423353592554e-01
6.860962977449446276e-01
1.142128955413844960e+00
1.128408050246642258e+00
1.109298781012070023e+00
1.122748859139718114e+00
1.135197338909467835e+00
1.124236607921310860e+00
1.132493717252544663e+00
1.150688538140000050e+00
1.150688538140000050e+00
1.152689941625589798e+00
1.140542002807505062e+00
1.089308643033919166e+00
1.104630722864789583e+00
1.113254040409354717e+00
1.090343275790862876e+00
1.092591838244547420e+00
1.015155200738206753e+00
9.979918977744494102e-01
9.830899537229199625e-01
9.809681157279317443e-01
8.675302740740091778e-01
8.608096776431838348e-01
8.594714956158423513e-01
8.874915335565406460e-01
8.874915335565406460e-01
9.266642871950797611e-01
1.080110155321275078e+00
1.063638488538861226e+00
1.069508495842153462e+00
1.080431585854238152e+00
1.069506376262665315e+00
1.077383624448769339e+00
1.126260892840547312e+00
1.101144623530947886e+00
1.115400393995961137e+00
1.135875621366784660e+00
1.144586817772889065e+00
1.156778632662608608e+00
1.152283556894768690e+00
1.129101780823380530e+00
1.129101780823380530e+00
1.146517320262905093e+00
1.150768378770107070e+00
1.164713796818558134e+00
1.133135178502507445e+00
7.872990393527412589e-01
7.706433656958667777e-01
6.790432033496213160e-01
6.882176498433971723e-01
7.093064113316364105e-01
6.981165259660729872e-01
6.909159330682469458e-01
7.198964131414655743e-01
7.148692589374462392e-01
6.809145121534508904e-01
6.789514260978556370e-01
8.846959297071066430e-01
8.895017529127422495e-01
1.154047331087819428e+00
1.159226231511732541e+00
1.076323862540774501e+00
1.155588852251075993e+00
7.340898210490300890e-01
5.915266937483752985e-01
5.838033780760194524e-01
5.945316459422186339e-01
6.072917542328427620e-01
6.020642369420080575e-01
6.106282029411206347e-01
6.196242824205419053e-01
6.277170239987881484e-01
6.747213951139769961e-01
6.970736310788306911e-01
6.920462635230559822e-01
7.071116709358237218e-01
7.196964001359085206e-01
1.058833733118553111e+00
1.094095441243639444e+00
1.086034006930849616e+00
1.106122653862260607e+00
1.076984168388407381e+00
1.080742002930423773e+00
1.080742002930423773e+00
1.080842661524404003e+00
1.022326282111719609e+00
9.078884348508573510e-01
9.062692650959713880e-01
8.595767677202531543e-01
8.706071077992071361e-01
8.767303775342283334e-01
1.065044212142736590e+00
1.077562312306401759e+00
1.070852675089841943e+00
1.092736600990928952e+00
1.096635403266794651e+00
1.100189243439898101e+00
1.079316014727729423e+00
1.068980271535237003e+00
1.096668843801765991e+00
1.066310734945526528e+00
1.059213445475357895e+00
1.139813425297862448e+00
1.129507202056192483e+00
1.113612848918246190e+00
1.151268330148663699e+00
1.136110670892742203e+00
1.122999875323057228e+00
1.110934467746052201e+00
1.089663725348826606e+00
1.080611619905578635e+00
9.517227869204821777e-01
9.696001564447088716e-01
9.641156756009000572e-01
9.647028387230258684e-01
9.725126036649874850e-01
7.312519705437962036e-01
7.312519705437962036e-01
7.298632292301037161e-01
7.413280640887786044e-01
7.308148776040501726e-01
6.833162305225191080e-01
7.625853086400796732e-01
7.629718209939442275e-01
7.166273836854585300e-01
7.039890188300924612e-01
7.103232857451280413e-01
6.954003960687017427e-01
7.217888928632112400e-01
7.158055877713076498e-01
6.966045872994646171e-01
7.143154095808949000e-01
8.045666497393638705e-01
7.912307138518123173e-01
1.043995804416060214e+00
1.006279911972689511e+00
1.006279911972689511e+00
9.947281876159212999e-01
1.000819513693418594e+00
1.000039695811477225e+00
9.941810482961305206e-01
1.009430975585696943e+00
1.000398612653616182e+00
9.771028235311017829e-01
1.001056113058738983e+00
1.014687561898510948e+00
1.019647124819737405e+00
1.019647124819737405e+00
1.034816684004868925e+00
1.069355165898614457e+00
1.094106634782165521e+00
1.093926148233780538e+00
1.103433090188075338e+00
1.291792080362871964e+00
1.291770951785483401e+00
1.302341537093867352e+00
1.283240122921198045e+00
1.305174063229748826e+00
1.377934402533541380e+00
1.349929301446826324e+00
1.342852416743865573e+00
1.329601479133231345e+00
1.287562367278936026e+00
1.270117992400304985e+00
1.266904066883422164e+00
1.272182786026836210e+00
1.258693544591639624e+00
1.250615237361666576e+00
1.257645949467794955e+00
1.273802269151926403e+00
1.266705777702959779e+00
1.261712817620866511e+00
1.261712817620866511e+00
1.299461709027646794e+00
1.285202843978697995e+00
1.009631564516833446e+00
9.963685991736568326e-01
1.005944522445782585e+00
9.896356553281319135e-01
1.003263269623005938e+00
1.010571277804793056e+00
1.044137503227026809e+00
9.221104185909402284e-01
9.150962146536489872e-01
9.230879622812820928e-01
9.312461196248337236e-01
9.302616880720544490e-01
9.460883538524733627e-01
9.237203837394080130e-01
9.170236076946974846e-01
9.170236076946974846e-01
9.426463800609573562e-01
9.560060851323264330e-01
1.101608734927537192e+00
1.123525757540520198e+00
1.113441535426680895e+00
1.125883015909923346e+00
1.109326337039684418e+00
1.087631895942367644e+00
1.088071646874404275e+00
9.502069310897832688e-01
9.289372272208581416e-01
9.102297740728370057e-01
8.361797928387836309e-01
8.644977636348529781e-01
8.644977636348529781e-01
8.379108447188446940e-01
9.001997507440752111e-01
9.202217724781982522e-01
9.184299701690150641e-01
9.904460536942718552e-01
9.875414433665103964e-01
9.835495985112244766e-01
1.008103087938263087e+00
9.989377907932230904e-01
7.629095140717883083e-01
7.889048866569915441e-01
8.124614106596707019e-01
7.941540337318916398e-01
7.710155067546776708e-01
7.207040335658202457e-01
7.289244573103010882e-01
7.180345907043452769e-01
6.990592106833061203e-01
7.144209522452392713e-01
7.118138718168104395e-01
7.193905409599831158e-01
7.193905409599831158e-01
7.583936802629451801e-01
7.832593888911160152e-01
7.869002714043309421e-01
6.141710382608457364e-01
6.381709214397383034e-01
6.348697430328742453e-01
6.650794734475582448e-01
8.713723288797050603e-01
8.993076930081059794e-01
8.993076930081059794e-01
8.847302507161526330e-01
8.847302507161526330e-01
9.079990347137920637e-01
8.982885840087372342e-01
8.692501796513945056e-01
8.829107573074128634e-01
8.658562774223345082e-01
9.521919207112753414e-01
9.517643093248140396e-01
9.403157375410791108e-01
7.894139005628730832e-01
7.725881422793414721e-01
7.647264530882170730e-01
7.519432650006051544e-01
7.243666640614780938e-01
7.321920618417329107e-01
7.824584589338455798e-01
7.928916262654277514e-01
7.695351986177589865e-01
7.753403779036518451e-01
7.824832775975057997e-01
7.824832775975057997e-01
7.869534804825057961e-01
8.236345291152372683e-01
8.180097792509299914e-01
8.206693654443707464e-01
8.161795145154688846e-01
8.019190574313498354e-01
8.019190574313498354e-01
8.053646243602199384e-01
8.234055909448120270e-01
8.397479646109130558e-01
8.467767616677631670e-01
8.092322177622046642e-01
8.007098632092644053e-01
8.036420056251628585e-01
7.680390030804264967e-01
8.638721425939219767e-01
8.610590066942265253e-01
8.528350215062867612e-01
8.578156691577943915e-01
8.605510513903141812e-01
8.755554512356419350e-01
9.002250001462941409e-01
9.302025345810435164e-01
9.205798774870368462e-01
9.128353811973997090e-01
8.904702453947161978e-01
8.594018356625104937e-01
8.943790211106009691e-01
9.257962043725308510e-01
9.155271330115660744e-01
8.962511333546560044e-01
8.850748953125928686e-01
9.240346965455726869e-01
9.173984336876360723e-01
9.177128704337818021e-01
9.111107759089679403e-01
9.263668629384458342e-01
9.102543498900266261e-01
9.296372263556202942e-01
8.697883397783474635e-01
8.800055961591169984e-01
8.666082444571128196e-01
8.296501140152041653e-01
8.595699711758345574e-01
8.653628127031913753e-01
8.802148364101263223e-01
8.764867104199723924e-01
8.510873802759905127e-01
8.612111098207816395e-01
8.447046602264476345e-01
8.563851387223614386e-01
8.649631428514570342e-01
9.074857274191415746e-01
8.976054076730227704e-01
8.794643731603005721e-01
8.925502834027365662e-01
9.071921753064124960e-01
9.075949387215944686e-01
9.075949387215944686e-01
9.282867936240666307e-01
9.344892851246878740e-01
9.074970399118812425e-01
9.133921941836555813e-01
9.211619166558093763e-01
9.038679105189637575e-01
8.993174896161261200e-01
9.178175235870801307e-01
8.607762917708254857e-01
8.627384020511380536e-01
8.914714135981659515e-01
9.046143476472930933e-01
9.196125750087266182e-01
