# Variable: dg_gbvi_00000208
# Sample shape: (1000,)
# Date: 2013-03-07 22:55:08.815468
-1.561610555483142804e+01
-8.599671113991645299e+00
-5.978735218641356042e+00
-5.875636328194359770e+00
-6.251427549112309023e+00
-6.553208402497292973e+00
-3.136903969112409207e+00
-6.173055616260824330e+00
-5.995172094998085122e+00
-6.094306553437080609e+00
-6.153225449622918397e+00
-6.585238909628287729e+00
-6.311274504236426885e+00
-6.193870587759729318e+00
-6.155494602850263952e+00
-6.155494602850263952e+00
-6.201877219128557606e+00
-6.201877219128557606e+00
-6.221050154170705504e+00
-6.227996566240284970e+00
-6.247177644980443922e+00
-6.256059959972702700e+00
-6.256052091787975833e+00
-6.208444321472305738e+00
-6.208444321472305738e+00
-6.257672402600528372e+00
-6.265457392168866768e+00
-6.255510050241936071e+00
-6.351467256574775178e+00
-6.351467256574775178e+00
-6.433808038202676549e+00
-6.359921331844212489e+00
-6.332042507726630909e+00
-6.332042507726630909e+00
-6.332042507726630909e+00
-6.332042507726630909e+00
-6.355409375750672218e+00
-6.355409375750672218e+00
-6.270804405566741124e+00
-6.258204261404639368e+00
-6.258204261404639368e+00
-6.263300941018524526e+00
-6.263300941018524526e+00
-6.263300941018524526e+00
-6.305574844060717332e+00
-6.305574844060717332e+00
-6.304525639123141012e+00
-6.299848875388595282e+00
-6.183602731014062215e+00
-6.258446943995441991e+00
-6.258446943995441991e+00
-6.155004310997171935e+00
-6.155004310997171935e+00
-6.106570054110784795e+00
-6.101475684942885280e+00
-6.127830715444591014e+00
-6.127830715444591014e+00
-6.134469445861922665e+00
-6.132783431225268700e+00
-6.132783431225268700e+00
-6.218794632068830985e+00
-6.218794632068830985e+00
-6.218794632068830985e+00
-6.218794632068830985e+00
-6.215419460716552713e+00
-6.221076392378235731e+00
-6.221076392378235731e+00
-6.183993568584076783e+00
-6.183993568584076783e+00
-6.220141062975993229e+00
-6.212276471727668614e+00
-6.142019621215229819e+00
-6.136403991401715885e+00
-6.174525847844289039e+00
-6.174525847844289039e+00
-6.174525847844289039e+00
-6.157689763690975759e+00
-5.860187842816667825e+00
-5.860187842816667825e+00
-5.849557628741081317e+00
-5.849557628741081317e+00
-5.849557628741081317e+00
-5.851814101292351467e+00
-5.940446117718218844e+00
-5.940446117718218844e+00
-5.873691612877653512e+00
-5.964349759675517504e+00
-5.945548617372769407e+00
-6.020837315168744652e+00
-5.979570797239890823e+00
-6.022939031102956697e+00
-6.022939031102956697e+00
-6.035879445601401549e+00
-6.026934074752562154e+00
-6.028762150703984801e+00
-6.028762150703984801e+00
-6.029952356306888639e+00
-6.029952356306888639e+00
-6.029952356306888639e+00
-6.089282569312825188e+00
-6.058685089501423704e+00
-6.097178932394102802e+00
-6.097178932394102802e+00
-6.064932305716601135e+00
-6.064932305716601135e+00
-5.993302863552103510e+00
-5.973820117714908839e+00
-5.887375580236186678e+00
-5.887375580236186678e+00
-5.887375580236186678e+00
-6.016438773826731534e+00
-6.016438773826731534e+00
-6.016438773826731534e+00
-5.980974767187283270e+00
-5.986238795930361789e+00
-6.130497281478868743e+00
-6.130497281478868743e+00
-6.130497281478868743e+00
-6.089988567783563234e+00
-6.076984443483210541e+00
-6.110789272921532955e+00
-6.110789272921532955e+00
-6.091243288158333158e+00
-6.146261655613808550e+00
-6.146261655613808550e+00
-6.107605457720117315e+00
-6.099873869743156263e+00
-6.099873869743156263e+00
-6.163180870891084240e+00
-6.159129501092893477e+00
-6.159129501092893477e+00
-6.094637201533661397e+00
-5.871879915993371668e+00
-5.876681825345056787e+00
-5.872372786022276969e+00
-6.034478934192196498e+00
-6.036743276125115187e+00
-6.030595945307765327e+00
-5.936848814093306892e+00
-5.990195977788186354e+00
-5.998330788769445476e+00
-5.993577645452448976e+00
-5.999731732811014240e+00
-5.999731732811014240e+00
-5.986720336198530390e+00
-6.029271781593704915e+00
-6.044904601898164920e+00
-5.954677257500463838e+00
-5.992307430382171063e+00
-6.050540667916290083e+00
-6.050158805226379499e+00
-6.050158805226379499e+00
-6.048172346257562282e+00
-6.061552134658904301e+00
-6.061552134658904301e+00
-6.111574723178205382e+00
-5.860395765772842935e+00
-5.917974143545404964e+00
-5.929875378392034158e+00
-5.912350092048347605e+00
-5.912350092048347605e+00
-5.912350092048347605e+00
-5.912350092048347605e+00
-5.922916680173252679e+00
-5.959335830322327610e+00
-5.959335830322327610e+00
-5.959335830322327610e+00
-5.921501021999559633e+00
-5.921501021999559633e+00
-5.918039913294582455e+00
-5.892371275631894889e+00
-5.898827707262300990e+00
-5.916898359834837251e+00
-5.916898359834837251e+00
-5.916898359834837251e+00
-5.877529943510899635e+00
-5.934688231566828343e+00
-5.858661944591365689e+00
-5.959052901776922262e+00
-5.959052901776922262e+00
-6.004204008658419411e+00
-6.114033108132726824e+00
-6.114033108132726824e+00
-6.114033108132726824e+00
-6.114033108132726824e+00
-6.114033108132726824e+00
-6.085566650085386442e+00
-6.032142238087531361e+00
-6.032142238087531361e+00
-6.032142238087531361e+00
-6.331176159542327042e+00
-6.331176159542327042e+00
-6.353648334884448801e+00
-6.299304027608973122e+00
-6.295830512201490592e+00
-6.224113624125425126e+00
-6.278418616993034718e+00
-6.286918725404158081e+00
-6.288499485727633065e+00
-6.288499485727633065e+00
-6.295625210099364821e+00
-6.199258523780315500e+00
-6.199258523780315500e+00
-6.217092140078071871e+00
-6.217092140078071871e+00
-6.205050881152377684e+00
-6.205050881152377684e+00
-6.299783734284644332e+00
-6.224892646679395014e+00
-6.098092647120430421e+00
-6.155453208182400715e+00
-6.172786718473017409e+00
-6.157798635786350339e+00
-6.021200807008789013e+00
-6.030538306529559911e+00
-5.968730070543403876e+00
-6.038530657835816662e+00
-6.023741714836656769e+00
-6.059489700791279354e+00
-6.059489700791279354e+00
-6.059489700791279354e+00
-6.059489700791279354e+00
-6.075455868228673673e+00
-6.075455868228673673e+00
-6.075455868228673673e+00
-6.075455868228673673e+00
-6.075455868228673673e+00
-6.075455868228673673e+00
-6.075455868228673673e+00
-6.032526191350306100e+00
-6.032526191350306100e+00
-6.031724688586764138e+00
-6.071212138928751223e+00
-6.071212138928751223e+00
-6.180273954544516002e+00
-6.052492869713402612e+00
-5.986546564896277012e+00
-6.005456431280796536e+00
-6.014053512929426581e+00
-6.021946797456608103e+00
-5.999939946017732950e+00
-6.075594157730243694e+00
-6.059838990858697372e+00
-6.059838990858697372e+00
-6.005424516374983313e+00
-6.034709705946429636e+00
-5.988708119880044478e+00
-6.120182816529701419e+00
-6.120182816529701419e+00
-6.120182816529701419e+00
-6.120182816529701419e+00
-6.073508769544073260e+00
-6.094435253806081754e+00
-6.094435253806081754e+00
-6.219224872733991383e+00
-6.219840854707773481e+00
-6.219840854707773481e+00
-6.146955804041060567e+00
-6.146955804041060567e+00
-6.146955804041060567e+00
-6.166551988866977752e+00
-6.180196066089281182e+00
-6.180574407184261432e+00
-6.180574407184261432e+00
-6.162108566027042933e+00
-6.162108566027042933e+00
-6.232426465178371622e+00
-6.232426465178371622e+00
-6.232426465178371622e+00
-6.217762477706788360e+00
-6.217762477706788360e+00
-6.179978494844800885e+00
-6.179978494844800885e+00
-6.179978494844800885e+00
-6.052789456879552610e+00
-6.052789456879552610e+00
-6.052789456879552610e+00
-6.065423495499836726e+00
-6.010889467528795826e+00
-6.010889467528795826e+00
-6.010889467528795826e+00
-6.058680579126666466e+00
-6.052638260874545928e+00
-6.064619820001964534e+00
-6.064619820001964534e+00
-6.066743190811386022e+00
-6.345032753711181250e+00
-6.345032753711181250e+00
-6.181238157444257197e+00
-6.181238157444257197e+00
-6.181238157444257197e+00
-6.159759479993240028e+00
-6.198295390751740186e+00
-6.198295390751740186e+00
-6.198295390751740186e+00
-6.200136343947952433e+00
-6.226980744196138673e+00
-6.214901129271749980e+00
-6.191164311915229312e+00
-6.217461923261232037e+00
-6.200648076793461527e+00
-6.200648076793461527e+00
-6.214660335213157971e+00
-6.128646337876269889e+00
-6.112933153788904228e+00
-6.104717934309849880e+00
-6.024899976247935385e+00
-6.085531933667255977e+00
-6.129636410252031098e+00
-6.126543142418656274e+00
-6.149624902245149016e+00
-6.129120245163830027e+00
-6.129120245163830027e+00
-6.129120245163830027e+00
-6.078527293902430628e+00
-6.044036146518478425e+00
-6.044036146518478425e+00
-6.026662105909324829e+00
-6.026662105909324829e+00
-6.029208370686272467e+00
-6.186084338801827620e+00
-6.186084338801827620e+00
-6.186084338801827620e+00
-6.186084338801827620e+00
-6.164914847243155194e+00
-6.159001803654620133e+00
-6.157830576078576534e+00
-6.157830576078576534e+00
-6.088247865407565129e+00
-6.069423801076160530e+00
-6.186576387820068135e+00
-6.186576387820068135e+00
-6.112788579377318676e+00
-6.076257841391743852e+00
-6.076257841391743852e+00
-6.082305789574063759e+00
-6.107618331909798748e+00
-6.205696789393513768e+00
-6.120472538921845285e+00
-6.349050970292666740e+00
-6.265893813626037812e+00
-6.265893813626037812e+00
-6.257504387523041167e+00
-6.218782011971730306e+00
-6.289614881920396527e+00
-6.297997908262418676e+00
-6.191937086251937394e+00
-6.191937086251937394e+00
-6.153219208632655146e+00
-6.238435629379966763e+00
-6.185607020088519370e+00
-6.204447879812605038e+00
-6.207921384885993987e+00
-6.232634582482295293e+00
-6.232634582482295293e+00
-6.213219999144878436e+00
-6.213219999144878436e+00
-6.218236595163332048e+00
-6.215032184314956964e+00
-6.215032184314956964e+00
-6.215032184314956964e+00
-6.200263521192751703e+00
-6.217635142207315724e+00
-6.217635142207315724e+00
-6.257778243046258737e+00
-6.172733327257829750e+00
-6.172733327257829750e+00
-6.154020390634230786e+00
-6.154020390634230786e+00
-6.154020390634230786e+00
-6.184896148566836338e+00
-6.184896148566836338e+00
-6.201021147040779447e+00
-6.210860925522244003e+00
-6.210860925522244003e+00
-6.210860925522244003e+00
-6.420328903520676533e+00
-6.431929382735398271e+00
-6.431929382735398271e+00
-6.415108912433678867e+00
-6.415108912433678867e+00
-6.389116541480197142e+00
-6.389116541480197142e+00
-6.388134619740440279e+00
-6.439719927255319831e+00
-6.440775090768754652e+00
-6.412985225319162375e+00
-6.344895149096601017e+00
-6.368022323850291322e+00
-6.368022323850291322e+00
-6.344785023432034876e+00
-6.376433538937694046e+00
-6.362840726151929083e+00
-6.339199973017730194e+00
-6.370618339080988513e+00
-6.365912880848044963e+00
-6.402316466698311004e+00
-6.340083704170329959e+00
-6.340083704170329959e+00
-6.336910152860768086e+00
-6.326348243419505302e+00
-6.336560156071994854e+00
-6.336560156071994854e+00
-6.340028136182943364e+00
-6.329457338323467575e+00
-6.150083966871826568e+00
-6.192486257343164269e+00
-6.193051597367363215e+00
-6.190471641827051563e+00
-6.159976262107192291e+00
-6.163216812252958476e+00
-6.163216812252958476e+00
-6.163216812252958476e+00
-6.163216812252958476e+00
-6.118608003289074837e+00
-6.118608003289074837e+00
-6.214570644419467271e+00
-6.247506908988716745e+00
-6.247506908988716745e+00
-6.102454760813722956e+00
-6.098340723562148291e+00
-6.177694132409823347e+00
-5.961079468925049696e+00
-5.961079468925049696e+00
-5.961079468925049696e+00
-5.961079468925049696e+00
-5.961079468925049696e+00
-6.002109116655014454e+00
-6.021982898790668060e+00
-6.021982898790668060e+00
-6.000740555331598003e+00
-6.000740555331598003e+00
-5.965636435681545002e+00
-5.967205545896712593e+00
-5.968211454986578346e+00
-5.979156589750919792e+00
-6.026819014779358774e+00
-6.026819014779358774e+00
-5.958489346763445660e+00
-5.972793143852326736e+00
-5.972793143852326736e+00
-5.972793143852326736e+00
-5.983962819540719735e+00
-5.983962819540719735e+00
-5.946901914711113513e+00
-5.961845354682853149e+00
-5.961845354682853149e+00
-5.961845354682853149e+00
-5.961845354682853149e+00
-5.961845354682853149e+00
-5.961845354682853149e+00
-5.993068526413285468e+00
-5.993068526413285468e+00
-5.984334478253231282e+00
-5.984334478253231282e+00
-5.984334478253231282e+00
-6.129472342192204160e+00
-6.081571340678257442e+00
-6.081571340678257442e+00
-6.081571340678257442e+00
-6.081571340678257442e+00
-6.116093994481951235e+00
-6.091110703664991632e+00
-6.069398969125315624e+00
-6.069398969125315624e+00
-6.069398969125315624e+00
-6.004482489263057943e+00
-6.227320604150491157e+00
-6.225284288580604120e+00
-6.224806590202176970e+00
-6.191703182493857760e+00
-6.198969726084320619e+00
-6.388150677109726061e+00
-6.388150677109726061e+00
-6.388150677109726061e+00
-6.237184866906041236e+00
-6.237184866906041236e+00
-6.237184866906041236e+00
-6.276439906999502050e+00
-6.037697607342785489e+00
-6.032289450881144433e+00
-6.032289450881144433e+00
-6.039371753285441180e+00
-6.077149727887863229e+00
-6.013888976902705963e+00
-6.005144532586365713e+00
-6.029741861445391038e+00
-6.029741861445391038e+00
-6.029741861445391038e+00
-5.927842555208568953e+00
-5.927842555208568953e+00
-5.898287083430122202e+00
-6.018385544761978068e+00
-6.018385544761978068e+00
-6.018385544761978068e+00
-6.023427499355017645e+00
-6.056616249178655487e+00
-6.056616249178655487e+00
-5.967606328431914520e+00
-5.953421483622796551e+00
-6.056538296505537211e+00
-6.085809681228839807e+00
-6.085809681228839807e+00
-6.077175833638167823e+00
-6.077175833638167823e+00
-6.077175833638167823e+00
-6.072478440802581368e+00
-6.062490317066366430e+00
-6.062490317066366430e+00
-6.100078685111528287e+00
-6.100078685111528287e+00
-6.115835197578595839e+00
-6.115835197578595839e+00
-6.115835197578595839e+00
-5.968101465264670225e+00
-5.969523343351792910e+00
-5.946253811656107224e+00
-5.946253811656107224e+00
-5.905918660625030903e+00
-5.905918660625030903e+00
-5.910314861764766725e+00
-5.910314861764766725e+00
-5.910314861764766725e+00
-5.910314861764766725e+00
-5.910314861764766725e+00
-5.910314861764766725e+00
-5.898133854851319136e+00
-5.898133854851319136e+00
-5.904076003274282947e+00
-5.904076003274282947e+00
-6.300768596657277065e+00
-6.283079516918123275e+00
-6.283079516918123275e+00
-6.283079516918123275e+00
-6.036655390126401954e+00
-6.096583889108988963e+00
-6.096583889108988963e+00
-6.096583889108988963e+00
-6.111923111002506737e+00
-6.159359126901473580e+00
-6.159359126901473580e+00
-6.183031580794954962e+00
-6.183031580794954962e+00
-6.233096407853481402e+00
-6.115677383160106118e+00
-6.115677383160106118e+00
-6.115677383160106118e+00
-6.115677383160106118e+00
-5.947464166606741820e+00
-6.004349759067876491e+00
-6.015511136226438182e+00
-6.077529027080018409e+00
-6.077354531160917617e+00
-6.052890302744324380e+00
-6.067350332111150379e+00
-6.067350332111150379e+00
-6.062050073984779353e+00
-6.022845226665868523e+00
-6.131109266244803457e+00
-6.102859695774469628e+00
-5.999810293658606852e+00
-6.067234050995506500e+00
-6.067234050995506500e+00
-5.978545240643200920e+00
-5.978545240643200920e+00
-5.975247819248653336e+00
-5.975247819248653336e+00
-5.975247819248653336e+00
-5.975247819248653336e+00
-6.054510963831214454e+00
-6.047360680698425028e+00
-6.068832830157474767e+00
-6.068832830157474767e+00
-6.074269167457488017e+00
-6.074269167457488017e+00
-6.027222910601308214e+00
-6.170616070588328839e+00
-6.170616070588328839e+00
-6.048979928238885861e+00
-6.114235536714630825e+00
-6.067874007387213275e+00
-6.105189407797373846e+00
-6.105189407797373846e+00
-6.105189407797373846e+00
-6.358980082326716854e+00
-6.291989976640518734e+00
-6.291989976640518734e+00
-6.270653755295306553e+00
-6.257222731365999380e+00
-6.266394057195088685e+00
-6.289178853782988021e+00
-6.265115288840524599e+00
-6.265115288840524599e+00
-6.265115288840524599e+00
-6.290468206711111954e+00
-6.290468206711111954e+00
-6.289955691811552896e+00
-6.235562483349652574e+00
-6.245911469358161661e+00
-6.245911469358161661e+00
-6.242528723415276204e+00
-6.242528723415276204e+00
-6.242528723415276204e+00
-6.282043514308005783e+00
-6.228087503415291160e+00
-6.251993253186446609e+00
-6.251993253186446609e+00
-6.060327046249414096e+00
-6.146578147356987820e+00
-6.146578147356987820e+00
-6.146578147356987820e+00
-6.134178630371693863e+00
-6.134178630371693863e+00
-6.282393734631303239e+00
-6.283848656861742654e+00
-6.221014412854785292e+00
-6.211318128360046487e+00
-6.211318128360046487e+00
-6.222111617927617466e+00
-6.135303701444478008e+00
-6.135303701444478008e+00
-6.135303701444478008e+00
-6.118017252438757048e+00
-6.112652347105270501e+00
-6.112652347105270501e+00
-6.112652347105270501e+00
-6.105770143395423233e+00
-6.181801863716644085e+00
-6.162669989967811901e+00
-6.162669989967811901e+00
-6.183704916376123073e+00
-6.206666390442281411e+00
-6.206666390442281411e+00
-6.206666390442281411e+00
-6.108473617754999196e+00
-6.146858284422934915e+00
-6.125116178773084563e+00
-6.125116178773084563e+00
-6.189488063413087104e+00
-6.298136740065721995e+00
-6.047740559139416661e+00
-6.015473720873172780e+00
-6.135233993811165298e+00
-6.135233993811165298e+00
-6.136402921986044312e+00
-6.136402921986044312e+00
-6.129833664465614618e+00
-6.141972184687186420e+00
-6.158138605565706136e+00
-6.158138605565706136e+00
-6.158138605565706136e+00
-6.152270014661094244e+00
-6.350418058865491489e+00
-6.350418058865491489e+00
-6.350418058865491489e+00
-6.350418058865491489e+00
-6.356965813572729829e+00
-6.305957125900905069e+00
-6.329068942656492780e+00
-6.289355865685377189e+00
-6.307110872147154268e+00
-6.307110872147154268e+00
-6.333415856201429328e+00
-6.333415856201429328e+00
-6.272468643965125601e+00
-6.262333309452489338e+00
-6.262333309452489338e+00
-6.262333309452489338e+00
-6.262333309452489338e+00
-6.262333309452489338e+00
-6.262333309452489338e+00
-6.285203033971772157e+00
-6.314508267111438755e+00
-6.314508267111438755e+00
-6.280223513271022462e+00
-6.241252144450137429e+00
-6.213902349692221883e+00
-6.340508411014255330e+00
-6.276292263737793142e+00
-6.324215223798752561e+00
-6.324215223798752561e+00
-6.317185339458013971e+00
-6.346033076123998029e+00
-6.346033076123998029e+00
-6.358523636465264417e+00
-6.380761585213431175e+00
-6.355747161010624424e+00
-6.355747161010624424e+00
-6.355747161010624424e+00
-6.355747161010624424e+00
-6.355747161010624424e+00
-6.355747161010624424e+00
-6.355747161010624424e+00
-6.278832195938319316e+00
-6.275198332720667516e+00
-6.326816116849938609e+00
-6.316301514436098330e+00
-6.349571168078538719e+00
-6.348895561035315716e+00
-6.348895561035315716e+00
-6.328458708306391678e+00
-6.353862732153540804e+00
-6.266354853359792365e+00
-6.332672190408689339e+00
-6.264549979760334786e+00
-6.297223389771258617e+00
-6.297223389771258617e+00
-6.286062207747169062e+00
-6.260199086261975410e+00
-6.260199086261975410e+00
-6.270952473714231701e+00
-6.270952473714231701e+00
-6.268173070963715787e+00
-6.270406613241826577e+00
-6.270406613241826577e+00
-6.315133491296481161e+00
-6.338914448312309879e+00
-6.338914448312309879e+00
-6.329633049870547978e+00
-6.329633049870547978e+00
-6.329633049870547978e+00
-6.329633049870547978e+00
-6.329633049870547978e+00
-6.329633049870547978e+00
-6.329633049870547978e+00
-6.329633049870547978e+00
-6.366367061586966081e+00
-6.236824759608313506e+00
-6.335766794449547490e+00
-6.315684405612575603e+00
-6.362576100127467882e+00
-6.376436817561599746e+00
-6.376436817561599746e+00
-6.235520949692631376e+00
-6.184173584840243265e+00
-6.184173584840243265e+00
-6.184173584840243265e+00
-6.203093674377259781e+00
-6.222049632098531902e+00
-6.259665652148310500e+00
-6.200929985731461258e+00
-6.213998812395927551e+00
-6.213998812395927551e+00
-6.179407299288274480e+00
-6.179407299288274480e+00
-6.247122796999681427e+00
-6.199093579944807253e+00
-6.199093579944807253e+00
-6.199093579944807253e+00
-6.312739849355500255e+00
-6.312739849355500255e+00
-6.312739849355500255e+00
-6.308902480984013295e+00
-6.266518712194518947e+00
-5.929209889827264490e+00
-5.929209889827264490e+00
-5.982643801529875738e+00
-5.982643801529875738e+00
-5.963241074747950954e+00
-5.979603275285543695e+00
-5.973209811101160227e+00
-5.971764150693094741e+00
-5.892013470454687152e+00
-5.892013470454687152e+00
-5.948776581925412366e+00
-5.948776581925412366e+00
-5.955624310192129123e+00
-5.955624310192129123e+00
-5.955624310192129123e+00
-5.928052245889688265e+00
-5.928052245889688265e+00
-6.007949113206672465e+00
-6.079088384704936843e+00
-5.943290423265936262e+00
-5.927044406678259492e+00
-5.927044406678259492e+00
-5.884367017707930358e+00
-5.986777314280666396e+00
-6.032626572575467527e+00
-6.269393551066698045e+00
-6.198078816882726549e+00
-6.182893247290405014e+00
-6.069376064935309678e+00
-6.069376064935309678e+00
-6.069376064935309678e+00
-6.069376064935309678e+00
-6.069376064935309678e+00
-6.069376064935309678e+00
-6.271807684690581475e+00
-6.228599320647865589e+00
-6.228599320647865589e+00
-6.228599320647865589e+00
-6.228599320647865589e+00
-6.169717827231012031e+00
-6.176312932202823625e+00
-6.176312932202823625e+00
-6.160372482010409101e+00
-6.160372482010409101e+00
-6.169364809576650899e+00
-6.169364809576650899e+00
-6.169364809576650899e+00
-6.124330856235189025e+00
-6.195726271826721643e+00
-6.195726271826721643e+00
-6.245988139120361993e+00
-6.155587249571023101e+00
-6.138206432546711611e+00
-6.138206432546711611e+00
-6.138206432546711611e+00
-6.138206432546711611e+00
-6.118020426886610963e+00
-6.232026374407108271e+00
-6.124737813404823150e+00
-6.120074842521351144e+00
-6.103041907224428186e+00
-6.103041907224428186e+00
-6.105789785174476236e+00
-6.159041985267733388e+00
-6.159041985267733388e+00
-6.166971541062268081e+00
-6.160292903247312601e+00
-6.200635195080571371e+00
-6.200635195080571371e+00
-6.138069958903813905e+00
-6.176146962961073683e+00
-6.176622000245270527e+00
-6.133551020969116863e+00
-6.133551020969116863e+00
-6.116494054070053643e+00
-6.116494054070053643e+00
-6.137095094546523910e+00
-6.288528894231173005e+00
-6.288528894231173005e+00
-6.288528894231173005e+00
-6.214282493312226485e+00
-6.218726624011422288e+00
-6.210191084253291471e+00
-6.264348350270167565e+00
-6.239179678258579109e+00
-6.239179678258579109e+00
-6.239179678258579109e+00
-6.239179678258579109e+00
-6.247469466211969191e+00
-6.117690189139219470e+00
-6.117690189139219470e+00
-6.117690189139219470e+00
-6.013685684538647713e+00
-6.013685684538647713e+00
-6.013685684538647713e+00
-6.015929523606385665e+00
-6.028353127244456822e+00
-6.030096158141891927e+00
-6.030096158141891927e+00
-6.030096158141891927e+00
-6.073519208521972246e+00
-6.073519208521972246e+00
-6.012933131306317236e+00
-6.012933131306317236e+00
-6.012933131306317236e+00
-6.009086767136095020e+00
-6.002173837315537774e+00
-6.009596780021048801e+00
-6.204889745932014478e+00
-6.191225382091248619e+00
-6.191225382091248619e+00
-6.191225382091248619e+00
-6.216610712406669847e+00
-6.080393454168801171e+00
-5.988481871975142035e+00
-5.988481871975142035e+00
-5.988481871975142035e+00
-6.016546203784413294e+00
-6.016546203784413294e+00
-6.016546203784413294e+00
-6.046801440059900834e+00
-6.287274517674447338e+00
-6.303952109045758867e+00
-6.304128858437151983e+00
-6.250644507915684933e+00
-6.267601528850722303e+00
-6.267601528850722303e+00
-6.267601528850722303e+00
-6.267601528850722303e+00
-6.267601528850722303e+00
-6.267601528850722303e+00
-6.263367161847787301e+00
-6.263367161847787301e+00
-6.246459229980766636e+00
-6.246459229980766636e+00
-6.246459229980766636e+00
-6.249864687612059377e+00
-6.249864687612059377e+00
-6.262006546749596225e+00
-6.262006546749596225e+00
-6.262006546749596225e+00
-6.268526125714928732e+00
-6.183815522816823673e+00
-6.183815522816823673e+00
-6.183815522816823673e+00
-6.194982793697176859e+00
-6.194982793697176859e+00
-6.194982793697176859e+00
-6.134211028756977768e+00
-6.193758971281001280e+00
-6.118931705880923388e+00
-6.126710650881427078e+00
-6.126710650881427078e+00
-6.124878183770522178e+00
-6.124878183770522178e+00
-5.927065095932788630e+00
-6.037696544588452063e+00
-5.932688521996427156e+00
-5.959782944782291203e+00
-5.959782944782291203e+00
-5.959782944782291203e+00
-5.959782944782291203e+00
-5.959782944782291203e+00
-5.974730772616569041e+00
-6.036586378525881535e+00
-5.927097097176926788e+00
-6.116730480402107872e+00
-6.116730480402107872e+00
-6.116730480402107872e+00
-6.088830983175208544e+00
-6.088830983175208544e+00
-6.088830983175208544e+00
-6.088830983175208544e+00
-6.145582498101879843e+00
-6.042689161006384424e+00
-6.042689161006384424e+00
-6.042689161006384424e+00
-6.042689161006384424e+00
-6.042689161006384424e+00
-6.154323683153486435e+00
-6.154323683153486435e+00
-6.146715545318571117e+00
-6.076102011339578723e+00
-6.055184488037483881e+00
-5.990092762616959554e+00
-6.027068820543686201e+00
-6.027068820543686201e+00
-5.995835292933486826e+00
-6.006551747324749613e+00
-6.006551747324749613e+00
-6.031895530427887842e+00
-6.031895530427887842e+00
-6.029433268483111341e+00
-5.991707928338851907e+00
-6.003220698747399275e+00
-5.995396345907600733e+00
-6.014437387198989349e+00
-5.995157606450461252e+00
-6.020770762128774933e+00
-6.020770762128774933e+00
-6.077500847689458752e+00
-6.077500847689458752e+00
-6.209461131101230436e+00
-6.209461131101230436e+00
-6.209461131101230436e+00
-6.209461131101230436e+00
-6.170807522438479076e+00
-6.154352704250762862e+00
-6.154352704250762862e+00
-6.154352704250762862e+00
-6.154352704250762862e+00
-6.157855097291785818e+00
-6.243008678189805316e+00
-6.243008678189805316e+00
-6.243008678189805316e+00
-6.243008678189805316e+00
-6.262378792278972206e+00
-6.262378792278972206e+00
-6.163508173926592448e+00
-6.163508173926592448e+00
-6.154791826741643490e+00
-6.276334079764213314e+00
-6.276334079764213314e+00
-6.314781564348376897e+00
-6.314781564348376897e+00
-6.314781564348376897e+00
-6.314781564348376897e+00
-6.357669305127956250e+00
-6.425079974376828318e+00
-6.417470471455444248e+00
-6.417476972571507510e+00
-6.431135349090880915e+00
-6.431135349090880915e+00
-6.450415905334028643e+00
-6.450415905334028643e+00
-6.450415905334028643e+00
-6.338190529556215758e+00
-6.328441124114278615e+00
-6.328441124114278615e+00
-6.206452297398771911e+00
-6.235366863152288275e+00
-6.235366863152288275e+00
-6.235366863152288275e+00
-6.235366863152288275e+00
-6.286248388003691012e+00
-6.286248388003691012e+00
