# Variable: dg_gbvi_00000009
# Sample shape: (1000,)
# Date: 2013-03-07 22:55:07.566162
-7.480973776440245082e-01
-5.215821941056659750e-01
4.445712484159609207e-02
9.776851240013955113e-01
2.762533233544271383e+00
1.966991838204579679e+00
1.933719564233935095e+00
2.030742844021787619e+00
1.356672042016400459e+00
1.356672042016400459e+00
1.356672042016400459e+00
1.356672042016400459e+00
1.356672042016400459e+00
1.356672042016400459e+00
1.356672042016400459e+00
1.356672042016400459e+00
1.356672042016400459e+00
1.356672042016400459e+00
1.327401646454859474e+00
1.327401646454859474e+00
1.273947803674779555e+00
1.273947803674779555e+00
1.273947803674779555e+00
1.273947803674779555e+00
1.273947803674779555e+00
1.273947803674779555e+00
1.273947803674779555e+00
1.273947803674779555e+00
1.273947803674779555e+00
1.273947803674779555e+00
1.616073358049169517e+00
1.660637783303403170e+00
1.660637783303403170e+00
1.660637783303403170e+00
1.660637783303403170e+00
1.660637783303403170e+00
1.660637783303403170e+00
1.660637783303403170e+00
1.660637783303403170e+00
1.660637783303403170e+00
1.660637783303403170e+00
1.660637783303403170e+00
1.660637783303403170e+00
1.660637783303403170e+00
1.660637783303403170e+00
1.660637783303403170e+00
1.660637783303403170e+00
1.660637783303403170e+00
1.660637783303403170e+00
1.660637783303403170e+00
1.660637783303403170e+00
1.660637783303403170e+00
1.660637783303403170e+00
1.660637783303403170e+00
1.660637783303403170e+00
1.660637783303403170e+00
1.660637783303403170e+00
1.660637783303403170e+00
1.660637783303403170e+00
1.660637783303403170e+00
1.545174475880888521e+00
1.545174475880888521e+00
1.545174475880888521e+00
1.545174475880888521e+00
1.545174475880888521e+00
1.545174475880888521e+00
1.545174475880888521e+00
1.545174475880888521e+00
1.545174475880888521e+00
1.545174475880888521e+00
1.545174475880888521e+00
1.545174475880888521e+00
1.545174475880888521e+00
1.545174475880888521e+00
1.545174475880888521e+00
1.545174475880888521e+00
1.545174475880888521e+00
1.545174475880888521e+00
1.545174475880888521e+00
1.493131149870431162e+00
1.493131149870431162e+00
1.493131149870431162e+00
1.492057457356479544e+00
1.492057457356479544e+00
1.492057457356479544e+00
1.492057457356479544e+00
1.608283776937229348e+00
1.663858431408456573e+00
1.446153417539729702e+00
1.446153417539729702e+00
1.446153417539729702e+00
1.446153417539729702e+00
1.446153417539729702e+00
1.446153417539729702e+00
1.446153417539729702e+00
1.446153417539729702e+00
1.446153417539729702e+00
1.446153417539729702e+00
1.446153417539729702e+00
1.446153417539729702e+00
1.446153417539729702e+00
1.446153417539729702e+00
1.446153417539729702e+00
1.446153417539729702e+00
1.446153417539729702e+00
1.446153417539729702e+00
1.446153417539729702e+00
1.446153417539729702e+00
1.446153417539729702e+00
1.446153417539729702e+00
1.446153417539729702e+00
1.446153417539729702e+00
1.446153417539729702e+00
1.446153417539729702e+00
1.446153417539729702e+00
1.446153417539729702e+00
1.446153417539729702e+00
1.446153417539729702e+00
1.446153417539729702e+00
1.446153417539729702e+00
1.446153417539729702e+00
1.446153417539729702e+00
1.503440578074592748e+00
1.503440578074592748e+00
1.503440578074592748e+00
1.503440578074592748e+00
1.526101023531378775e+00
1.526101023531378775e+00
1.506930845572107991e+00
1.528479629504420734e+00
1.528479629504420734e+00
1.408501041777978857e+00
1.408501041777978857e+00
1.394465867583425389e+00
1.394465867583425389e+00
1.394465867583425389e+00
1.394465867583425389e+00
1.394465867583425389e+00
1.394465867583425389e+00
1.512057293636928534e+00
1.512057293636928534e+00
1.512057293636928534e+00
1.512057293636928534e+00
1.512057293636928534e+00
1.512057293636928534e+00
1.512057293636928534e+00
1.573487485948420028e+00
1.573487485948420028e+00
1.573487485948420028e+00
1.603247019448535093e+00
1.603247019448535093e+00
1.603247019448535093e+00
1.606128475860684190e+00
1.606128475860684190e+00
1.606128475860684190e+00
1.606128475860684190e+00
1.606128475860684190e+00
1.486782632192367393e+00
1.539388530071220451e+00
1.539388530071220451e+00
1.539388530071220451e+00
1.539388530071220451e+00
1.539388530071220451e+00
1.507942113633667924e+00
1.507942113633667924e+00
1.507942113633667924e+00
1.507942113633667924e+00
1.507942113633667924e+00
1.507942113633667924e+00
1.507942113633667924e+00
1.507942113633667924e+00
1.507942113633667924e+00
1.507942113633667924e+00
1.507942113633667924e+00
1.507942113633667924e+00
1.625294878442965940e+00
1.625294878442965940e+00
1.625294878442965940e+00
1.653312636707800154e+00
1.653312636707800154e+00
1.653312636707800154e+00
1.653312636707800154e+00
1.653312636707800154e+00
1.653312636707800154e+00
1.653312636707800154e+00
1.653312636707800154e+00
1.653312636707800154e+00
1.653312636707800154e+00
1.653312636707800154e+00
1.653312636707800154e+00
1.653312636707800154e+00
1.653312636707800154e+00
1.653312636707800154e+00
1.815991040451788496e+00
1.802415804176188630e+00
1.802415804176188630e+00
1.802415804176188630e+00
1.802415804176188630e+00
1.802415804176188630e+00
1.802415804176188630e+00
1.761183012356020372e+00
1.761183012356020372e+00
1.761183012356020372e+00
1.761183012356020372e+00
1.761183012356020372e+00
1.761183012356020372e+00
1.761183012356020372e+00
1.761183012356020372e+00
1.761183012356020372e+00
1.761183012356020372e+00
1.594228269338584525e+00
1.594228269338584525e+00
1.594228269338584525e+00
1.594228269338584525e+00
1.566234809050058407e+00
1.698961244739424226e+00
1.698961244739424226e+00
1.698961244739424226e+00
1.698961244739424226e+00
1.698961244739424226e+00
1.698961244739424226e+00
1.698961244739424226e+00
1.652489813286657228e+00
1.652489813286657228e+00
1.652489813286657228e+00
1.652489813286657228e+00
1.652489813286657228e+00
1.652489813286657228e+00
1.652489813286657228e+00
1.652489813286657228e+00
1.652489813286657228e+00
1.652489813286657228e+00
1.652489813286657228e+00
1.652489813286657228e+00
1.652489813286657228e+00
1.652489813286657228e+00
1.732706055692958325e+00
1.697765782154365466e+00
1.697765782154365466e+00
1.697765782154365466e+00
1.697765782154365466e+00
1.697765782154365466e+00
1.697765782154365466e+00
1.697765782154365466e+00
1.697765782154365466e+00
1.697765782154365466e+00
1.697765782154365466e+00
1.697765782154365466e+00
1.697765782154365466e+00
1.697765782154365466e+00
1.697765782154365466e+00
1.697765782154365466e+00
1.697765782154365466e+00
1.697765782154365466e+00
1.663102582936113460e+00
1.663102582936113460e+00
1.663102582936113460e+00
1.663102582936113460e+00
1.663102582936113460e+00
1.663102582936113460e+00
1.663102582936113460e+00
1.663102582936113460e+00
1.661954348336294407e+00
1.661954348336294407e+00
1.715878897609133702e+00
1.715878897609133702e+00
1.715878897609133702e+00
1.715878897609133702e+00
1.715878897609133702e+00
1.715878897609133702e+00
1.715878897609133702e+00
1.596046035221046822e+00
1.596046035221046822e+00
1.596046035221046822e+00
1.596046035221046822e+00
1.596046035221046822e+00
1.596046035221046822e+00
1.596046035221046822e+00
1.596046035221046822e+00
1.596046035221046822e+00
1.596046035221046822e+00
1.596046035221046822e+00
1.596046035221046822e+00
1.596046035221046822e+00
1.596046035221046822e+00
1.596046035221046822e+00
1.596046035221046822e+00
1.596046035221046822e+00
1.684153800951939450e+00
1.684153800951939450e+00
1.684153800951939450e+00
1.597676502824501243e+00
1.467291705160700621e+00
1.467291705160700621e+00
1.467291705160700621e+00
1.467291705160700621e+00
1.386538934471469364e+00
1.386538934471469364e+00
1.386538934471469364e+00
1.386538934471469364e+00
1.386538934471469364e+00
1.386538934471469364e+00
1.386538934471469364e+00
1.629747669150819922e+00
1.629747669150819922e+00
1.629747669150819922e+00
1.629747669150819922e+00
1.629747669150819922e+00
1.629747669150819922e+00
1.617587869637182152e+00
1.549031135300995121e+00
1.526513552405135865e+00
1.526513552405135865e+00
1.526513552405135865e+00
1.526513552405135865e+00
1.526513552405135865e+00
1.526513552405135865e+00
1.454508187481859283e+00
1.454508187481859283e+00
1.454508187481859283e+00
1.454508187481859283e+00
1.454508187481859283e+00
1.454508187481859283e+00
1.454508187481859283e+00
1.378536649164607608e+00
1.378536649164607608e+00
1.378536649164607608e+00
1.378536649164607608e+00
1.378536649164607608e+00
1.378536649164607608e+00
1.378536649164607608e+00
1.378536649164607608e+00
1.378536649164607608e+00
1.486048037623905138e+00
1.486048037623905138e+00
1.550900782175479442e+00
1.550900782175479442e+00
1.550900782175479442e+00
1.550900782175479442e+00
1.548617866368109608e+00
1.548617866368109608e+00
1.548617866368109608e+00
1.572914106962801206e+00
1.685056241745603645e+00
1.479920344586858505e+00
1.479920344586858505e+00
1.681693594539106495e+00
1.681693594539106495e+00
1.681693594539106495e+00
1.505706764520398311e+00
1.505706764520398311e+00
1.505706764520398311e+00
1.505706764520398311e+00
1.396064547357128705e+00
1.396064547357128705e+00
1.396064547357128705e+00
1.396064547357128705e+00
1.396064547357128705e+00
1.396064547357128705e+00
1.396064547357128705e+00
1.396064547357128705e+00
1.396064547357128705e+00
1.396064547357128705e+00
1.396064547357128705e+00
1.396064547357128705e+00
1.647340175404436557e+00
1.647340175404436557e+00
1.647340175404436557e+00
1.647340175404436557e+00
1.647340175404436557e+00
1.647340175404436557e+00
1.647340175404436557e+00
1.647340175404436557e+00
1.647340175404436557e+00
1.647340175404436557e+00
1.647340175404436557e+00
1.647340175404436557e+00
1.647340175404436557e+00
1.647340175404436557e+00
1.647340175404436557e+00
1.647340175404436557e+00
1.647340175404436557e+00
1.647340175404436557e+00
1.647340175404436557e+00
1.494514319748972309e+00
1.494514319748972309e+00
1.494514319748972309e+00
1.615305138652947115e+00
1.615305138652947115e+00
1.615305138652947115e+00
1.615305138652947115e+00
1.469759281861725109e+00
1.509225402905524982e+00
1.509225402905524982e+00
1.509225402905524982e+00
1.509225402905524982e+00
1.509225402905524982e+00
1.509225402905524982e+00
1.509225402905524982e+00
1.509225402905524982e+00
1.509225402905524982e+00
1.509225402905524982e+00
1.509225402905524982e+00
1.509225402905524982e+00
1.509225402905524982e+00
1.509225402905524982e+00
1.509225402905524982e+00
1.509225402905524982e+00
1.509225402905524982e+00
1.509225402905524982e+00
1.509225402905524982e+00
1.509225402905524982e+00
1.509225402905524982e+00
1.509225402905524982e+00
1.509225402905524982e+00
1.509225402905524982e+00
1.509225402905524982e+00
1.509225402905524982e+00
1.509225402905524982e+00
1.509225402905524982e+00
1.509225402905524982e+00
1.509225402905524982e+00
1.509225402905524982e+00
1.509225402905524982e+00
1.509225402905524982e+00
1.509225402905524982e+00
1.509225402905524982e+00
1.509225402905524982e+00
1.451697575615620739e+00
1.451697575615620739e+00
1.451697575615620739e+00
1.451697575615620739e+00
1.451697575615620739e+00
1.451697575615620739e+00
1.451697575615620739e+00
1.451697575615620739e+00
1.451697575615620739e+00
1.451697575615620739e+00
1.653049996293304735e+00
1.653049996293304735e+00
1.653049996293304735e+00
1.653049996293304735e+00
1.653049996293304735e+00
1.653049996293304735e+00
1.653049996293304735e+00
1.653049996293304735e+00
1.653049996293304735e+00
1.653049996293304735e+00
1.653049996293304735e+00
1.653049996293304735e+00
1.653049996293304735e+00
1.360394266197739066e+00
1.360394266197739066e+00
1.386172976110985555e+00
1.386172976110985555e+00
1.386172976110985555e+00
1.386172976110985555e+00
1.413394477289968698e+00
1.413394477289968698e+00
1.413394477289968698e+00
1.413394477289968698e+00
1.413394477289968698e+00
1.413394477289968698e+00
1.413394477289968698e+00
1.413394477289968698e+00
1.413394477289968698e+00
1.413394477289968698e+00
1.413394477289968698e+00
1.419385025027168679e+00
1.419385025027168679e+00
1.419385025027168679e+00
1.419385025027168679e+00
1.419385025027168679e+00
1.419385025027168679e+00
1.419385025027168679e+00
1.456156244880444595e+00
1.456156244880444595e+00
1.456156244880444595e+00
1.456156244880444595e+00
1.456156244880444595e+00
1.456156244880444595e+00
1.456156244880444595e+00
1.456156244880444595e+00
1.456156244880444595e+00
1.456156244880444595e+00
1.456156244880444595e+00
1.352364671018012832e+00
1.352364671018012832e+00
1.352364671018012832e+00
1.352364671018012832e+00
1.352364671018012832e+00
1.545853019547635654e+00
1.545853019547635654e+00
1.545853019547635654e+00
1.545853019547635654e+00
1.545853019547635654e+00
1.545853019547635654e+00
1.545853019547635654e+00
1.545853019547635654e+00
1.545853019547635654e+00
1.545853019547635654e+00
1.481241093596493918e+00
1.481241093596493918e+00
1.438076779147154038e+00
1.438076779147154038e+00
1.438076779147154038e+00
1.438076779147154038e+00
1.438076779147154038e+00
1.438076779147154038e+00
1.438076779147154038e+00
1.438076779147154038e+00
1.438076779147154038e+00
1.438076779147154038e+00
1.438076779147154038e+00
1.438076779147154038e+00
1.438076779147154038e+00
1.438076779147154038e+00
1.438076779147154038e+00
1.438076779147154038e+00
1.438076779147154038e+00
1.438076779147154038e+00
1.438076779147154038e+00
1.438076779147154038e+00
1.438076779147154038e+00
1.438076779147154038e+00
1.438076779147154038e+00
1.438076779147154038e+00
1.438076779147154038e+00
1.438076779147154038e+00
1.438076779147154038e+00
1.438076779147154038e+00
1.438076779147154038e+00
1.438076779147154038e+00
1.438076779147154038e+00
1.470004910958479849e+00
1.470004910958479849e+00
1.470004910958479849e+00
1.470004910958479849e+00
1.470004910958479849e+00
1.644393794227329675e+00
1.644393794227329675e+00
1.601213871011033740e+00
1.601213871011033740e+00
1.601213871011033740e+00
1.601213871011033740e+00
1.601213871011033740e+00
1.601213871011033740e+00
1.601213871011033740e+00
1.527950399354236266e+00
1.362240293655540890e+00
1.362240293655540890e+00
1.362240293655540890e+00
1.372381906921610550e+00
1.372381906921610550e+00
1.372381906921610550e+00
1.372381906921610550e+00
1.372381906921610550e+00
1.372381906921610550e+00
1.372381906921610550e+00
1.372381906921610550e+00
1.687019328179618860e+00
1.687019328179618860e+00
1.687019328179618860e+00
1.687019328179618860e+00
1.687019328179618860e+00
1.687019328179618860e+00
1.687019328179618860e+00
1.687019328179618860e+00
1.687019328179618860e+00
1.687019328179618860e+00
1.687019328179618860e+00
1.687019328179618860e+00
1.687019328179618860e+00
1.687019328179618860e+00
1.687019328179618860e+00
1.461502214603815464e+00
1.461502214603815464e+00
1.461502214603815464e+00
1.461502214603815464e+00
1.461502214603815464e+00
1.601673133784304426e+00
1.488852567876289612e+00
1.488852567876289612e+00
1.488852567876289612e+00
1.488852567876289612e+00
1.488852567876289612e+00
1.488852567876289612e+00
1.488852567876289612e+00
1.488852567876289612e+00
1.531071936626887231e+00
1.531071936626887231e+00
1.601255803370711162e+00
1.601255803370711162e+00
1.601255803370711162e+00
1.601255803370711162e+00
1.601255803370711162e+00
1.601255803370711162e+00
1.601255803370711162e+00
1.601255803370711162e+00
1.601255803370711162e+00
1.601255803370711162e+00
1.601255803370711162e+00
1.601255803370711162e+00
1.481280985363651270e+00
1.481280985363651270e+00
1.481280985363651270e+00
1.481280985363651270e+00
1.481280985363651270e+00
1.481280985363651270e+00
1.481280985363651270e+00
1.481280985363651270e+00
1.481280985363651270e+00
1.481280985363651270e+00
1.481280985363651270e+00
1.481280985363651270e+00
1.481280985363651270e+00
1.499400786089802429e+00
1.499400786089802429e+00
1.499400786089802429e+00
1.698994436342528003e+00
1.698994436342528003e+00
1.698994436342528003e+00
1.698994436342528003e+00
1.698994436342528003e+00
1.698994436342528003e+00
1.698994436342528003e+00
1.698994436342528003e+00
1.476803834070263610e+00
1.476803834070263610e+00
1.476803834070263610e+00
1.476803834070263610e+00
1.476803834070263610e+00
1.476803834070263610e+00
1.476803834070263610e+00
1.476803834070263610e+00
1.476803834070263610e+00
1.476803834070263610e+00
1.476803834070263610e+00
1.476803834070263610e+00
1.476803834070263610e+00
1.476803834070263610e+00
1.571098533670762798e+00
1.571098533670762798e+00
1.571098533670762798e+00
1.571098533670762798e+00
1.571098533670762798e+00
1.538914573618710424e+00
1.502220427413860859e+00
1.502220427413860859e+00
1.502220427413860859e+00
1.502220427413860859e+00
1.502220427413860859e+00
1.502220427413860859e+00
1.502220427413860859e+00
1.502220427413860859e+00
1.502220427413860859e+00
1.502220427413860859e+00
1.502220427413860859e+00
1.502220427413860859e+00
1.519879510021410196e+00
1.519879510021410196e+00
1.519879510021410196e+00
1.519879510021410196e+00
1.519879510021410196e+00
1.519879510021410196e+00
1.468820288366081028e+00
1.468820288366081028e+00
1.468820288366081028e+00
1.468820288366081028e+00
1.468820288366081028e+00
1.468820288366081028e+00
1.468820288366081028e+00
1.468820288366081028e+00
1.468820288366081028e+00
1.468820288366081028e+00
1.468820288366081028e+00
1.468820288366081028e+00
1.468820288366081028e+00
1.468820288366081028e+00
1.468820288366081028e+00
1.468820288366081028e+00
1.468820288366081028e+00
1.468820288366081028e+00
1.468820288366081028e+00
1.468820288366081028e+00
1.468820288366081028e+00
1.468820288366081028e+00
1.468820288366081028e+00
1.468820288366081028e+00
1.468820288366081028e+00
1.468820288366081028e+00
1.468820288366081028e+00
1.468820288366081028e+00
1.468820288366081028e+00
1.519882681682845016e+00
1.519882681682845016e+00
1.519882681682845016e+00
1.701560952561302686e+00
1.701560952561302686e+00
1.701560952561302686e+00
1.701560952561302686e+00
1.626733916736275987e+00
1.626733916736275987e+00
1.626733916736275987e+00
1.604245481966611209e+00
1.387814700434286896e+00
1.387814700434286896e+00
1.387814700434286896e+00
1.387814700434286896e+00
1.387814700434286896e+00
1.537510249648336602e+00
1.537510249648336602e+00
1.537510249648336602e+00
1.537510249648336602e+00
1.537510249648336602e+00
1.537510249648336602e+00
1.537510249648336602e+00
1.537510249648336602e+00
1.566025783603516519e+00
1.566025783603516519e+00
1.566025783603516519e+00
1.566025783603516519e+00
1.566025783603516519e+00
1.566025783603516519e+00
1.566025783603516519e+00
1.566025783603516519e+00
1.453166717700639321e+00
1.599148088412637669e+00
1.599148088412637669e+00
1.599148088412637669e+00
1.586246096310635956e+00
1.586246096310635956e+00
1.586246096310635956e+00
1.586246096310635956e+00
1.586246096310635956e+00
1.586246096310635956e+00
1.586246096310635956e+00
1.586246096310635956e+00
1.586246096310635956e+00
1.341474826918536145e+00
1.341474826918536145e+00
1.341474826918536145e+00
1.341474826918536145e+00
1.488480650193583887e+00
1.488480650193583887e+00
1.488480650193583887e+00
1.488480650193583887e+00
1.488480650193583887e+00
1.488480650193583887e+00
1.488480650193583887e+00
1.488480650193583887e+00
1.488480650193583887e+00
1.488480650193583887e+00
1.488480650193583887e+00
1.488480650193583887e+00
1.488480650193583887e+00
1.488480650193583887e+00
1.488480650193583887e+00
1.430012338956862417e+00
1.430012338956862417e+00
1.430012338956862417e+00
1.430012338956862417e+00
1.485644875807365706e+00
1.485644875807365706e+00
1.485644875807365706e+00
1.485644875807365706e+00
1.485644875807365706e+00
1.485644875807365706e+00
1.485644875807365706e+00
1.485644875807365706e+00
1.485644875807365706e+00
1.485644875807365706e+00
1.272750254771886080e+00
1.531529647331962618e+00
1.531529647331962618e+00
1.531529647331962618e+00
1.531529647331962618e+00
1.531529647331962618e+00
1.531529647331962618e+00
1.510549594432000653e+00
1.510549594432000653e+00
1.545446146017241951e+00
1.545446146017241951e+00
1.545446146017241951e+00
1.545446146017241951e+00
1.545446146017241951e+00
1.545446146017241951e+00
1.545446146017241951e+00
1.545446146017241951e+00
1.545446146017241951e+00
1.545446146017241951e+00
1.545446146017241951e+00
1.545446146017241951e+00
1.545446146017241951e+00
1.545446146017241951e+00
1.545446146017241951e+00
1.542652863990380485e+00
1.542652863990380485e+00
1.542652863990380485e+00
1.542652863990380485e+00
1.542652863990380485e+00
1.542652863990380485e+00
1.334547418605575908e+00
1.334547418605575908e+00
1.334547418605575908e+00
1.352760667421901708e+00
1.352760667421901708e+00
1.352760667421901708e+00
1.352760667421901708e+00
1.352760667421901708e+00
1.412905111129832747e+00
1.412905111129832747e+00
1.412905111129832747e+00
1.412905111129832747e+00
1.418526105257361225e+00
1.418526105257361225e+00
1.418526105257361225e+00
1.418526105257361225e+00
1.418526105257361225e+00
1.418526105257361225e+00
1.418526105257361225e+00
1.418526105257361225e+00
1.418526105257361225e+00
1.550639669627559725e+00
1.437188783620178434e+00
1.437188783620178434e+00
1.437188783620178434e+00
1.437188783620178434e+00
1.437188783620178434e+00
1.437188783620178434e+00
1.375807738745567166e+00
1.440933534022333484e+00
1.440933534022333484e+00
1.440933534022333484e+00
1.440933534022333484e+00
1.440933534022333484e+00
1.440933534022333484e+00
1.440933534022333484e+00
1.440933534022333484e+00
1.440933534022333484e+00
1.440933534022333484e+00
1.440933534022333484e+00
1.440933534022333484e+00
1.440933534022333484e+00
1.440933534022333484e+00
1.440933534022333484e+00
1.475401240319356377e+00
1.475401240319356377e+00
1.475401240319356377e+00
1.475401240319356377e+00
1.475401240319356377e+00
1.475401240319356377e+00
1.475401240319356377e+00
1.475401240319356377e+00
1.475401240319356377e+00
1.475401240319356377e+00
1.475401240319356377e+00
1.475401240319356377e+00
1.475401240319356377e+00
1.475401240319356377e+00
1.475401240319356377e+00
1.475401240319356377e+00
1.475401240319356377e+00
1.475401240319356377e+00
1.475401240319356377e+00
1.475401240319356377e+00
1.456484589779697192e+00
1.456484589779697192e+00
1.460105230154814082e+00
1.460105230154814082e+00
1.460105230154814082e+00
1.460105230154814082e+00
1.460105230154814082e+00
1.460105230154814082e+00
1.291155644661995172e+00
1.337728853260622630e+00
1.337728853260622630e+00
1.337728853260622630e+00
1.536410066593987711e+00
1.536410066593987711e+00
1.536410066593987711e+00
1.536410066593987711e+00
1.536410066593987711e+00
1.536410066593987711e+00
1.536410066593987711e+00
1.536410066593987711e+00
1.536410066593987711e+00
1.536410066593987711e+00
1.536410066593987711e+00
1.536410066593987711e+00
1.536410066593987711e+00
1.536410066593987711e+00
1.536410066593987711e+00
1.536410066593987711e+00
1.536410066593987711e+00
1.536410066593987711e+00
1.536410066593987711e+00
1.536410066593987711e+00
1.536410066593987711e+00
1.536410066593987711e+00
1.536410066593987711e+00
1.536410066593987711e+00
1.602363094245062403e+00
1.659868745536521750e+00
1.659868745536521750e+00
1.659868745536521750e+00
1.659868745536521750e+00
1.659868745536521750e+00
1.659868745536521750e+00
1.659868745536521750e+00
1.592211379113339209e+00
1.592211379113339209e+00
1.592211379113339209e+00
1.592211379113339209e+00
1.592211379113339209e+00
1.592211379113339209e+00
1.592211379113339209e+00
1.592211379113339209e+00
1.592211379113339209e+00
1.592211379113339209e+00
1.592211379113339209e+00
1.592211379113339209e+00
1.592211379113339209e+00
1.676097995678014207e+00
1.676097995678014207e+00
1.676097995678014207e+00
1.676097995678014207e+00
1.509665492137324927e+00
1.509665492137324927e+00
1.509665492137324927e+00
1.509665492137324927e+00
1.509665492137324927e+00
1.509665492137324927e+00
1.509665492137324927e+00
1.509665492137324927e+00
1.394618915882837484e+00
1.394618915882837484e+00
1.457336099793714146e+00
1.457336099793714146e+00
1.457336099793714146e+00
1.457336099793714146e+00
1.457336099793714146e+00
1.457336099793714146e+00
1.457336099793714146e+00
1.457336099793714146e+00
1.457336099793714146e+00
1.457336099793714146e+00
1.570448300590964852e+00
1.619640162477892220e+00
1.619640162477892220e+00
1.619640162477892220e+00
1.619640162477892220e+00
1.464974044731281566e+00
1.464974044731281566e+00
1.464974044731281566e+00
1.464974044731281566e+00
1.464974044731281566e+00
1.464974044731281566e+00
1.464974044731281566e+00
1.464974044731281566e+00
1.464974044731281566e+00
1.514379854071419285e+00
1.514379854071419285e+00
1.514379854071419285e+00
1.514379854071419285e+00
1.514379854071419285e+00
1.514379854071419285e+00
1.514379854071419285e+00
1.514379854071419285e+00
1.514379854071419285e+00
1.514379854071419285e+00
1.514379854071419285e+00
1.514379854071419285e+00
1.514379854071419285e+00
1.514379854071419285e+00
1.514379854071419285e+00
1.514379854071419285e+00
1.514379854071419285e+00
1.514379854071419285e+00
1.514379854071419285e+00
1.514379854071419285e+00
1.514379854071419285e+00
1.514379854071419285e+00
1.514379854071419285e+00
1.514379854071419285e+00
1.514379854071419285e+00
1.514379854071419285e+00
1.514379854071419285e+00
1.514379854071419285e+00
1.514379854071419285e+00
1.558922892749532441e+00
1.558922892749532441e+00
1.558922892749532441e+00
1.558922892749532441e+00
1.472228110012765434e+00
1.472228110012765434e+00
1.472228110012765434e+00
1.472228110012765434e+00
1.472228110012765434e+00
1.472228110012765434e+00
