# Variable: dg_gbvi_00000052
# Sample shape: (1000,)
# Date: 2013-03-07 22:55:07.490534
-1.369697102959166690e+00
-1.328428618959451413e+00
-1.231854178160443070e+00
-6.197280415351675842e-01
3.355324553906702256e-02
1.841322520760597659e-01
1.864882398225760907e-01
1.999210216051071631e-01
-2.383719182882872711e-01
-8.970079730537446061e-02
-8.970079730537446061e-02
-8.970079730537446061e-02
-1.900212845727628497e-01
3.807172424566582919e-02
3.807172424566582919e-02
3.807172424566582919e-02
3.807172424566582919e-02
3.807172424566582919e-02
-1.006090180771590514e-02
-1.006090180771590514e-02
-1.807129386252328412e-02
-6.289034878070653978e-02
-6.289034878070653978e-02
-6.289034878070653978e-02
-6.289034878070653978e-02
-6.289034878070653978e-02
-1.019822904538448122e-01
-1.019822904538448122e-01
-2.635306500427760379e-01
-2.635306500427760379e-01
-1.019218860096176155e-01
-9.554272511305582360e-02
4.495971835199757960e-02
4.495971835199757960e-02
4.495971835199757960e-02
4.495971835199757960e-02
-7.280357179454331751e-02
-7.280357179454331751e-02
-7.280357179454331751e-02
-8.001511103830298566e-02
-8.001511103830298566e-02
-8.001511103830298566e-02
-8.001511103830298566e-02
-8.001511103830298566e-02
-8.001511103830298566e-02
-8.001511103830298566e-02
-8.001511103830298566e-02
-5.646808938662502969e-02
-5.646808938662502969e-02
-5.646808938662502969e-02
-5.646808938662502969e-02
-7.418111421537616768e-02
-7.418111421537616768e-02
6.751161871026326033e-02
6.751161871026326033e-02
-6.825463736817659333e-02
-6.825463736817659333e-02
-6.825463736817659333e-02
-5.956924066954011332e-02
-5.956924066954011332e-02
-7.609720016852208890e-02
-7.609720016852208890e-02
-7.609720016852208890e-02
-7.609720016852208890e-02
-5.886224810809764091e-02
-8.774876550888055515e-02
-8.774876550888055515e-02
-8.774876550888055515e-02
-8.774876550888055515e-02
-8.774876550888055515e-02
-8.774876550888055515e-02
-8.774876550888055515e-02
-5.907315158496161123e-02
-5.907315158496161123e-02
-5.907315158496161123e-02
-5.907315158496161123e-02
-5.907315158496161123e-02
-5.907315158496161123e-02
-5.907315158496161123e-02
-1.666313983877915073e-01
-1.666313983877915073e-01
-1.666313983877915073e-01
-1.764527084140010693e-01
-1.764527084140010693e-01
-1.764527084140010693e-01
-1.764527084140010693e-01
-1.154745177736143241e-01
-1.075193010145000655e-01
-2.217383340781089729e-01
-2.217383340781089729e-01
1.614729233095792832e-02
1.614729233095792832e-02
1.614729233095792832e-02
1.638593853024806341e-02
7.245027324639441435e-03
7.245027324639441435e-03
1.293653299884977822e-03
1.293653299884977822e-03
1.293653299884977822e-03
1.293653299884977822e-03
1.293653299884977822e-03
-1.911867518884720341e-01
-1.911867518884720341e-01
-2.994424393342129398e-02
-2.994424393342129398e-02
-2.994424393342129398e-02
-2.513050953073583393e-01
-2.513050953073583393e-01
-2.513050953073583393e-01
-2.513050953073583393e-01
-2.513050953073583393e-01
-2.513050953073583393e-01
-2.513050953073583393e-01
-7.397475220301628906e-02
-1.002964262488029307e-01
-1.002964262488029307e-01
-1.002964262488029307e-01
-1.002964262488029307e-01
3.854818437200028657e-03
3.854818437200028657e-03
-1.651791563143589769e-01
-1.651791563143589769e-01
-1.569788034033937074e-01
-1.388009713518996158e-01
-1.388009713518996158e-01
5.449125604049945282e-02
5.773497851042770634e-02
5.773497851042770634e-02
4.771441564131006369e-02
3.420531887900580409e-02
3.420531887900580409e-02
-2.981040762452199372e-02
-2.981040762452199372e-02
-3.182387552787314944e-02
-1.028820547005045508e-02
-1.028820547005045508e-02
5.977629725556859314e-03
3.670069310510754024e-02
3.670069310510754024e-02
3.072034419398070055e-03
-3.741516973954022579e-02
-1.375862943205371017e-02
-4.438771127209274053e-02
-4.438771127209274053e-02
2.037040938445541793e-02
-1.914094415477009536e-01
-1.827178322728323645e-01
1.921635147483109415e-02
-6.091729322408867553e-02
-4.621475636436190443e-02
-4.621475636436190443e-02
-4.621475636436190443e-02
-4.582361272855219742e-02
-1.098297888554517904e-01
-1.098297888554517904e-01
-1.284246901328095491e-01
-1.284246901328095491e-01
-1.446253055626942896e-01
-1.374843118365312034e-01
-5.375085671801807519e-02
-5.375085671801807519e-02
-5.375085671801807519e-02
-5.375085671801807519e-02
-5.801955417487012628e-02
-2.320253429910059950e-01
-2.320253429910059950e-01
-2.320253429910059950e-01
-2.320253429910059950e-01
-2.320253429910059950e-01
-6.980198139049134665e-02
-6.980198139049134665e-02
-1.007708414938581765e-01
-1.007708414938581765e-01
-1.007708414938581765e-01
-1.007708414938581765e-01
-8.484077678550579205e-02
-8.484077678550579205e-02
-8.484077678550579205e-02
-1.785520391829519687e-02
-1.785520391829519687e-02
-1.785520391829519687e-02
-1.785520391829519687e-02
-1.785520391829519687e-02
-1.785520391829519687e-02
-1.785520391829519687e-02
-1.785520391829519687e-02
3.550451708801562190e-02
3.550451708801562190e-02
3.550451708801562190e-02
3.550451708801562190e-02
3.550451708801562190e-02
3.550451708801562190e-02
-7.088841651544919298e-02
-4.925543740961846328e-02
-5.646602549090937867e-02
-1.191995909305375440e-01
9.804161949040908486e-02
9.804161949040908486e-02
4.046524890893696963e-02
4.046524890893696963e-02
3.497423419156372310e-02
3.497423419156372310e-02
3.497423419156372310e-02
-5.006330744465384980e-02
-5.006330744465384980e-02
-5.006330744465384980e-02
-5.006330744465384980e-02
-5.006330744465384980e-02
-5.006330744465384980e-02
-5.006330744465384980e-02
-1.312910742420697052e-01
-1.312910742420697052e-01
-1.312910742420697052e-01
-2.492615770423663168e-01
-2.529894959061896320e-01
-2.353141753765152222e-01
-2.353141753765152222e-01
-2.353141753765152222e-01
-2.353141753765152222e-01
-2.353141753765152222e-01
-2.353141753765152222e-01
-2.353141753765152222e-01
-2.579237193077902335e-01
-2.579237193077902335e-01
-2.579237193077902335e-01
-2.579237193077902335e-01
-2.579237193077902335e-01
-2.579237193077902335e-01
-2.579237193077902335e-01
-2.579237193077902335e-01
-2.579237193077902335e-01
-2.541018458588908957e-01
-2.541018458588908957e-01
-2.541018458588908957e-01
-2.541018458588908957e-01
-2.541018458588908957e-01
-2.150745854541747659e-01
-2.230128424908622287e-01
-2.639495547920139851e-01
-2.639495547920139851e-01
-2.639495547920139851e-01
-2.639495547920139851e-01
-6.378623052321411024e-02
-6.378623052321411024e-02
-6.378623052321411024e-02
-6.378623052321411024e-02
-6.378623052321411024e-02
-6.378623052321411024e-02
-6.378623052321411024e-02
-6.378623052321411024e-02
-6.378623052321411024e-02
-6.378623052321411024e-02
-6.378623052321411024e-02
-6.378623052321411024e-02
-1.504258878782247476e-02
-1.504258878782247476e-02
-1.504258878782247476e-02
-1.504258878782247476e-02
-1.504258878782247476e-02
-1.504258878782247476e-02
-1.097290611050185244e-01
-1.097290611050185244e-01
-1.098799296281317422e-01
-1.098799296281317422e-01
-8.380783565734653551e-02
-8.380783565734653551e-02
-8.380783565734653551e-02
-8.380783565734653551e-02
-8.380783565734653551e-02
-1.295316388718984260e-02
-1.295316388718984260e-02
-2.869821021461455013e-02
-2.869821021461455013e-02
-2.869821021461455013e-02
-2.869821021461455013e-02
-2.869821021461455013e-02
-2.869821021461455013e-02
-2.869821021461455013e-02
-2.869821021461455013e-02
-2.869821021461455013e-02
-2.869821021461455013e-02
-2.869821021461455013e-02
-2.869821021461455013e-02
-2.869821021461455013e-02
-2.869821021461455013e-02
-4.217597205285222861e-02
-4.217597205285222861e-02
-4.217597205285222861e-02
-1.112760908354413630e-01
-1.112760908354413630e-01
-1.112760908354413630e-01
-1.572525797332446906e-01
-1.512247815334143708e-01
-1.512247815334143708e-01
-1.512247815334143708e-01
-1.601553206419246977e-01
-1.708660040819199588e-01
-1.122672989546549538e-01
-8.395454546497628512e-02
-8.395454546497628512e-02
-8.395454546497628512e-02
-8.395454546497628512e-02
-8.395454546497628512e-02
-4.948265583457391037e-02
-4.948265583457391037e-02
-4.948265583457391037e-02
-4.948265583457391037e-02
-4.948265583457391037e-02
-1.365635307051994984e-01
-1.427795110596592199e-01
-1.522853108188401694e-01
-1.489477755927910430e-01
-1.489477755927910430e-01
-1.489477755927910430e-01
-1.489477755927910430e-01
-1.726906645394270523e-01
-1.726906645394270523e-01
-2.091126525941966463e-01
-2.091126525941966463e-01
-2.218738667790025598e-01
-2.218738667790025598e-01
-2.218738667790025598e-01
-2.218738667790025598e-01
-2.218738667790025598e-01
-2.606601321207452915e-01
-2.606601321207452915e-01
-2.547747651704365124e-01
-2.547747651704365124e-01
-2.547747651704365124e-01
-2.547747651704365124e-01
-2.547747651704365124e-01
-2.547747651704365124e-01
-2.547747651704365124e-01
-2.396420804697062812e-01
-2.396420804697062812e-01
-2.076895842250086333e-01
-3.230351568900740600e-01
-3.230351568900740600e-01
1.075813166063281229e-01
-2.788398333857742273e-01
-9.394165466148816923e-02
-9.394165466148816923e-02
-8.132380501666584827e-02
-2.308464698626562853e-02
-1.296185733777590887e-01
-1.296185733777590887e-01
-2.483098204970099476e-02
-2.483098204970099476e-02
-2.483098204970099476e-02
-4.941754115716093243e-02
-4.941754115716093243e-02
-4.941754115716093243e-02
-6.683139236078826373e-02
-5.801142253290120926e-02
-5.801142253290120926e-02
-1.642896267784150210e-01
-1.642896267784150210e-01
-1.642896267784150210e-01
-1.482248355862543221e-01
-1.482248355862543221e-01
-1.482248355862543221e-01
-7.418455159275652577e-02
-1.612743404722864760e-01
-1.612743404722864760e-01
-1.612743404722864760e-01
-1.261694233566563461e-01
-1.261694233566563461e-01
-8.873231041607647362e-02
-8.873231041607647362e-02
-8.873231041607647362e-02
-8.873231041607647362e-02
-8.873231041607647362e-02
-1.687314043001778563e-01
-1.687314043001778563e-01
-1.687314043001778563e-01
-1.687314043001778563e-01
-1.687314043001778563e-01
-1.687314043001778563e-01
-1.687314043001778563e-01
-8.528194630385642350e-02
-8.528194630385642350e-02
-8.528194630385642350e-02
-8.528194630385642350e-02
-8.528194630385642350e-02
-1.063275405176636046e-01
-1.063275405176636046e-01
-1.063275405176636046e-01
-8.969347981829127459e-02
-8.969347981829127459e-02
-8.969347981829127459e-02
-8.969347981829127459e-02
-1.097365479783970615e-01
-8.947213770503850694e-02
-8.947213770503850694e-02
-1.412332533430352421e-01
-1.178902164848110862e-01
-1.178902164848110862e-01
-1.178902164848110862e-01
-1.178902164848110862e-01
-1.022568031508640229e-01
-5.022717457878157765e-02
-5.022717457878157765e-02
-5.022717457878157765e-02
-5.022717457878157765e-02
-5.022717457878157765e-02
-8.767749172522541767e-02
-8.767749172522541767e-02
-9.047365000087577436e-02
-7.771325143354085307e-02
-7.771325143354085307e-02
-9.374093516348258603e-02
-9.374093516348258603e-02
-9.374093516348258603e-02
-9.374093516348258603e-02
-9.374093516348258603e-02
-9.374093516348258603e-02
-9.374093516348258603e-02
-9.374093516348258603e-02
-9.374093516348258603e-02
-7.528230340765593165e-02
-5.499377452087267359e-02
-5.499377452087267359e-02
-2.811925938049047446e-01
-2.811925938049047446e-01
-2.811925938049047446e-01
-2.811925938049047446e-01
-2.811925938049047446e-01
-2.811925938049047446e-01
-3.107310298990868525e-01
-3.107310298990868525e-01
-2.064995967713210701e-01
-2.064995967713210701e-01
-2.064995967713210701e-01
-2.064995967713210701e-01
-2.064995967713210701e-01
-2.064995967713210701e-01
-2.064995967713210701e-01
-2.064995967713210701e-01
-1.787714265518542123e-01
-1.787714265518542123e-01
-1.787714265518542123e-01
-1.787714265518542123e-01
-1.787714265518542123e-01
-1.787714265518542123e-01
-1.340657534127139283e-01
-1.083694370307308336e-01
-1.083694370307308336e-01
-1.083694370307308336e-01
-1.083694370307308336e-01
-1.083694370307308336e-01
-1.083694370307308336e-01
-5.731985508444612659e-02
-5.731985508444612659e-02
-5.376987811318842403e-02
-5.376987811318842403e-02
-5.376987811318842403e-02
-5.376987811318842403e-02
-3.888861914426662569e-02
-3.888861914426662569e-02
-3.888861914426662569e-02
-3.888861914426662569e-02
-2.086067270201800161e-01
-2.086067270201800161e-01
-1.168455592286585382e-01
-1.168455592286585382e-01
-1.168455592286585382e-01
-1.168455592286585382e-01
-1.168455592286585382e-01
-1.160232272472738468e-01
-1.160232272472738468e-01
-1.299455967887485630e-01
-1.652325471244343591e-01
-1.210964304712549566e-01
-1.210964304712549566e-01
-1.210964304712549566e-01
-1.160487868489361585e-01
-1.160487868489361585e-01
-1.160487868489361585e-01
-1.160487868489361585e-01
-1.160487868489361585e-01
-1.160487868489361585e-01
-1.160487868489361585e-01
-1.504410464000615344e-01
-1.504410464000615344e-01
-1.772403245035844288e-01
-1.772403245035844288e-01
-2.301834006724617354e-01
-2.301834006724617354e-01
-2.301834006724617354e-01
-2.301834006724617354e-01
-2.301834006724617354e-01
-1.216702099682985538e-01
-1.158864546290386544e-01
-1.158864546290386544e-01
-1.158864546290386544e-01
-7.594567370518968963e-02
-1.225571217301634486e-01
-1.225571217301634486e-01
-1.225571217301634486e-01
-5.441969554533596792e-02
-5.441969554533596792e-02
-9.156612092889680754e-02
-9.156612092889680754e-02
-9.117907083055375173e-02
-9.117907083055375173e-02
-9.117907083055375173e-02
-9.117907083055375173e-02
-9.117907083055375173e-02
-9.117907083055375173e-02
-9.117907083055375173e-02
-9.117907083055375173e-02
-9.117907083055375173e-02
-9.117907083055375173e-02
-9.117907083055375173e-02
-8.285890699470509213e-02
-8.956228863497235626e-02
-8.956228863497235626e-02
-8.956228863497235626e-02
-8.956228863497235626e-02
-8.956228863497235626e-02
-8.956228863497235626e-02
-8.956228863497235626e-02
-8.956228863497235626e-02
-8.956228863497235626e-02
-8.956228863497235626e-02
-8.956228863497235626e-02
-3.213546783853261923e-02
-3.213546783853261923e-02
-6.014946496176868523e-02
-6.014946496176868523e-02
-6.014946496176868523e-02
-6.014946496176868523e-02
-6.014946496176868523e-02
-6.014946496176868523e-02
-4.144839695267224511e-02
-4.144839695267224511e-02
-4.144839695267224511e-02
-4.144839695267224511e-02
-1.136606212839890856e-01
-6.358835948831528806e-02
-6.358835948831528806e-02
-7.310434780322999648e-02
-7.310434780322999648e-02
-7.310434780322999648e-02
-1.046974160347260707e-01
-1.046974160347260707e-01
-1.046974160347260707e-01
-1.046974160347260707e-01
-1.140351017033747472e-01
-1.910044469467393480e-01
-1.910044469467393480e-01
-1.910044469467393480e-01
-1.862938511172966827e-01
-1.862938511172966827e-01
-1.120009723231034232e-01
-1.120009723231034232e-01
-8.728170760358722191e-02
-8.021952865385479151e-03
-2.152518350549405823e-01
-1.933228453419195969e-01
-1.545987148614061113e-01
-1.545987148614061113e-01
-1.545987148614061113e-01
-1.545987148614061113e-01
-1.545987148614061113e-01
-1.545987148614061113e-01
-1.545987148614061113e-01
-1.545987148614061113e-01
-1.545987148614061113e-01
-1.545987148614061113e-01
-1.219218717335588953e-01
-1.219218717335588953e-01
-1.219218717335588953e-01
-1.467659706095839067e-01
-1.467659706095839067e-01
-2.696280528414774502e-01
-2.696280528414774502e-01
-2.696280528414774502e-01
-2.696280528414774502e-01
-2.225466244571465413e-01
-2.049051251113958860e-01
-2.191043894901266997e-01
-2.191043894901266997e-01
-2.191043894901266997e-01
-1.598957023801467758e-01
-2.264139991495466020e-01
-2.264139991495466020e-01
-1.258413468429063764e-01
-1.258413468429063764e-01
-1.032273583689567453e-01
-5.961070401512456873e-02
-2.645740955187110902e-02
-2.645740955187110902e-02
-2.645740955187110902e-02
-1.457549473994867728e-01
-1.457549473994867728e-01
-1.457549473994867728e-01
-1.457549473994867728e-01
-1.944518491263989568e-01
-1.944518491263989568e-01
-1.785344204418542191e-01
-1.785344204418542191e-01
-1.785344204418542191e-01
-1.935700425839708971e-01
-1.935700425839708971e-01
-1.935700425839708971e-01
-1.935700425839708971e-01
-1.935700425839708971e-01
-1.935700425839708971e-01
-1.935700425839708971e-01
-1.935700425839708971e-01
-1.353631502441497991e-01
-1.353631502441497991e-01
-1.353631502441497991e-01
-1.421929728679241500e-01
-1.421929728679241500e-01
-1.382961561701612219e-01
-1.382961561701612219e-01
-1.889953973443432023e-01
-1.637951112740309023e-01
-1.637951112740309023e-01
-1.637951112740309023e-01
-1.554323257792093183e-01
-1.554323257792093183e-01
-1.554323257792093183e-01
-1.554323257792093183e-01
-1.554323257792093183e-01
-2.592853819541142135e-01
-2.592853819541142135e-01
-2.592853819541142135e-01
-2.592853819541142135e-01
-2.592853819541142135e-01
-2.592853819541142135e-01
-2.592853819541142135e-01
-2.592853819541142135e-01
-2.592853819541142135e-01
-1.579661457546306103e-01
-1.579661457546306103e-01
-1.579661457546306103e-01
-1.579661457546306103e-01
-1.579661457546306103e-01
-1.138923071923380465e-01
-1.138923071923380465e-01
-1.138923071923380465e-01
-1.138923071923380465e-01
-1.138923071923380465e-01
-1.310729810037222220e-01
-1.356450533792233903e-01
-1.356450533792233903e-01
-1.356450533792233903e-01
-1.356450533792233903e-01
-1.255221264112320878e-01
-1.255221264112320878e-01
-1.255221264112320878e-01
-1.255221264112320878e-01
-1.255221264112320878e-01
-1.255221264112320878e-01
-2.961258316089303566e-01
-2.961258316089303566e-01
-1.363351886341989394e-01
-1.363351886341989394e-01
-1.363351886341989394e-01
-1.363351886341989394e-01
-1.363351886341989394e-01
-1.363351886341989394e-01
-1.636174762711626596e-01
-1.636174762711626596e-01
-1.636174762711626596e-01
-1.636174762711626596e-01
-1.636174762711626596e-01
-1.636174762711626596e-01
-1.636174762711626596e-01
-1.636174762711626596e-01
-1.636174762711626596e-01
-3.735392958095795982e-03
-3.735392958095795982e-03
-1.696978509198349486e-02
-1.696978509198349486e-02
-1.696978509198349486e-02
-1.696978509198349486e-02
-1.696978509198349486e-02
-1.696978509198349486e-02
-6.083174888170427702e-02
-6.083174888170427702e-02
-1.192012603502961843e-01
-2.231211942067196641e-01
-1.659054678686174567e-01
-1.659054678686174567e-01
-1.659054678686174567e-01
-1.659054678686174567e-01
-1.659054678686174567e-01
-1.659054678686174567e-01
-1.659054678686174567e-01
-1.659054678686174567e-01
-2.564597588911957105e-01
-2.564597588911957105e-01
-2.564597588911957105e-01
-1.606132142519982042e-01
-1.606132142519982042e-01
-1.606132142519982042e-01
-6.629362027479540620e-02
-9.973125579638272842e-02
-9.973125579638272842e-02
-1.702669864527083521e-01
-1.803162965314530353e-01
-2.970158351699577759e-01
-2.970158351699577759e-01
-2.970158351699577759e-01
-2.970158351699577759e-01
-2.970158351699577759e-01
-2.167383584841842126e-01
-2.167383584841842126e-01
-2.167383584841842126e-01
-1.268421293429994878e-01
-1.268421293429994878e-01
-1.268421293429994878e-01
-1.268421293429994878e-01
-1.268421293429994878e-01
-1.233894955123793075e-01
-1.233894955123793075e-01
-1.233894955123793075e-01
-1.233894955123793075e-01
-1.233894955123793075e-01
-1.233894955123793075e-01
-1.233894955123793075e-01
-1.233894955123793075e-01
-1.370543642692086395e-01
-7.974054963468704682e-02
-7.974054963468704682e-02
-7.974054963468704682e-02
-1.008524216357425812e-01
-1.008524216357425812e-01
-1.008524216357425812e-01
-1.008524216357425812e-01
-1.008524216357425812e-01
-1.008524216357425812e-01
-1.008524216357425812e-01
-1.008524216357425812e-01
-1.897381645625770830e-01
-3.056772217113989387e-01
-3.026178649412882352e-02
-3.026178649412882352e-02
-3.026178649412882352e-02
-1.220129232697323568e-02
-1.220129232697323568e-02
-3.297237520328381022e-01
-3.297237520328381022e-01
-3.297237520328381022e-01
-3.297237520328381022e-01
-3.297237520328381022e-01
-3.297237520328381022e-01
-3.297237520328381022e-01
-3.121115711748276289e-01
-1.175848723800397150e-01
-1.175848723800397150e-01
-1.175848723800397150e-01
-3.628278685568607775e-01
-3.628278685568607775e-01
-3.700110302203175605e-01
-3.907026216797802598e-01
-3.613617805976196418e-01
-3.613617805976196418e-01
-3.545270098048143859e-01
-3.545270098048143859e-01
-3.545270098048143859e-01
-3.545270098048143859e-01
-3.545270098048143859e-01
-3.545270098048143859e-01
-3.545270098048143859e-01
-3.545270098048143859e-01
-3.545270098048143859e-01
-3.545270098048143859e-01
-3.806823142394975545e-01
-3.488898069374778976e-01
-2.743337013317715400e-01
-2.743337013317715400e-01
-2.743337013317715400e-01
-2.396075844626399665e-01
-2.396075844626399665e-01
-2.495450561201386919e-01
-2.495450561201386919e-01
-2.290818334272984591e-01
-2.662021126286731598e-01
-2.662021126286731598e-01
-2.662021126286731598e-01
-2.662021126286731598e-01
-2.662021126286731598e-01
-2.662021126286731598e-01
-2.662021126286731598e-01
-2.110328326411741173e-01
-2.110328326411741173e-01
-2.110328326411741173e-01
-2.110328326411741173e-01
-2.110328326411741173e-01
-2.110328326411741173e-01
-2.110328326411741173e-01
-2.123760672469892086e-01
-2.123760672469892086e-01
-2.123760672469892086e-01
-2.123760672469892086e-01
-2.123760672469892086e-01
-2.539749403188575338e-01
-3.540487721809267296e-01
-3.540487721809267296e-01
-3.540487721809267296e-01
-3.452903776260087265e-01
-2.648011941245458911e-01
-2.648011941245458911e-01
-2.648011941245458911e-01
-2.648011941245458911e-01
-2.572629667297320899e-01
-2.572629667297320899e-01
-2.572629667297320899e-01
-2.572629667297320899e-01
-2.545599407701000239e-01
-2.545599407701000239e-01
-2.545599407701000239e-01
-3.022102321817596859e-01
-3.022102321817596859e-01
-2.017500527331017035e-01
-1.708218113347884370e-01
-3.576437614016339528e-01
-3.576437614016339528e-01
-2.566887547759129640e-01
-2.709081659823708299e-01
-2.709081659823708299e-01
-2.709081659823708299e-01
-2.709081659823708299e-01
-2.709081659823708299e-01
-2.709081659823708299e-01
-2.786013832684604008e-01
-2.704388162248880234e-01
-2.704388162248880234e-01
-2.704388162248880234e-01
-2.704388162248880234e-01
-2.704388162248880234e-01
-2.309114093765608777e-01
-2.309114093765608777e-01
-2.309114093765608777e-01
-2.309114093765608777e-01
-2.309114093765608777e-01
-2.309114093765608777e-01
-2.444035533879982125e-01
-2.444035533879982125e-01
-2.444035533879982125e-01
-2.444035533879982125e-01
-2.277441310816409048e-01
-2.277441310816409048e-01
-2.277441310816409048e-01
-2.381701809740187359e-01
-2.381701809740187359e-01
-2.644965994378255525e-01
-2.644965994378255525e-01
-2.644965994378255525e-01
-2.527639848073200413e-01
-2.527639848073200413e-01
-2.527639848073200413e-01
-2.527639848073200413e-01
-2.527639848073200413e-01
-2.527639848073200413e-01
-2.864562484107956997e-01
-1.704033373935106010e-01
-1.704033373935106010e-01
-1.704033373935106010e-01
-1.704033373935106010e-01
-1.704033373935106010e-01
-1.727902203092684941e-01
-1.727902203092684941e-01
-1.710402408789943318e-01
-1.710402408789943318e-01
-1.710402408789943318e-01
-1.710402408789943318e-01
-1.710402408789943318e-01
-1.710402408789943318e-01
-3.508373751492538939e-01
-3.449608170501853865e-01
-3.449608170501853865e-01
-3.457812926472400572e-01
-2.384068208791830790e-01
-1.320135856835872035e-01
-1.320135856835872035e-01
-1.320135856835872035e-01
-1.320135856835872035e-01
-1.320135856835872035e-01
-1.320135856835872035e-01
-1.320135856835872035e-01
-1.320135856835872035e-01
-1.320135856835872035e-01
-1.320135856835872035e-01
-1.320135856835872035e-01
-1.477037319746943578e-01
-1.477037319746943578e-01
-2.036455661538604800e-01
-2.036455661538604800e-01
-2.036455661538604800e-01
-2.336835694995826884e-01
-2.807438453738351769e-01
-2.807438453738351769e-01
-2.807438453738351769e-01
-3.321954071771898720e-01
-3.321954071771898720e-01
-3.321954071771898720e-01
-3.251283371139926381e-01
-3.124230518724663286e-01
-2.141875477478487055e-01
-1.174694156489634600e-01
-1.174694156489634600e-01
-1.090111596280689821e-01
-1.090111596280689821e-01
-1.090111596280689821e-01
-2.561751445013814577e-01
-2.561751445013814577e-01
-2.561751445013814577e-01
-2.561751445013814577e-01
-2.561751445013814577e-01
-2.561751445013814577e-01
-2.561751445013814577e-01
-2.561751445013814577e-01
-2.561751445013814577e-01
-2.117929659841802648e-01
-2.117929659841802648e-01
-2.117929659841802648e-01
-2.117929659841802648e-01
-2.011792669851270032e-01
-2.011792669851270032e-01
-2.011792669851270032e-01
-2.011792669851270032e-01
-2.785301305420944673e-01
-2.146058471957932312e-01
-2.146058471957932312e-01
-2.146058471957932312e-01
-2.146058471957932312e-01
-2.146058471957932312e-01
-1.957313929163443655e-01
-1.957313929163443655e-01
-1.635750813035938278e-01
-2.881113060532891623e-01
-2.800963861875042649e-01
-2.640040568259011122e-01
-2.640040568259011122e-01
-2.640040568259011122e-01
-2.640040568259011122e-01
-3.143286489213775181e-01
-3.143286489213775181e-01
-3.143286489213775181e-01
-3.143286489213775181e-01
-3.027658387344427937e-01
-2.883107058872664274e-01
-4.131336447171652382e-01
-4.131336447171652382e-01
-4.131336447171652382e-01
-3.225955743409384402e-01
-2.203995292842388376e-01
-2.203995292842388376e-01
-2.315276363920649449e-01
-2.315276363920649449e-01
-2.315276363920649449e-01
-2.315276363920649449e-01
-2.315276363920649449e-01
-2.315276363920649449e-01
-2.315276363920649449e-01
-2.262938881837383842e-01
-2.262938881837383842e-01
-2.262938881837383842e-01
-2.262938881837383842e-01
-2.262938881837383842e-01
-2.262938881837383842e-01
-2.262938881837383842e-01
-2.262938881837383842e-01
-2.262938881837383842e-01
-2.262938881837383842e-01
-2.262938881837383842e-01
-3.411091182270368782e-01
-3.411091182270368782e-01
-3.411091182270368782e-01
-3.411091182270368782e-01
-3.411091182270368782e-01
-3.411091182270368782e-01
-3.411091182270368782e-01
-3.411091182270368782e-01
-3.411091182270368782e-01
-3.411091182270368782e-01
-3.411091182270368782e-01
-9.250819277158146836e-02
-3.631685609017150651e-01
-3.631685609017150651e-01
-3.631685609017150651e-01
-3.631685609017150651e-01
-3.631685609017150651e-01
-3.631685609017150651e-01
-3.574761993618387201e-01
-3.574761993618387201e-01
-3.574761993618387201e-01
-3.574761993618387201e-01
-3.685553278093819385e-01
-3.685553278093819385e-01
-3.685553278093819385e-01
-3.685553278093819385e-01
-3.084297487192810272e-01
-3.084297487192810272e-01
