# Variable: dg_gbvi_00000144
# Sample shape: (1000,)
# Date: 2013-03-07 22:55:08.900211
-9.885326906406973535e+00
-5.835691498693612367e+00
-4.864395835229428755e+00
-3.933247519054926755e+00
-3.332516212983564152e+00
-4.038765273529209665e+00
-7.606008833401709524e-01
-2.662903558727740982e+00
-2.822178689278543651e+00
-2.792367567183540178e+00
-2.792367567183540178e+00
-2.792367567183540178e+00
-2.812483553898284416e+00
-2.766746974460744468e+00
-2.766746974460744468e+00
-2.766746974460744468e+00
-2.766746974460744468e+00
-2.766746974460744468e+00
-2.805434070463333818e+00
-2.805434070463333818e+00
-2.860065486090094478e+00
-2.869052479054936100e+00
-2.869052479054936100e+00
-2.869052479054936100e+00
-2.869052479054936100e+00
-2.869052479054936100e+00
-2.876891087107690481e+00
-2.876891087107690481e+00
-2.909284317481642734e+00
-2.909284317481642734e+00
-2.838175531482476810e+00
-2.793401640237180406e+00
-2.764143592738331989e+00
-2.764143592738331989e+00
-2.764143592738331989e+00
-2.764143592738331989e+00
-2.788666468296614465e+00
-2.788666468296614465e+00
-2.788666468296614465e+00
-2.790168189921734321e+00
-2.790168189921734321e+00
-2.790168189921734321e+00
-2.790168189921734321e+00
-2.790168189921734321e+00
-2.790168189921734321e+00
-2.790168189921734321e+00
-2.790168189921734321e+00
-2.785264788522081592e+00
-2.609620815607616606e+00
-2.736848690073862223e+00
-2.736848690073862223e+00
-2.470568171400631563e+00
-2.470568171400631563e+00
-2.441603181025339797e+00
-2.441603181025339797e+00
-2.469356674231411031e+00
-2.469356674231411031e+00
-2.469356674231411031e+00
-2.467581195513574244e+00
-2.467581195513574244e+00
-2.717419287641534620e+00
-2.717419287641534620e+00
-2.717419287641534620e+00
-2.717419287641534620e+00
-2.713866633290983099e+00
-2.719821034054987319e+00
-2.719821034054987319e+00
-2.719821034054987319e+00
-2.719821034054987319e+00
-2.719821034054987319e+00
-2.719821034054987319e+00
-2.719821034054987319e+00
-2.713910106992099447e+00
-2.713910106992099447e+00
-2.713910106992099447e+00
-2.713910106992099447e+00
-2.713910106992099447e+00
-2.377974643785365494e+00
-2.377974643785365494e+00
-2.450756743365068768e+00
-2.450756743365068768e+00
-2.450756743365068768e+00
-2.453825361037187847e+00
-2.525580224193630485e+00
-2.525580224193630485e+00
-2.525580224193630485e+00
-2.583971081418292126e+00
-2.528286091324243756e+00
-2.741871096690364773e+00
-2.741871096690364773e+00
-2.692835543668064879e+00
-2.692835543668064879e+00
-2.662372012652984399e+00
-2.662322909282833994e+00
-2.664203725100465103e+00
-2.664203725100465103e+00
-2.665428268053636973e+00
-2.665428268053636973e+00
-2.665428268053636973e+00
-2.665428268053636973e+00
-2.631589303093328169e+00
-2.671193690721573866e+00
-2.671193690721573866e+00
-2.638016751069180099e+00
-2.638016751069180099e+00
-2.638016751069180099e+00
-2.683563522206495744e+00
-2.683563522206495744e+00
-2.683563522206495744e+00
-2.683563522206495744e+00
-2.683563522206495744e+00
-2.683563522206495744e+00
-2.683563522206495744e+00
-2.647076381400233380e+00
-2.652492277012638233e+00
-2.652492277012638233e+00
-2.652492277012638233e+00
-2.652492277012638233e+00
-2.631062322818224608e+00
-2.631062322818224608e+00
-2.665842419274550679e+00
-2.665842419274550679e+00
-2.608468897347352211e+00
-2.604728662562913133e+00
-2.604728662562913133e+00
-2.564957236002977758e+00
-2.542262629529965512e+00
-2.542262629529965512e+00
-2.546768394061914798e+00
-2.528579682094568515e+00
-2.528579682094568515e+00
-2.531512452369211186e+00
-2.484397017509294869e+00
-2.498463618510352813e+00
-2.494042022497518829e+00
-2.672984525043149873e+00
-2.669644905154229253e+00
-2.663336999517842862e+00
-2.663336999517842862e+00
-2.660776092664490555e+00
-2.669204912648448946e+00
-2.664279980837590767e+00
-2.670656489723957971e+00
-2.670656489723957971e+00
-2.657174834152712162e+00
-2.701264177361723640e+00
-2.639962866533898111e+00
-2.585474868376564483e+00
-2.608344571410702528e+00
-2.579283444029569772e+00
-2.579283444029569772e+00
-2.579283444029569772e+00
-2.576418887473819197e+00
-2.590229063884689431e+00
-2.590229063884689431e+00
-2.594241159006164477e+00
-2.594241159006164477e+00
-2.712887034557207144e+00
-2.660589672360570201e+00
-2.642523075406149058e+00
-2.642523075406149058e+00
-2.642523075406149058e+00
-2.642523075406149058e+00
-2.673785057361257600e+00
-2.711329100537640979e+00
-2.711329100537640979e+00
-2.711329100537640979e+00
-2.711329100537640979e+00
-2.711329100537640979e+00
-2.676327271382500150e+00
-2.676327271382500150e+00
-2.683009211269412386e+00
-2.683009211269412386e+00
-2.683009211269412386e+00
-2.683009211269412386e+00
-2.566344725090653256e+00
-2.566344725090653256e+00
-2.566344725090653256e+00
-2.661171372902169097e+00
-2.661171372902169097e+00
-2.661171372902169097e+00
-2.661171372902169097e+00
-2.661171372902169097e+00
-2.661171372902169097e+00
-2.661171372902169097e+00
-2.661171372902169097e+00
-2.645519358563710455e+00
-2.645519358563710455e+00
-2.645519358563710455e+00
-2.645519358563710455e+00
-2.645519358563710455e+00
-2.645519358563710455e+00
-2.668847468295189262e+00
-2.507422552499964929e+00
-2.510534765965502402e+00
-2.524269802138880081e+00
-2.476706494321606833e+00
-2.476706494321606833e+00
-2.489312401974493660e+00
-2.489312401974493660e+00
-2.530243946769201724e+00
-2.530243946769201724e+00
-2.530243946769201724e+00
-2.548862268592350766e+00
-2.548862268592350766e+00
-2.548862268592350766e+00
-2.548862268592350766e+00
-2.548862268592350766e+00
-2.548862268592350766e+00
-2.548862268592350766e+00
-2.711677375597644879e+00
-2.711677375597644879e+00
-2.711677375597644879e+00
-2.737506118344827488e+00
-2.765295058243828041e+00
-2.633538322693267819e+00
-2.633538322693267819e+00
-2.633538322693267819e+00
-2.633538322693267819e+00
-2.633538322693267819e+00
-2.633538322693267819e+00
-2.633538322693267819e+00
-2.678857496907332436e+00
-2.678857496907332436e+00
-2.678857496907332436e+00
-2.678857496907332436e+00
-2.678857496907332436e+00
-2.678857496907332436e+00
-2.678857496907332436e+00
-2.678857496907332436e+00
-2.678857496907332436e+00
-2.678020726835316889e+00
-2.678020726835316889e+00
-2.678020726835316889e+00
-2.678020726835316889e+00
-2.535280140415204553e+00
-2.457052856452506262e+00
-2.492939505114360799e+00
-2.501923359498964938e+00
-2.501923359498964938e+00
-2.501923359498964938e+00
-2.501923359498964938e+00
-2.457996085976352330e+00
-2.457996085976352330e+00
-2.457996085976352330e+00
-2.457996085976352330e+00
-2.457996085976352330e+00
-2.457996085976352330e+00
-2.457996085976352330e+00
-2.457996085976352330e+00
-2.457996085976352330e+00
-2.457996085976352330e+00
-2.457996085976352330e+00
-2.457996085976352330e+00
-2.480620846691468984e+00
-2.480620846691468984e+00
-2.480620846691468984e+00
-2.480620846691468984e+00
-2.480620846691468984e+00
-2.480620846691468984e+00
-2.501400470449031577e+00
-2.501400470449031577e+00
-2.502537383118550007e+00
-2.502537383118550007e+00
-2.449980221385327006e+00
-2.449980221385327006e+00
-2.449980221385327006e+00
-2.449980221385327006e+00
-2.449980221385327006e+00
-2.434430656755679934e+00
-2.434430656755679934e+00
-2.553081931935111459e+00
-2.553081931935111459e+00
-2.553081931935111459e+00
-2.553081931935111459e+00
-2.553081931935111459e+00
-2.553081931935111459e+00
-2.553081931935111459e+00
-2.553081931935111459e+00
-2.553081931935111459e+00
-2.553081931935111459e+00
-2.553081931935111459e+00
-2.553081931935111459e+00
-2.553081931935111459e+00
-2.553081931935111459e+00
-2.556039723193344049e+00
-2.556039723193344049e+00
-2.556039723193344049e+00
-2.486505815865046376e+00
-2.486505815865046376e+00
-2.486505815865046376e+00
-2.509228529719057743e+00
-2.633615078093846318e+00
-2.633615078093846318e+00
-2.633615078093846318e+00
-2.635556268393417945e+00
-2.715733687318221179e+00
-2.702996355721738908e+00
-2.696842142436236323e+00
-2.696842142436236323e+00
-2.696842142436236323e+00
-2.696842142436236323e+00
-2.696842142436236323e+00
-2.454730466802183209e+00
-2.454730466802183209e+00
-2.454730466802183209e+00
-2.454730466802183209e+00
-2.454730466802183209e+00
-2.478132371329349937e+00
-2.481392027696251557e+00
-2.549826063758124040e+00
-2.584836311169506740e+00
-2.584836311169506740e+00
-2.584836311169506740e+00
-2.527983741188448263e+00
-2.533004073079363927e+00
-2.533004073079363927e+00
-2.553389161565853271e+00
-2.553389161565853271e+00
-2.556066448203229147e+00
-2.556066448203229147e+00
-2.556066448203229147e+00
-2.556066448203229147e+00
-2.556066448203229147e+00
-2.575320342371636428e+00
-2.575320342371636428e+00
-2.574096204284095801e+00
-2.574096204284095801e+00
-2.574096204284095801e+00
-2.574096204284095801e+00
-2.574096204284095801e+00
-2.574096204284095801e+00
-2.574096204284095801e+00
-2.466222323871873900e+00
-2.466222323871873900e+00
-2.448014902611278742e+00
-2.472176300569565832e+00
-2.472176300569565832e+00
-2.381975214015926046e+00
-2.650514102522344206e+00
-2.611400477180079172e+00
-2.611400477180079172e+00
-2.587556401381927440e+00
-2.477501286002797176e+00
-2.678819504832258058e+00
-2.678819504832258058e+00
-2.480801352717302510e+00
-2.480801352717302510e+00
-2.432482191674133265e+00
-2.608973066246595085e+00
-2.608973066246595085e+00
-2.608973066246595085e+00
-2.612647818408372569e+00
-2.706320907185109093e+00
-2.706320907185109093e+00
-2.728748229908511291e+00
-2.728748229908511291e+00
-2.728748229908511291e+00
-2.725358162687217423e+00
-2.725358162687217423e+00
-2.725358162687217423e+00
-2.709733836368920734e+00
-2.728111930118059636e+00
-2.728111930118059636e+00
-2.728111930118059636e+00
-2.476116622582265059e+00
-2.476116622582265059e+00
-2.465675751621510869e+00
-2.465675751621510869e+00
-2.465675751621510869e+00
-2.465675751621510869e+00
-2.465675751621510869e+00
-2.482749468017781957e+00
-2.482749468017781957e+00
-2.482749468017781957e+00
-2.482749468017781957e+00
-2.482749468017781957e+00
-2.482749468017781957e+00
-2.482749468017781957e+00
-2.464939361551877539e+00
-2.464939361551877539e+00
-2.464939361551877539e+00
-2.464939361551877539e+00
-2.464939361551877539e+00
-2.617992829199776494e+00
-2.619301735824143051e+00
-2.619301735824143051e+00
-2.498328681672229212e+00
-2.498328681672229212e+00
-2.498328681672229212e+00
-2.498328681672229212e+00
-2.644094121255750274e+00
-2.605421219625650320e+00
-2.605421219625650320e+00
-2.616468997084368198e+00
-2.611486711188061083e+00
-2.611486711188061083e+00
-2.540806043307799467e+00
-2.540806043307799467e+00
-2.537469282318304931e+00
-2.526364194055830570e+00
-2.526364194055830570e+00
-2.526364194055830570e+00
-2.526364194055830570e+00
-2.526364194055830570e+00
-2.459506365241304948e+00
-2.459506365241304948e+00
-2.460100896539835436e+00
-2.457387725259057021e+00
-2.457387725259057021e+00
-2.460795600880183898e+00
-2.460795600880183898e+00
-2.460795600880183898e+00
-2.460795600880183898e+00
-2.460795600880183898e+00
-2.460795600880183898e+00
-2.526668288665107287e+00
-2.526668288665107287e+00
-2.526668288665107287e+00
-2.576676504812411839e+00
-2.572350660053663418e+00
-2.670619670029400705e+00
-2.419542978033203617e+00
-2.419542978033203617e+00
-2.419542978033203617e+00
-2.419542978033203617e+00
-2.419542978033203617e+00
-2.445238920204851674e+00
-2.501652498387231027e+00
-2.501652498387231027e+00
-2.479321969900253553e+00
-2.479321969900253553e+00
-2.479321969900253553e+00
-2.479321969900253553e+00
-2.479321969900253553e+00
-2.479321969900253553e+00
-2.519465121444804723e+00
-2.519465121444804723e+00
-2.317583835435700568e+00
-2.317583835435700568e+00
-2.317583835435700568e+00
-2.317583835435700568e+00
-2.317583835435700568e+00
-2.317583835435700568e+00
-2.308006097918272825e+00
-2.302500922485494872e+00
-2.302500922485494872e+00
-2.302500922485494872e+00
-2.302500922485494872e+00
-2.302500922485494872e+00
-2.302500922485494872e+00
-2.516329006594510975e+00
-2.516329006594510975e+00
-2.490504538150427383e+00
-2.490504538150427383e+00
-2.490504538150427383e+00
-2.490504538150427383e+00
-2.483147750973840662e+00
-2.483147750973840662e+00
-2.483147750973840662e+00
-2.483147750973840662e+00
-2.519518967104995788e+00
-2.519518967104995788e+00
-2.499854210598090098e+00
-2.499854210598090098e+00
-2.499854210598090098e+00
-2.499854210598090098e+00
-2.777839987163115865e+00
-2.771823585131580003e+00
-2.771823585131580003e+00
-2.774843752474761338e+00
-2.782498519483122212e+00
-2.772924110631693750e+00
-2.772924110631693750e+00
-2.772924110631693750e+00
-2.576175257164770915e+00
-2.576175257164770915e+00
-2.576175257164770915e+00
-2.576175257164770915e+00
-2.576175257164770915e+00
-2.576175257164770915e+00
-2.576175257164770915e+00
-2.583635939690477556e+00
-2.583635939690477556e+00
-2.589449483448813982e+00
-2.589449483448813982e+00
-2.691371247800717459e+00
-2.691371247800717459e+00
-2.691371247800717459e+00
-2.535190813608960259e+00
-2.535190813608960259e+00
-2.482046573601175421e+00
-2.622296754187089185e+00
-2.622296754187089185e+00
-2.622296754187089185e+00
-2.613442774587303230e+00
-2.623775492185300262e+00
-2.623775492185300262e+00
-2.623775492185300262e+00
-2.608670945717553646e+00
-2.608670945717553646e+00
-2.624412516068511891e+00
-2.624412516068511891e+00
-2.655391456915141113e+00
-2.655391456915141113e+00
-2.655391456915141113e+00
-2.655391456915141113e+00
-2.655391456915141113e+00
-2.655391456915141113e+00
-2.655391456915141113e+00
-2.655391456915141113e+00
-2.655391456915141113e+00
-2.655391456915141113e+00
-2.655391456915141113e+00
-2.653517949618486416e+00
-2.655027395185073580e+00
-2.655027395185073580e+00
-2.655027395185073580e+00
-2.655027395185073580e+00
-2.655027395185073580e+00
-2.655027395185073580e+00
-2.655027395185073580e+00
-2.655027395185073580e+00
-2.655027395185073580e+00
-2.655027395185073580e+00
-2.655027395185073580e+00
-2.642096211387677585e+00
-2.642096211387677585e+00
-2.648404311691268997e+00
-2.648404311691268997e+00
-2.648404311691268997e+00
-2.648404311691268997e+00
-2.648404311691268997e+00
-2.648404311691268997e+00
-2.640197409994090805e+00
-2.640197409994090805e+00
-2.640197409994090805e+00
-2.640197409994090805e+00
-2.656513658865287120e+00
-2.528347344019248322e+00
-2.528347344019248322e+00
-2.571997114097955617e+00
-2.571997114097955617e+00
-2.637467412930352140e+00
-2.644687869117364087e+00
-2.644687869117364087e+00
-2.644687869117364087e+00
-2.644687869117364087e+00
-2.717318480151728721e+00
-2.879001642746554790e+00
-2.879001642746554790e+00
-2.879001642746554790e+00
-2.869106482160190374e+00
-2.869106482160190374e+00
-2.852127172888616613e+00
-2.852127172888616613e+00
-2.846477694130346681e+00
-2.819926567522282657e+00
-2.868269658627693008e+00
-2.863154010554426865e+00
-2.552203132811777131e+00
-2.552203132811777131e+00
-2.552203132811777131e+00
-2.552203132811777131e+00
-2.552203132811777131e+00
-2.552203132811777131e+00
-2.552203132811777131e+00
-2.552203132811777131e+00
-2.552203132811777131e+00
-2.552203132811777131e+00
-2.544580199344480320e+00
-2.544580199344480320e+00
-2.544580199344480320e+00
-2.550375891175724163e+00
-2.550375891175724163e+00
-2.626718605726154454e+00
-2.792895918878759876e+00
-2.792895918878759876e+00
-2.792895918878759876e+00
-2.782143384927358465e+00
-2.642696729560968905e+00
-2.754934351061890663e+00
-2.754934351061890663e+00
-2.754934351061890663e+00
-2.741412173842223687e+00
-2.756603731722834461e+00
-2.756603731722834461e+00
-2.733634784186196320e+00
-2.733634784186196320e+00
-2.718501035253865883e+00
-2.708499158940255391e+00
-2.640022284052876866e+00
-2.640022284052876866e+00
-2.640022284052876866e+00
-2.667378788941823231e+00
-2.667378788941823231e+00
-2.667378788941823231e+00
-2.667378788941823231e+00
-2.678545633238899271e+00
-2.678545633238899271e+00
-2.674895556099969429e+00
-2.674895556099969429e+00
-2.674895556099969429e+00
-2.794085170930804551e+00
-2.794085170930804551e+00
-2.794085170930804551e+00
-2.794085170930804551e+00
-2.565996634724873271e+00
-2.636978856395972404e+00
-2.636978856395972404e+00
-2.636978856395972404e+00
-2.623601632248925064e+00
-2.623601632248925064e+00
-2.623601632248925064e+00
-2.625171275712957275e+00
-2.625171275712957275e+00
-2.606799520573254370e+00
-2.606799520573254370e+00
-2.618440409936010571e+00
-2.419746245211665592e+00
-2.419746245211665592e+00
-2.419746245211665592e+00
-2.414618879277046215e+00
-2.414618879277046215e+00
-2.414618879277046215e+00
-2.414618879277046215e+00
-2.414618879277046215e+00
-2.631279522442263819e+00
-2.631279522442263819e+00
-2.631279522442263819e+00
-2.631279522442263819e+00
-2.631279522442263819e+00
-2.631279522442263819e+00
-2.631279522442263819e+00
-2.631279522442263819e+00
-2.631279522442263819e+00
-2.607802873488706652e+00
-2.607802873488706652e+00
-2.607802873488706652e+00
-2.607802873488706652e+00
-2.607802873488706652e+00
-2.515855014067177819e+00
-2.515855014067177819e+00
-2.515855014067177819e+00
-2.515855014067177819e+00
-2.515855014067177819e+00
-2.528366359383421802e+00
-2.564877672308176315e+00
-2.652539327689784621e+00
-2.652539327689784621e+00
-2.652539327689784621e+00
-2.649009327371629752e+00
-2.649009327371629752e+00
-2.649009327371629752e+00
-2.649009327371629752e+00
-2.649009327371629752e+00
-2.649009327371629752e+00
-2.688534288444941911e+00
-2.688534288444941911e+00
-2.634458840972979665e+00
-2.634458840972979665e+00
-2.634458840972979665e+00
-2.634458840972979665e+00
-2.634458840972979665e+00
-2.634458840972979665e+00
-2.654103582586786914e+00
-2.654103582586786914e+00
-2.654103582586786914e+00
-2.654103582586786914e+00
-2.654103582586786914e+00
-2.654103582586786914e+00
-2.654103582586786914e+00
-2.654103582586786914e+00
-2.654103582586786914e+00
-2.617239230016259466e+00
-2.617239230016259466e+00
-2.620290712005801659e+00
-2.796403503815149350e+00
-2.796403503815149350e+00
-2.796403503815149350e+00
-2.796403503815149350e+00
-2.796403503815149350e+00
-2.806566553250645857e+00
-2.806566553250645857e+00
-2.820091078359120207e+00
-2.844169877707449334e+00
-2.826154380985274717e+00
-2.826154380985274717e+00
-2.826154380985274717e+00
-2.826154380985274717e+00
-2.826154380985274717e+00
-2.826154380985274717e+00
-2.826154380985274717e+00
-2.720042718946822813e+00
-2.691786221742486163e+00
-2.691786221742486163e+00
-2.691786221742486163e+00
-2.622463935269648161e+00
-2.622463935269648161e+00
-2.622463935269648161e+00
-2.600118548457845513e+00
-2.672855597351460943e+00
-2.672855597351460943e+00
-2.689566315868227697e+00
-2.711426628271981443e+00
-2.795004944045500039e+00
-2.795004944045500039e+00
-2.795004944045500039e+00
-2.795004944045500039e+00
-2.795004944045500039e+00
-2.736519158792886763e+00
-2.736519158792886763e+00
-2.736519158792886763e+00
-2.715343511482735117e+00
-2.715343511482735117e+00
-2.715343511482735117e+00
-2.715343511482735117e+00
-2.715343511482735117e+00
-2.687062046900787315e+00
-2.687062046900787315e+00
-2.687062046900787315e+00
-2.687062046900787315e+00
-2.687062046900787315e+00
-2.687062046900787315e+00
-2.687062046900787315e+00
-2.687062046900787315e+00
-2.798994710693819776e+00
-2.567127449498363134e+00
-2.567127449498363134e+00
-2.567127449498363134e+00
-2.584523728251671315e+00
-2.584523728251671315e+00
-2.584523728251671315e+00
-2.412685328165384835e+00
-2.412685328165384835e+00
-2.412685328165384835e+00
-2.412685328165384835e+00
-2.412685328165384835e+00
-2.433334511269762412e+00
-2.672195818596494465e+00
-2.608213636929242796e+00
-2.608213636929242796e+00
-2.608213636929242796e+00
-2.461686497113308114e+00
-2.461686497113308114e+00
-2.535450626143718189e+00
-2.535450626143718189e+00
-2.535450626143718189e+00
-2.535450626143718189e+00
-2.535450626143718189e+00
-2.535450626143718189e+00
-2.535450626143718189e+00
-2.531359113428300667e+00
-2.486168318033698199e+00
-2.486168318033698199e+00
-2.486168318033698199e+00
-2.543141094165973559e+00
-2.543141094165973559e+00
-2.601419019655736520e+00
-2.606225914965360602e+00
-2.599409699226007842e+00
-2.599409699226007842e+00
-2.543958314214156413e+00
-2.543958314214156413e+00
-2.543958314214156413e+00
-2.543958314214156413e+00
-2.543958314214156413e+00
-2.543958314214156413e+00
-2.543958314214156413e+00
-2.543958314214156413e+00
-2.543958314214156413e+00
-2.543958314214156413e+00
-2.756159703299001063e+00
-2.498222953649375189e+00
-2.480902710542796985e+00
-2.480902710542796985e+00
-2.480902710542796985e+00
-2.472835433135609495e+00
-2.472835433135609495e+00
-2.493308926106882595e+00
-2.493308926106882595e+00
-2.454768137647070247e+00
-2.466858987986543905e+00
-2.466858987986543905e+00
-2.466858987986543905e+00
-2.466858987986543905e+00
-2.466858987986543905e+00
-2.466858987986543905e+00
-2.629531933614499994e+00
-2.616793629374862817e+00
-2.616793629374862817e+00
-2.616793629374862817e+00
-2.616793629374862817e+00
-2.616793629374862817e+00
-2.616793629374862817e+00
-2.616793629374862817e+00
-2.599238589459572868e+00
-2.599238589459572868e+00
-2.599238589459572868e+00
-2.599238589459572868e+00
-2.599238589459572868e+00
-2.608843556233392924e+00
-2.812384374190897596e+00
-2.812384374190897596e+00
-2.812384374190897596e+00
-2.794570618501400538e+00
-2.775986078197921536e+00
-2.775986078197921536e+00
-2.775986078197921536e+00
-2.775986078197921536e+00
-2.715825814530725690e+00
-2.715825814530725690e+00
-2.715825814530725690e+00
-2.715825814530725690e+00
-2.710328112438713077e+00
-2.710328112438713077e+00
-2.710328112438713077e+00
-2.721330320719237861e+00
-2.721330320719237861e+00
-2.698134579718531434e+00
-2.690993407156229811e+00
-2.734129638753469482e+00
-2.734129638753469482e+00
-2.582494604207666633e+00
-2.695975331515168438e+00
-2.696545616682586743e+00
-2.696545616682586743e+00
-2.696545616682586743e+00
-2.696545616682586743e+00
-2.696545616682586743e+00
-2.757942806783086009e+00
-2.692799881288382657e+00
-2.692799881288382657e+00
-2.692799881288382657e+00
-2.692799881288382657e+00
-2.692799881288382657e+00
-2.683673205458065869e+00
-2.683673205458065869e+00
-2.683673205458065869e+00
-2.683673205458065869e+00
-2.683673205458065869e+00
-2.683673205458065869e+00
-2.688248361648307050e+00
-2.444264350951109055e+00
-2.444264350951109055e+00
-2.444264350951109055e+00
-2.410535852668764356e+00
-2.410535852668764356e+00
-2.410535852668764356e+00
-2.412934535354244847e+00
-2.427842257182492691e+00
-2.433899078777603808e+00
-2.433899078777603808e+00
-2.433899078777603808e+00
-2.467397533077228200e+00
-2.467397533077228200e+00
-2.467397533077228200e+00
-2.467397533077228200e+00
-2.467397533077228200e+00
-2.467397533077228200e+00
-2.475156057700533818e+00
-2.448431840582598440e+00
-2.638437977099287846e+00
-2.638437977099287846e+00
-2.638437977099287846e+00
-2.638437977099287846e+00
-2.657378228234711592e+00
-2.493593826181613515e+00
-2.490050276509699234e+00
-2.490050276509699234e+00
-2.490050276509699234e+00
-2.490050276509699234e+00
-2.490050276509699234e+00
-2.490050276509699234e+00
-2.695704637165186934e+00
-2.649073323382065581e+00
-2.669126063877448107e+00
-2.669314999836085001e+00
-2.583914939129101640e+00
-2.558980047412918513e+00
-2.558980047412918513e+00
-2.558980047412918513e+00
-2.558980047412918513e+00
-2.558980047412918513e+00
-2.558980047412918513e+00
-2.558980047412918513e+00
-2.558980047412918513e+00
-2.558980047412918513e+00
-2.558980047412918513e+00
-2.558980047412918513e+00
-2.562657274616890302e+00
-2.562657274616890302e+00
-2.575768104220838239e+00
-2.575768104220838239e+00
-2.575768104220838239e+00
-2.582807972492716431e+00
-2.478602672515529903e+00
-2.478602672515529903e+00
-2.478602672515529903e+00
-2.490661137697424365e+00
-2.490661137697424365e+00
-2.490661137697424365e+00
-2.377650568174260570e+00
-2.318521746636514003e+00
-2.295563703304262404e+00
-2.272960276085894460e+00
-2.272960276085894460e+00
-2.270983546694892219e+00
-2.270983546694892219e+00
-2.270983546694892219e+00
-2.364071576891671356e+00
-2.364071576891671356e+00
-2.364071576891671356e+00
-2.364071576891671356e+00
-2.364071576891671356e+00
-2.364071576891671356e+00
-2.364071576891671356e+00
-2.382223729492063846e+00
-2.382223729492063846e+00
-2.371851430936084970e+00
-2.602136001282718603e+00
-2.602136001282718603e+00
-2.602136001282718603e+00
-2.518378041179984095e+00
-2.518378041179984095e+00
-2.518378041179984095e+00
-2.518378041179984095e+00
-2.680841440302313305e+00
-2.665902071078069202e+00
-2.665902071078069202e+00
-2.665902071078069202e+00
-2.665902071078069202e+00
-2.665902071078069202e+00
-2.694583840378026895e+00
-2.694583840378026895e+00
-2.723540936822622882e+00
-2.601130041393302061e+00
-2.538373025466133193e+00
-2.461118492187232221e+00
-2.461118492187232221e+00
-2.461118492187232221e+00
-2.461118492187232221e+00
-2.472733604178728672e+00
-2.472733604178728672e+00
-2.472733604178728672e+00
-2.472733604178728672e+00
-2.470064862522504789e+00
-2.356880823566330108e+00
-2.337918279032885849e+00
-2.337918279032885849e+00
-2.337918279032885849e+00
-2.317021739525545243e+00
-2.443636886459034763e+00
-2.443636886459034763e+00
-2.512230134262209535e+00
-2.512230134262209535e+00
-2.512230134262209535e+00
-2.512230134262209535e+00
-2.512230134262209535e+00
-2.512230134262209535e+00
-2.512230134262209535e+00
-2.462721645277087479e+00
-2.462721645277087479e+00
-2.462721645277087479e+00
-2.462721645277087479e+00
-2.462721645277087479e+00
-2.462721645277087479e+00
-2.462721645277087479e+00
-2.462721645277087479e+00
-2.462721645277087479e+00
-2.462721645277087479e+00
-2.462721645277087479e+00
-2.489221447853773306e+00
-2.489221447853773306e+00
-2.489221447853773306e+00
-2.489221447853773306e+00
-2.489221447853773306e+00
-2.489221447853773306e+00
-2.489221447853773306e+00
-2.489221447853773306e+00
-2.489221447853773306e+00
-2.489221447853773306e+00
-2.489221447853773306e+00
-2.431843385357477239e+00
-2.494312853197910851e+00
-2.494312853197910851e+00
-2.494312853197910851e+00
-2.494312853197910851e+00
-2.494312853197910851e+00
-2.494312853197910851e+00
-2.449741524999576203e+00
-2.437900129412443828e+00
-2.437900129412443828e+00
-2.437900129412443828e+00
-2.524649972465748071e+00
-2.524649972465748071e+00
-2.524649972465748071e+00
-2.524649972465748071e+00
-2.584522024654285488e+00
-2.584522024654285488e+00
