# Variable: dg_gbvi_00000299
# Sample shape: (1000,)
# Date: 2013-03-07 22:55:07.392453
-9.940448169167528381e-01
-9.845213818168557784e-01
-9.845669747078219514e-01
-6.763197250423306217e-01
-1.659244035640494719e+00
-1.061195235207728960e+00
-9.779055066928779016e-01
-1.046056338641695893e+00
-7.652546971311285917e-01
-6.188282966536806651e-01
-5.368615216016180414e-01
-5.144933954859520764e-01
-5.561067069439836752e-01
-3.241703870903019924e-01
-3.716695358601637689e-01
-3.833824213177945417e-01
-3.951910671776063810e-01
-3.951910671776063810e-01
-4.768165990040361124e-01
-4.768165990040361124e-01
-5.335513759571876014e-01
-4.680417809668543372e-01
-4.519545358692745318e-01
-4.545651723402936994e-01
-4.626589417457453446e-01
-4.215938013486812963e-01
-4.377447617665778945e-01
-3.923147327051684230e-01
-5.099853687238010691e-01
-5.099853687238010691e-01
-6.484912311205128788e-01
-6.140081901177967261e-01
-4.637792014891735093e-01
-5.231845396349654731e-01
-5.323855383953176590e-01
-5.208229232091005079e-01
-6.444564449144158935e-01
-7.024907824459269978e-01
-6.325064237765863906e-01
-6.121187033699475588e-01
-6.299019423425481490e-01
-6.011225195619487316e-01
-5.909484633817764232e-01
-5.242431840213945815e-01
-5.010772271133661082e-01
-5.210799220442712265e-01
-5.210799220442712265e-01
-5.072111675145909437e-01
-5.300567170870212896e-01
-5.494863190518799456e-01
-5.259954781333155971e-01
-6.345883632007504049e-01
-6.806000872723738659e-01
-5.444389788111436701e-01
-5.858720249362994181e-01
-6.417666782290709637e-01
-6.289211450666840619e-01
-6.350560112506438148e-01
-6.210107468769453520e-01
-6.551465076377465113e-01
-7.226930516610271527e-01
-7.118192413502349991e-01
-7.305235567675795183e-01
-7.317769595516195880e-01
-7.051464578547445017e-01
-7.212820931846861683e-01
-6.687811610119398509e-01
-6.677899741369468511e-01
-6.269903563612259090e-01
-6.940226326740891460e-01
-6.439763800310358555e-01
-6.550310843454348886e-01
-5.195794565316121938e-01
-5.532411693134136055e-01
-6.851316668850554459e-01
-6.340261477195929807e-01
-6.340261477195929807e-01
-6.363958793977136930e-01
-6.456356364686158811e-01
-7.418586261127221304e-01
-7.511432052680786509e-01
-7.195072437058481762e-01
-7.038571113971962001e-01
-7.221335619183208987e-01
-6.753484207327189459e-01
-7.163052401313418915e-01
-6.899724253709392796e-01
-7.173819094908607807e-01
-6.944825112526341604e-01
-6.425704466581267926e-01
-4.914678812125969909e-01
-4.631376788127009592e-01
-3.661791628780141084e-01
-3.593909355998869959e-01
-3.595524203593750134e-01
-3.490433386369042879e-01
-3.063231653747053307e-01
-2.866826640827465633e-01
-3.002880082687981456e-01
-2.584610244907413201e-01
-2.628875708533926492e-01
-4.339227627765230300e-01
-4.449797085379763595e-01
-2.854715864424273719e-01
-4.486786158728518492e-01
-4.653213130383329066e-01
-7.371881557404694751e-01
-7.416766291256542409e-01
-7.191445621293112156e-01
-6.825718602818415803e-01
-6.986553617860966625e-01
-6.773181149684739388e-01
-7.341857574326738911e-01
-4.268117404791159086e-01
-3.871415231868491902e-01
-3.897699540182701927e-01
-4.045714962080159682e-01
-4.162491438363724039e-01
-2.769422588912432426e-01
-3.315192400649331628e-01
-5.138885963680296376e-01
-5.030146789282841091e-01
-5.100251090660463671e-01
-5.243817169259290534e-01
-5.688017661779801726e-01
-4.311619327210823305e-01
-3.848156081524956584e-01
-3.612283468479328130e-01
-3.508582531005512983e-01
-2.859889238049027060e-01
-2.824925444875649450e-01
-3.079168529699734536e-01
-3.554112570966371232e-01
-3.156772768002670815e-01
-3.004869290932223325e-01
-3.092279626012728877e-01
-3.002531521043263485e-01
-2.740753783037684910e-01
-3.486060846433903793e-01
-5.249810878957167359e-01
-5.634277135275035375e-01
-6.045331545037059273e-01
-5.894977343730244401e-01
-6.109288327606180458e-01
-5.339655127623749165e-01
-7.509452621107908232e-01
-7.774326226000330964e-01
-6.218757702357673445e-01
-6.339901410011311578e-01
-6.317094302122241434e-01
-6.425666061045394173e-01
-6.757933089611228850e-01
-5.675751921817475676e-01
-6.618533033095863605e-01
-6.423039223577688972e-01
-6.905250896593964072e-01
-7.201108808016231100e-01
-7.504257390555354457e-01
-8.249155602049125235e-01
-7.709547667600784582e-01
-7.649591225678348261e-01
-7.389307412123609087e-01
-7.266273762317309037e-01
-6.893175668357449659e-01
-7.717745165580258693e-01
-8.116180819797746970e-01
-8.298319323488624333e-01
-8.299176244049378814e-01
-8.474229749589728966e-01
-7.866497949171173953e-01
-7.942490772608806759e-01
-8.609910917320924284e-01
-8.413470535297254971e-01
-7.788998729984791813e-01
-6.958885720082160775e-01
-7.114286098845933326e-01
-7.333709239151370296e-01
-7.054733350718865870e-01
-6.607051048120093917e-01
-6.714651160763676074e-01
-7.052129772696141830e-01
-7.496784742440231186e-01
-7.280776619506567071e-01
-6.496523690386376559e-01
-6.356587541243216011e-01
-6.503958264985886251e-01
-5.991660726090485278e-01
-5.505834834679049772e-01
-5.287173996043287305e-01
-5.234164486817692863e-01
-6.062540693606509601e-01
-5.945246503168762908e-01
-6.453091936798960315e-01
-6.037180191383084704e-01
-6.613768877694928827e-01
-7.208121216438792001e-01
-4.924507304571787980e-01
-4.849609223224557453e-01
-5.063476948329861393e-01
-5.293927963337693443e-01
-5.406056007885663428e-01
-5.364551498676490837e-01
-4.510043864331728103e-01
-3.528363790292782798e-01
-7.095743450555759280e-01
-7.749595634706466507e-01
-7.574388946849138771e-01
-7.539115616961138411e-01
-7.808779496704689738e-01
-3.991684183048351264e-01
-3.731490057625422296e-01
-4.010642331137634353e-01
-3.977745871950619239e-01
-4.902707004518301326e-01
-4.267139102170187659e-01
-4.322535171648586028e-01
-3.912884943804659788e-01
-4.000456754886049238e-01
-4.093811911966894757e-01
-4.823787265185095485e-01
-4.189594173672323008e-01
-3.997802569612541324e-01
-5.412749650838989401e-01
-5.611604452202372251e-01
-5.637807845238486104e-01
-5.372916797139835055e-01
-5.860359754163898538e-01
-5.860359754163898538e-01
-6.323639246776611156e-01
-6.058532057305445750e-01
-6.374747951202696106e-01
-5.940122616989056414e-01
-6.329745956566321663e-01
-6.791375191576637382e-01
-7.000260323448929123e-01
-7.259416690450495313e-01
-7.058215756294888843e-01
-7.058215756294888843e-01
-7.329250364792448957e-01
-8.099115108906003169e-01
-7.723817344547847519e-01
-7.445084098751959534e-01
-4.947639942733138008e-01
-6.777427955672910009e-01
-6.690224466984554530e-01
-6.731151726996610352e-01
-6.963254493614617902e-01
-7.427920605552364997e-01
-5.908586908163778739e-01
-5.767444233191453273e-01
-6.002776977631586464e-01
-5.981455878324990483e-01
-5.913666600865266076e-01
-5.875401804309886566e-01
-5.516724384566285000e-01
-5.527277751130136307e-01
-5.749773435328747739e-01
-5.661386659018030620e-01
-5.717953315889313659e-01
-5.295536882457019257e-01
-6.409463448311931710e-01
-6.539780134237609399e-01
-6.402681687182451009e-01
-6.309361657620139452e-01
-5.918964102474698619e-01
-5.702195500527907912e-01
-5.950583635379185221e-01
-6.283993406565264728e-01
-6.867031308827541425e-01
-6.058607571147399673e-01
-6.058607571147399673e-01
-6.100109809560012586e-01
-6.054861627711954908e-01
-6.232221017157034693e-01
-6.231249779117610244e-01
-5.466069410598526357e-01
-6.164997585306016825e-01
-6.497457384094810218e-01
-6.644669317878704184e-01
-7.105417046049699037e-01
-6.866319259936808361e-01
-6.931395534264050973e-01
-6.541468602370850149e-01
-6.196321256691867951e-01
-5.582494905955246445e-01
-6.141865210523221874e-01
-5.913859863702288777e-01
-6.099475347603157127e-01
-7.088250663163897514e-01
-6.156653698905796279e-01
-5.381428076955102613e-01
-4.743943858090342025e-01
-3.887682041750785134e-01
-4.489402478223037396e-01
-4.463107111029228635e-01
-5.217552818404651571e-01
-4.688748304603035377e-01
-4.162848295230399120e-01
-2.665612116464919912e-01
-2.726248607218096920e-01
-3.063690273961902077e-01
-3.295124056054222206e-01
-3.443158779100381484e-01
-3.704037893049630936e-01
-4.273249741801675161e-01
-4.578040823490263089e-01
-4.360234468003109654e-01
-5.203050863261345915e-01
-5.334539674670042420e-01
-5.532668243025024024e-01
-5.619031746081760703e-01
-5.512979984230413910e-01
-5.252611536040470153e-01
-5.341650782823921251e-01
-5.341650782823921251e-01
-6.064039907217051439e-01
-6.637462665254505456e-01
-6.486853294255136015e-01
-6.071969798758026782e-01
-6.043799601956886258e-01
-5.851733878113353216e-01
-5.949886926684825328e-01
-6.606957873368977108e-01
-6.606957873368977108e-01
-6.125621148623564549e-01
-6.383749493814383502e-01
-6.337127994961575528e-01
-5.830650913307977579e-01
-5.498459602086844811e-01
-4.989993666822259422e-01
-4.788932664653707816e-01
-5.785236851947297421e-01
-5.626888375861103242e-01
-5.918549546165513542e-01
-5.561551757037758170e-01
-6.368168911456933978e-01
-8.563940766870196120e-01
-8.601047996258974759e-01
-5.468582669183001954e-01
-8.722308899989035247e-01
-7.495641854550407768e-01
-7.191798593195136702e-01
-6.615264216776386430e-01
-6.401304266308335267e-01
-6.772727003861697126e-01
-7.254425904654235868e-01
-7.241473616750536690e-01
-7.209150623386427759e-01
-6.977918290960231085e-01
-7.177313337061358434e-01
-7.530971452870777183e-01
-7.450410073970640257e-01
-7.496110445423650459e-01
-7.126694854973598670e-01
-7.736247448406821103e-01
-9.187591326579603868e-01
-9.516242143666975295e-01
-1.002389771859337086e+00
-9.572507451328822192e-01
-9.812220964433343573e-01
-9.899651295176993271e-01
-9.726180669605060114e-01
-1.039839056742614121e+00
-1.039839056742614121e+00
-1.058462962463707857e+00
-1.063374024193902700e+00
-1.106490390907302501e+00
-1.020307675525425006e+00
-9.562878535397253410e-01
-9.956059169898111572e-01
-9.651778468928906562e-01
-8.997374999867374656e-01
-9.535430606417371058e-01
-9.535430606417371058e-01
-9.680430437869883553e-01
-9.735605159638649475e-01
-9.433280321602584007e-01
-9.235698649370064350e-01
-9.912456054236036262e-01
-8.990549554019837686e-01
-9.381108407750485823e-01
-8.677388106468779672e-01
-9.176976765326008145e-01
-8.961212965500988670e-01
-8.862615053003290999e-01
-9.352294750296020753e-01
-9.543465625632001625e-01
-1.018812702111694390e+00
-1.017558812521146550e+00
-1.006737027908254367e+00
-9.467879562919621073e-01
-8.547407872729672063e-01
-8.644384830155544819e-01
-9.162520589907779955e-01
-9.708781604998192316e-01
-9.643142192655634881e-01
-9.336034929894047041e-01
-9.825889198839860006e-01
-1.008723433389335344e+00
-9.765478578970281376e-01
-9.459371738917887740e-01
-9.946725930932905912e-01
-9.961113413249969017e-01
-1.039528771629051329e+00
-1.025240465804101220e+00
-1.097062036921405692e+00
-1.122415658733205257e+00
-1.045098211469081662e+00
-1.036384919950708250e+00
-1.051065825058654868e+00
-1.160460804384819022e+00
-1.159554173898497798e+00
-1.114254286580115938e+00
-1.088048271309872028e+00
-1.104556986886791270e+00
-1.115253966093361360e+00
-1.154108026403122711e+00
-1.124359356689081046e+00
-1.136692184993186805e+00
-1.124832410045156550e+00
-1.111883514252826721e+00
-1.102296773079366687e+00
-1.267999727830551260e+00
-1.283422331076614631e+00
-1.271736029961989756e+00
-1.216232535881421217e+00
-1.280044792479629878e+00
-1.280044792479629878e+00
-1.253205438786191062e+00
-1.281832139478152000e+00
-1.175786742997636525e+00
-1.183702487369350909e+00
-1.163695180217932945e+00
-1.196952938255473775e+00
-1.152487062667475248e+00
-1.160756401860601805e+00
-1.161935194430748330e+00
-1.199461222536518878e+00
-1.188325183755001735e+00
-1.357242334378859105e+00
-1.420103765531671058e+00
-1.342682353722781663e+00
-1.348569305501843729e+00
-1.362323303821157294e+00
-1.300931491466678080e+00
-1.278932503784356634e+00
-1.219577562584311270e+00
-1.154344727417392136e+00
-1.126099296827633545e+00
-1.051250418294461308e+00
-1.086835928801800799e+00
-1.060446780674818568e+00
-1.054967110334935843e+00
-1.098363323085371768e+00
-1.062859304265598936e+00
-1.037438835082737487e+00
-1.107069045258233908e+00
-1.090723731990984380e+00
-1.075412776662467262e+00
-1.075412776662467262e+00
-9.852500867496388759e-01
-1.114820334933718016e+00
-1.094100569923916355e+00
-9.873430272331548130e-01
-9.803219076381877173e-01
-1.011480253426833231e+00
-1.011480253426833231e+00
-9.820017442560408094e-01
-1.028846173996378788e+00
-9.992595263520042126e-01
-1.025117318507315911e+00
-1.060057607756681453e+00
-9.610679359198891492e-01
-9.472010195326098225e-01
-9.355413082472525677e-01
-9.662169327436723743e-01
-9.687684143541080983e-01
-1.095154460590449519e+00
-1.078049057330340066e+00
-1.078049057330340066e+00
-1.120133978135986030e+00
-1.076468861866130000e+00
-1.015077636027998054e+00
-9.933842490606343834e-01
-1.053124593353999439e+00
-1.024305703774592846e+00
-1.048289741909732120e+00
-1.068657629636083906e+00
-1.071266389908010375e+00
-1.109565723686729788e+00
-1.122501202311221968e+00
-1.167548425266168532e+00
-1.151216766427456850e+00
-1.127579322205189305e+00
-1.109226118966847974e+00
-1.075208473076876059e+00
-1.097237057573077879e+00
-9.558636155997658479e-01
-1.018255436813777282e+00
-9.593505585769025457e-01
-9.893239265968111207e-01
-9.518040620056121837e-01
-9.824014546318748931e-01
-1.012584080828767163e+00
-9.800593891665696500e-01
-9.332887158696796526e-01
-9.328630733739469161e-01
-9.611652042967431253e-01
-9.700972373932881254e-01
-1.035604988404108973e+00
-1.025814010390197373e+00
-1.040969540035809882e+00
-1.069037013167718930e+00
-1.061944608856852268e+00
-1.089040480228774088e+00
-1.093781403423476517e+00
-1.061833514486751673e+00
-1.055109102161649659e+00
-1.045390959764528116e+00
-1.016876077533810374e+00
-1.016876077533810374e+00
-1.033681310513366425e+00
-1.073755867654469842e+00
-1.049581736768863349e+00
-9.796291008332858041e-01
-9.500274604750355012e-01
-9.456235938612355119e-01
-9.534276784970094898e-01
-9.251640591235422706e-01
-9.467602829484286220e-01
-9.737938230382828797e-01
-9.680525197683280680e-01
-9.269530306160530531e-01
-9.389165827073677750e-01
-9.356572855100497854e-01
-9.468443774438976002e-01
-1.035747728121214850e+00
-9.625890775065550908e-01
-9.917638964091288756e-01
-9.449557058134409049e-01
-9.574653732078730606e-01
-9.019892564272415925e-01
-9.108755449164256390e-01
-9.362052753349180412e-01
-9.786392751166386184e-01
-9.168229506199628842e-01
-9.011502386418448474e-01
-9.183972616936011413e-01
-9.097329091493816522e-01
-9.319105200167656644e-01
-9.304286142154107875e-01
-8.696470546054969608e-01
-9.313453683909892478e-01
-9.202655613089789632e-01
-8.492193315820649735e-01
-8.213993309118522435e-01
-7.954064704357789450e-01
-7.336790607836649603e-01
-9.112496182358487129e-01
-8.550481230317982240e-01
-9.166866343961089791e-01
-9.034386965680620829e-01
-9.407888703609489367e-01
-8.785319287496923257e-01
-8.219635085036181010e-01
-7.658189792409385577e-01
-8.103143702800507109e-01
-8.094369883826207923e-01
-7.364407520859809209e-01
-7.280894460660581879e-01
-6.892232560377341555e-01
-7.089420848585896717e-01
-7.328421178778186107e-01
-7.545550048027869217e-01
-1.069225823842393064e+00
-9.899988152910886852e-01
-1.005451642092262565e+00
-1.012477362649248258e+00
-9.621339408501551338e-01
-9.366693755789863296e-01
-9.188628585603211274e-01
-9.481139823086612850e-01
-9.227167932072335432e-01
-8.799073585800559760e-01
-8.345752544010135443e-01
-9.104141566553161091e-01
-9.177279183745605806e-01
-8.322232854329131291e-01
-8.417800977602521995e-01
-8.647782921227432640e-01
-7.344661940991596971e-01
-7.392648099036803755e-01
-7.183441591948537264e-01
-6.674147730087323094e-01
-7.822715871268268728e-01
-7.886935389010654163e-01
-7.336267125188747906e-01
-7.728165264255519862e-01
-7.996357424761514343e-01
-7.816601934651995487e-01
-6.960707341576802820e-01
-6.816444705821513850e-01
-7.343952784113064736e-01
-7.885492109575668040e-01
-8.115571470839080259e-01
-7.786435467448782344e-01
-8.228058371231012913e-01
-8.480988774578133160e-01
-7.930269531964143637e-01
-8.457464358962732964e-01
-8.758866277516829113e-01
-8.297800110939747009e-01
-7.763236255287336851e-01
-7.675676500537866875e-01
-7.640771291794812292e-01
-7.841013568745898166e-01
-8.070024778583003711e-01
-7.582624826432809995e-01
-8.368590290107370544e-01
-8.350095308010676565e-01
-7.984669413286925588e-01
-8.281578375526477132e-01
-8.047491367175879651e-01
-8.113937426453530222e-01
-7.563188053684927192e-01
-7.904566414352073300e-01
-8.075503886998525171e-01
-8.038927589680585628e-01
-7.234831607956341282e-01
-7.179806684573170061e-01
-7.308545551464126211e-01
-7.924848971045375112e-01
-8.883702081833552144e-01
-8.748876772183024064e-01
-8.939120343805531110e-01
-8.768691872981849711e-01
-8.107468859111000015e-01
-8.469568001553513525e-01
-8.314112724163468249e-01
-7.232507172507902649e-01
-9.942677489965650039e-01
-1.051975043325167558e+00
-1.089790072680975053e+00
-1.050322598547414499e+00
-1.028472222675324232e+00
-1.070004015895529292e+00
-1.028714818465114256e+00
-1.030276966620997658e+00
-1.050830441644819091e+00
-1.022719156159500598e+00
-9.889201030988670205e-01
-1.024743162910116689e+00
-9.956399465377604452e-01
-9.908918798066982392e-01
-9.134530948424216534e-01
-9.134530948424216534e-01
-6.770606680614593698e-01
-8.167060819129269289e-01
-8.657714688787456758e-01
-7.792663449689108957e-01
-6.897187466531442546e-01
-6.493574944404731930e-01
-6.198413474952638724e-01
-5.913093432731085786e-01
-5.913093432731085786e-01
-5.684407050033314368e-01
-6.064350680478912681e-01
-6.231377853337346506e-01
-5.986335186008723275e-01
-6.756581025624576187e-01
-7.044245086490856789e-01
-7.444878275133818279e-01
-7.162892207449566007e-01
-6.901905035062606553e-01
-5.809212326829892303e-01
-5.636098849818395040e-01
-5.364107684286959499e-01
-5.364107684286959499e-01
-5.322147489454274183e-01
-5.576833705048732659e-01
-6.650960823099310026e-01
-6.329727518783423434e-01
-6.511747163826514528e-01
-6.992080167181163874e-01
-7.427750366251980596e-01
-9.388964672450210713e-01
-9.397980416688037630e-01
-9.710098012666567024e-01
-9.754539393721385343e-01
-9.545992603655553133e-01
-9.685353910944640710e-01
-9.713103054735764408e-01
-9.132066958029376735e-01
-9.132066958029376735e-01
-9.189887758513182181e-01
-8.942429933617062066e-01
-9.283993817069235988e-01
-9.763755864001835150e-01
-9.537043220960913503e-01
-9.763799856632796592e-01
-8.805400898663903186e-01
-8.458925628109347228e-01
-8.980051746609395424e-01
-9.273560648932618333e-01
-8.865571537058403173e-01
-8.005267384704640721e-01
-7.752577506290263543e-01
-7.845743303139486313e-01
-8.326213211015784932e-01
-8.326213211015784932e-01
-8.417289202232312029e-01
-8.329112852547416734e-01
-8.039854058235584855e-01
-7.942070857795225924e-01
-9.331299467071999532e-01
-9.677401972249143336e-01
-9.671224165377727555e-01
-9.486390023886589473e-01
-9.103533705500531648e-01
-9.328972139996963842e-01
-9.474039791478697792e-01
-8.890180900594281121e-01
-8.991461095761783540e-01
-9.675534677271749873e-01
-9.715084237673604628e-01
-9.810664947658664925e-01
-9.571760043882232560e-01
-7.807746421083165966e-01
-7.701269883026726770e-01
-7.552218263992380720e-01
-7.963330881087187230e-01
-9.385491085475400341e-01
-9.517497191261721223e-01
-9.676754450135995889e-01
-9.455534108339622712e-01
-9.192416562001679559e-01
-9.300209653696226431e-01
-9.123617914089772185e-01
-9.802257661841299319e-01
-9.867762002804217891e-01
-7.267942691071930250e-01
-6.793885231964824634e-01
-6.900508170861648916e-01
-6.801117880663823945e-01
-6.534214616152663746e-01
-8.571039148578585287e-01
-8.957925807493626325e-01
-9.128580679948070653e-01
-8.703318208426937819e-01
-9.320159372060409231e-01
-9.240608668104997037e-01
-9.240608668104997037e-01
-9.083317766858216569e-01
-7.350130196844293362e-01
-7.002521466196779398e-01
-7.036640888225890178e-01
-9.999104492237530506e-01
-9.766671279387054705e-01
-9.618360748886837230e-01
-9.658300331131109973e-01
-9.157803154188878247e-01
-9.299189777279642799e-01
-8.856392793328824453e-01
-8.774236564893286294e-01
-8.699349436891895548e-01
-9.139193682618192982e-01
-9.356990231068422759e-01
-8.773531900220467028e-01
-9.413243162703069933e-01
-9.562798460388647337e-01
-9.871441541285261856e-01
-1.008861604028246095e+00
-1.035334250274602574e+00
-9.645192344200761436e-01
-9.363099504176237708e-01
-9.639372430983094153e-01
-9.893616763197703445e-01
-1.006167697025933450e+00
-1.025242448449507293e+00
-1.130493669760974207e+00
-1.092588564041828025e+00
-1.093592598312476571e+00
-1.108025066196222541e+00
-1.091427755565460567e+00
-1.086850656423178130e+00
-1.086850656423178130e+00
-1.089802009138710170e+00
-1.065436944774555750e+00
-1.087779566236647399e+00
-1.137449908602863546e+00
-1.121702703469877216e+00
-1.120881287505710366e+00
-1.071666080929232656e+00
-1.098342029135835674e+00
-1.084972216024249425e+00
-1.041944291285229918e+00
-9.865032883252344842e-01
-9.991323221094711160e-01
-1.039660103983435224e+00
-1.002277659079956029e+00
-1.025845797063826836e+00
-1.092655689074579772e+00
-1.073118808892592924e+00
-1.152256220159259215e+00
-1.152256220159259215e+00
-1.175073203953957091e+00
-1.098235804626541023e+00
-1.099872058323280388e+00
-1.112164971677632508e+00
-1.080166795590106865e+00
-1.101518304465057385e+00
-1.150398718665463171e+00
-1.100138703543606544e+00
-1.071536501577598166e+00
-1.060691408781207601e+00
-1.060691408781207601e+00
-1.028861865153934740e+00
-9.943133224857559904e-01
-9.423785266849489251e-01
-8.628073079357101438e-01
-8.182455189819060060e-01
-9.132393279062770430e-01
-9.132836609661617588e-01
-8.292084729409089361e-01
-8.647621364483176754e-01
-8.346615679258299059e-01
-8.672931980814977404e-01
-9.261650587056339257e-01
-9.410419687584041792e-01
-9.688978707862831996e-01
-1.053817151261610796e+00
-1.094153835326758584e+00
-1.100910096427206275e+00
-1.089813260292861408e+00
-1.118170120681948321e+00
-1.135152204619060967e+00
-1.087900116410165596e+00
-1.053936568208784674e+00
-1.068854695238939945e+00
-1.079350813397725206e+00
-1.079350813397725206e+00
-9.999957178123033419e-01
-1.035918272650101279e+00
-1.098767140562515232e+00
-1.126772885687697512e+00
-1.106552606168123010e+00
-1.033820843984709636e+00
-1.005274669707002078e+00
-9.899663647707025449e-01
-9.276480685691371741e-01
-9.782873110495226010e-01
-1.013165234119244751e+00
-9.964246795639487564e-01
-9.793355415626198157e-01
-9.724019997726547349e-01
-9.392494060884611917e-01
-9.415584874960061246e-01
-9.550159880880747520e-01
-9.550159880880747520e-01
-9.035257677212549243e-01
-9.025114020999881470e-01
-7.543844865666025079e-01
-7.106261659813347675e-01
-7.307597686107829560e-01
-7.059197937129797484e-01
-7.389759471250804124e-01
-7.814064445245967327e-01
-7.805284620266306206e-01
-8.687281875372050433e-01
-9.114492799590658834e-01
-9.490239843291573552e-01
-9.405024905849441730e-01
-8.836246583859771464e-01
-8.836246583859771464e-01
-1.040854546209820874e+00
-9.203444889748184643e-01
-8.801294184572804324e-01
-8.843522580671727695e-01
-9.300047375003178685e-01
-8.555325732501727343e-01
-8.635952881416282256e-01
-8.140022322946722788e-01
-8.325142688228642784e-01
-9.247323859586188410e-01
-8.720394649127140019e-01
-8.242901181656837606e-01
-8.613993830493181791e-01
-9.083014449887137909e-01
-9.507659987613785724e-01
-9.338464504451065018e-01
-9.699129084827617930e-01
-1.008968663887239270e+00
-1.026027668654780678e+00
-1.031393647908931399e+00
-1.015799096626780029e+00
-1.041936269420907779e+00
-1.185795874893643242e+00
-1.134614219090046561e+00
-1.127120107484411715e+00
-9.810793835751637770e-01
-9.324501471034555289e-01
-9.391390873864595701e-01
-8.798701303878095903e-01
-8.923900937943648470e-01
-7.709405240968860706e-01
-7.070382812119196947e-01
-7.365449098413295870e-01
-7.309564899773292046e-01
-6.838574616069480472e-01
-7.035126697730886836e-01
-8.427960642200774677e-01
-8.151452882000724820e-01
-8.496657612953101291e-01
-1.027739308764506809e+00
-1.028618199162306679e+00
-1.052149003364030166e+00
-1.044370454443134477e+00
-1.044370454443134477e+00
-1.060185491788542045e+00
-1.047837230154401444e+00
-1.106355536564713971e+00
-1.090613446959782129e+00
-1.130867326436040488e+00
-1.120803561948222615e+00
-1.168200623874273480e+00
-1.156420207525682198e+00
-1.141925162982559971e+00
-1.155467224369117085e+00
-1.091626509574033177e+00
-1.017189872268687623e+00
-1.028604144248064012e+00
-1.023207061551611785e+00
-1.032318289763651142e+00
-1.045085605168734277e+00
-1.045085605168734277e+00
-9.156014561716124822e-01
-9.861248532860944493e-01
-9.615498095906830356e-01
-9.334547290821761933e-01
-1.009595352881685892e+00
-1.026878753461374805e+00
-1.020932346090516862e+00
-1.136418482166940525e+00
-1.044002063208636200e+00
-1.049691398853050073e+00
-1.066323731501443772e+00
-1.047344369833760114e+00
-1.054241177608858271e+00
-1.130290068024868200e+00
-1.080397937337484793e+00
-1.019770843136413196e+00
-9.694936926171255909e-01
-8.742188735567484326e-01
-9.194505185434453942e-01
-9.361742768905662038e-01
-8.655754573903892135e-01
-8.021622346882737453e-01
-8.228895832773454044e-01
-8.617967395573533640e-01
-8.843551358981224242e-01
-8.562601066971055053e-01
-8.763384743374237340e-01
-8.757024820380201469e-01
-8.890561416506014281e-01
-8.581985717618531018e-01
-8.907883830623717358e-01
-8.515838043242999200e-01
-7.792269669255226239e-01
-7.585521582936939344e-01
-7.856619490525488247e-01
-8.604474145239626726e-01
-7.999040261587698764e-01
-8.886020140115008514e-01
-8.585486673504338917e-01
-8.660925997457152858e-01
-9.174886174762512114e-01
-8.970030621394097237e-01
-9.304041704052351536e-01
-9.067685045638916863e-01
-8.894107534022506201e-01
-9.289837188104982379e-01
-9.489767298850524391e-01
-9.925298575654649680e-01
-7.490982175551492706e-01
-9.556724239895996176e-01
-9.548574134211471609e-01
-9.548574134211471609e-01
-9.129864792927609995e-01
-9.004354482576766294e-01
-9.550555162317490021e-01
-9.495468457734249634e-01
-9.338244497214149842e-01
-9.688196782876689062e-01
-9.780276673624613837e-01
-1.012391170778512484e+00
-9.618970869550443892e-01
-9.579074592142877709e-01
-8.994836177545448841e-01
-8.227920903559189370e-01
-7.922956679357563425e-01
