# Variable: dg_gbvi_00000071
# Sample shape: (1000,)
# Date: 2013-03-07 22:55:08.559273
-2.954857289074771742e+00
-2.828786936392518214e+00
-2.521498005914035279e+00
-2.070391347309535668e+00
-3.208050478524642646e+00
-2.471666868141192186e+00
-2.314448763101171647e+00
-2.325340345478337678e+00
-2.027806758517013641e+00
-2.014509919394542159e+00
-1.916069021364501745e+00
-1.904454573494875902e+00
-1.886477177121131055e+00
-1.856047899182941663e+00
-1.880711404046354174e+00
-1.886793214245701789e+00
-1.892924747170741995e+00
-1.892924747170741995e+00
-1.925828744586123298e+00
-1.925828744586123298e+00
-1.969499686843244390e+00
-1.917799594391043749e+00
-1.909446437377105177e+00
-1.910801986833613464e+00
-1.915004603643903458e+00
-1.893681899634893639e+00
-1.886643134594240934e+00
-1.863054001489355072e+00
-1.860409223405143697e+00
-1.860409223405143697e+00
-1.996668053325106440e+00
-1.967171402313522055e+00
-1.942963453200166946e+00
-2.151636336899779511e+00
-2.156441489974359804e+00
-2.150403000310427970e+00
-2.160450910501264143e+00
-2.190758911043816592e+00
-2.154210100964458530e+00
-2.140224167779961828e+00
-2.149511331885820109e+00
-2.134481492684586534e+00
-2.129168167619727825e+00
-2.094331832287255946e+00
-2.082233583829503853e+00
-2.092679842279326241e+00
-2.092679842279326241e+00
-2.096338134287859312e+00
-2.108269052400953747e+00
-2.118416017317590772e+00
-2.106148100605036433e+00
-2.154659642011296672e+00
-2.178688922217507873e+00
-2.173176761623187847e+00
-2.194814861373339809e+00
-2.161152139139605577e+00
-2.154443655117649126e+00
-2.157647543290422298e+00
-2.154333432195896680e+00
-2.172160579013882487e+00
-2.241645772350429944e+00
-2.235095208372468001e+00
-2.244863686809857484e+00
-2.245518286446147815e+00
-2.239584158991418938e+00
-2.234646584279338377e+00
-2.207227552230897061e+00
-2.206709896951900785e+00
-2.185401970005464545e+00
-2.220410112841003425e+00
-2.194273056824374457e+00
-2.200046464635215138e+00
-1.908970099142799359e+00
-1.926793885253879957e+00
-2.242629168463286415e+00
-2.215950763990937045e+00
-2.215950763990937045e+00
-2.217187825295316994e+00
-2.222011217766210134e+00
-2.241029549639077079e+00
-2.245876340398802906e+00
-2.229361549194034176e+00
-2.216996312888838361e+00
-2.226537093361937725e+00
-2.202114038078919478e+00
-2.223494558454414349e+00
-2.188252571156253712e+00
-2.185951047354489418e+00
-2.214260608400044905e+00
-2.187161166326810680e+00
-2.219413350698760556e+00
-2.204624251385221889e+00
-2.154009395154733664e+00
-2.150577251671364376e+00
-2.136321004054909878e+00
-2.130833291738507107e+00
-2.105763860867330806e+00
-2.095507834347930309e+00
-2.102612376574398478e+00
-2.080770843688986904e+00
-2.083082331375062601e+00
-2.083082331375062601e+00
-2.088856131507112135e+00
-2.080380788593648944e+00
-2.452087851883160585e+00
-2.460741506845945725e+00
-2.484402178154256902e+00
-2.486736036638780956e+00
-2.475020103130771698e+00
-2.456003501452695748e+00
-2.464366393069802541e+00
-2.453271726743813996e+00
-2.482841029816449829e+00
-2.079887884902930306e+00
-2.047410451413252286e+00
-2.048785697321579669e+00
-2.056530150814535496e+00
-2.062640122181410351e+00
-2.036131269188227844e+00
-2.064687002575143371e+00
-2.084834285145592325e+00
-2.079144840976951514e+00
-2.066447636803798282e+00
-2.082053995409480773e+00
-2.105295425334642978e+00
-2.119353848310757904e+00
-2.088631154740500318e+00
-2.076289842878690894e+00
-2.068011551335942055e+00
-2.020527786745867971e+00
-2.018699725794466548e+00
-2.045505354951393073e+00
-2.070337519231593149e+00
-2.053582699124197219e+00
-2.055234494818548363e+00
-2.059804691751049077e+00
-2.062358572279583857e+00
-2.062358572279583857e+00
-2.176613022164995748e+00
-2.241448047489305040e+00
-2.242610263341164867e+00
-2.380336193392807331e+00
-2.357241710310183702e+00
-2.368443725314256731e+00
-2.360426981037214489e+00
-2.368498799389055165e+00
-2.363045856045698390e+00
-2.184070032850159659e+00
-2.173763295985674748e+00
-2.167171482490945600e+00
-2.172900408295804109e+00
-2.190432897157863934e+00
-2.021555929963209319e+00
-2.044545363651562475e+00
-2.034179965834244097e+00
-2.051904122090410620e+00
-2.067590986839995093e+00
-2.114861998381168728e+00
-2.140606268362461595e+00
-2.147314860946853532e+00
-2.144135873470121023e+00
-2.130335204898809565e+00
-2.123811761889017102e+00
-2.112249743898315657e+00
-2.082572642304680866e+00
-2.103698344805167153e+00
-2.140249689948265033e+00
-2.140295054231667216e+00
-2.149562163926072689e+00
-2.187938019818159496e+00
-2.191960983132206220e+00
-2.213825482730702454e+00
-2.203426179026358511e+00
-2.170367436769066849e+00
-2.126422310975814689e+00
-2.103086132759968585e+00
-2.114702114424686474e+00
-2.099933486100347135e+00
-2.096175169911021818e+00
-2.101871382871284943e+00
-2.119737070888442876e+00
-2.143276538824610888e+00
-2.131841343831343938e+00
-2.090323992322835611e+00
-2.082915950762517454e+00
-2.130759201938732694e+00
-2.115001212008523979e+00
-2.089259957645147381e+00
-2.077674316850499636e+00
-2.074865633153775146e+00
-2.238333187855203299e+00
-2.232136018330113547e+00
-2.205741030557199167e+00
-2.134318486881378707e+00
-2.162857677055318728e+00
-2.162857677055318728e+00
-2.150953537198709853e+00
-2.146998271858131080e+00
-2.129485653378679011e+00
-2.141655456609499630e+00
-2.160131583208404482e+00
-2.157939786785853631e+00
-2.112814406154069680e+00
-1.807922820391610896e+00
-2.562476205879611335e+00
-2.597015180706775617e+00
-2.587760092893135688e+00
-2.585896820608353686e+00
-2.600141498809370066e+00
-1.844584662585027068e+00
-1.858680308152586669e+00
-1.873530520757669571e+00
-1.871780510246433993e+00
-1.871780510246433993e+00
-1.845111939805511359e+00
-1.814195889119373684e+00
-1.792403507131351548e+00
-1.797062111542516938e+00
-1.802028375700028162e+00
-1.840861264486393534e+00
-1.807123755838707435e+00
-1.796920915430771259e+00
-1.957849487368614749e+00
-1.968381609218204931e+00
-1.969769442584243135e+00
-1.955739784882680077e+00
-1.981556655196615280e+00
-1.981556655196615280e+00
-2.006093734679533114e+00
-1.992052629292239807e+00
-2.008800649970990282e+00
-1.987528983636192459e+00
-2.008164947463754402e+00
-2.032614622900943857e+00
-2.043677989972611186e+00
-2.057403916712341463e+00
-2.032492940854987218e+00
-2.053957988808874813e+00
-2.049595260183507683e+00
-2.090404049396907826e+00
-2.070510363557861666e+00
-2.055735344489352023e+00
-2.014931647276414939e+00
-2.424502745247707480e+00
-2.419892299214879028e+00
-2.422056122318694271e+00
-2.434327389164300026e+00
-2.458894273638721373e+00
-2.195903080158172926e+00
-2.188442265460348590e+00
-2.200881975838110183e+00
-2.199754940580264329e+00
-2.151623703822571620e+00
-2.149599837239242195e+00
-2.167039801172273350e+00
-2.167597980173677552e+00
-2.179366018180433962e+00
-2.174691145736658004e+00
-2.177683017558235345e+00
-2.155340954334786563e+00
-2.167787407875576999e+00
-2.174679998706772643e+00
-2.167768351954825423e+00
-2.162832554397060125e+00
-2.132138373259981901e+00
-2.120673246843847615e+00
-2.133810764642835256e+00
-2.151445168983189049e+00
-2.182282675867490696e+00
-2.174298401051519392e+00
-2.174298401051519392e+00
-2.211939119284401123e+00
-2.209545893880310974e+00
-2.218926624312734575e+00
-2.218875254479640180e+00
-2.178404035043677744e+00
-2.215371104106503175e+00
-2.232955263376634303e+00
-2.240741462187891386e+00
-2.265110909155694241e+00
-2.252464767975732141e+00
-2.255906722692199384e+00
-2.235283064436063949e+00
-2.217027847052810863e+00
-2.184561905742375298e+00
-2.207532977024021292e+00
-2.195473526986611468e+00
-2.205290931207531280e+00
-2.191932120926046945e+00
-2.142658947282903181e+00
-2.055288605919524780e+00
-2.009461476481122499e+00
-2.012912086795314526e+00
-2.044669810432273138e+00
-2.043281988191816279e+00
-2.078870208375699136e+00
-2.074245669021240523e+00
-2.074245669021240523e+00
-1.892483876284267508e+00
-1.895698071403131735e+00
-1.913585045808763541e+00
-1.925852796193089356e+00
-1.933699762241540387e+00
-1.876133685098581472e+00
-1.906294209522982674e+00
-1.922444011892280757e+00
-1.910903222783862709e+00
-1.955561085283040956e+00
-1.944851590233748651e+00
-1.953660237467036653e+00
-1.976161260563836786e+00
-1.983254926835341880e+00
-1.969508245782759515e+00
-1.974209253662951191e+00
-1.974209253662951191e+00
-2.002495996359451524e+00
-2.032771015540279169e+00
-2.015091290732725859e+00
-1.993244342112719947e+00
-1.986460419400117638e+00
-1.976346616257752986e+00
-1.981515162686596998e+00
-2.016115226000051663e+00
-2.016115226000051663e+00
-1.978264068672370701e+00
-1.991815187790151986e+00
-1.991815187790151986e+00
-1.965226355560818927e+00
-1.947787108333158601e+00
-1.921093866058619426e+00
-1.910538645599152430e+00
-1.962842226244583044e+00
-1.954529310977657364e+00
-1.941256326443873803e+00
-1.922514798613295772e+00
-1.974716088837444650e+00
-2.042358304117260381e+00
-2.044311234900869856e+00
-2.058349607023863381e+00
-2.069788618111335410e+00
-2.082045182810533301e+00
-2.066054097831489855e+00
-2.031513334964432094e+00
-2.000875880810473184e+00
-2.055868759153083314e+00
-2.081220277638394123e+00
-2.045674506592833897e+00
-2.043973367224605209e+00
-2.031803751017760451e+00
-2.088720679276702352e+00
-2.107333489573074647e+00
-2.103093593482324053e+00
-2.098264252568487809e+00
-2.125087161324016982e+00
-2.157167541442731373e+00
-2.189397974120011803e+00
-2.206694665582032755e+00
-2.233412267948869712e+00
-2.216329935555533481e+00
-2.228945911113395795e+00
-2.233547315937816080e+00
-2.255177439760949198e+00
-2.254374287637116669e+00
-2.254374287637116669e+00
-2.264175935292533470e+00
-2.200477565650320599e+00
-2.223169445701442815e+00
-2.185677745464745136e+00
-2.151930475821545841e+00
-2.172656514225633995e+00
-2.156616727571551539e+00
-1.988253114613468542e+00
-1.989625869984960937e+00
-1.989625869984960937e+00
-1.997361346443245811e+00
-2.000304817184275219e+00
-1.984176338661535199e+00
-1.973635716932303996e+00
-2.009739489749620578e+00
-1.989067799491419652e+00
-2.009903401770016806e+00
-1.972361207622262746e+00
-1.999013351081352807e+00
-1.987502746018042110e+00
-2.015436076500823237e+00
-2.041559594939177824e+00
-2.051758212350367927e+00
-2.059914292955877357e+00
-2.088438075417608619e+00
-2.082683736296878418e+00
-2.050806619869876890e+00
-2.035042363064746063e+00
-2.033981633305165904e+00
-2.061532808816824769e+00
-2.071939167182843100e+00
-2.076855230991132562e+00
-2.060525213350011153e+00
-2.086572558442183922e+00
-2.100469236194015377e+00
-2.088990247753406138e+00
-2.091450463740611276e+00
-2.135166827506894016e+00
-2.135930575296896894e+00
-2.158978364834748476e+00
-2.151393533968442018e+00
-2.175650954055059039e+00
-2.189109717861402515e+00
-2.147030916205281414e+00
-2.147130924518857675e+00
-2.154924163519498226e+00
-2.171958395721661272e+00
-2.171475395324140134e+00
-2.147342229814548809e+00
-2.133381177341752366e+00
-2.142176068211313122e+00
-2.147874801363350628e+00
-2.154475093954598020e+00
-2.138601503000470583e+00
-2.145182176142788055e+00
-2.145140135791636204e+00
-2.145140135791636204e+00
-2.140024747122717841e+00
-2.151408585590568912e+00
-2.159637931565668190e+00
-2.153402238829036364e+00
-2.123786132629036150e+00
-2.157835710940824381e+00
-2.157835710940824381e+00
-2.152265800025611409e+00
-2.167540719594062804e+00
-2.146452706915875197e+00
-2.150676468497884297e+00
-2.140000770630785532e+00
-2.157746775820728491e+00
-2.134020231834532932e+00
-2.138432668056871488e+00
-2.139061659916277058e+00
-2.159085171085346921e+00
-2.109537120872365001e+00
-2.397604043026352993e+00
-2.430613228268650783e+00
-2.376762533054522120e+00
-2.379855596123619410e+00
-2.387082083761111306e+00
-2.374935320302146824e+00
-2.374935320302146824e+00
-2.343749643319486431e+00
-2.309475662332422186e+00
-2.294635231918388474e+00
-2.255308886019352865e+00
-2.274005867492296940e+00
-2.383800103008212101e+00
-2.380921029661730248e+00
-2.396448738044854476e+00
-2.377794573115803889e+00
-2.364438405547335531e+00
-2.401022811139605029e+00
-2.397393450255663971e+00
-2.389340188406340992e+00
-2.389340188406340992e+00
-2.084454952653420623e+00
-2.099599780352446654e+00
-2.061721287036962558e+00
-2.032006852894710391e+00
-2.028226701144695276e+00
-2.045002270021908597e+00
-2.045002270021908597e+00
-2.029131120624355855e+00
-2.053185564478090530e+00
-2.037256193619612077e+00
-2.046965564424817252e+00
-2.055100794648786700e+00
-2.015158981139255179e+00
-2.007693070960733017e+00
-2.001415514023573206e+00
-2.010771152650876026e+00
-2.012144863430811448e+00
-2.158420744085287613e+00
-2.133855449841488117e+00
-2.133855449841488117e+00
-2.156333077698168843e+00
-2.133011464753590491e+00
-2.088461920575597652e+00
-2.076875445660859576e+00
-2.099618888911132242e+00
-2.084226670919319790e+00
-2.112791776925287301e+00
-2.123670300438587066e+00
-2.125063643741535113e+00
-2.145519383121739843e+00
-2.152428244279211533e+00
-2.210637111165803415e+00
-2.203822853410218663e+00
-2.191098787316794638e+00
-2.181219234822252329e+00
-2.176560683240847283e+00
-2.172485234867830517e+00
-2.096383732412303580e+00
-2.171810939828869191e+00
-2.165328744830183894e+00
-2.181384051486906728e+00
-2.150983853853596361e+00
-2.167334013123618064e+00
-2.186761704244613025e+00
-2.169329576024484396e+00
-2.144262086305565695e+00
-2.144033956408482489e+00
-2.159202935726508787e+00
-2.163990201592779439e+00
-2.199100127518999415e+00
-2.193852496398876362e+00
-2.201975344688114511e+00
-2.217018555413433401e+00
-2.213217267990938986e+00
-2.230893561745002973e+00
-2.230893561745002973e+00
-2.213770580162529367e+00
-2.210166523925082505e+00
-2.204957930217644080e+00
-2.189674923436507381e+00
-2.189674923436507381e+00
-2.198681956588776298e+00
-2.220160555854347795e+00
-2.207204044119054132e+00
-2.104062029072368833e+00
-2.088078501585946878e+00
-2.105156195284058729e+00
-2.109370042887524832e+00
-2.084618149117395625e+00
-2.096279119014011094e+00
-2.110875990195883123e+00
-2.107775949876744548e+00
-2.049667057047606988e+00
-2.056157166968238137e+00
-2.060667869304161126e+00
-2.066744833947690818e+00
-2.173956436842336526e+00
-2.134518643637732804e+00
-2.124715967088226964e+00
-2.085608049891394256e+00
-2.092367178080960510e+00
-2.089332661020736559e+00
-2.094135340077081242e+00
-2.107825033578682561e+00
-2.151924918891546135e+00
-2.118644380247755254e+00
-2.110206539582077934e+00
-2.119491954427394020e+00
-2.131086880664338157e+00
-2.168423781678658457e+00
-2.167625956448996138e+00
-2.134902512279545306e+00
-2.166565198467871767e+00
-2.160600075973757583e+00
-2.132632887114360276e+00
-2.117628386106685578e+00
-2.095047854453885083e+00
-2.082948572159621925e+00
-2.126500444757183583e+00
-2.104492330790670440e+00
-2.068872286030523533e+00
-2.061712326215448865e+00
-2.081898542886617243e+00
-2.048251253328664312e+00
-2.017678373155066041e+00
-1.987334588441190153e+00
-2.011382498080500625e+00
-2.010908309628712143e+00
-1.971456877615711978e+00
-1.966943343790134691e+00
-1.958404816923076774e+00
-1.969062024391152299e+00
-1.981978998958647376e+00
-1.984235266375652396e+00
-2.343729716482162218e+00
-2.271180717238393765e+00
-2.279378683122684546e+00
-2.283105937571323629e+00
-2.256397966290879964e+00
-2.265957779166094088e+00
-2.215911743848778315e+00
-2.264107507840509292e+00
-2.250633902493779814e+00
-2.227922829036804497e+00
-2.232884769118118395e+00
-2.240525567499932702e+00
-2.244405632282360674e+00
-2.248323113577691323e+00
-2.253393151728648736e+00
-2.271297467248309054e+00
-2.223429757758089487e+00
-2.212945064778896853e+00
-2.201829771736494301e+00
-2.174770620479331118e+00
-2.177350324144763150e+00
-2.180762353572926138e+00
-2.151504950413142936e+00
-2.172326782004937229e+00
-2.162719132216174067e+00
-2.153168593008017329e+00
-2.115492334399225349e+00
-2.107827556215185361e+00
-2.135854441965786776e+00
-2.199197437847446590e+00
-2.211421720729683571e+00
-2.193934486802754158e+00
-2.217398231110215168e+00
-2.230836606386707555e+00
-2.201576494686827701e+00
-2.229586737169656274e+00
-2.245600439108944357e+00
-2.249619552746087603e+00
-2.206384294717205652e+00
-2.201730962971006900e+00
-2.196570517894574248e+00
-2.207212321848156744e+00
-2.208784882326261467e+00
-2.182892682582159516e+00
-2.200116873996831757e+00
-2.142086754853444575e+00
-2.122674195996773427e+00
-2.138446922527019733e+00
-2.071924181171502344e+00
-2.075465740853863039e+00
-2.046110925912433931e+00
-2.064306314046997937e+00
-2.073417242037469244e+00
-2.111112480057929730e+00
-2.068254349108085144e+00
-2.065321533342976412e+00
-2.072183285348895065e+00
-2.105032115913389124e+00
-2.156138766260907502e+00
-2.148952608255285668e+00
-2.159092546882363628e+00
-2.150008748572017403e+00
-2.161822917703360325e+00
-2.181122718742472877e+00
-2.172836988199533970e+00
-2.002380465012398858e+00
-2.443327372578589785e+00
-2.455562225897582884e+00
-2.475675115136281246e+00
-2.454683330935600871e+00
-2.443061650423226094e+00
-2.465151395457212846e+00
-2.438839684641077366e+00
-2.451270951481722804e+00
-2.462190428005811782e+00
-2.447255701806805295e+00
-2.429299226514706422e+00
-2.450712354127179360e+00
-2.435239499767696714e+00
-2.432715168983124343e+00
-2.391544494711341340e+00
-2.391544494711341340e+00
-1.956926842358842844e+00
-1.964469211813867799e+00
-1.990798847697623275e+00
-2.002614539268542604e+00
-1.954561200576615754e+00
-1.932902407274681655e+00
-1.917063351479602051e+00
-1.901752409720873560e+00
-1.901752409720873560e+00
-1.882264151634543525e+00
-1.902613380726510872e+00
-1.911559113547702582e+00
-1.898434984136903481e+00
-2.014998273179834154e+00
-2.030325336375576217e+00
-2.051671521165399081e+00
-2.036646987802768205e+00
-2.022741299089319877e+00
-2.034985084355656948e+00
-2.025761404504236918e+00
-2.005436712643248409e+00
-2.005436712643248409e+00
-2.003201026489164427e+00
-2.016770993170943882e+00
-2.074001688479366390e+00
-2.056886018412693584e+00
-2.047253262311556021e+00
-2.072845942451184698e+00
-2.070334165100694346e+00
-2.141093856896149727e+00
-2.160269072144342495e+00
-2.176917848047675186e+00
-2.179288411590229124e+00
-2.168164242950264331e+00
-2.175597964100709270e+00
-2.177078141067468664e+00
-2.146084887593617374e+00
-2.146084887593617374e+00
-2.092010520451344835e+00
-2.078810784437406856e+00
-2.097030265253407855e+00
-2.146860776286462880e+00
-2.134691770095569652e+00
-2.146863137630723894e+00
-2.138087389940478200e+00
-2.125658534371534625e+00
-2.153639418853384946e+00
-2.137757718364178050e+00
-2.119700700495341206e+00
-2.045350731501232922e+00
-2.031884798987674046e+00
-2.036849637076227459e+00
-2.062454047489722164e+00
-2.062454047489722164e+00
-2.087100348007076889e+00
-2.082376477057157782e+00
-2.066880017741917541e+00
-2.101970882158170628e+00
-2.254613771145760115e+00
-2.273108995176297054e+00
-2.272778861992066801e+00
-2.262901589206592678e+00
-2.234440724627233976e+00
-2.246487832893529824e+00
-2.254240041194839783e+00
-2.223039455161516020e+00
-2.228451724276762302e+00
-2.265007640382955323e+00
-2.267121112458422960e+00
-2.272228809217990975e+00
-2.291130762828852863e+00
-1.989224073585007524e+00
-1.983532845991822224e+00
-1.975565957675002204e+00
-1.992500853399107763e+00
-2.269200123645064959e+00
-2.276211125630381638e+00
-2.284669468913009371e+00
-2.272920192269417328e+00
-2.258945705038250651e+00
-2.264670724917992040e+00
-2.255291726654264028e+00
-2.245439490689455919e+00
-2.296092958912060222e+00
-2.300222506218419838e+00
-2.275044748211271450e+00
-2.280707619877950343e+00
-2.230676116874463322e+00
-2.216500565628339192e+00
-2.005876212374282819e+00
-2.079028547993169607e+00
-2.088108260149549533e+00
-2.065482121342094857e+00
-2.098301226542233167e+00
-2.094068722170315144e+00
-2.094068722170315144e+00
-2.093955348913901116e+00
-2.092920848890133634e+00
-2.004167589510439829e+00
-2.005988513263958772e+00
-2.058499052894539272e+00
-2.046094295333726443e+00
-2.052706134329200349e+00
-2.045928557280093596e+00
-2.031850659722925556e+00
-2.039396340309078681e+00
-2.001942186333708129e+00
-1.997557580178006997e+00
-1.993560919563585720e+00
-2.017035022794535504e+00
-2.028658634360087198e+00
-1.997519972839878255e+00
-2.031660804189670433e+00
-2.039642439804363327e+00
-2.056114451460494319e+00
-2.067704864790040009e+00
-2.134728903767600272e+00
-2.032639194485933221e+00
-2.049685549078197777e+00
-2.064429993882908043e+00
-2.077998791834180015e+00
-2.101919940292652722e+00
-2.112099968527017868e+00
-2.295901821688032918e+00
-2.275762155267395670e+00
-2.274150354808470720e+00
-2.273488888959253273e+00
-2.264690835054200324e+00
-2.262264564565056091e+00
-2.262264564565056091e+00
-2.263829044549901415e+00
-2.250913388848512220e+00
-2.262756969557265574e+00
-2.316266346669891618e+00
-2.307918924446127562e+00
-2.307483500774667018e+00
-2.281395054878761819e+00
-2.295535684979104651e+00
-2.288448492416822244e+00
-2.265639857349474706e+00
-2.236775693437989432e+00
-2.243470206933237510e+00
-2.264953543451534212e+00
-2.245137515862467570e+00
-2.257630729554541027e+00
-2.272551847799334723e+00
-2.171354499845325581e+00
-2.213516942305772783e+00
-2.213516942305772783e+00
-2.222574997190059687e+00
-2.215765528591751465e+00
-2.216637283824014926e+00
-2.223186642005919200e+00
-2.206138810436303999e+00
-2.202601926993521086e+00
-2.228644194717225524e+00
-2.201866909970118247e+00
-2.186628368863809957e+00
-2.179894182952574422e+00
-2.179894182952574422e+00
-2.162936194559385239e+00
-2.124325766403595939e+00
-2.096656200207298593e+00
-2.096857965384208988e+00
-2.086230193716745340e+00
-2.057627626438604640e+00
-2.057651245989162714e+00
-2.015885649115281009e+00
-2.062957188083272442e+00
-2.047965563849607484e+00
-2.085696567994803186e+00
-2.117020999400742731e+00
-2.124936678360773268e+00
-2.139758195518074224e+00
-2.200673966673926341e+00
-2.205444372411301757e+00
-2.209039231400943049e+00
-2.203134847224392345e+00
-2.218222913385861528e+00
-2.227258709397375913e+00
-2.219394675683610707e+00
-2.201323413374970617e+00
-2.209261022988579626e+00
-2.214845778248695662e+00
-2.214845778248695662e+00
-2.172622664828730343e+00
-2.188571574949402798e+00
-2.307612140413095148e+00
-2.322454015863479437e+00
-2.311738112078022489e+00
-2.139215379615908130e+00
-2.123993097895307880e+00
-2.115829925901112407e+00
-2.078335869449381867e+00
-2.105339306325201054e+00
-2.113174293878330889e+00
-2.104247373054520143e+00
-2.095134569689427018e+00
-2.096234196822011953e+00
-2.078555536420100047e+00
-2.079786856854127564e+00
-2.086963085208747515e+00
-2.086963085208747515e+00
-2.059505863352871557e+00
-2.045189676921902677e+00
-1.952958106088457768e+00
-1.929494071595815763e+00
-1.940290087993153723e+00
-1.926970426269329462e+00
-1.944695757440213946e+00
-1.971512232088560079e+00
-1.971041441360289914e+00
-2.073467430910464593e+00
-2.096257342205406271e+00
-2.116301871288886360e+00
-2.111756011725808957e+00
-2.081414073423694777e+00
-2.081414073423694777e+00
-2.141145086678477139e+00
-2.065791427505290656e+00
-2.044338373806093845e+00
-2.046258241423244861e+00
-2.095070260754982705e+00
-2.098221733850242909e+00
-2.102552845511469481e+00
-2.075912555561216344e+00
-2.085856811107852149e+00
-2.241245917687666012e+00
-2.213109354211664215e+00
-2.187612522777418800e+00
-2.207427844574373133e+00
-2.232472249339171544e+00
-2.255147147389779949e+00
-2.246112576222785151e+00
-2.258080970785978359e+00
-2.278935664722644638e+00
-2.262052502527575282e+00
-2.264917787140736216e+00
-2.256590727768799542e+00
-2.256590727768799542e+00
-2.315530256220191596e+00
-2.288204545598996997e+00
-2.284203465096944718e+00
-2.023661995572267003e+00
-1.997340200319188241e+00
-2.000960757197388862e+00
-1.954897671004576010e+00
-1.927498928588107230e+00
-1.896896257595234170e+00
-1.896896257595234170e+00
-1.912865574061909602e+00
-1.912865574061909602e+00
-1.887375054668248398e+00
-1.898012672518992083e+00
-1.941966087077457770e+00
-1.927001178739116138e+00
-1.945684043744158709e+00
-2.191000639909130854e+00
-2.191469705999258721e+00
-2.204028157373965069e+00
-2.199876725593249205e+00
-2.199876725593249205e+00
-2.208317252138317865e+00
-2.222041635761357714e+00
-2.252438408825932825e+00
-2.244036495485036475e+00
-2.265520911816172767e+00
-2.237514483266996645e+00
-2.262811379480255791e+00
-2.256523901784185604e+00
-2.248787564920393667e+00
-2.285147103194036688e+00
-2.280305512684567493e+00
-2.240576976529411013e+00
-2.246669034599649617e+00
-2.243788488099962564e+00
-2.248651359026748953e+00
-2.264096584994196526e+00
-2.264096584994196526e+00
-2.228455297279773539e+00
-2.208996927451504000e+00
-2.178822018860306908e+00
-2.171240998633993335e+00
-2.211735260231483036e+00
-2.220927180515863686e+00
-2.217764671941271359e+00
-2.256164853398508807e+00
-2.130064490136404309e+00
-2.133105359040166515e+00
-2.141995104048827869e+00
-2.136611255879351301e+00
-2.112608392623530396e+00
-2.087236529273991170e+00
-2.060569895728004752e+00
-2.028165577015940357e+00
-2.038567221220863868e+00
-2.075716367231131176e+00
-2.099892037520701749e+00
-2.104249262885686811e+00
-2.066515198967135980e+00
-2.032621734236936817e+00
-2.043700206965792354e+00
-2.064495528082389786e+00
-2.076552669766189130e+00
-2.105643816352361419e+00
-2.103190269385221800e+00
-2.102851389009745997e+00
-2.109966716015642341e+00
-2.093524653934108137e+00
-2.110889718732162468e+00
-2.090000059571840207e+00
-2.102631798571689359e+00
-2.091642973082602275e+00
-2.106052042835058646e+00
-2.145801113494911316e+00
-2.113621820273358765e+00
-2.107391524951625073e+00
-2.091417931787959095e+00
-2.095427591953112234e+00
-2.122744984811848479e+00
-2.111856748956692176e+00
-2.129609704082487287e+00
-2.117047159399531697e+00
-2.107821376380451639e+00
-2.128854722744172090e+00
-2.139481167400179018e+00
-2.160740417984774897e+00
-2.146665007502432942e+00
-2.130915958719109771e+00
-2.130482740067069169e+00
-2.130482740067069169e+00
-2.108226256108554519e+00
-2.101554758882372642e+00
-2.130588041563634683e+00
-2.115333426830420915e+00
-2.106976191368512552e+00
-2.125577895854521948e+00
-2.130472400011150569e+00
-2.172729528330088034e+00
-2.107798949584256398e+00
-2.105674178632288118e+00
-2.074559175102524744e+00
-2.060326680236447050e+00
-2.044085086607203561e+00
