# Variable: dg_gbvi_00000177
# Sample shape: (1000,)
# Date: 2013-03-07 22:55:08.672309
-9.541653850683905702e+00
-5.492769592020852798e+00
-4.483068393161385501e+00
-3.560549975649064613e+00
-4.110705547513644476e+00
-4.753226005567417367e+00
-1.596627092368079204e+00
-3.525608604642854527e+00
-3.219257591031121191e+00
-3.312805682003305385e+00
-3.368490619160069421e+00
-3.310947631755210452e+00
-2.896854529149018642e+00
-2.778639682638541331e+00
-2.719358511836092340e+00
-2.719358511836092340e+00
-2.791007898929212416e+00
-2.791007898929212416e+00
-2.830944979821280683e+00
-2.841675425993084758e+00
-2.898353697242787241e+00
-2.907473019940832071e+00
-2.907460865589514665e+00
-2.833918926007635175e+00
-2.833918926007635175e+00
-2.868458301411091149e+00
-2.876412329706897086e+00
-2.915983548894980792e+00
-3.045845778563387451e+00
-3.045845778563387451e+00
-3.178617721516828531e+00
-3.030489125397693773e+00
-3.001074651191838250e+00
-3.001074651191838250e+00
-3.001074651191838250e+00
-3.001074651191838250e+00
-3.025728637094038831e+00
-3.025728637094038831e+00
-2.878574350961299544e+00
-2.855679710404344096e+00
-2.855679710404344096e+00
-2.855679710404344096e+00
-2.855679710404344096e+00
-2.855679710404344096e+00
-2.928576060836149964e+00
-2.928576060836149964e+00
-2.931692427994507355e+00
-2.926762206354658336e+00
-2.749547449368154872e+00
-2.872894770343598303e+00
-2.872894770343598303e+00
-2.747631513303781414e+00
-2.747631513303781414e+00
-2.718505702675260149e+00
-2.709878221939433285e+00
-2.737785808889281469e+00
-2.737785808889281469e+00
-2.749028715890756924e+00
-2.747243379308881295e+00
-2.747243379308881295e+00
-2.896278092525324421e+00
-2.896278092525324421e+00
-2.896278092525324421e+00
-2.896278092525324421e+00
-2.892705837901889065e+00
-2.898693089562242253e+00
-2.898693089562242253e+00
-2.836322533904350074e+00
-2.836322533904350074e+00
-2.897119934970108890e+00
-2.883892276555990009e+00
-2.765725471634181254e+00
-2.759781933522765129e+00
-2.823900064931303522e+00
-2.823900064931303522e+00
-2.823900064931303522e+00
-2.795583021720842165e+00
-2.475726293944719547e+00
-2.475726293944719547e+00
-2.608959029871172230e+00
-2.608959029871172230e+00
-2.608959029871172230e+00
-2.612068259840061746e+00
-2.722582294865041330e+00
-2.722582294865041330e+00
-2.610306175260868944e+00
-2.623593370864492957e+00
-2.566375349234030878e+00
-2.780184066536969478e+00
-2.710776848047466991e+00
-2.812766836959740502e+00
-2.812766836959740502e+00
-2.782234690720856829e+00
-2.672171143647374070e+00
-2.674062350927724374e+00
-2.674062350927724374e+00
-2.675293659451627004e+00
-2.675293659451627004e+00
-2.675293659451627004e+00
-2.764108312726835326e+00
-2.731889782443102987e+00
-2.771712983372307981e+00
-2.771712983372307981e+00
-2.738352741916357580e+00
-2.738352741916357580e+00
-2.631126697244989376e+00
-2.581490732033797642e+00
-2.452087157788410909e+00
-2.452087157788410909e+00
-2.452087157788410909e+00
-2.645288938273981927e+00
-2.645288938273981927e+00
-2.645288938273981927e+00
-2.608600206881410255e+00
-2.614046025188435429e+00
-2.539971512443610635e+00
-2.539971512443610635e+00
-2.539971512443610635e+00
-2.488963571047225987e+00
-2.469496983412220459e+00
-2.504469239075368669e+00
-2.504469239075368669e+00
-2.445515240354851461e+00
-2.529556318350707933e+00
-2.529556318350707933e+00
-2.489565155603681745e+00
-2.466245377489481694e+00
-2.466245377489481694e+00
-2.563999582078797523e+00
-2.545226637949648651e+00
-2.545226637949648651e+00
-2.557677504743707697e+00
-2.466090142919802108e+00
-2.480550581289144851e+00
-2.476102465150084697e+00
-2.646453724113357886e+00
-2.651254841657229022e+00
-2.644909102068304207e+00
-2.506286925678175237e+00
-2.558231085114612391e+00
-2.566685760330963184e+00
-2.561745721392805208e+00
-2.568141790089373266e+00
-2.568141790089373266e+00
-2.554618779816224983e+00
-2.598843366181082803e+00
-2.535990136767641179e+00
-2.474757210371873128e+00
-2.500625080166901881e+00
-2.571320734533358188e+00
-2.576673967920288355e+00
-2.576673967920288355e+00
-2.572241541845754043e+00
-2.585979887236053099e+00
-2.585979887236053099e+00
-2.717243983967175591e+00
-2.702548975241803486e+00
-2.851444846567832592e+00
-2.767647160001503348e+00
-2.749674533034060619e+00
-2.749674533034060619e+00
-2.749674533034060619e+00
-2.749674533034060619e+00
-2.781743282420962693e+00
-2.819092047357769193e+00
-2.819092047357769193e+00
-2.819092047357769193e+00
-2.819092047357769193e+00
-2.819092047357769193e+00
-2.784272273596803959e+00
-2.784272273596803959e+00
-2.790919458637202588e+00
-2.817994963812710196e+00
-2.817994963812710196e+00
-2.817994963812710196e+00
-2.698319756559672822e+00
-2.783960799010646525e+00
-2.670049576479195608e+00
-2.757595498720209370e+00
-2.757595498720209370e+00
-2.825246017877872440e+00
-2.825246017877872440e+00
-2.825246017877872440e+00
-2.825246017877872440e+00
-2.825246017877872440e+00
-2.825246017877872440e+00
-2.803973910347252296e+00
-2.736842299245996202e+00
-2.736842299245996202e+00
-2.736842299245996202e+00
-2.736842299245996202e+00
-2.736842299245996202e+00
-2.759963095119407850e+00
-2.594339616226623679e+00
-2.590554016742416366e+00
-2.474896101571635310e+00
-2.580152906365813958e+00
-2.593086611878664183e+00
-2.653741172325751574e+00
-2.653741172325751574e+00
-2.685068888523738373e+00
-2.529798545090009121e+00
-2.529798545090009121e+00
-2.548255535402080607e+00
-2.548255535402080607e+00
-2.528854116922493844e+00
-2.528854116922493844e+00
-2.681491954770367947e+00
-2.560824062817608660e+00
-2.560824062817608660e+00
-2.723828613544676536e+00
-2.751757145681038796e+00
-2.719516058888465260e+00
-2.745120990374018355e+00
-2.773639979432080960e+00
-2.610167039049505089e+00
-2.722632887723463568e+00
-2.698804276963737259e+00
-2.669583151966828272e+00
-2.669583151966828272e+00
-2.669583151966828272e+00
-2.669583151966828272e+00
-2.714955057362837820e+00
-2.714955057362837820e+00
-2.714955057362837820e+00
-2.714955057362837820e+00
-2.714955057362837820e+00
-2.714955057362837820e+00
-2.714955057362837820e+00
-2.645784829278678085e+00
-2.645784829278678085e+00
-2.644955309987985004e+00
-2.708579267707395211e+00
-2.708579267707395211e+00
-2.708579267707395211e+00
-2.572919515405848845e+00
-2.494601209988871027e+00
-2.545707799971013152e+00
-2.554612098331887626e+00
-2.567406238817924180e+00
-2.531735568643204815e+00
-2.700781392568481820e+00
-2.699841626165740305e+00
-2.699841626165740305e+00
-2.611641786337199012e+00
-2.659109836962645801e+00
-2.584546358009480294e+00
-2.584546358009480294e+00
-2.584546358009480294e+00
-2.584546358009480294e+00
-2.584546358009480294e+00
-2.584546358009480294e+00
-2.620987017676375430e+00
-2.620987017676375430e+00
-2.644615948621691359e+00
-2.645688598436464201e+00
-2.645688598436464201e+00
-2.518769078994202992e+00
-2.518769078994202992e+00
-2.518769078994202992e+00
-2.539364689947240628e+00
-2.563124016564252372e+00
-2.564290761736327084e+00
-2.564290761736327084e+00
-2.511654386770710623e+00
-2.511654386770710623e+00
-2.634103556893219178e+00
-2.634103556893219178e+00
-2.634103556893219178e+00
-2.618691690569856512e+00
-2.618691690569856512e+00
-2.605903344066475391e+00
-2.605903344066475391e+00
-2.605903344066475391e+00
-2.680322077232383471e+00
-2.680322077232383471e+00
-2.680322077232383471e+00
-2.702322557380692825e+00
-2.607358877448775925e+00
-2.607358877448775925e+00
-2.607358877448775925e+00
-2.690580674815014284e+00
-2.680058789711535550e+00
-2.700923064521123074e+00
-2.700923064521123074e+00
-2.702694968357581828e+00
-2.702694968357581828e+00
-2.702694968357581828e+00
-2.630715129889917847e+00
-2.630715129889917847e+00
-2.630715129889917847e+00
-2.609307144652258881e+00
-2.737360215276154030e+00
-2.737360215276154030e+00
-2.737360215276154030e+00
-2.739287073619662394e+00
-2.821712143446938548e+00
-2.809068852541279693e+00
-2.772297348120270843e+00
-2.817344219436815234e+00
-2.788542699473484543e+00
-2.788542699473484543e+00
-2.788542699473484543e+00
-2.529484197218685448e+00
-2.503386459723079938e+00
-2.503386459723079938e+00
-2.503386459723079938e+00
-2.604088958960416367e+00
-2.637835902047407366e+00
-2.634903468937425774e+00
-2.705251585049851304e+00
-2.687579974273658578e+00
-2.687579974273658578e+00
-2.687579974273658578e+00
-2.633502254201655735e+00
-2.638517467304964281e+00
-2.638517467304964281e+00
-2.624082494555540546e+00
-2.624082494555540546e+00
-2.626760981037351783e+00
-2.701680840468001943e+00
-2.701680840468001943e+00
-2.701680840468001943e+00
-2.701680840468001943e+00
-2.681154812019351574e+00
-2.671044515712573286e+00
-2.669817743736448534e+00
-2.669817743736448534e+00
-2.613425118651126589e+00
-2.577898884844998850e+00
-2.798998330447354466e+00
-2.798998330447354466e+00
-2.659740256918277979e+00
-2.548499105182876256e+00
-2.548499105182876256e+00
-2.543596744230980367e+00
-2.572505711939131690e+00
-2.759223597598655875e+00
-2.668954720876441034e+00
-2.940717792751911919e+00
-2.815309492993103291e+00
-2.815309492993103291e+00
-2.791430073154662850e+00
-2.681211823231560043e+00
-2.882828455775903187e+00
-2.898488051689710687e+00
-2.632201158221009418e+00
-2.632201158221009418e+00
-2.583340870799835098e+00
-2.813175961998966024e+00
-2.714041865337232462e+00
-2.749397170618380404e+00
-2.753074675266530491e+00
-2.846887827144372274e+00
-2.846887827144372274e+00
-2.793119450346719823e+00
-2.793119450346719823e+00
-2.802533207802696769e+00
-2.799140601331566280e+00
-2.799140601331566280e+00
-2.799140601331566280e+00
-2.783504571980419673e+00
-2.801896431406905918e+00
-2.801896431406905918e+00
-2.877225880586894213e+00
-2.617798262635261608e+00
-2.617798262635261608e+00
-2.602730395036593425e+00
-2.602730395036593425e+00
-2.602730395036593425e+00
-2.661585017170263523e+00
-2.661585017170263523e+00
-2.678621677694956293e+00
-2.697378025172148863e+00
-2.697378025172148863e+00
-2.697378025172148863e+00
-2.697378025172148863e+00
-2.719490577752791349e+00
-2.719490577752791349e+00
-2.701719125379685060e+00
-2.701719125379685060e+00
-2.652173097257414458e+00
-2.652173097257414458e+00
-2.650301381813720436e+00
-2.807891886864021913e+00
-2.809219621661096067e+00
-2.756254584170530375e+00
-2.631695545691393523e+00
-2.675773905124328333e+00
-2.675773905124328333e+00
-2.631485655867960016e+00
-2.748254220304969131e+00
-2.709526548043406091e+00
-2.664469353422250997e+00
-2.715487630263349494e+00
-2.710516156993707959e+00
-2.710516156993707959e+00
-2.643363883216428789e+00
-2.643363883216428789e+00
-2.640034363712388199e+00
-2.628953375868068765e+00
-2.646713861638636534e+00
-2.646713861638636534e+00
-2.652745347953602284e+00
-2.634360691586511649e+00
-2.566931066137912776e+00
-2.641072841744562805e+00
-2.641666077869091467e+00
-2.638958817175214300e+00
-2.585636659926236813e+00
-2.589037111561582893e+00
-2.589037111561582893e+00
-2.589037111561582893e+00
-2.589037111561582893e+00
-2.511037167041703988e+00
-2.511037167041703988e+00
-2.639608646411101045e+00
-2.697198769724494127e+00
-2.697198769724494127e+00
-2.747818227901228205e+00
-2.743501780413340363e+00
-2.843186558112938744e+00
-2.606899068307169554e+00
-2.606899068307169554e+00
-2.606899068307169554e+00
-2.606899068307169554e+00
-2.606899068307169554e+00
-2.663317991579183364e+00
-2.719819140143146630e+00
-2.719819140143146630e+00
-2.697536916433305176e+00
-2.697536916433305176e+00
-2.636790801227043346e+00
-2.711499613527629027e+00
-2.713240294395549590e+00
-2.732180362512077298e+00
-2.791879003226798606e+00
-2.791879003226798606e+00
-2.584020826247896085e+00
-2.608772909892496550e+00
-2.608772909892496550e+00
-2.608772909892496550e+00
-2.628101536075054145e+00
-2.628101536075054145e+00
-2.570178462906788752e+00
-2.599606381835889657e+00
-2.599606381835889657e+00
-2.599606381835889657e+00
-2.599606381835889657e+00
-2.599606381835889657e+00
-2.599606381835889657e+00
-2.820917054462071416e+00
-2.820917054462071416e+00
-2.794327304313637406e+00
-2.794327304313637406e+00
-2.794327304313637406e+00
-2.794327304313637406e+00
-2.706362759112430183e+00
-2.706362759112430183e+00
-2.706362759112430183e+00
-2.706362759112430183e+00
-2.742634595747987181e+00
-2.699012641045677618e+00
-2.679401615862345487e+00
-2.679401615862345487e+00
-2.679401615862345487e+00
-2.565367135751048355e+00
-2.846549217375994090e+00
-2.840359367294910786e+00
-2.839533432763593712e+00
-2.780353044687830621e+00
-2.787987082767663161e+00
-2.778438601189601176e+00
-2.778438601189601176e+00
-2.778438601189601176e+00
-2.588336566040982500e+00
-2.588336566040982500e+00
-2.588336566040982500e+00
-2.656208040187956865e+00
-2.637266380973525948e+00
-2.627915745982576823e+00
-2.627915745982576823e+00
-2.635356225155956356e+00
-2.700673871512925039e+00
-2.587552858966213343e+00
-2.633999072847262202e+00
-2.713759202535406256e+00
-2.713759202535406256e+00
-2.713759202535406256e+00
-2.631193789038179354e+00
-2.631193789038179354e+00
-2.680987344307109499e+00
-2.814766538558202136e+00
-2.814766538558202136e+00
-2.814766538558202136e+00
-2.833363916175461572e+00
-2.689797950260715886e+00
-2.689797950260715886e+00
-2.546962701365887760e+00
-2.532005231452254534e+00
-2.697477973252071504e+00
-2.752752343287614423e+00
-2.752752343287614423e+00
-2.786804283034864937e+00
-2.786804283034864937e+00
-2.786804283034864937e+00
-2.779271719655348694e+00
-2.763255138177322934e+00
-2.763255138177322934e+00
-2.823530438656288055e+00
-2.823530438656288055e+00
-2.848796992455907784e+00
-2.848796992455907784e+00
-2.848796992455907784e+00
-2.846948708559788432e+00
-2.848437832161161420e+00
-2.811123681856016798e+00
-2.811123681856016798e+00
-2.746443742962647150e+00
-2.746443742962647150e+00
-2.753493326608980052e+00
-2.753493326608980052e+00
-2.753493326608980052e+00
-2.753493326608980052e+00
-2.753493326608980052e+00
-2.753493326608980052e+00
-2.740736237905256001e+00
-2.740736237905256001e+00
-2.746959411002610540e+00
-2.746959411002610540e+00
-2.706397475324279434e+00
-2.678031928961828623e+00
-2.678031928961828623e+00
-2.678031928961828623e+00
-2.585888321619846053e+00
-2.682529137754189996e+00
-2.682529137754189996e+00
-2.682529137754189996e+00
-2.698617647601112779e+00
-2.596728588904975599e+00
-2.596728588904975599e+00
-2.658762435977382932e+00
-2.658762435977382932e+00
-2.724405495260570298e+00
-2.731516944825951754e+00
-2.731516944825951754e+00
-2.731516944825951754e+00
-2.731516944825951754e+00
-2.805815146399544435e+00
-2.967865938107632218e+00
-2.829654479614426954e+00
-2.915002320131822700e+00
-2.909669337468355987e+00
-2.909669337468355987e+00
-2.893040196712363787e+00
-2.893040196712363787e+00
-2.887507228558791716e+00
-2.862944402946393296e+00
-2.997205263074796289e+00
-2.959756816729446793e+00
-2.642331750788688094e+00
-2.735643612287213422e+00
-2.735643612287213422e+00
-2.612901743323851278e+00
-2.612901743323851278e+00
-2.608338240181583778e+00
-2.608338240181583778e+00
-2.608338240181583778e+00
-2.608338240181583778e+00
-2.718035353800877907e+00
-2.710595153062952178e+00
-2.740311773962421427e+00
-2.740311773962421427e+00
-2.745968534686440421e+00
-2.745968534686440421e+00
-2.721406724433818258e+00
-2.878684357082354150e+00
-2.878684357082354150e+00
-2.878684357082354150e+00
-2.984744996343182688e+00
-2.841857188380035648e+00
-2.956864519786634116e+00
-2.956864519786634116e+00
-2.956864519786634116e+00
-3.030623531588229280e+00
-2.919831211018541595e+00
-2.919831211018541595e+00
-2.897349563811676632e+00
-2.876539125754590032e+00
-2.880695856924067488e+00
-2.920817048689035023e+00
-2.852273656358484732e+00
-2.852273656358484732e+00
-2.852273656358484732e+00
-2.879035026555277987e+00
-2.879035026555277987e+00
-2.878237085808235118e+00
-2.878237085808235118e+00
-2.889160997886079940e+00
-2.889160997886079940e+00
-2.885590327365182173e+00
-2.885590327365182173e+00
-2.885590327365182173e+00
-3.007624698768354587e+00
-2.923619922173199104e+00
-2.960839077845376366e+00
-2.960839077845376366e+00
-2.744863974932410411e+00
-2.868230373676867728e+00
-2.868230373676867728e+00
-2.868230373676867728e+00
-2.855143632151933897e+00
-2.855143632151933897e+00
-2.968885557706348877e+00
-2.970421116808468653e+00
-2.872728545034084924e+00
-2.847601349883759347e+00
-2.847601349883759347e+00
-2.858990078666873824e+00
-2.623308033862914890e+00
-2.623308033862914890e+00
-2.623308033862914890e+00
-2.609789456046156531e+00
-2.609789456046156531e+00
-2.609789456046156531e+00
-2.609789456046156531e+00
-2.598992874559970190e+00
-2.815868278526870050e+00
-2.785854805717697502e+00
-2.785854805717697502e+00
-2.818853726789781522e+00
-2.854874954328213921e+00
-2.854874954328213921e+00
-2.854874954328213921e+00
-2.805697858376984044e+00
-2.865914498129671806e+00
-2.842983943915160516e+00
-2.842983943915160516e+00
-2.943968501658018599e+00
-2.943968501658018599e+00
-2.943968501658018599e+00
-2.851929500644209803e+00
-2.847893473339516923e+00
-2.847893473339516923e+00
-2.867452213047842591e+00
-2.867452213047842591e+00
-2.864464827898095756e+00
-2.901873481899442275e+00
-2.896407552369822280e+00
-2.896407552369822280e+00
-2.896407552369822280e+00
-2.892315483894633665e+00
-2.892315483894633665e+00
-2.892315483894633665e+00
-2.892315483894633665e+00
-2.892315483894633665e+00
-2.902454916590170964e+00
-2.805268025919500197e+00
-2.841057501998349277e+00
-2.787413925309625728e+00
-2.926820630801965528e+00
-2.926820630801965528e+00
-2.872382328788682049e+00
-2.872382328788682049e+00
-2.776451604224060787e+00
-2.773273208453681526e+00
-2.773273208453681526e+00
-2.773273208453681526e+00
-2.773273208453681526e+00
-2.773273208453681526e+00
-2.773273208453681526e+00
-2.809066114038502260e+00
-2.854931093392529817e+00
-2.854931093392529817e+00
-2.818901161941676392e+00
-2.818901161941676392e+00
-2.821883573926163180e+00
-2.997554992281555641e+00
-2.891834165028780657e+00
-2.970731065526942771e+00
-2.970731065526942771e+00
-2.959157571639266404e+00
-3.001131731334357067e+00
-3.001131731334357067e+00
-3.014351291365430896e+00
-3.037887136868942406e+00
-3.018186905493904337e+00
-3.018186905493904337e+00
-3.018186905493904337e+00
-3.018186905493904337e+00
-3.018186905493904337e+00
-3.018186905493904337e+00
-3.018186905493904337e+00
-2.910475212928638200e+00
-2.867741321378691755e+00
-2.953344985140964774e+00
-2.935907419681469843e+00
-2.951504251347229602e+00
-2.954273931596750113e+00
-2.954273931596750113e+00
-2.932512665938220575e+00
-3.005349823384218855e+00
-2.856910703116381178e+00
-2.873184593922163632e+00
-2.895074992839773209e+00
-3.000497572111027189e+00
-3.000497572111027189e+00
-2.981993600969086611e+00
-2.939115485320614951e+00
-2.939115485320614951e+00
-2.875597864798413283e+00
-2.875597864798413283e+00
-2.870917852015936411e+00
-2.886755181636606604e+00
-2.886755181636606604e+00
-2.962067174825499194e+00
-2.962067174825499194e+00
-2.962067174825499194e+00
-2.933107463602345533e+00
-2.933107463602345533e+00
-2.933107463602345533e+00
-2.933107463602345533e+00
-2.933107463602345533e+00
-2.933107463602345533e+00
-2.933107463602345533e+00
-2.933107463602345533e+00
-3.047724498745341570e+00
-2.745040287012423086e+00
-2.918697460667945442e+00
-2.883450046449351323e+00
-2.968596339331566636e+00
-2.992923846020826062e+00
-2.992923846020826062e+00
-2.830552112450490654e+00
-2.740430272231286324e+00
-2.740430272231286324e+00
-2.740430272231286324e+00
-2.740430272231286324e+00
-2.760587731301645587e+00
-2.919351498477774864e+00
-2.856892940109116985e+00
-2.879830567227730231e+00
-2.879830567227730231e+00
-2.753881262439227484e+00
-2.753881262439227484e+00
-2.825888828272470565e+00
-2.741590803676344112e+00
-2.741590803676344112e+00
-2.741590803676344112e+00
-2.741590803676344112e+00
-2.741590803676344112e+00
-2.741590803676344112e+00
-2.737596723151221489e+00
-2.693482067190302143e+00
-2.693482067190302143e+00
-2.693482067190302143e+00
-2.749098136707724294e+00
-2.749098136707724294e+00
-2.750922093645525202e+00
-2.772424143679424358e+00
-2.765770244148085588e+00
-2.763617583632786090e+00
-2.706672833624015784e+00
-2.706672833624015784e+00
-2.791195940231045558e+00
-2.791195940231045558e+00
-2.801392549460301584e+00
-2.801392549460301584e+00
-2.801392549460301584e+00
-2.760336369310397497e+00
-2.760336369310397497e+00
-2.879306793214733595e+00
-3.097222992248669815e+00
-2.758890588448655645e+00
-2.741982796515932908e+00
-2.741982796515932908e+00
-2.678434033874385278e+00
-2.780013637347057198e+00
-2.848285471753163378e+00
-2.868787576457038302e+00
-2.762596377209749043e+00
-2.723208334583736345e+00
-2.537349290407223901e+00
-2.537349290407223901e+00
-2.537349290407223901e+00
-2.537349290407223901e+00
-2.537349290407223901e+00
-2.537349290407223901e+00
-2.820128979208027964e+00
-2.893018371712235304e+00
-2.893018371712235304e+00
-2.893018371712235304e+00
-2.893018371712235304e+00
-2.795273751899753023e+00
-2.806221776324497430e+00
-2.806221776324497430e+00
-2.789717388399157727e+00
-2.789717388399157727e+00
-2.804644856915777140e+00
-2.804644856915777140e+00
-2.804644856915777140e+00
-2.724408030756893861e+00
-2.928418946890378738e+00
-2.928418946890378738e+00
-3.011854791068136361e+00
-2.854304974733768319e+00
-2.836054524948374844e+00
-2.836054524948374844e+00
-2.836054524948374844e+00
-2.836054524948374844e+00
-2.774147178622041299e+00
-2.963399647438722084e+00
-2.785298193198180172e+00
-2.777557555355065766e+00
-2.746973304541944660e+00
-2.746973304541944660e+00
-2.751534844508619848e+00
-2.833658173181864193e+00
-2.833658173181864193e+00
-2.860054114804007064e+00
-2.853041317654931408e+00
-2.895402097950862341e+00
-2.895402097950862341e+00
-2.740279722341693258e+00
-2.857055983922813791e+00
-2.857596911804599848e+00
-2.786098105473477027e+00
-2.786098105473477027e+00
-2.757783152031318075e+00
-2.757783152031318075e+00
-2.820963345722654836e+00
-3.041596762886456418e+00
-3.041596762886456418e+00
-3.041596762886456418e+00
-2.918346046759235701e+00
-2.925723404913428194e+00
-2.916760797486566581e+00
-3.006663092243712310e+00
-3.006663092243712310e+00
-3.006663092243712310e+00
-3.006663092243712310e+00
-3.006663092243712310e+00
-3.012929903329069070e+00
-2.903245936841277519e+00
-2.903245936841277519e+00
-2.903245936841277519e+00
-2.716797743646261143e+00
-2.716797743646261143e+00
-2.716797743646261143e+00
-2.719155246839107143e+00
-2.733299500724524655e+00
-2.732755764362269524e+00
-2.732755764362269524e+00
-2.732755764362269524e+00
-2.797156595923830036e+00
-2.797156595923830036e+00
-2.696904347764460308e+00
-2.696904347764460308e+00
-2.696904347764460308e+00
-2.690539739375442885e+00
-2.674716251650964605e+00
-2.702101827846226545e+00
-2.944071242101327979e+00
-2.921460714111073109e+00
-2.921460714111073109e+00
-2.921460714111073109e+00
-2.972429267498044592e+00
-2.817009198482421706e+00
-2.663428061385427981e+00
-2.663428061385427981e+00
-2.663428061385427981e+00
-2.709866327176351231e+00
-2.709866327176351231e+00
-2.709866327176351231e+00
-2.819359050168614989e+00
-2.780317693235779153e+00
-2.799346356971013527e+00
-2.799532051329624238e+00
-2.600853402464273323e+00
-2.770936019674040462e+00
-2.770936019674040462e+00
-2.770936019674040462e+00
-2.770936019674040462e+00
-2.770936019674040462e+00
-2.770936019674040462e+00
-2.763171100558168281e+00
-2.763171100558168281e+00
-2.732165587036757159e+00
-2.732165587036757159e+00
-2.732165587036757159e+00
-2.735771267134862850e+00
-2.735771267134862850e+00
-2.748627001836692063e+00
-2.748627001836692063e+00
-2.748627001836692063e+00
-2.755529896739073781e+00
-2.656774364709623359e+00
-2.656774364709623359e+00
-2.656774364709623359e+00
-2.668598210642529889e+00
-2.668598210642529889e+00
-2.668598210642529889e+00
-2.556270508143741349e+00
-2.640926787142128251e+00
-2.520914043194174781e+00
-2.551067704924506963e+00
-2.551067704924506963e+00
-2.549129256240276309e+00
-2.549129256240276309e+00
-2.612610072314488718e+00
-2.819062770458881761e+00
-2.627854167468042679e+00
-2.677190271527976950e+00
-2.677190271527976950e+00
-2.677190271527976950e+00
-2.677190271527976950e+00
-2.677190271527976950e+00
-2.694435867869303003e+00
-2.807068442991901058e+00
-2.615037004965840683e+00
-2.833820684855568928e+00
-2.833820684855568928e+00
-2.833820684855568928e+00
-2.747944075063638802e+00
-2.747944075063638802e+00
-2.747944075063638802e+00
-2.747944075063638802e+00
-2.910652338645606907e+00
-2.733862038992692423e+00
-2.733862038992692423e+00
-2.733862038992692423e+00
-2.733862038992692423e+00
-2.733862038992692423e+00
-2.989419662497122321e+00
-2.989419662497122321e+00
-3.013362342654788861e+00
-2.914774239136843192e+00
-2.850306333961937000e+00
-2.774843580852663472e+00
-2.842943473438365842e+00
-2.842943473438365842e+00
-2.785419767705804794e+00
-2.796823303551863482e+00
-2.796823303551863482e+00
-2.843499693730048516e+00
-2.843499693730048516e+00
-2.840879564783991729e+00
-2.724609889068247970e+00
-2.703754204395289573e+00
-2.689343863817641456e+00
-2.724412309167687507e+00
-2.703896412506082481e+00
-2.835243517867642282e+00
-2.835243517867642282e+00
-2.900395493877145014e+00
-2.900395493877145014e+00
-2.900395493877145014e+00
-2.900395493877145014e+00
-2.900395493877145014e+00
-2.900395493877145014e+00
-2.829206006798790973e+00
-2.778269942044164331e+00
-2.778269942044164331e+00
-2.778269942044164331e+00
-2.778269942044164331e+00
-2.784720402240847381e+00
-2.735360391567568161e+00
-2.735360391567568161e+00
-2.735360391567568161e+00
-2.735360391567568161e+00
-2.771034899960514775e+00
-2.771034899960514775e+00
-2.569929667811958751e+00
-2.569929667811958751e+00
-2.553876515033720818e+00
-2.553876515033720818e+00
-2.553876515033720818e+00
-2.624686377338690146e+00
-2.624686377338690146e+00
-2.624686377338690146e+00
-2.624686377338690146e+00
-2.624686377338690146e+00
-2.748838588049622444e+00
-2.775989888442908171e+00
-2.731183082566365883e+00
-2.756338116012809536e+00
-2.756338116012809536e+00
-2.791847683088697796e+00
-2.791847683088697796e+00
-2.791847683088697796e+00
-2.566733309734641644e+00
-2.555500707158922857e+00
-2.555500707158922857e+00
-2.555500707158922857e+00
-2.644615534772599474e+00
-2.644615534772599474e+00
-2.644615534772599474e+00
-2.644615534772599474e+00
-2.706409291649457316e+00
-2.706409291649457316e+00
