# Variable: dg_gbvi_00000422
# Sample shape: (1000,)
# Date: 2013-03-07 22:55:08.356600
-1.287207634815931101e+01
-7.934731015432994639e+00
-7.605857581128809386e+00
-8.731388891968613564e+00
-9.308949418897418226e+00
-9.517297015275547167e+00
-6.557957367066242327e+00
-9.492102403924768339e+00
-8.897469780071295631e+00
-8.868850698266873778e+00
-8.606384372542201788e+00
-8.606384372542201788e+00
-8.624962540689514512e+00
-8.904829788726686957e+00
-9.015476613377805037e+00
-9.015476613377805037e+00
-9.015476613377805037e+00
-9.015476613377805037e+00
-9.035206082592685206e+00
-9.035206082592685206e+00
-9.056420825047471368e+00
-9.064732414519111714e+00
-9.064732414519111714e+00
-9.371242140904648465e+00
-8.865611667528908058e+00
-8.865611667528908058e+00
-8.872861177172286062e+00
-8.872861177172286062e+00
-8.902819944646768846e+00
-8.874097418982580976e+00
-9.107859673423996938e+00
-9.091444159055170005e+00
-8.843983108390045089e+00
-8.843983108390045089e+00
-8.843983108390045089e+00
-8.843983108390045089e+00
-8.866302699557174094e+00
-8.866302699557174094e+00
-8.866302699557174094e+00
-8.867669497371723608e+00
-8.953384708543278947e+00
-8.953384708543278947e+00
-8.953384708543278947e+00
-9.127775876570645153e+00
-9.127775876570645153e+00
-9.127775876570645153e+00
-9.114251247095138453e+00
-9.109791091443991462e+00
-8.843986840853570897e+00
-9.036917416717153984e+00
-8.803787675667491541e+00
-8.825992541869220886e+00
-8.825992541869220886e+00
-8.799695175732914265e+00
-8.799695175732914265e+00
-8.824892621440477924e+00
-8.824892621440477924e+00
-8.571194363941488703e+00
-8.536933552928047675e+00
-8.601017453642390009e+00
-8.852673148437514072e+00
-8.852673148437514072e+00
-8.852673148437514072e+00
-8.852673148437514072e+00
-8.849444944950951353e+00
-8.854855552178690914e+00
-8.854855552178690914e+00
-8.854855552178690914e+00
-8.816560278404434570e+00
-8.897070229674051589e+00
-8.897070229674051589e+00
-8.897070229674051589e+00
-8.891715485260606400e+00
-8.891715485260606400e+00
-8.891715485260606400e+00
-8.896903779159419656e+00
-8.896903779159419656e+00
-8.299268106270057288e+00
-8.299268106270057288e+00
-8.337506782781986203e+00
-8.337506782781986203e+00
-8.337506782781986203e+00
-8.339736938141070866e+00
-8.409960847018668417e+00
-8.409960847018668417e+00
-8.416603178065798829e+00
-8.543016587490328106e+00
-8.522439871335960149e+00
-8.601803719805559467e+00
-8.601803719805559467e+00
-8.556676077035957562e+00
-8.523300413543028142e+00
-8.476516495102236703e+00
-8.347383789394211107e+00
-8.349114438284100714e+00
-8.349114438284100714e+00
-8.350241212039756888e+00
-8.387049336219288165e+00
-8.387049336219288165e+00
-8.387049336219288165e+00
-8.353916752415656788e+00
-8.390359071137694968e+00
-8.390359071137694968e+00
-8.359831024084341422e+00
-8.377435387202897488e+00
-8.366561368567591472e+00
-8.408471622707262227e+00
-8.406176047703326049e+00
-8.406176047703326049e+00
-8.406176047703326049e+00
-8.304532513981369490e+00
-8.346623922937673967e+00
-8.346623922937673967e+00
-8.313031030288241752e+00
-8.318017323976588884e+00
-8.674409953350945557e+00
-8.414288224962959362e+00
-8.498194014249982331e+00
-8.478463935794186668e+00
-8.478463935794186668e+00
-8.510485190975513703e+00
-8.510485190975513703e+00
-8.489292064711181141e+00
-8.485848514385750718e+00
-8.644697125807089932e+00
-8.608080464884359628e+00
-8.457230458029201259e+00
-8.457230458029201259e+00
-8.436509479866169059e+00
-8.431649857422113925e+00
-8.431649857422113925e+00
-8.360675121110324071e+00
-8.314506830390010705e+00
-8.319717518142329737e+00
-8.315643286395232536e+00
-8.490988574076650863e+00
-8.489237789885750729e+00
-8.571668269598971435e+00
-8.571668269598971435e+00
-8.729879874422614705e+00
-8.329748993827603698e+00
-8.325234126050027328e+00
-8.394384100411295790e+00
-8.394384100411295790e+00
-8.382024966383731623e+00
-8.422443303658992519e+00
-8.400123861241489465e+00
-8.443635323877137111e+00
-8.501002657014934627e+00
-8.490334793296916871e+00
-8.490334793296916871e+00
-8.490334793296916871e+00
-8.489294526530319018e+00
-8.345848993957714512e+00
-8.287907460698297868e+00
-8.291581831303416195e+00
-8.640492897098079439e+00
-8.683579273270943588e+00
-8.664587430444655070e+00
-8.562257041214381914e+00
-8.562257041214381914e+00
-8.562257041214381914e+00
-8.562257041214381914e+00
-8.573609863284016086e+00
-8.607993576647679390e+00
-8.630674938211653213e+00
-8.630674938211653213e+00
-8.630674938211653213e+00
-8.630674938211653213e+00
-8.598619443942693508e+00
-8.598619443942693508e+00
-8.604738920864916096e+00
-8.604738920864916096e+00
-8.604738920864916096e+00
-8.604738920864916096e+00
-8.562372088354589295e+00
-8.562372088354589295e+00
-8.471698088664110671e+00
-8.582195589188199136e+00
-8.582195589188199136e+00
-8.582195589188199136e+00
-8.689712047881121393e+00
-8.689712047881121393e+00
-8.689712047881121393e+00
-8.689712047881121393e+00
-8.663853231432430135e+00
-8.620408873600778676e+00
-8.620408873600778676e+00
-8.620408873600778676e+00
-8.612558491538671035e+00
-8.612558491538671035e+00
-8.612558491538671035e+00
-8.633954364024203798e+00
-8.575320499417927067e+00
-8.564720379570024633e+00
-8.577323396811193490e+00
-8.651649236630772677e+00
-8.651649236630772677e+00
-8.663216186253947626e+00
-8.663216186253947626e+00
-8.678109434110250930e+00
-8.678109434110250930e+00
-8.678109434110250930e+00
-8.695193264686070123e+00
-8.695193264686070123e+00
-8.618400332828196397e+00
-8.618400332828196397e+00
-8.591857409010787094e+00
-8.591857409010787094e+00
-8.585001165343753016e+00
-8.644890066717266564e+00
-8.644890066717266564e+00
-8.644890066717266564e+00
-8.668590047267105803e+00
-8.678701260309651389e+00
-8.630760589388630777e+00
-8.630760589388630777e+00
-8.630760589388630777e+00
-8.630760589388630777e+00
-8.630760589388630777e+00
-8.630760589388630777e+00
-8.518528711872649595e+00
-8.535198636456163612e+00
-8.615588962717115606e+00
-8.615588962717115606e+00
-8.615588962717115606e+00
-8.719040832163031496e+00
-8.719040832163031496e+00
-8.567257601833921044e+00
-8.567257601833921044e+00
-8.567257601833921044e+00
-8.566489796965306880e+00
-8.566489796965306880e+00
-8.438682463099439701e+00
-8.438682463099439701e+00
-8.299136426197568639e+00
-8.417887287913972116e+00
-8.457959099062620112e+00
-8.466203369160783865e+00
-8.466203369160783865e+00
-8.466203369160783865e+00
-8.466203369160783865e+00
-8.425892352074736635e+00
-8.425892352074736635e+00
-8.425892352074736635e+00
-8.425892352074736635e+00
-8.425892352074736635e+00
-8.383207937551881983e+00
-8.330803865242945250e+00
-8.330803865242945250e+00
-8.330803865242945250e+00
-8.330803865242945250e+00
-8.330803865242945250e+00
-8.404637346171890400e+00
-8.406342886758205069e+00
-8.406342886758205069e+00
-8.406342886758205069e+00
-8.406342886758205069e+00
-8.406342886758205069e+00
-8.406342886758205069e+00
-8.425411854648995558e+00
-8.416336577121359852e+00
-8.416748633996297357e+00
-8.416748633996297357e+00
-8.322042090928972513e+00
-8.322042090928972513e+00
-8.322042090928972513e+00
-8.482012514751170684e+00
-8.482012514751170684e+00
-8.467743048080455637e+00
-8.467743048080455637e+00
-8.510746415857511238e+00
-8.510746415857511238e+00
-8.510746415857511238e+00
-8.510746415857511238e+00
-8.510746415857511238e+00
-8.510746415857511238e+00
-8.510746415857511238e+00
-8.510746415857511238e+00
-8.311648055393094481e+00
-8.311648055393094481e+00
-8.311648055393094481e+00
-8.311648055393094481e+00
-8.311648055393094481e+00
-8.311648055393094481e+00
-8.314362350280669389e+00
-8.314362350280669389e+00
-8.314362350280669389e+00
-8.481184365481633236e+00
-8.540224192910431000e+00
-8.540224192910431000e+00
-8.454214540335099670e+00
-8.502212462317494612e+00
-8.502212462317494612e+00
-8.212030590178494904e+00
-8.213817274339231034e+00
-8.243213421448002620e+00
-8.550803840065061223e+00
-8.545139462182360646e+00
-8.467492800847555401e+00
-8.467492800847555401e+00
-8.467492800847555401e+00
-8.467492800847555401e+00
-8.380552653786887518e+00
-8.380552653786887518e+00
-8.380552653786887518e+00
-8.380552653786887518e+00
-8.380552653786887518e+00
-8.433000948484760784e+00
-8.420403921460058783e+00
-8.445659801982902337e+00
-8.478066482777755652e+00
-8.478066482777755652e+00
-8.478066482777755652e+00
-8.489321356110378858e+00
-8.452885404252302948e+00
-8.452885404252302948e+00
-8.379698554332655647e+00
-8.379698554332655647e+00
-8.382171160293358625e+00
-8.382171160293358625e+00
-8.382171160293358625e+00
-8.382171160293358625e+00
-8.382171160293358625e+00
-8.300940267518811311e+00
-8.300940267518811311e+00
-8.373505932919425021e+00
-8.373505932919425021e+00
-8.400029947513578676e+00
-8.400029947513578676e+00
-8.400029947513578676e+00
-8.400029947513578676e+00
-8.400029947513578676e+00
-8.359433451959409567e+00
-8.359433451959409567e+00
-8.427831591884050511e+00
-8.450158630322940567e+00
-8.450158630322940567e+00
-8.366805708021445298e+00
-8.731923728894779302e+00
-8.695750473486647536e+00
-8.798184212865130860e+00
-8.789221107231135477e+00
-8.747850846833738814e+00
-8.838851085464408897e+00
-8.862087921864365114e+00
-8.787651922336440435e+00
-8.787651922336440435e+00
-8.678221013183506471e+00
-8.744092864911012342e+00
-8.744092864911012342e+00
-8.744092864911012342e+00
-8.747490690118741696e+00
-8.775070915596570487e+00
-8.689718512023970831e+00
-8.710455726164303414e+00
-8.681063568469172154e+00
-8.681063568469172154e+00
-8.677928974528329675e+00
-8.677928974528329675e+00
-8.677928974528329675e+00
-8.663482087369443363e+00
-8.680475219820749544e+00
-8.676406125511988421e+00
-8.676406125511988421e+00
-8.582353684703157626e+00
-8.582353684703157626e+00
-8.551287927474719552e+00
-8.551287927474719552e+00
-8.551287927474719552e+00
-8.551287927474719552e+00
-8.551287927474719552e+00
-8.589303486688214306e+00
-8.589303486688214306e+00
-8.589303486688214306e+00
-8.654679276980539626e+00
-8.654679276980539626e+00
-8.654679276980539626e+00
-8.654679276980539626e+00
-8.638220762163554056e+00
-8.557976698542557159e+00
-8.533511048949401712e+00
-8.533511048949401712e+00
-8.533511048949401712e+00
-8.590583137327330476e+00
-8.592622997599312029e+00
-8.592622997599312029e+00
-8.634697088847723023e+00
-8.634697088847723023e+00
-8.634697088847723023e+00
-8.688090936747213888e+00
-8.742441274488527370e+00
-8.764677931436912317e+00
-8.738101185136649462e+00
-8.748299911811217910e+00
-8.743700527703341052e+00
-8.743700527703341052e+00
-8.674245341031156187e+00
-8.674245341031156187e+00
-8.867580872028083760e+00
-8.857329239035914625e+00
-8.857329239035914625e+00
-8.857329239035914625e+00
-8.757775754632165288e+00
-8.757775754632165288e+00
-8.648651596677179754e+00
-8.645812435898365678e+00
-8.646361101092635337e+00
-8.643857241915602785e+00
-8.675825976104857062e+00
-8.678970945502332057e+00
-8.684800273098005619e+00
-8.684800273098005619e+00
-8.684800273098005619e+00
-8.684800273098005619e+00
-8.684800273098005619e+00
-8.749568417979036283e+00
-8.716264064502317055e+00
-8.716264064502317055e+00
-8.700487329740997922e+00
-8.696494282584897206e+00
-8.677817563906826237e+00
-8.428405419725351067e+00
-8.428405419725351067e+00
-8.362592275707720901e+00
-8.282931626862220398e+00
-8.559944023318493578e+00
-8.585178870609800228e+00
-8.420090286867493390e+00
-8.420090286867493390e+00
-8.399469509969366143e+00
-8.399469509969366143e+00
-8.399469509969366143e+00
-8.399469509969366143e+00
-8.399469509969366143e+00
-8.399469509969366143e+00
-8.438892322032522486e+00
-8.438892322032522486e+00
-8.363560006030699157e+00
-8.438773710040150533e+00
-8.447436877382580533e+00
-8.330855722694993304e+00
-8.489741115542168259e+00
-8.489741115542168259e+00
-8.442953314449381352e+00
-8.318675876506885558e+00
-8.487402875925283752e+00
-8.487402875925283752e+00
-8.555468441563192528e+00
-8.555468441563192528e+00
-8.365623839493455449e+00
-8.364436794062349634e+00
-8.364436794062349634e+00
-8.354760930118036555e+00
-8.368034295778155496e+00
-8.368034295778155496e+00
-8.458787815999707860e+00
-8.467393586563899177e+00
-8.467393586563899177e+00
-8.467393586563899177e+00
-8.467393586563899177e+00
-8.501111107536226896e+00
-8.501111107536226896e+00
-8.482881119362437161e+00
-8.482881119362437161e+00
-8.482881119362437161e+00
-8.482881119362437161e+00
-8.909833666571099542e+00
-8.907583205871210552e+00
-8.907583205871210552e+00
-8.832937698670821902e+00
-8.840040674959244171e+00
-8.831156433417588048e+00
-8.831156433417588048e+00
-8.831156433417588048e+00
-8.402147202423513761e+00
-8.402147202423513761e+00
-8.402147202423513761e+00
-8.402147202423513761e+00
-8.711639709530249576e+00
-8.711639709530249576e+00
-8.596459810786374334e+00
-8.603380247129097214e+00
-8.630832947758733553e+00
-8.636225518661808209e+00
-8.599319504896392630e+00
-8.637693526411657885e+00
-8.637693526411657885e+00
-8.637693526411657885e+00
-8.255839829842541278e+00
-8.255839829842541278e+00
-8.440013238835778253e+00
-8.576777465174089343e+00
-8.576777465174089343e+00
-8.576777465174089343e+00
-8.568622980423207025e+00
-8.660326995293448960e+00
-8.660326995293448960e+00
-8.660326995293448960e+00
-8.646415759961126213e+00
-8.674256347881039275e+00
-8.609145843817961108e+00
-8.609145843817961108e+00
-8.573636855491647779e+00
-8.595754248263325792e+00
-8.551907728099056527e+00
-8.551103252680061217e+00
-8.551103252680061217e+00
-8.551103252680061217e+00
-8.551103252680061217e+00
-8.551103252680061217e+00
-8.551103252680061217e+00
-8.551103252680061217e+00
-8.569028670264428271e+00
-8.696537848250864400e+00
-8.697929900147737925e+00
-8.697929900147737925e+00
-8.697929900147737925e+00
-8.697929900147737925e+00
-8.697929900147737925e+00
-8.564180822286239447e+00
-8.564180822286239447e+00
-8.391084486617385707e+00
-8.391084486617385707e+00
-8.391084486617385707e+00
-8.391084486617385707e+00
-8.379158996005148907e+00
-8.379158996005148907e+00
-8.758769239236317006e+00
-8.613647258517014293e+00
-8.613647258517014293e+00
-8.613647258517014293e+00
-8.631115224292424060e+00
-8.631115224292424060e+00
-8.663170424480455267e+00
-8.663170424480455267e+00
-8.663170424480455267e+00
-8.524278094132277772e+00
-8.539309497776423896e+00
-8.431489897882418205e+00
-8.341560182864352413e+00
-8.388630490926246353e+00
-8.388630490926246353e+00
-8.485707978682961894e+00
-8.492367562564428596e+00
-8.492367562564428596e+00
-8.492367562564428596e+00
-8.492367562564428596e+00
-8.741006733868697864e+00
-8.800853060451375498e+00
-8.592875585978942965e+00
-8.592875585978942965e+00
-8.589212934886919726e+00
-8.589212934886919726e+00
-8.573552548421757180e+00
-8.623963325300353588e+00
-8.484239003007409963e+00
-8.719735898205350111e+00
-8.764299763331667492e+00
-8.759584031557841044e+00
-8.647436674619790153e+00
-8.647436674619790153e+00
-8.647436674619790153e+00
-8.647436674619790153e+00
-8.647436674619790153e+00
-8.647436674619790153e+00
-8.290583977498924284e+00
-8.290583977498924284e+00
-8.290583977498924284e+00
-8.290583977498924284e+00
-8.543530804605058648e+00
-8.670008831714978825e+00
-8.670008831714978825e+00
-8.675351444758032216e+00
-8.675351444758032216e+00
-8.477525784073645099e+00
-8.979247750193920297e+00
-8.979247750193920297e+00
-8.846359641989028688e+00
-8.836382854279788646e+00
-8.833726757398990159e+00
-8.875326464343157085e+00
-8.875326464343157085e+00
-8.875326464343157085e+00
-8.862779850484782784e+00
-8.750113635391558731e+00
-8.750113635391558731e+00
-8.731871953264622732e+00
-8.731871953264622732e+00
-8.771081258056799612e+00
-8.851479183000638074e+00
-8.825884923453431341e+00
-8.825884923453431341e+00
-8.785214219469485997e+00
-8.810564697856023031e+00
-8.622646779420771068e+00
-8.622646779420771068e+00
-8.622646779420771068e+00
-8.632994769639111610e+00
-8.632994769639111610e+00
-8.629612349187551601e+00
-8.629612349187551601e+00
-8.715368440818052065e+00
-8.759303476447477976e+00
-8.780168709802200766e+00
-8.780168709802200766e+00
-8.780168709802200766e+00
-8.556455576348254155e+00
-8.663043652522100402e+00
-8.663043652522100402e+00
-8.663043652522100402e+00
-8.650645274742169377e+00
-8.650645274742169377e+00
-8.650645274742169377e+00
-8.652100063301661592e+00
-8.652100063301661592e+00
-8.631459029974047681e+00
-8.628466532536481992e+00
-8.639254667808923926e+00
-8.565837093870213081e+00
-8.565837093870213081e+00
-8.565837093870213081e+00
-8.754399164055291394e+00
-8.754399164055291394e+00
-8.754399164055291394e+00
-8.754399164055291394e+00
-8.566086938594009936e+00
-8.655036721263760668e+00
-8.611927269283466302e+00
-8.611927269283466302e+00
-8.662712900342587119e+00
-8.662712900342587119e+00
-8.662712900342587119e+00
-8.662712900342587119e+00
-8.513056589069131874e+00
-8.513056589069131874e+00
-8.594393704978472215e+00
-8.594393704978472215e+00
-8.552839493675184812e+00
-8.749403412182466866e+00
-8.612609837804001245e+00
-8.578072344464539256e+00
-8.578072344464539256e+00
-8.578072344464539256e+00
-8.578072344464539256e+00
-8.578072344464539256e+00
-8.558235478794028239e+00
-8.571816294877457665e+00
-8.658026380365575037e+00
-8.658026380365575037e+00
-8.565029092460058280e+00
-8.554766406098496034e+00
-8.554766406098496034e+00
-8.554766406098496034e+00
-8.554766406098496034e+00
-8.494616454960429053e+00
-8.494616454960429053e+00
-8.531400212663058369e+00
-8.531400212663058369e+00
-8.490889406116865601e+00
-8.490889406116865601e+00
-8.490889406116865601e+00
-8.490889406116865601e+00
-8.785991372615955086e+00
-8.785991372615955086e+00
-8.741930329777542141e+00
-8.741930329777542141e+00
-8.741930329777542141e+00
-8.741930329777542141e+00
-8.741930329777542141e+00
-8.741930329777542141e+00
-8.741930329777542141e+00
-8.741930329777542141e+00
-8.741930329777542141e+00
-8.707570994679107557e+00
-8.707570994679107557e+00
-8.710415121455099552e+00
-8.973770320610741535e+00
-8.973770320610741535e+00
-8.973770320610741535e+00
-8.973770320610741535e+00
-8.973770320610741535e+00
-8.791094360482189174e+00
-8.791094360482189174e+00
-8.803704113138332232e+00
-8.826154269547082265e+00
-8.786620478716987037e+00
-8.786620478716987037e+00
-8.786620478716987037e+00
-8.786620478716987037e+00
-8.786620478716987037e+00
-8.786620478716987037e+00
-8.786620478716987037e+00
-8.675263065635045123e+00
-8.713728759936076429e+00
-8.713728759936076429e+00
-8.713728759936076429e+00
-8.862492452167606061e+00
-8.862492452167606061e+00
-8.862492452167606061e+00
-8.841773348092583973e+00
-8.751817284119699281e+00
-8.737478874599474921e+00
-8.752973397877738648e+00
-8.761114872365146411e+00
-8.588420127520285163e+00
-8.562407380431816151e+00
-8.786909138497827954e+00
-8.786909138497827954e+00
-8.810955853751796241e+00
-8.943060933124597156e+00
-8.943060933124597156e+00
-8.943060933124597156e+00
-8.923392388040033651e+00
-8.923392388040033651e+00
-8.861391077978955977e+00
-8.861391077978955977e+00
-8.861391077978955977e+00
-8.872666913547734069e+00
-8.872666913547734069e+00
-8.779602114742088403e+00
-8.779602114742088403e+00
-8.779602114742088403e+00
-8.682552544038358633e+00
-8.921292063116993631e+00
-8.921292063116993631e+00
-8.796906585696962821e+00
-8.661174578375540278e+00
-8.661174578375540278e+00
-8.661174578375540278e+00
-8.670242022634914392e+00
-8.670242022634914392e+00
-8.670242022634914392e+00
-8.500847146632795059e+00
-8.500847146632795059e+00
-8.500847146632795059e+00
-8.500847146632795059e+00
-8.500847146632795059e+00
-8.520109491529881396e+00
-8.610935227987589258e+00
-8.551250210700811039e+00
-8.551250210700811039e+00
-8.551250210700811039e+00
-8.466927303220201040e+00
-8.473505950325241898e+00
-8.542315940881994862e+00
-8.542315940881994862e+00
-8.542315940881994862e+00
-8.542315940881994862e+00
-8.675971518978682795e+00
-8.675971518978682795e+00
-8.675971518978682795e+00
-8.672154799998722297e+00
-8.629999103927630699e+00
-8.629999103927630699e+00
-8.629999103927630699e+00
-8.683145480617548984e+00
-8.683145480617548984e+00
-8.588114158408847842e+00
-8.548000687034233991e+00
-8.541642261240792067e+00
-8.541282614437561094e+00
-8.520430911753933856e+00
-8.520430911753933856e+00
-8.520430911753933856e+00
-8.520430911753933856e+00
-8.520430911753933856e+00
-8.520430911753933856e+00
-8.520430911753933856e+00
-8.520430911753933856e+00
-8.520430911753933856e+00
-8.520430911753933856e+00
-8.600226218459150473e+00
-8.503232781528305750e+00
-8.638839769852911132e+00
-8.638839769852911132e+00
-8.638839769852911132e+00
-8.631314306060360764e+00
-8.631314306060360764e+00
-8.639099242422757285e+00
-8.639099242422757285e+00
-8.622514138792029215e+00
-8.663545169496167375e+00
-8.663545169496167375e+00
-8.663545169496167375e+00
-8.663545169496167375e+00
-8.663545169496167375e+00
-8.663545169496167375e+00
-8.803604767127273689e+00
-8.791712196218838926e+00
-8.791712196218838926e+00
-8.791712196218838926e+00
-8.791712196218838926e+00
-8.791712196218838926e+00
-8.791712196218838926e+00
-8.791712196218838926e+00
-8.772788177404191146e+00
-8.772788177404191146e+00
-8.772788177404191146e+00
-8.772788177404191146e+00
-8.772788177404191146e+00
-8.781755442299262526e+00
-8.859320903955385518e+00
-8.859320903955385518e+00
-8.859320903955385518e+00
-8.852532426844257785e+00
-8.835181768608908470e+00
-8.835181768608908470e+00
-8.835181768608908470e+00
-8.835181768608908470e+00
-8.812501357819529701e+00
-8.812501357819529701e+00
-8.812501357819529701e+00
-8.812501357819529701e+00
-8.810406290082779535e+00
-8.810406290082779535e+00
-8.810406290082779535e+00
-8.820678029528156827e+00
-8.820678029528156827e+00
-8.799022321716890360e+00
-8.792355272518747711e+00
-8.832627563346646227e+00
-8.832627563346646227e+00
-8.764614728114747066e+00
-8.807396946062624465e+00
-8.807958181880465531e+00
-8.807958181880465531e+00
-8.807958181880465531e+00
-8.807958181880465531e+00
-8.807958181880465531e+00
-8.831104913758110797e+00
-8.806546040173129697e+00
-8.806546040173129697e+00
-8.806546040173129697e+00
-8.806546040173129697e+00
-8.752460140323565341e+00
-8.743939411235258419e+00
-8.743939411235258419e+00
-8.743939411235258419e+00
-8.743939411235258419e+00
-8.743939411235258419e+00
-8.743939411235258419e+00
-8.758470845032434227e+00
-8.518344395298056426e+00
-8.518344395298056426e+00
-8.518344395298056426e+00
-8.505485120188810200e+00
-8.505485120188810200e+00
-8.580208861789991204e+00
-8.582448747228230701e+00
-8.597120767357811388e+00
-8.602776616118058328e+00
-8.602776616118058328e+00
-8.602776616118058328e+00
-8.567201060307308325e+00
-8.567201060307308325e+00
-8.642023108800833242e+00
-8.642023108800833242e+00
-8.500032334610525098e+00
-8.500032334610525098e+00
-8.507277668992436759e+00
-8.565185328020984201e+00
-8.752106790980997530e+00
-8.752106790980997530e+00
-8.752106790980997530e+00
-8.752106790980997530e+00
-8.759252271403497048e+00
-8.598126843546028297e+00
-8.508274887865367120e+00
-8.508274887865367120e+00
-8.508274887865367120e+00
-8.508274887865367120e+00
-8.508274887865367120e+00
-8.508274887865367120e+00
-8.606173139013650442e+00
-8.647502707065255478e+00
-8.639677079731889364e+00
-8.639853740730641718e+00
-8.790854873257620383e+00
-8.414332300986735902e+00
-8.414332300986735902e+00
-8.414332300986735902e+00
-8.414332300986735902e+00
-8.447111314376504865e+00
-8.447111314376504865e+00
-8.447111314376504865e+00
-8.387505142110724066e+00
-8.748307472039765997e+00
-8.748307472039765997e+00
-8.748307472039765997e+00
-8.751736508545896243e+00
-8.427591404925346197e+00
-8.439817332463640298e+00
-8.439817332463640298e+00
-8.358073356537584431e+00
-8.364598858265532400e+00
-8.262235838504267349e+00
-8.262235838504267349e+00
-8.262235838504267349e+00
-8.273413254379384796e+00
-8.486397184049586429e+00
-8.486397184049586429e+00
-8.415802620555412616e+00
-8.357685194638738935e+00
-8.336300333042256483e+00
-8.315245787771317509e+00
-8.315245787771317509e+00
-8.313404512196196805e+00
-8.313404512196196805e+00
-8.294656327998735534e+00
-8.344665713157302989e+00
-8.428724470639744837e+00
-8.428724470639744837e+00
-8.428724470639744837e+00
-8.483892919876959482e+00
-8.483892919876959482e+00
-8.483892919876959482e+00
-8.501669051134960853e+00
-8.570400239419997845e+00
-8.560751102651511957e+00
-8.786265334450432007e+00
-8.714438703585862811e+00
-8.714438703585862811e+00
-8.683507050937230076e+00
-8.683507050937230076e+00
-8.683507050937230076e+00
-8.683507050937230076e+00
-8.744638205061532332e+00
-8.730740416051540720e+00
-8.730740416051540720e+00
-8.730740416051540720e+00
-8.730740416051540720e+00
-8.730740416051540720e+00
-8.755789235439955576e+00
-8.755789235439955576e+00
-8.652163994002251002e+00
-8.455794239904234288e+00
-8.432337068796510238e+00
-8.356599480482916675e+00
-8.371210714592530522e+00
-8.371210714592530522e+00
-8.492313292817938120e+00
-8.503148597217233373e+00
-8.503148597217233373e+00
-8.503148597217233373e+00
-8.503148597217233373e+00
-8.500659027746921836e+00
-8.458353361532013892e+00
-8.495064095322303999e+00
-8.491100957038520747e+00
-8.615352219840499259e+00
-8.595808652715243525e+00
-8.627283978449591828e+00
-8.654617854507639763e+00
-8.721931130899546858e+00
-8.114476998319485546e+00
-8.114476998319485546e+00
-8.813037231797324011e+00
-8.383430819964061698e+00
-8.570673527061373420e+00
-8.570673527061373420e+00
-8.552179092630327162e+00
-8.552179092630327162e+00
-8.552179092630327162e+00
-8.552179092630327162e+00
-8.608782789207063857e+00
-8.689704415281672922e+00
-8.726137388979156029e+00
-8.726137388979156029e+00
-8.726137388979156029e+00
-8.726137388979156029e+00
-8.726137388979156029e+00
-8.697787666961659170e+00
-8.697787666961659170e+00
-8.697787666961659170e+00
-8.515863025569482048e+00
-8.515863025569482048e+00
-8.515863025569482048e+00
-8.658235635274714070e+00
-8.658235635274714070e+00
-8.658235635274714070e+00
-8.658235635274714070e+00
-8.676835089896538733e+00
-8.623396097041750252e+00
-8.681576964438288968e+00
-8.681576964438288968e+00
-8.681576964438288968e+00
-8.681576964438288968e+00
-8.681576964438288968e+00
-8.681576964438288968e+00
-8.664915185717688928e+00
-8.525882607835248095e+00
-8.525882607835248095e+00
-8.525882607835248095e+00
-8.558311677091817060e+00
-8.610952535082875059e+00
-8.610952535082875059e+00
-8.610952535082875059e+00
-8.670458540930047420e+00
-8.670458540930047420e+00
