# Variable: dg_gbvi_00000461
# Sample shape: (1000,)
# Date: 2013-03-07 22:55:07.991752
-1.905204400688965904e+00
-1.905204400688965904e+00
-1.912697944974781850e+00
-1.498341671474713976e+00
-1.788386613389094437e+00
-1.516410627636090913e+00
-1.506187126332107828e+00
-1.506187126332107828e+00
-1.416248691856250685e+00
-1.258107259337595041e+00
-1.258107259337595041e+00
-1.258107259337595041e+00
-1.364818135414582079e+00
-1.122195661570570380e+00
-1.122195661570570380e+00
-1.122195661570570380e+00
-1.122195661570570380e+00
-1.122195661570570380e+00
-1.168728562363600565e+00
-1.168728562363600565e+00
-1.168728562363600565e+00
-1.216402579361887337e+00
-1.216402579361887337e+00
-1.216402579361887337e+00
-1.216402579361887337e+00
-1.216402579361887337e+00
-1.257984667498804665e+00
-1.257984667498804665e+00
-1.429823615355858335e+00
-1.429823615355858335e+00
-1.521025904485444169e+00
-1.521025904485444169e+00
-1.374575676226762466e+00
-1.374575676226762466e+00
-1.374575676226762466e+00
-1.374575676226762466e+00
-1.497324151606437281e+00
-1.497324151606437281e+00
-1.497324151606437281e+00
-1.504840971544218142e+00
-1.504840971544218142e+00
-1.504840971544218142e+00
-1.504840971544218142e+00
-1.504840971544218142e+00
-1.504840971544218142e+00
-1.504840971544218142e+00
-1.504840971544218142e+00
-1.480297151446469561e+00
-1.480297151446469561e+00
-1.480297151446469561e+00
-1.480297151446469561e+00
-1.498760008499681939e+00
-1.498760008499681939e+00
-1.351069103147437334e+00
-1.351069103147437334e+00
-1.492582650543212930e+00
-1.492582650543212930e+00
-1.492582650543212930e+00
-1.483529581445885093e+00
-1.483529581445885093e+00
-1.483529581445885093e+00
-1.483529581445885093e+00
-1.483529581445885093e+00
-1.483529581445885093e+00
-1.465565035057733612e+00
-1.495674383782300332e+00
-1.495674383782300332e+00
-1.495674383782300332e+00
-1.495674383782300332e+00
-1.495674383782300332e+00
-1.495674383782300332e+00
-1.495674383782300332e+00
-1.465784866553653254e+00
-1.465784866553653254e+00
-1.465784866553653254e+00
-1.465784866553653254e+00
-1.465784866553653254e+00
-1.465784866553653254e+00
-1.465784866553653254e+00
-1.570131206621249609e+00
-1.570131206621249609e+00
-1.570131206621249609e+00
-1.580208075244520893e+00
-1.580208075244520893e+00
-1.580208075244520893e+00
-1.580208075244520893e+00
-1.548480201584016669e+00
-1.548480201584016669e+00
-1.607910089755657301e+00
-1.607910089755657301e+00
-1.359954229146496996e+00
-1.359954229146496996e+00
-1.359954229146496996e+00
-1.359705480516244069e+00
-1.369233347075281104e+00
-1.369233347075281104e+00
-1.375436656162890570e+00
-1.375436656162890570e+00
-1.375436656162890570e+00
-1.375436656162890570e+00
-1.375436656162890570e+00
-1.576065190300588004e+00
-1.576065190300588004e+00
-1.407996923922766319e+00
-1.407996923922766319e+00
-1.407996923922766319e+00
-1.638728478561618074e+00
-1.638728478561618074e+00
-1.638728478561618074e+00
-1.638728478561618074e+00
-1.638728478561618074e+00
-1.638728478561618074e+00
-1.638728478561618074e+00
-1.453891342748526938e+00
-1.481327272523761618e+00
-1.481327272523761618e+00
-1.481327272523761618e+00
-1.481327272523761618e+00
-1.372767071138475847e+00
-1.372767071138475847e+00
-1.548956634645926478e+00
-1.548956634645926478e+00
-1.548956634645926478e+00
-1.530009294033651379e+00
-1.530009294033651379e+00
-1.328534571430078914e+00
-1.328534571430078914e+00
-1.328534571430078914e+00
-1.323129886654185405e+00
-1.340449360406131829e+00
-1.340449360406131829e+00
-1.389280327307612195e+00
-1.389280327307612195e+00
-1.389280327307612195e+00
-1.366811881788267291e+00
-1.366811881788267291e+00
-1.349841523729387482e+00
-1.317787750901451949e+00
-1.317787750901451949e+00
-1.456082589488185253e+00
-1.498084871744597368e+00
-1.473543076284861364e+00
-1.505318333861298319e+00
-1.505318333861298319e+00
-1.438136889286034226e+00
-1.657841787657227339e+00
-1.657841787657227339e+00
-1.437697007976027175e+00
-1.526743776016954435e+00
-1.519171268139589026e+00
-1.519171268139589026e+00
-1.519171268139589026e+00
-1.519171268139589026e+00
-1.585422254899802708e+00
-1.585422254899802708e+00
-1.604669312494545919e+00
-1.604669312494545919e+00
-1.604669312494545919e+00
-1.604669312494545919e+00
-1.517999175921394661e+00
-1.517999175921394661e+00
-1.517999175921394661e+00
-1.517999175921394661e+00
-1.517999175921394661e+00
-1.698107657768563206e+00
-1.698107657768563206e+00
-1.698107657768563206e+00
-1.698107657768563206e+00
-1.698107657768563206e+00
-1.530194833851618030e+00
-1.530194833851618030e+00
-1.562249827054450479e+00
-1.562249827054450479e+00
-1.562249827054450479e+00
-1.562249827054450479e+00
-1.562249827054450479e+00
-1.562249827054450479e+00
-1.562249827054450479e+00
-1.496851612246585805e+00
-1.496851612246585805e+00
-1.496851612246585805e+00
-1.496851612246585805e+00
-1.496851612246585805e+00
-1.496851612246585805e+00
-1.496851612246585805e+00
-1.496851612246585805e+00
-1.437641820153976902e+00
-1.437641820153976902e+00
-1.437641820153976902e+00
-1.437641820153976902e+00
-1.437641820153976902e+00
-1.437641820153976902e+00
-1.547690833932772181e+00
-1.547690833932772181e+00
-1.544400150461347820e+00
-1.609320010160419701e+00
-1.384507841386803051e+00
-1.384507841386803051e+00
-1.444090775561460260e+00
-1.444090775561460260e+00
-1.444090775561460260e+00
-1.444090775561460260e+00
-1.444090775561460260e+00
-1.532091915517231673e+00
-1.532091915517231673e+00
-1.532091915517231673e+00
-1.532091915517231673e+00
-1.532091915517231673e+00
-1.532091915517231673e+00
-1.532091915517231673e+00
-1.573912127240275849e+00
-1.573912127240275849e+00
-1.573912127240275849e+00
-1.695993957545210762e+00
-1.695993957545210762e+00
-1.695993957545210762e+00
-1.695993957545210762e+00
-1.695993957545210762e+00
-1.695993957545210762e+00
-1.695993957545210762e+00
-1.695993957545210762e+00
-1.695993957545210762e+00
-1.707634507956076853e+00
-1.707634507956076853e+00
-1.707634507956076853e+00
-1.707634507956076853e+00
-1.707634507956076853e+00
-1.707634507956076853e+00
-1.707634507956076853e+00
-1.707634507956076853e+00
-1.707634507956076853e+00
-1.703679440420039493e+00
-1.703679440420039493e+00
-1.703679440420039493e+00
-1.703679440420039493e+00
-1.703679440420039493e+00
-1.683586209281896950e+00
-1.683586209281896950e+00
-1.725934717588673895e+00
-1.725934717588673895e+00
-1.725934717588673895e+00
-1.725934717588673895e+00
-1.518868303995150937e+00
-1.518868303995150937e+00
-1.518868303995150937e+00
-1.518868303995150937e+00
-1.518868303995150937e+00
-1.518868303995150937e+00
-1.518868303995150937e+00
-1.518868303995150937e+00
-1.518868303995150937e+00
-1.518868303995150937e+00
-1.518868303995150937e+00
-1.518868303995150937e+00
-1.463732098108830648e+00
-1.463732098108830648e+00
-1.463732098108830648e+00
-1.463732098108830648e+00
-1.463732098108830648e+00
-1.463732098108830648e+00
-1.561684049647239059e+00
-1.561684049647239059e+00
-1.561684049647239059e+00
-1.561684049647239059e+00
-1.548272177755859014e+00
-1.548272177755859014e+00
-1.548272177755859014e+00
-1.548272177755859014e+00
-1.548272177755859014e+00
-1.474973920827981289e+00
-1.474973920827981289e+00
-1.474973920827981289e+00
-1.474973920827981289e+00
-1.474973920827981289e+00
-1.474973920827981289e+00
-1.474973920827981289e+00
-1.474973920827981289e+00
-1.474973920827981289e+00
-1.474973920827981289e+00
-1.474973920827981289e+00
-1.474973920827981289e+00
-1.474973920827981289e+00
-1.474973920827981289e+00
-1.474973920827981289e+00
-1.474973920827981289e+00
-1.488916494060646745e+00
-1.488916494060646745e+00
-1.488916494060646745e+00
-1.572375565995215441e+00
-1.572375565995215441e+00
-1.572375565995215441e+00
-1.553069508456984327e+00
-1.528868814503013152e+00
-1.528868814503013152e+00
-1.528868814503013152e+00
-1.538136044644651257e+00
-1.538136044644651257e+00
-1.477328104629154648e+00
-1.447947929553018431e+00
-1.447947929553018431e+00
-1.447947929553018431e+00
-1.447947929553018431e+00
-1.447947929553018431e+00
-1.447947929553018431e+00
-1.447947929553018431e+00
-1.447947929553018431e+00
-1.447947929553018431e+00
-1.447947929553018431e+00
-1.542700399420531721e+00
-1.539737334073916442e+00
-1.539737334073916442e+00
-1.543948101234877690e+00
-1.543948101234877690e+00
-1.543948101234877690e+00
-1.543948101234877690e+00
-1.568623225658154929e+00
-1.568623225658154929e+00
-1.551437812954352458e+00
-1.551437812954352458e+00
-1.564740622774746681e+00
-1.564740622774746681e+00
-1.564740622774746681e+00
-1.564740622774746681e+00
-1.564740622774746681e+00
-1.546640126501346524e+00
-1.546640126501346524e+00
-1.540482393195721667e+00
-1.540482393195721667e+00
-1.540482393195721667e+00
-1.540482393195721667e+00
-1.540482393195721667e+00
-1.540482393195721667e+00
-1.540482393195721667e+00
-1.540482393195721667e+00
-1.540482393195721667e+00
-1.555212491617818937e+00
-1.675530956260999238e+00
-1.675530956260999238e+00
-1.226349321075102194e+00
-1.629097551125419541e+00
-1.436227859940781171e+00
-1.436227859940781171e+00
-1.429641021931347122e+00
-1.399238702158144720e+00
-1.454852117708526515e+00
-1.454852117708526515e+00
-1.400150333418369808e+00
-1.400150333418369808e+00
-1.400150333418369808e+00
-1.400150333418369808e+00
-1.400150333418369808e+00
-1.400150333418369808e+00
-1.418314947732862707e+00
-1.379443543651129422e+00
-1.379443543651129422e+00
-1.490303718553424694e+00
-1.490303718553424694e+00
-1.490303718553424694e+00
-1.473546326254834504e+00
-1.473546326254834504e+00
-1.473546326254834504e+00
-1.396313944586311528e+00
-1.487158434253120776e+00
-1.487158434253120776e+00
-1.487158434253120776e+00
-1.487158434253120776e+00
-1.487158434253120776e+00
-1.446549938216783682e+00
-1.446549938216783682e+00
-1.446549938216783682e+00
-1.446549938216783682e+00
-1.446549938216783682e+00
-1.529922383843385747e+00
-1.529922383843385747e+00
-1.529922383843385747e+00
-1.529922383843385747e+00
-1.529922383843385747e+00
-1.529922383843385747e+00
-1.529922383843385747e+00
-1.442954081309269165e+00
-1.442954081309269165e+00
-1.442954081309269165e+00
-1.442954081309269165e+00
-1.442954081309269165e+00
-1.442954081309269165e+00
-1.442954081309269165e+00
-1.442954081309269165e+00
-1.442954081309269165e+00
-1.442954081309269165e+00
-1.442954081309269165e+00
-1.442954081309269165e+00
-1.442954081309269165e+00
-1.432384269901170848e+00
-1.432384269901170848e+00
-1.486328015881008602e+00
-1.462000664448233955e+00
-1.462000664448233955e+00
-1.462000664448233955e+00
-1.462000664448233955e+00
-1.445708031121273995e+00
-1.391484449721931194e+00
-1.391484449721931194e+00
-1.391484449721931194e+00
-1.391484449721931194e+00
-1.391484449721931194e+00
-1.430513948412433178e+00
-1.430513948412433178e+00
-1.433428013340940943e+00
-1.420129542269878753e+00
-1.420129542269878753e+00
-1.436833071340231305e+00
-1.436833071340231305e+00
-1.436833071340231305e+00
-1.436833071340231305e+00
-1.436833071340231305e+00
-1.436833071340231305e+00
-1.436833071340231305e+00
-1.436833071340231305e+00
-1.436833071340231305e+00
-1.417596087548468553e+00
-1.396452044668337500e+00
-1.396452044668337500e+00
-1.632189074251212402e+00
-1.632189074251212402e+00
-1.632189074251212402e+00
-1.632189074251212402e+00
-1.632189074251212402e+00
-1.632189074251212402e+00
-1.647596169478460881e+00
-1.647596169478460881e+00
-1.538969570487012550e+00
-1.538969570487012550e+00
-1.538969570487012550e+00
-1.538969570487012550e+00
-1.538969570487012550e+00
-1.538969570487012550e+00
-1.538969570487012550e+00
-1.538969570487012550e+00
-1.538969570487012550e+00
-1.538969570487012550e+00
-1.538969570487012550e+00
-1.538969570487012550e+00
-1.538969570487012550e+00
-1.538969570487012550e+00
-1.492378776491352532e+00
-1.465598913916101642e+00
-1.465598913916101642e+00
-1.465598913916101642e+00
-1.465598913916101642e+00
-1.465598913916101642e+00
-1.465598913916101642e+00
-1.370395779523997160e+00
-1.370395779523997160e+00
-1.370395779523997160e+00
-1.370395779523997160e+00
-1.370395779523997160e+00
-1.370395779523997160e+00
-1.376735479444032961e+00
-1.376735479444032961e+00
-1.376735479444032961e+00
-1.376735479444032961e+00
-1.553391807627096721e+00
-1.553391807627096721e+00
-1.457879365409133321e+00
-1.457879365409133321e+00
-1.457879365409133321e+00
-1.457879365409133321e+00
-1.457879365409133321e+00
-1.457879365409133321e+00
-1.457879365409133321e+00
-1.472370893234808298e+00
-1.509100404051874511e+00
-1.463159965487059289e+00
-1.463159965487059289e+00
-1.463159965487059289e+00
-1.463159965487059289e+00
-1.463159965487059289e+00
-1.463159965487059289e+00
-1.463159965487059289e+00
-1.463159965487059289e+00
-1.463159965487059289e+00
-1.463159965487059289e+00
-1.498958209800876684e+00
-1.498958209800876684e+00
-1.526853065140570287e+00
-1.526853065140570287e+00
-1.554403827723222609e+00
-1.554403827723222609e+00
-1.554403827723222609e+00
-1.554403827723222609e+00
-1.554403827723222609e+00
-1.601879200715732976e+00
-1.595903994442637863e+00
-1.595903994442637863e+00
-1.595903994442637863e+00
-1.554641114059625018e+00
-1.602795470580608228e+00
-1.602795470580608228e+00
-1.602795470580608228e+00
-1.532402593895713094e+00
-1.532402593895713094e+00
-1.515625931234793722e+00
-1.515625931234793722e+00
-1.499153548535101743e+00
-1.499153548535101743e+00
-1.499153548535101743e+00
-1.499153548535101743e+00
-1.499153548535101743e+00
-1.499153548535101743e+00
-1.499153548535101743e+00
-1.499153548535101743e+00
-1.499153548535101743e+00
-1.499153548535101743e+00
-1.499153548535101743e+00
-1.490546434543351895e+00
-1.497481005910731744e+00
-1.497481005910731744e+00
-1.497481005910731744e+00
-1.497481005910731744e+00
-1.497481005910731744e+00
-1.497481005910731744e+00
-1.497481005910731744e+00
-1.497481005910731744e+00
-1.497481005910731744e+00
-1.497481005910731744e+00
-1.497481005910731744e+00
-1.438073618925264308e+00
-1.438073618925264308e+00
-1.467053777412690607e+00
-1.467053777412690607e+00
-1.467053777412690607e+00
-1.467053777412690607e+00
-1.467053777412690607e+00
-1.467053777412690607e+00
-1.473987833591501539e+00
-1.473987833591501539e+00
-1.473987833591501539e+00
-1.473987833591501539e+00
-1.548605834875788512e+00
-1.562247810438990081e+00
-1.562247810438990081e+00
-1.562247810438990081e+00
-1.562247810438990081e+00
-1.562247810438990081e+00
-1.594811773503533425e+00
-1.594811773503533425e+00
-1.594811773503533425e+00
-1.594811773503533425e+00
-1.594811773503533425e+00
-1.634129006372165627e+00
-1.634129006372165627e+00
-1.634129006372165627e+00
-1.631722754992599000e+00
-1.631722754992599000e+00
-1.555146762332257682e+00
-1.555146762332257682e+00
-1.529667843431101293e+00
-1.438387411823118134e+00
-1.651856306296159982e+00
-1.629267106604064264e+00
-1.629267106604064264e+00
-1.629267106604064264e+00
-1.629267106604064264e+00
-1.629267106604064264e+00
-1.629267106604064264e+00
-1.629267106604064264e+00
-1.629267106604064264e+00
-1.629267106604064264e+00
-1.629267106604064264e+00
-1.629267106604064264e+00
-1.595606470871086646e+00
-1.595606470871086646e+00
-1.595606470871086646e+00
-1.621198544104968997e+00
-1.621198544104968997e+00
-1.587451707484571317e+00
-1.587451707484571317e+00
-1.587451707484571317e+00
-1.587451707484571317e+00
-1.538598777704105469e+00
-1.538598777704105469e+00
-1.538598777704105469e+00
-1.538598777704105469e+00
-1.538598777704105469e+00
-1.477162284950200855e+00
-1.546183421154156301e+00
-1.546183421154156301e+00
-1.441826588968353695e+00
-1.441826588968353695e+00
-1.447597129504988755e+00
-1.402403669113451601e+00
-1.385292116743854551e+00
-1.385292116743854551e+00
-1.385292116743854551e+00
-1.508902435586442436e+00
-1.508902435586442436e+00
-1.508902435586442436e+00
-1.508902435586442436e+00
-1.559359801745991536e+00
-1.559359801745991536e+00
-1.542866934664661072e+00
-1.542866934664661072e+00
-1.542866934664661072e+00
-1.542866934664661072e+00
-1.542866934664661072e+00
-1.542866934664661072e+00
-1.542866934664661072e+00
-1.542866934664661072e+00
-1.542866934664661072e+00
-1.542866934664661072e+00
-1.542866934664661072e+00
-1.482555777781004336e+00
-1.482555777781004336e+00
-1.482555777781004336e+00
-1.489632508511537168e+00
-1.489632508511537168e+00
-1.489632508511537168e+00
-1.489632508511537168e+00
-1.542168527839910430e+00
-1.542168527839910430e+00
-1.542168527839910430e+00
-1.542168527839910430e+00
-1.529248783422765268e+00
-1.529248783422765268e+00
-1.529248783422765268e+00
-1.529248783422765268e+00
-1.529248783422765268e+00
-1.582839319146485124e+00
-1.582839319146485124e+00
-1.582839319146485124e+00
-1.582839319146485124e+00
-1.582839319146485124e+00
-1.582839319146485124e+00
-1.582839319146485124e+00
-1.582839319146485124e+00
-1.582839319146485124e+00
-1.477875915128771478e+00
-1.477875915128771478e+00
-1.477875915128771478e+00
-1.477875915128771478e+00
-1.477875915128771478e+00
-1.455132813414209414e+00
-1.455132813414209414e+00
-1.455132813414209414e+00
-1.455132813414209414e+00
-1.455132813414209414e+00
-1.451313360644826522e+00
-1.451313360644826522e+00
-1.451313360644826522e+00
-1.451313360644826522e+00
-1.451313360644826522e+00
-1.439641511184671652e+00
-1.439641511184671652e+00
-1.439641511184671652e+00
-1.439641511184671652e+00
-1.439641511184671652e+00
-1.439641511184671652e+00
-1.616553984827620916e+00
-1.616553984827620916e+00
-1.453124289494372112e+00
-1.453124289494372112e+00
-1.453124289494372112e+00
-1.453124289494372112e+00
-1.453124289494372112e+00
-1.453124289494372112e+00
-1.447318410175098657e+00
-1.447318410175098657e+00
-1.447318410175098657e+00
-1.447318410175098657e+00
-1.447318410175098657e+00
-1.447318410175098657e+00
-1.447318410175098657e+00
-1.447318410175098657e+00
-1.447318410175098657e+00
-1.281239191859425919e+00
-1.281239191859425919e+00
-1.294986557761428347e+00
-1.294986557761428347e+00
-1.294986557761428347e+00
-1.294986557761428347e+00
-1.294986557761428347e+00
-1.294986557761428347e+00
-1.340548640197664509e+00
-1.340548640197664509e+00
-1.401180592429545291e+00
-1.509128531464692502e+00
-1.445950338326971174e+00
-1.445950338326971174e+00
-1.445950338326971174e+00
-1.445950338326971174e+00
-1.445950338326971174e+00
-1.445950338326971174e+00
-1.445950338326971174e+00
-1.445950338326971174e+00
-1.546488788347766929e+00
-1.546488788347766929e+00
-1.546488788347766929e+00
-1.565668894072654194e+00
-1.565668894072654194e+00
-1.565668894072654194e+00
-1.468272882134201707e+00
-1.485409280428143575e+00
-1.485409280428143575e+00
-1.558245671843817348e+00
-1.563395826075790973e+00
-1.542441833369953663e+00
-1.542441833369953663e+00
-1.542441833369953663e+00
-1.542441833369953663e+00
-1.542441833369953663e+00
-1.556697121802193662e+00
-1.556697121802193662e+00
-1.556697121802193662e+00
-1.463680149364450678e+00
-1.463680149364450678e+00
-1.463680149364450678e+00
-1.463680149364450678e+00
-1.463680149364450678e+00
-1.463680149364450678e+00
-1.463680149364450678e+00
-1.463680149364450678e+00
-1.463680149364450678e+00
-1.463680149364450678e+00
-1.463680149364450678e+00
-1.463680149364450678e+00
-1.463680149364450678e+00
-1.463680149364450678e+00
-1.376181150684483656e+00
-1.376181150684483656e+00
-1.376181150684483656e+00
-1.396488381027272352e+00
-1.396488381027272352e+00
-1.396488381027272352e+00
-1.396488381027272352e+00
-1.396488381027272352e+00
-1.396488381027272352e+00
-1.396488381027272352e+00
-1.396488381027272352e+00
-1.488926682403394430e+00
-1.549275857283917812e+00
-1.262852701376831366e+00
-1.262852701376831366e+00
-1.262852701376831366e+00
-1.262852701376831366e+00
-1.262852701376831366e+00
-1.593065802572807721e+00
-1.593065802572807721e+00
-1.593065802572807721e+00
-1.593065802572807721e+00
-1.593065802572807721e+00
-1.593065802572807721e+00
-1.593065802572807721e+00
-1.574749703405097234e+00
-1.372448220436155220e+00
-1.372448220436155220e+00
-1.372448220436155220e+00
-1.627493014398631921e+00
-1.627493014398631921e+00
-1.627493014398631921e+00
-1.649011601117942538e+00
-1.618498074186922375e+00
-1.618498074186922375e+00
-1.618498074186922375e+00
-1.618498074186922375e+00
-1.618498074186922375e+00
-1.618498074186922375e+00
-1.618498074186922375e+00
-1.618498074186922375e+00
-1.618498074186922375e+00
-1.618498074186922375e+00
-1.618498074186922375e+00
-1.618498074186922375e+00
-1.618498074186922375e+00
-1.618498074186922375e+00
-1.540962132735848034e+00
-1.540962132735848034e+00
-1.540962132735848034e+00
-1.504848092946434956e+00
-1.504848092946434956e+00
-1.510020795137369864e+00
-1.510020795137369864e+00
-1.493198293691362810e+00
-1.535803746790855850e+00
-1.535803746790855850e+00
-1.535803746790855850e+00
-1.535803746790855850e+00
-1.535803746790855850e+00
-1.535803746790855850e+00
-1.535803746790855850e+00
-1.478417488779696365e+00
-1.478417488779696365e+00
-1.478417488779696365e+00
-1.478417488779696365e+00
-1.478417488779696365e+00
-1.478417488779696365e+00
-1.478417488779696365e+00
-1.479116912635762615e+00
-1.479116912635762615e+00
-1.479116912635762615e+00
-1.479116912635762615e+00
-1.479116912635762615e+00
-1.522387436804587102e+00
-1.574496000021516240e+00
-1.574496000021516240e+00
-1.574496000021516240e+00
-1.569935493564915685e+00
-1.486211851484229296e+00
-1.486211851484229296e+00
-1.486211851484229296e+00
-1.486211851484229296e+00
-1.486211851484229296e+00
-1.486211851484229296e+00
-1.486211851484229296e+00
-1.486211851484229296e+00
-1.484804382653730048e+00
-1.484804382653730048e+00
-1.484804382653730048e+00
-1.534369501463981988e+00
-1.534369501463981988e+00
-1.429872328780300128e+00
-1.397701235716964696e+00
-1.592030627565349743e+00
-1.592030627565349743e+00
-1.504242652062176999e+00
-1.504242652062176999e+00
-1.504242652062176999e+00
-1.504242652062176999e+00
-1.504242652062176999e+00
-1.504242652062176999e+00
-1.504242652062176999e+00
-1.504242652062176999e+00
-1.504242652062176999e+00
-1.504242652062176999e+00
-1.504242652062176999e+00
-1.504242652062176999e+00
-1.504242652062176999e+00
-1.463126836006136688e+00
-1.463126836006136688e+00
-1.463126836006136688e+00
-1.463126836006136688e+00
-1.463126836006136688e+00
-1.463126836006136688e+00
-1.478208283269429879e+00
-1.478208283269429879e+00
-1.478208283269429879e+00
-1.478208283269429879e+00
-1.469532553220715743e+00
-1.469532553220715743e+00
-1.469532553220715743e+00
-1.480378579338006872e+00
-1.480378579338006872e+00
-1.507765463649958670e+00
-1.507765463649958670e+00
-1.507765463649958670e+00
-1.495560242495242331e+00
-1.495560242495242331e+00
-1.495560242495242331e+00
-1.495560242495242331e+00
-1.495560242495242331e+00
-1.495560242495242331e+00
-1.530609678740614044e+00
-1.409881990222513926e+00
-1.409881990222513926e+00
-1.409881990222513926e+00
-1.409881990222513926e+00
-1.409881990222513926e+00
-1.409881990222513926e+00
-1.409881990222513926e+00
-1.408970653151595975e+00
-1.408970653151595975e+00
-1.408970653151595975e+00
-1.408970653151595975e+00
-1.408970653151595975e+00
-1.408970653151595975e+00
-1.573833679187619516e+00
-1.573833679187619516e+00
-1.573833679187619516e+00
-1.574687204717049704e+00
-1.594858790674480664e+00
-1.484874360386127856e+00
-1.484874360386127856e+00
-1.484874360386127856e+00
-1.484874360386127856e+00
-1.484874360386127856e+00
-1.484874360386127856e+00
-1.484874360386127856e+00
-1.484874360386127856e+00
-1.484874360386127856e+00
-1.484874360386127856e+00
-1.484874360386127856e+00
-1.501094111555418165e+00
-1.501094111555418165e+00
-1.558924205265509011e+00
-1.558924205265509011e+00
-1.558924205265509011e+00
-1.589976110764061534e+00
-1.638624858231199299e+00
-1.638624858231199299e+00
-1.638624858231199299e+00
-1.691813115003206969e+00
-1.691813115003206969e+00
-1.691813115003206969e+00
-1.692952133264417958e+00
-1.692952133264417958e+00
-1.591373004957214343e+00
-1.491362895194427329e+00
-1.491362895194427329e+00
-1.482616747034880778e+00
-1.482616747034880778e+00
-1.482616747034880778e+00
-1.618442372466020629e+00
-1.618442372466020629e+00
-1.618442372466020629e+00
-1.618442372466020629e+00
-1.618442372466020629e+00
-1.618442372466020629e+00
-1.618442372466020629e+00
-1.618442372466020629e+00
-1.618442372466020629e+00
-1.572549565722412446e+00
-1.572549565722412446e+00
-1.572549565722412446e+00
-1.572549565722412446e+00
-1.572549565722412446e+00
-1.572549565722412446e+00
-1.572549565722412446e+00
-1.572549565722412446e+00
-1.612319832808838838e+00
-1.546219770129436233e+00
-1.546219770129436233e+00
-1.546219770129436233e+00
-1.546219770129436233e+00
-1.546219770129436233e+00
-1.526702889444949252e+00
-1.526702889444949252e+00
-1.417186134070803849e+00
-1.546389594050850746e+00
-1.546389594050850746e+00
-1.529694173607228036e+00
-1.529694173607228036e+00
-1.529694173607228036e+00
-1.529694173607228036e+00
-1.581904776858520156e+00
-1.581904776858520156e+00
-1.581904776858520156e+00
-1.581904776858520156e+00
-1.569908628057260502e+00
-1.569908628057260502e+00
-1.705931600575863794e+00
-1.705931600575863794e+00
-1.705931600575863794e+00
-1.612000441380722737e+00
-1.485468151501364575e+00
-1.485468151501364575e+00
-1.497013305887162860e+00
-1.497013305887162860e+00
-1.497013305887162860e+00
-1.497013305887162860e+00
-1.497013305887162860e+00
-1.497013305887162860e+00
-1.497013305887162860e+00
-1.497777042528485758e+00
-1.497777042528485758e+00
-1.497777042528485758e+00
-1.497777042528485758e+00
-1.497777042528485758e+00
-1.497777042528485758e+00
-1.497777042528485758e+00
-1.497777042528485758e+00
-1.497777042528485758e+00
-1.497777042528485758e+00
-1.497777042528485758e+00
-1.616895194775472833e+00
-1.616895194775472833e+00
-1.616895194775472833e+00
-1.616895194775472833e+00
-1.616895194775472833e+00
-1.616895194775472833e+00
-1.616895194775472833e+00
-1.616895194775472833e+00
-1.616895194775472833e+00
-1.616895194775472833e+00
-1.616895194775472833e+00
-1.358977470132344934e+00
-1.639781357613060431e+00
-1.639781357613060431e+00
-1.639781357613060431e+00
-1.639781357613060431e+00
-1.639781357613060431e+00
-1.639781357613060431e+00
-1.639781357613060431e+00
-1.639781357613060431e+00
-1.639781357613060431e+00
-1.639781357613060431e+00
-1.639781357613060431e+00
-1.639781357613060431e+00
-1.639781357613060431e+00
-1.639781357613060431e+00
-1.577402456475188952e+00
-1.577402456475188952e+00
