# Variable: dg_gbvi_00000496
# Sample shape: (1000,)
# Date: 2013-03-07 22:55:08.418318
2.291470715436453531e+00
2.550545258932532366e+00
3.135560092868915572e+00
3.709880478066297282e+00
-6.767742280390796061e+00
-7.552041030868456239e+00
-8.173695292583209593e+00
-8.078110038286189010e+00
-3.957704909233004997e+00
-3.957704909233004997e+00
-3.278187955860749181e+00
-3.278187955860749181e+00
-3.278187955860749181e+00
-4.112113689165222574e+00
-4.309563406630837257e+00
-4.309563406630837257e+00
-4.309563406630837257e+00
-4.309563406630837257e+00
-4.339738718597336842e+00
-4.339738718597336842e+00
-4.394845127333963930e+00
-4.394845127333963930e+00
-4.394845127333963930e+00
-5.134323959771134760e+00
-4.649111291354200759e+00
-4.649111291354200759e+00
-4.649111291354200759e+00
-4.649111291354200759e+00
-4.649111291354200759e+00
-4.579815938174821355e+00
-6.984688025056565053e+00
-6.940096460985379245e+00
-6.302240565296740371e+00
-6.302240565296740371e+00
-6.302240565296740371e+00
-6.302240565296740371e+00
-6.302240565296740371e+00
-6.302240565296740371e+00
-6.302240565296740371e+00
-6.302240565296740371e+00
-6.241290723727211720e+00
-6.241290723727211720e+00
-6.241290723727211720e+00
-6.702193961412958423e+00
-6.702193961412958423e+00
-6.702193961412958423e+00
-6.666449344387495479e+00
-6.666449344387495479e+00
-6.666449344387495479e+00
-6.666449344387495479e+00
-6.978820091484402965e+00
-7.557207651403064830e+00
-7.557207651403064830e+00
-7.557207651403064830e+00
-7.557207651403064830e+00
-7.557207651403064830e+00
-7.557207651403064830e+00
-7.557207651403064830e+00
-7.468660685847487990e+00
-7.642462667272070576e+00
-7.758110677514421738e+00
-7.758110677514421738e+00
-7.758110677514421738e+00
-7.758110677514421738e+00
-7.758110677514421738e+00
-7.758110677514421738e+00
-7.758110677514421738e+00
-7.758110677514421738e+00
-7.758110677514421738e+00
-7.758110677514421738e+00
-7.758110677514421738e+00
-7.758110677514421738e+00
-7.758110677514421738e+00
-7.758110677514421738e+00
-7.758110677514421738e+00
-7.758110677514421738e+00
-7.758110677514421738e+00
-7.010712729459489978e+00
-7.010712729459489978e+00
-7.062839307450878401e+00
-7.062839307450878401e+00
-7.062839307450878401e+00
-7.063914717515101138e+00
-7.063914717515101138e+00
-7.063914717515101138e+00
-7.063914717515101138e+00
-6.948398848638805525e+00
-6.892735293237739036e+00
-7.109109552755607631e+00
-7.109109552755607631e+00
-7.109109552755607631e+00
-7.109109552755607631e+00
-7.109109552755607631e+00
-7.109109552755607631e+00
-7.109109552755607631e+00
-7.109109552755607631e+00
-7.109109552755607631e+00
-7.210634394856846541e+00
-7.210634394856846541e+00
-7.210634394856846541e+00
-7.210634394856846541e+00
-7.210634394856846541e+00
-7.210634394856846541e+00
-7.210634394856846541e+00
-7.210634394856846541e+00
-7.180641477544058127e+00
-7.180641477544058127e+00
-7.180641477544058127e+00
-7.180641477544058127e+00
-7.180641477544058127e+00
-7.180641477544058127e+00
-7.246461611293877780e+00
-7.246461611293877780e+00
-7.246461611293877780e+00
-7.246461611293877780e+00
-8.214663413287658145e+00
-7.758485032462804298e+00
-7.758485032462804298e+00
-7.758485032462804298e+00
-7.758485032462804298e+00
-7.758485032462804298e+00
-7.758485032462804298e+00
-7.701159934121149853e+00
-7.701159934121149853e+00
-8.048839806182474632e+00
-8.048839806182474632e+00
-7.639128607350909483e+00
-7.639128607350909483e+00
-7.513187767184774657e+00
-7.491594651885520761e+00
-7.491594651885520761e+00
-7.611820066292038334e+00
-7.611820066292038334e+00
-7.625884114434155592e+00
-7.625884114434155592e+00
-7.625884114434155592e+00
-7.629475777939505932e+00
-7.868409178375567414e+00
-7.868409178375567414e+00
-8.668649428472209095e+00
-7.542804763640632792e+00
-7.542804763640632792e+00
-7.542804763640632792e+00
-7.542804763640632792e+00
-7.542804763640632792e+00
-7.542804763640632792e+00
-7.481760644190647014e+00
-7.637305445118020231e+00
-7.637305445118020231e+00
-7.607662217594744369e+00
-7.607662217594744369e+00
-7.607662217594744369e+00
-7.604798870390469645e+00
-7.604798870390469645e+00
-7.604798870390469645e+00
-7.604798870390469645e+00
-8.598463077916065345e+00
-8.717058863841764094e+00
-8.664783580417497078e+00
-8.664783580417497078e+00
-8.664783580417497078e+00
-8.664783580417497078e+00
-8.664783580417497078e+00
-8.696032364265578352e+00
-8.696032364265578352e+00
-8.760626638777164743e+00
-8.760626638777164743e+00
-8.760626638777164743e+00
-8.760626638777164743e+00
-8.760626638777164743e+00
-8.760626638777164743e+00
-8.760626638777164743e+00
-8.760626638777164743e+00
-8.760626638777164743e+00
-8.760626638777164743e+00
-8.644011405725628094e+00
-8.644011405725628094e+00
-8.644011405725628094e+00
-8.616169731820930267e+00
-8.616169731820930267e+00
-8.616169731820930267e+00
-8.616169731820930267e+00
-8.616169731820930267e+00
-8.616169731820930267e+00
-8.616169731820930267e+00
-8.616169731820930267e+00
-8.616169731820930267e+00
-8.616169731820930267e+00
-8.616169731820930267e+00
-8.593742193006804087e+00
-8.593742193006804087e+00
-8.593742193006804087e+00
-8.593742193006804087e+00
-8.432086180931717578e+00
-8.350776149560589445e+00
-8.350776149560589445e+00
-8.445539196558966566e+00
-8.445539196558966566e+00
-8.445539196558966566e+00
-8.445539196558966566e+00
-8.486546169219817415e+00
-8.486546169219817415e+00
-8.486546169219817415e+00
-8.486546169219817415e+00
-8.486546169219817415e+00
-8.486546169219817415e+00
-8.486546169219817415e+00
-8.486546169219817415e+00
-8.486546169219817415e+00
-8.486546169219817415e+00
-8.652793676876740392e+00
-8.652793676876740392e+00
-8.652793676876740392e+00
-8.652793676876740392e+00
-8.680633825701507433e+00
-8.548634291364287208e+00
-8.548634291364287208e+00
-8.548634291364287208e+00
-8.548634291364287208e+00
-8.548634291364287208e+00
-8.548634291364287208e+00
-8.548634291364287208e+00
-8.594908865638975826e+00
-8.594908865638975826e+00
-8.594908865638975826e+00
-8.594908865638975826e+00
-8.594908865638975826e+00
-8.594908865638975826e+00
-8.594908865638975826e+00
-8.594908865638975826e+00
-8.594908865638975826e+00
-8.594908865638975826e+00
-8.594908865638975826e+00
-8.171145071912611968e+00
-8.171145071912611968e+00
-8.171145071912611968e+00
-8.091268632749345713e+00
-8.347044271669915361e+00
-8.347044271669915361e+00
-8.347044271669915361e+00
-8.347044271669915361e+00
-8.347044271669915361e+00
-8.347044271669915361e+00
-8.347044271669915361e+00
-8.347044271669915361e+00
-8.347044271669915361e+00
-8.347044271669915361e+00
-8.224461590822352619e+00
-8.224461590822352619e+00
-8.224461590822352619e+00
-8.224461590822352619e+00
-8.224461590822352619e+00
-8.224461590822352619e+00
-8.224461590822352619e+00
-8.258916301615759181e+00
-8.258916301615759181e+00
-8.258916301615759181e+00
-8.258916301615759181e+00
-8.258916301615759181e+00
-8.258916301615759181e+00
-8.258916301615759181e+00
-8.258916301615759181e+00
-8.260057629939513646e+00
-8.260057629939513646e+00
-7.989942031808532796e+00
-7.989942031808532796e+00
-7.989942031808532796e+00
-7.989942031808532796e+00
-7.989942031808532796e+00
-7.989942031808532796e+00
-7.989942031808532796e+00
-8.109054136583720762e+00
-8.109054136583720762e+00
-8.109054136583720762e+00
-8.109054136583720762e+00
-8.109054136583720762e+00
-8.109054136583720762e+00
-8.109054136583720762e+00
-8.109054136583720762e+00
-7.537276098840821170e+00
-7.537276098840821170e+00
-7.537276098840821170e+00
-7.537276098840821170e+00
-7.537276098840821170e+00
-7.537276098840821170e+00
-7.537276098840821170e+00
-7.537276098840821170e+00
-7.537276098840821170e+00
-7.972926684897725380e+00
-7.972926684897725380e+00
-7.972926684897725380e+00
-7.471109999729348417e+00
-7.616199178106542789e+00
-7.616199178106542789e+00
-6.792498081356553641e+00
-6.792498081356553641e+00
-6.873215712915934361e+00
-7.779610181191860541e+00
-7.779610181191860541e+00
-7.559204820825939031e+00
-7.559204820825939031e+00
-7.559204820825939031e+00
-7.559204820825939031e+00
-7.892111029656231125e+00
-7.892111029656231125e+00
-7.892111029656231125e+00
-7.892111029656231125e+00
-7.892111029656231125e+00
-7.892111029656231125e+00
-7.816218821099925940e+00
-7.884825480482215987e+00
-8.031960738608809436e+00
-8.031960738608809436e+00
-8.031960738608809436e+00
-8.031960738608809436e+00
-8.031960738608809436e+00
-8.031960738608809436e+00
-7.578640878938872838e+00
-7.578640878938872838e+00
-7.578640878938872838e+00
-7.578640878938872838e+00
-7.578640878938872838e+00
-7.578640878938872838e+00
-7.578640878938872838e+00
-7.048133729010478632e+00
-7.048133729010478632e+00
-7.245878415757785795e+00
-7.245878415757785795e+00
-7.317045200340815292e+00
-7.317045200340815292e+00
-7.317045200340815292e+00
-7.317045200340815292e+00
-7.317045200340815292e+00
-7.208390210167278767e+00
-7.208390210167278767e+00
-7.652549792779988813e+00
-7.652549792779988813e+00
-7.652549792779988813e+00
-7.652549792779988813e+00
-7.654845598130403772e+00
-7.654845598130403772e+00
-7.654845598130403772e+00
-7.630750076241749724e+00
-7.519534382078361112e+00
-7.764001513418945066e+00
-7.826213053500787886e+00
-7.626106714340178172e+00
-7.626106714340178172e+00
-7.626106714340178172e+00
-7.803087181449476439e+00
-7.803087181449476439e+00
-7.803087181449476439e+00
-7.803087181449476439e+00
-7.911823610580626109e+00
-7.911823610580626109e+00
-7.911823610580626109e+00
-7.911823610580626109e+00
-7.911823610580626109e+00
-7.911823610580626109e+00
-7.911823610580626109e+00
-7.911823610580626109e+00
-7.911823610580626109e+00
-7.911823610580626109e+00
-7.900889797173672235e+00
-7.900889797173672235e+00
-7.648195444873176818e+00
-7.648195444873176818e+00
-7.648195444873176818e+00
-7.648195444873176818e+00
-7.648195444873176818e+00
-7.648195444873176818e+00
-7.648195444873176818e+00
-7.708617425203710738e+00
-7.708617425203710738e+00
-7.708617425203710738e+00
-7.708617425203710738e+00
-7.708617425203710738e+00
-7.708617425203710738e+00
-7.708617425203710738e+00
-7.708617425203710738e+00
-7.708617425203710738e+00
-7.642141443696198522e+00
-7.642141443696198522e+00
-7.642141443696198522e+00
-7.795830167547902256e+00
-7.795830167547902256e+00
-7.795830167547902256e+00
-7.512787092563753433e+00
-7.512787092563753433e+00
-7.512787092563753433e+00
-7.512787092563753433e+00
-7.659433236795248234e+00
-7.620266748667472889e+00
-7.620266748667472889e+00
-7.620266748667472889e+00
-7.620266748667472889e+00
-7.620266748667472889e+00
-7.620266748667472889e+00
-7.620266748667472889e+00
-7.620266748667472889e+00
-7.620266748667472889e+00
-7.620266748667472889e+00
-7.620266748667472889e+00
-7.368954111535962248e+00
-7.368954111535962248e+00
-7.368954111535962248e+00
-7.368954111535962248e+00
-7.368954111535962248e+00
-7.368954111535962248e+00
-7.368954111535962248e+00
-7.368954111535962248e+00
-7.368954111535962248e+00
-7.368954111535962248e+00
-7.368954111535962248e+00
-7.368954111535962248e+00
-7.368954111535962248e+00
-7.368954111535962248e+00
-7.368954111535962248e+00
-7.368954111535962248e+00
-7.125631765630465964e+00
-7.125631765630465964e+00
-7.125631765630465964e+00
-7.125631765630465964e+00
-7.125631765630465964e+00
-7.125631765630465964e+00
-7.388244787191698748e+00
-7.388244787191698748e+00
-7.388244787191698748e+00
-7.445335854288617661e+00
-7.445335854288617661e+00
-7.445335854288617661e+00
-7.445335854288617661e+00
-7.445335854288617661e+00
-7.445335854288617661e+00
-7.445335854288617661e+00
-7.445335854288617661e+00
-7.445335854288617661e+00
-7.445335854288617661e+00
-7.242461263592324450e+00
-7.242461263592324450e+00
-7.256405355361837728e+00
-7.256405355361837728e+00
-7.256405355361837728e+00
-7.256405355361837728e+00
-7.195016104307899951e+00
-7.195016104307899951e+00
-7.195016104307899951e+00
-7.195016104307899951e+00
-7.379283826931788859e+00
-7.379283826931788859e+00
-7.379283826931788859e+00
-7.674316332441792454e+00
-7.674316332441792454e+00
-7.648328263210968814e+00
-7.648328263210968814e+00
-7.648328263210968814e+00
-7.648328263210968814e+00
-7.786806696222314805e+00
-7.786806696222314805e+00
-7.786806696222314805e+00
-7.786806696222314805e+00
-7.786806696222314805e+00
-7.786806696222314805e+00
-7.786806696222314805e+00
-7.786806696222314805e+00
-7.786806696222314805e+00
-7.786806696222314805e+00
-7.786806696222314805e+00
-7.780780298771620807e+00
-7.780780298771620807e+00
-7.573164402467014611e+00
-7.573164402467014611e+00
-7.573164402467014611e+00
-7.573164402467014611e+00
-7.573164402467014611e+00
-7.536173129664597958e+00
-7.536173129664597958e+00
-7.536173129664597958e+00
-7.536173129664597958e+00
-7.536173129664597958e+00
-7.536173129664597958e+00
-7.226646237697058162e+00
-7.226646237697058162e+00
-7.226646237697058162e+00
-7.226646237697058162e+00
-7.127467441220407096e+00
-7.230559001977164613e+00
-7.230559001977164613e+00
-7.230559001977164613e+00
-6.616423711811535213e+00
-6.616423711811535213e+00
-7.773611632033446739e+00
-7.773611632033446739e+00
-7.773611632033446739e+00
-7.773611632033446739e+00
-7.773611632033446739e+00
-7.773611632033446739e+00
-7.773611632033446739e+00
-7.773611632033446739e+00
-7.773611632033446739e+00
-7.850756045735279187e+00
-7.475791703296321700e+00
-7.475791703296321700e+00
-7.518800566704746835e+00
-7.518800566704746835e+00
-7.395367674705990879e+00
-7.395367674705990879e+00
-7.395367674705990879e+00
-7.395367674705990879e+00
-7.395367674705990879e+00
-7.395367674705990879e+00
-7.395367674705990879e+00
-7.395367674705990879e+00
-7.445853540593190267e+00
-7.445853540593190267e+00
-7.445853540593190267e+00
-7.445853540593190267e+00
-7.445853540593190267e+00
-7.445853540593190267e+00
-7.445853540593190267e+00
-7.069157266954324115e+00
-7.069157266954324115e+00
-7.069157266954324115e+00
-7.069157266954324115e+00
-7.069157266954324115e+00
-7.069157266954324115e+00
-7.069157266954324115e+00
-7.069157266954324115e+00
-8.121922152431292119e+00
-7.713194778500080062e+00
-7.713194778500080062e+00
-7.713194778500080062e+00
-7.713194778500080062e+00
-7.713194778500080062e+00
-7.902672680778215053e+00
-7.902672680778215053e+00
-7.902672680778215053e+00
-7.509786468328513820e+00
-7.509786468328513820e+00
-7.731401231719568834e+00
-7.376843098514905606e+00
-7.682390911173525794e+00
-7.682390911173525794e+00
-7.682390911173525794e+00
-7.682390911173525794e+00
-7.682390911173525794e+00
-7.682390911173525794e+00
-7.682390911173525794e+00
-8.379723001759572298e+00
-8.545010796020005017e+00
-8.545010796020005017e+00
-8.545010796020005017e+00
-8.534895028608456613e+00
-8.534895028608456613e+00
-8.534895028608456613e+00
-8.676506527998908425e+00
-8.298637234711032207e+00
-9.163766252912527221e+00
-9.163766252912527221e+00
-9.163766252912527221e+00
-8.851896519501076810e+00
-8.851896519501076810e+00
-8.851896519501076810e+00
-8.851896519501076810e+00
-8.851896519501076810e+00
-8.851896519501076810e+00
-7.824694438716590206e+00
-7.824694438716590206e+00
-7.824694438716590206e+00
-7.824694438716590206e+00
-8.573030288376301655e+00
-8.573030288376301655e+00
-8.573030288376301655e+00
-8.573030288376301655e+00
-8.573030288376301655e+00
-7.353929994253372016e+00
-8.300980875833205985e+00
-8.300980875833205985e+00
-8.300980875833205985e+00
-8.300980875833205985e+00
-8.160240239843831844e+00
-8.273519358589776829e+00
-8.273519358589776829e+00
-8.273519358589776829e+00
-8.273519358589776829e+00
-8.273519358589776829e+00
-8.273519358589776829e+00
-8.282109196255168726e+00
-8.282109196255168726e+00
-8.537403020161107747e+00
-8.537403020161107747e+00
-8.467664140873406353e+00
-8.467664140873406353e+00
-8.353179083551479422e+00
-8.353179083551479422e+00
-7.824203886260353791e+00
-7.824203886260353791e+00
-7.824203886260353791e+00
-7.824203886260353791e+00
-7.824203886260353791e+00
-7.824203886260353791e+00
-7.824203886260353791e+00
-8.065601012552976457e+00
-8.185733045996773427e+00
-8.185733045996773427e+00
-8.185733045996773427e+00
-8.185733045996773427e+00
-8.185733045996773427e+00
-8.185733045996773427e+00
-8.185733045996773427e+00
-8.185733045996773427e+00
-8.185733045996773427e+00
-8.185733045996773427e+00
-8.185733045996773427e+00
-8.185733045996773427e+00
-8.185733045996773427e+00
-8.057561657795515586e+00
-8.057561657795515586e+00
-8.057561657795515586e+00
-7.857669687948834358e+00
-7.857669687948834358e+00
-7.857669687948834358e+00
-7.857669687948834358e+00
-7.857669687948834358e+00
-7.857669687948834358e+00
-7.857669687948834358e+00
-7.857669687948834358e+00
-8.078539251520336251e+00
-7.956665869922962209e+00
-7.956665869922962209e+00
-7.956665869922962209e+00
-7.956665869922962209e+00
-7.956665869922962209e+00
-7.956665869922962209e+00
-7.956665869922962209e+00
-7.956665869922962209e+00
-7.956665869922962209e+00
-7.956665869922962209e+00
-7.956665869922962209e+00
-8.496320433051257837e+00
-8.120761799602288278e+00
-8.027027731037374991e+00
-8.027027731037374991e+00
-8.027027731037374991e+00
-8.027027731037374991e+00
-8.027027731037374991e+00
-7.844105687693379458e+00
-7.880928699141168003e+00
-7.880928699141168003e+00
-7.880928699141168003e+00
-7.561964862410621713e+00
-7.561964862410621713e+00
-7.561964862410621713e+00
-7.561964862410621713e+00
-7.561964862410621713e+00
-7.791182897486488734e+00
-7.791182897486488734e+00
-7.791182897486488734e+00
-7.791182897486488734e+00
-7.773461798393866751e+00
-7.773461798393866751e+00
-7.773461798393866751e+00
-7.773461798393866751e+00
-7.773461798393866751e+00
-7.773461798393866751e+00
-7.476027268249483271e+00
-7.476027268249483271e+00
-7.476027268249483271e+00
-7.476027268249483271e+00
-7.476027268249483271e+00
-7.476027268249483271e+00
-7.476027268249483271e+00
-7.476027268249483271e+00
-7.476027268249483271e+00
-7.476027268249483271e+00
-7.476027268249483271e+00
-7.476027268249483271e+00
-7.476027268249483271e+00
-7.476027268249483271e+00
-7.476027268249483271e+00
-7.476027268249483271e+00
-7.476027268249483271e+00
-6.958327181803126038e+00
-6.958327181803126038e+00
-6.958327181803126038e+00
-6.958327181803126038e+00
-6.958327181803126038e+00
-6.958327181803126038e+00
-6.958327181803126038e+00
-6.958327181803126038e+00
-6.958327181803126038e+00
-6.958327181803126038e+00
-6.958327181803126038e+00
-7.083285692568334291e+00
-7.031871738498668201e+00
-7.031871738498668201e+00
-7.031871738498668201e+00
-8.000980276947441183e+00
-8.000980276947441183e+00
-8.000980276947441183e+00
-8.000980276947441183e+00
-8.075507685340545194e+00
-8.075507685340545194e+00
-8.075507685340545194e+00
-8.097906070412481228e+00
-6.931352880224473267e+00
-6.860364997426765754e+00
-7.704815986179034404e+00
-7.704815986179034404e+00
-7.770438636424811030e+00
-8.654146307811247496e+00
-8.654146307811247496e+00
-8.654146307811247496e+00
-8.654146307811247496e+00
-8.654146307811247496e+00
-8.654146307811247496e+00
-8.654146307811247496e+00
-8.654146307811247496e+00
-8.625640253104210231e+00
-8.625640253104210231e+00
-8.625640253104210231e+00
-8.625640253104210231e+00
-8.625640253104210231e+00
-8.354750894101647063e+00
-8.279995833094066171e+00
-8.279995833094066171e+00
-8.392817381933697973e+00
-7.492784279922994450e+00
-7.492784279922994450e+00
-7.492784279922994450e+00
-7.505809632618886340e+00
-7.505809632618886340e+00
-7.505809632618886340e+00
-7.505809632618886340e+00
-7.505809632618886340e+00
-7.505809632618886340e+00
-7.505809632618886340e+00
-7.505809632618886340e+00
-7.505809632618886340e+00
-7.748543847366030413e+00
-7.748543847366030413e+00
-7.748543847366030413e+00
-7.748543847366030413e+00
-7.600132448461963008e+00
-7.618071586948609308e+00
-7.618071586948609308e+00
-7.618071586948609308e+00
-7.618071586948609308e+00
-7.618071586948609308e+00
-7.618071586948609308e+00
-7.618071586948609308e+00
-7.618071586948609308e+00
-7.618071586948609308e+00
-7.618071586948609308e+00
-7.618071586948609308e+00
-7.618071586948609308e+00
-7.618071586948609308e+00
-7.618071586948609308e+00
-7.677098934769823302e+00
-7.555487121387128191e+00
-7.555487121387128191e+00
-7.606762142849857078e+00
-7.550597683275235283e+00
-7.550597683275235283e+00
-7.550597683275235283e+00
-7.550597683275235283e+00
-7.550597683275235283e+00
-7.550597683275235283e+00
-7.550597683275235283e+00
-7.550597683275235283e+00
-7.550597683275235283e+00
-7.550597683275235283e+00
-7.765527866468801221e+00
-7.504274190922025412e+00
-7.519257742674912315e+00
-7.519257742674912315e+00
-7.519257742674912315e+00
-7.519257742674912315e+00
-7.519257742674912315e+00
-7.540063193734072300e+00
-7.540063193734072300e+00
-7.504832983649103006e+00
-7.504832983649103006e+00
-7.504832983649103006e+00
-7.504832983649103006e+00
-7.504832983649103006e+00
-7.504832983649103006e+00
-7.504832983649103006e+00
-7.504832983649103006e+00
-7.504832983649103006e+00
-7.504832983649103006e+00
-7.504832983649103006e+00
-7.504832983649103006e+00
-7.504832983649103006e+00
-7.504832983649103006e+00
-7.504832983649103006e+00
-7.507603019205323136e+00
-7.507603019205323136e+00
-7.507603019205323136e+00
-7.507603019205323136e+00
-7.507603019205323136e+00
-7.507603019205323136e+00
-7.713976553139838543e+00
-7.713976553139838543e+00
-7.713976553139838543e+00
-7.695914880050490403e+00
-7.695914880050490403e+00
-7.695914880050490403e+00
-7.695914880050490403e+00
-7.695914880050490403e+00
-7.635195373651751716e+00
-7.635195373651751716e+00
-7.635195373651751716e+00
-7.635195373651751716e+00
-7.629621159002163644e+00
-7.629621159002163644e+00
-7.629621159002163644e+00
-7.629621159002163644e+00
-7.629621159002163644e+00
-7.629621159002163644e+00
-7.629621159002163644e+00
-7.629621159002163644e+00
-7.629621159002163644e+00
-7.496244409254646968e+00
-7.610780040049071715e+00
-7.610780040049071715e+00
-7.610780040049071715e+00
-7.610780040049071715e+00
-7.610780040049071715e+00
-7.610780040049071715e+00
-7.672747971203678574e+00
-7.606999484739430883e+00
-7.606999484739430883e+00
-7.606999484739430883e+00
-7.606999484739430883e+00
-7.606999484739430883e+00
-7.606999484739430883e+00
-7.606999484739430883e+00
-7.606999484739430883e+00
-7.606999484739430883e+00
-7.606999484739430883e+00
-7.606999484739430883e+00
-7.606999484739430883e+00
-7.606999484739430883e+00
-7.606999484739430883e+00
-7.606999484739430883e+00
-7.572818628289565090e+00
-7.572818628289565090e+00
-7.572818628289565090e+00
-7.572818628289565090e+00
-7.572818628289565090e+00
-7.572818628289565090e+00
-7.572818628289565090e+00
-7.572818628289565090e+00
-7.343771300693188842e+00
-7.343771300693188842e+00
-7.343771300693188842e+00
-7.343771300693188842e+00
-6.968104691023739861e+00
-6.968104691023739861e+00
-6.968104691023739861e+00
-6.968104691023739861e+00
-6.968104691023739861e+00
-6.968104691023739861e+00
-6.968104691023739861e+00
-6.968104691023739861e+00
-6.987202210473139274e+00
-6.987202210473139274e+00
-6.749464353552868445e+00
-6.749464353552868445e+00
-6.749464353552868445e+00
-6.749464353552868445e+00
-6.749464353552868445e+00
-6.749464353552868445e+00
-6.920029326889592269e+00
-6.899405170342004290e+00
-6.829347033005793044e+00
-6.829347033005793044e+00
-7.826030633626032795e+00
-6.899161327523973597e+00
-6.899161327523973597e+00
-6.899161327523973597e+00
-6.899161327523973597e+00
-6.939644033292820424e+00
-6.939644033292820424e+00
-6.939644033292820424e+00
-7.222708562062504001e+00
-8.098220358717764356e+00
-8.098220358717764356e+00
-8.098220358717764356e+00
-8.098220358717764356e+00
-7.311659855897158167e+00
-7.311659855897158167e+00
-7.311659855897158167e+00
-7.311659855897158167e+00
-7.311659855897158167e+00
-7.311659855897158167e+00
-7.311659855897158167e+00
-7.311659855897158167e+00
-7.311659855897158167e+00
-7.743364427465688316e+00
-7.743364427465688316e+00
-7.678201088064746216e+00
-7.379887365218061213e+00
-7.379887365218061213e+00
-7.379887365218061213e+00
-7.379887365218061213e+00
-7.379887365218061213e+00
-7.379887365218061213e+00
-7.379887365218061213e+00
-7.447072240284614786e+00
-7.651693949402983641e+00
-7.651693949402983641e+00
-7.651693949402983641e+00
-7.934731311951181532e+00
-7.934731311951181532e+00
-7.934731311951181532e+00
-7.934731311951181532e+00
-7.986201055970877150e+00
-7.986201055970877150e+00
-7.986201055970877150e+00
-7.986201055970877150e+00
-7.986201055970877150e+00
-7.903221571110576882e+00
-7.903221571110576882e+00
-7.903221571110576882e+00
-7.903221571110576882e+00
-8.068491778163208394e+00
-8.068491778163208394e+00
-8.068491778163208394e+00
-8.068491778163208394e+00
-8.068491778163208394e+00
-8.068491778163208394e+00
-8.068491778163208394e+00
-8.068491778163208394e+00
-7.561609334251612857e+00
-7.561609334251612857e+00
-7.499188409977737280e+00
-7.499188409977737280e+00
-7.499188409977737280e+00
-7.499188409977737280e+00
-7.790173432529106101e+00
-7.790173432529106101e+00
-7.790173432529106101e+00
-7.790173432529106101e+00
-7.790173432529106101e+00
-7.790173432529106101e+00
-7.677595544299145480e+00
-7.693223943686708033e+00
-7.693223943686708033e+00
-7.702602399294214308e+00
-7.702602399294214308e+00
-7.855646383242791408e+00
-7.855646383242791408e+00
-7.855646383242791408e+00
-6.476264310678358171e+00
-6.476264310678358171e+00
-8.062526401896834116e+00
-7.502701315602587684e+00
-7.971798160432312486e+00
-7.971798160432312486e+00
-7.922432210974095668e+00
-7.922432210974095668e+00
-7.922432210974095668e+00
-7.922432210974095668e+00
-7.922432210974095668e+00
-7.922432210974095668e+00
-7.922432210974095668e+00
-7.922432210974095668e+00
-7.922432210974095668e+00
-7.922432210974095668e+00
-7.922432210974095668e+00
-7.922432210974095668e+00
-7.922432210974095668e+00
-7.922432210974095668e+00
-7.466658650567829625e+00
-7.466658650567829625e+00
-7.466658650567829625e+00
-7.823342993783338528e+00
-7.823342993783338528e+00
-7.823342993783338528e+00
-7.823342993783338528e+00
-8.027271196088850758e+00
-8.027271196088850758e+00
-8.027271196088850758e+00
-8.027271196088850758e+00
-8.027271196088850758e+00
-8.027271196088850758e+00
-8.027271196088850758e+00
-8.027271196088850758e+00
-7.982782176863135959e+00
-7.663601207865177400e+00
-7.663601207865177400e+00
-7.663601207865177400e+00
-7.750190851733368191e+00
-7.882071344039545124e+00
-7.882071344039545124e+00
-7.882071344039545124e+00
-7.882071344039545124e+00
-7.882071344039545124e+00
