# Variable: dg_gbvi_00000333
# Sample shape: (1000,)
# Date: 2013-03-07 22:55:08.795952
-9.301199309474251109e+00
-7.165654074082947744e+00
-4.814660448009734139e+00
-4.637332240400565908e+00
-4.846154420916108485e+00
-4.777329564896390046e+00
-4.661257169990846272e+00
-5.571888779982545614e+00
-5.633175084405740662e+00
-5.605157865010157892e+00
-5.668848564234429510e+00
-5.714816535160333721e+00
-5.498857871017137633e+00
-5.141385275481139772e+00
-5.098628205900074484e+00
-5.098628205900074484e+00
-5.150305961044118419e+00
-5.150305961044118419e+00
-5.204213251380474858e+00
-5.211952680737102384e+00
-5.223444908157861555e+00
-5.272226890690282275e+00
-5.272218124256725424e+00
-5.219175348865068287e+00
-5.219175348865068287e+00
-5.303279536789466064e+00
-5.345954196793296198e+00
-5.243656104212587543e+00
-5.485876570231402738e+00
-5.485876570231402738e+00
-5.526159287808248166e+00
-5.453564860832489813e+00
-5.302066339550590257e+00
-5.302066339550590257e+00
-5.302066339550590257e+00
-5.302066339550590257e+00
-5.429046083663935818e+00
-5.429046083663935818e+00
-5.337366049393398093e+00
-5.329937563103227305e+00
-5.329937563103227305e+00
-5.342910392046818835e+00
-5.342910392046818835e+00
-5.342910392046818835e+00
-5.388693274167148495e+00
-5.388693274167148495e+00
-5.383259279798967789e+00
-5.357855069787848201e+00
-5.357901041499406602e+00
-5.354814261053763680e+00
-5.354814261053763680e+00
-5.464517193664622852e+00
-5.464517193664622852e+00
-5.264866489685573470e+00
-5.259517833598319037e+00
-5.405684615210503807e+00
-5.405684615210503807e+00
-5.412654719788328350e+00
-5.403303968584499017e+00
-5.403303968584499017e+00
-5.361748260248578646e+00
-5.361748260248578646e+00
-5.361748260248578646e+00
-5.361748260248578646e+00
-5.343193005454950573e+00
-5.374292406752553930e+00
-5.374292406752553930e+00
-5.335954765930075894e+00
-5.335954765930075894e+00
-5.373325427461200121e+00
-5.365194712384931286e+00
-5.292560494580603070e+00
-5.261688153256030454e+00
-5.301099985750070687e+00
-5.301099985750070687e+00
-5.301099985750070687e+00
-5.283694198350775473e+00
-5.283694198350775473e+00
-5.283694198350775473e+00
-5.358152795928036838e+00
-5.358152795928036838e+00
-5.358152795928036838e+00
-5.368777032415283479e+00
-5.394712362405019945e+00
-5.394712362405019945e+00
-5.325699003442233348e+00
-5.249405577296003322e+00
-5.238224249223702778e+00
-5.338838970951815810e+00
-5.296176067200674353e+00
-5.133064909166100698e+00
-5.133064909166100698e+00
-5.281981333617638441e+00
-5.340219244605316717e+00
-5.350198894419130546e+00
-5.350198894419130546e+00
-5.356696346078178017e+00
-5.356696346078178017e+00
-5.356696346078178017e+00
-5.421599241614906362e+00
-5.421599241614906362e+00
-5.631740987508067953e+00
-5.631740987508067953e+00
-5.455703420979109985e+00
-5.455703420979109985e+00
-5.377346072056541360e+00
-5.549277854621416317e+00
-5.454713879515835195e+00
-5.454713879515835195e+00
-5.454713879515835195e+00
-5.595899534291849164e+00
-5.595899534291849164e+00
-5.595899534291849164e+00
-5.402297968130798544e+00
-5.431034828557705474e+00
-5.563668430938673914e+00
-5.563668430938673914e+00
-5.563668430938673914e+00
-5.428432505878721059e+00
-5.414206948978595335e+00
-5.598750900529367414e+00
-5.598750900529367414e+00
-5.587222022546802336e+00
-5.631539119680086358e+00
-5.631539119680086358e+00
-5.420511061566492650e+00
-5.415950711424109443e+00
-5.415950711424109443e+00
-5.489807911222728265e+00
-5.503586505034036236e+00
-5.503586505034036236e+00
-5.578919258723970209e+00
-5.408129545434592345e+00
-5.410962883717670202e+00
-5.387429222811474183e+00
-5.387429222811474183e+00
-5.375695434447018251e+00
-5.342122011672959303e+00
-5.239504982589284765e+00
-5.353311422694014610e+00
-5.397481454912845145e+00
-5.371673050275523664e+00
-5.405088238106146470e+00
-5.405088238106146470e+00
-5.334439539702525934e+00
-5.565483471564325768e+00
-5.632738941376169706e+00
-5.237784793592230592e+00
-5.400633723315162449e+00
-5.460586118092075836e+00
-5.456283563123372815e+00
-5.456283563123372815e+00
-5.454628198956306129e+00
-5.525446498174581222e+00
-5.525446498174581222e+00
-5.553862010138850280e+00
-5.311660636491564169e+00
-5.353926032507792421e+00
-5.424460527430357892e+00
-5.331743994887624183e+00
-5.331743994887624183e+00
-5.331743994887624183e+00
-5.331743994887624183e+00
-5.337895688220832824e+00
-5.530569134677345566e+00
-5.530569134677345566e+00
-5.530569134677345566e+00
-5.494273357820494752e+00
-5.494273357820494752e+00
-5.343898032852226088e+00
-5.291950345369156317e+00
-5.326158334350370005e+00
-5.345546718598227720e+00
-5.345546718598227720e+00
-5.345546718598227720e+00
-5.322590652270608125e+00
-5.383916984971082620e+00
-5.302346778311342490e+00
-5.227075328286816536e+00
-5.227075328286816536e+00
-5.275518903078630473e+00
-5.380913024737097317e+00
-5.380913024737097317e+00
-5.380913024737097317e+00
-5.380913024737097317e+00
-5.380913024737097317e+00
-5.267817541710764218e+00
-5.201335895595414094e+00
-5.201335895595414094e+00
-5.201335895595414094e+00
-5.487705726955162788e+00
-5.487705726955162788e+00
-5.605707046842163699e+00
-5.574080247352789286e+00
-5.574634519680333966e+00
-5.553425246376021640e+00
-5.419499444258563337e+00
-5.428583342768382280e+00
-5.433489839972950541e+00
-5.433489839972950541e+00
-5.434414954002337872e+00
-5.331104243071663973e+00
-5.331104243071663973e+00
-5.425040645688206986e+00
-5.425040645688206986e+00
-5.412131713487350559e+00
-5.412131713487350559e+00
-5.513690859904227359e+00
-5.433403243940616356e+00
-5.311911520990181934e+00
-5.386132345042812020e+00
-5.404714879520745363e+00
-5.388074669546512041e+00
-5.363806528672331098e+00
-5.369258600929639691e+00
-5.324608870522063775e+00
-5.399439173109030321e+00
-5.383584563248336785e+00
-5.415769962451544295e+00
-5.415769962451544295e+00
-5.415769962451544295e+00
-5.415769962451544295e+00
-5.436429141549974808e+00
-5.436429141549974808e+00
-5.436429141549974808e+00
-5.436429141549974808e+00
-5.436429141549974808e+00
-5.436429141549974808e+00
-5.436429141549974808e+00
-5.390406022900395833e+00
-5.390406022900395833e+00
-5.386184204675910081e+00
-5.428517055617408715e+00
-5.428517055617408715e+00
-5.533013174965581094e+00
-5.533013174965581094e+00
-5.460573056890950738e+00
-5.468157046715345970e+00
-5.513377434052975090e+00
-5.521826099438215785e+00
-5.498270819839525814e+00
-5.582470538219603817e+00
-5.389491952041249867e+00
-5.389491952041249867e+00
-5.331248810615958789e+00
-5.362594540847842595e+00
-5.313356228643725032e+00
-5.420772491359377554e+00
-5.420772491359377554e+00
-5.420772491359377554e+00
-5.420772491359377554e+00
-5.357688201870403510e+00
-5.380248930530491691e+00
-5.380248930530491691e+00
-5.447937526473409342e+00
-5.448601613283020839e+00
-5.448601613283020839e+00
-5.370024637290269354e+00
-5.370024637290269354e+00
-5.370024637290269354e+00
-5.473647842853643475e+00
-5.488357448164103758e+00
-5.488580310587389377e+00
-5.488580310587389377e+00
-5.464841331860045059e+00
-5.464841331860045059e+00
-5.540650675791778390e+00
-5.540650675791778390e+00
-5.540650675791778390e+00
-5.463108572487219483e+00
-5.463108572487219483e+00
-5.403064152790427066e+00
-5.403064152790427066e+00
-5.403064152790427066e+00
-5.286191835091620383e+00
-5.286191835091620383e+00
-5.286191835091620383e+00
-5.299812523288673027e+00
-5.241019684874339113e+00
-5.241019684874339113e+00
-5.241019684874339113e+00
-5.292543021887095023e+00
-5.286028831502449066e+00
-5.298946085113427351e+00
-5.298946085113427351e+00
-5.312977932840785122e+00
-5.579837376166547180e+00
-5.579837376166547180e+00
-5.505788503795447042e+00
-5.505788503795447042e+00
-5.505788503795447042e+00
-5.511071765002022893e+00
-5.511164447025493907e+00
-5.511164447025493907e+00
-5.511164447025493907e+00
-5.520943248065990794e+00
-5.536816551591924096e+00
-5.472651883400261319e+00
-5.422196565242605182e+00
-5.450775563713810890e+00
-5.432503071730597100e+00
-5.432503071730597100e+00
-5.352530369563096357e+00
-5.304310910051861505e+00
-5.288362546368557737e+00
-5.280483939972674179e+00
-5.203936468965191686e+00
-5.265475906317762522e+00
-5.453102165422087033e+00
-5.453226722431733897e+00
-5.466893789374497992e+00
-5.435428824999334552e+00
-5.435428824999334552e+00
-5.435428824999334552e+00
-5.435428824999334552e+00
-5.359831170270489942e+00
-5.359831170270489942e+00
-5.360982804423177761e+00
-5.360982804423177761e+00
-5.374810729056780367e+00
-5.529160214117443850e+00
-5.529160214117443850e+00
-5.529160214117443850e+00
-5.529160214117443850e+00
-5.646753914340988167e+00
-5.640133387561633960e+00
-5.633750741487908442e+00
-5.633750741487908442e+00
-5.489685955330771527e+00
-5.467945218480473990e+00
-5.603249875056777185e+00
-5.603249875056777185e+00
-5.518029101377331713e+00
-5.496128528466885044e+00
-5.496128528466885044e+00
-5.485880731949152711e+00
-5.613128884678161512e+00
-5.725296878309358739e+00
-5.260851516955733942e+00
-5.677745602950831305e+00
-5.427072573087381002e+00
-5.427072573087381002e+00
-5.415920911736905374e+00
-5.364449116940364526e+00
-5.458603850345514985e+00
-5.467907052736643791e+00
-5.334912363168558436e+00
-5.334912363168558436e+00
-5.334912363168558436e+00
-5.399050825805098874e+00
-5.339992506376391113e+00
-5.361055137530618353e+00
-5.379837007042386432e+00
-5.359234415677880392e+00
-5.359234415677880392e+00
-5.428458784747139276e+00
-5.428458784747139276e+00
-5.434066953011954304e+00
-5.416740124593774297e+00
-5.416740124593774297e+00
-5.416740124593774297e+00
-5.336883294744992234e+00
-5.430814788210492239e+00
-5.430814788210492239e+00
-5.475691685482687809e+00
-5.425061344686072040e+00
-5.425061344686072040e+00
-5.338694038550262810e+00
-5.338694038550262810e+00
-5.338694038550262810e+00
-5.373244332866597084e+00
-5.373244332866597084e+00
-5.459821585126418242e+00
-5.470832399606963214e+00
-5.470832399606963214e+00
-5.470832399606963214e+00
-5.671954508019084962e+00
-5.684935564936100860e+00
-5.684935564936100860e+00
-5.594624232330760449e+00
-5.594624232330760449e+00
-5.565538498844239790e+00
-5.565538498844239790e+00
-5.564439718202863538e+00
-5.595100274764987169e+00
-5.595100274764987169e+00
-5.564009812387761933e+00
-5.513548682895327957e+00
-5.539422667707357029e+00
-5.539422667707357029e+00
-5.513425477626946680e+00
-5.523067965292177028e+00
-5.505072232612899796e+00
-5.478623671815753049e+00
-5.558117741892822039e+00
-5.532855255876260259e+00
-5.640442050805113183e+00
-5.640442050805113183e+00
-5.640442050805113183e+00
-5.623447163301079854e+00
-5.566886406825775069e+00
-5.578043968140198317e+00
-5.578043968140198317e+00
-5.581833091886343468e+00
-5.570283411696832943e+00
-5.489974275388154190e+00
-5.536761027461286844e+00
-5.539800696043129413e+00
-5.525929026848047876e+00
-5.492280378285214759e+00
-5.509703872190357288e+00
-5.509703872190357288e+00
-5.509703872190357288e+00
-5.509703872190357288e+00
-5.460482444242219735e+00
-5.460482444242219735e+00
-5.502125941814912657e+00
-5.538467866448873345e+00
-5.538467866448873345e+00
-5.340556833271518755e+00
-5.318501428051439106e+00
-5.318501428051439106e+00
-5.564399326684346114e+00
-5.564399326684346114e+00
-5.564399326684346114e+00
-5.564399326684346114e+00
-5.564399326684346114e+00
-5.584414167224417191e+00
-5.610705844406870924e+00
-5.610705844406870924e+00
-5.497397161104546903e+00
-5.497397161104546903e+00
-5.459403464264334538e+00
-5.466259820231271327e+00
-5.467348530200077938e+00
-5.479194607989726684e+00
-5.492674035229944351e+00
-5.492674035229944351e+00
-5.452274224750734533e+00
-5.467755431391905674e+00
-5.467755431391905674e+00
-5.467755431391905674e+00
-5.479844533073952917e+00
-5.479844533073952917e+00
-5.400994977106578609e+00
-5.394902312021605972e+00
-5.394902312021605972e+00
-5.394902312021605972e+00
-5.394902312021605972e+00
-5.394902312021605972e+00
-5.394902312021605972e+00
-5.354314794411655143e+00
-5.354314794411655143e+00
-5.349142495060157820e+00
-5.349142495060157820e+00
-5.349142495060157820e+00
-5.488358894078425365e+00
-5.427496404334592128e+00
-5.427496404334592128e+00
-5.427496404334592128e+00
-5.427496404334592128e+00
-5.611949866257136321e+00
-5.584799916944544584e+00
-5.477330084417510569e+00
-5.477330084417510569e+00
-5.477330084417510569e+00
-5.406689299247132929e+00
-5.406689299247132929e+00
-5.405492946801866871e+00
-5.404988638720040761e+00
-5.382140575721622078e+00
-5.420478275416193092e+00
-5.561964207191180343e+00
-5.561964207191180343e+00
-5.561964207191180343e+00
-5.554620748676740938e+00
-5.554620748676740938e+00
-5.554620748676740938e+00
-5.596062450942440591e+00
-5.366856658854209705e+00
-5.361147246525091781e+00
-5.361147246525091781e+00
-5.398512904535933465e+00
-5.438395262876347225e+00
-5.394900743377511354e+00
-5.267075867430730973e+00
-5.301957490883179247e+00
-5.301957490883179247e+00
-5.301957490883179247e+00
-5.338281297981000151e+00
-5.338281297981000151e+00
-5.255212865556350366e+00
-5.248944898506570311e+00
-5.248944898506570311e+00
-5.248944898506570311e+00
-5.219841544472129335e+00
-5.472896220931560585e+00
-5.472896220931560585e+00
-5.381643149411649674e+00
-5.307545338017275682e+00
-5.413260811325778299e+00
-5.459742297224248198e+00
-5.459742297224248198e+00
-5.384135943189211737e+00
-5.384135943189211737e+00
-5.384135943189211737e+00
-5.379339848426842430e+00
-5.369141853578674350e+00
-5.369141853578674350e+00
-5.407520030881967088e+00
-5.407520030881967088e+00
-5.423607620223863890e+00
-5.423607620223863890e+00
-5.423607620223863890e+00
-5.275467774085784711e+00
-5.282820212462572051e+00
-5.259061739838577054e+00
-5.259061739838577054e+00
-5.217879063964863562e+00
-5.217879063964863562e+00
-5.222367638371684606e+00
-5.222367638371684606e+00
-5.222367638371684606e+00
-5.222367638371684606e+00
-5.222367638371684606e+00
-5.222367638371684606e+00
-5.159380450152484698e+00
-5.159380450152484698e+00
-5.190106910107983751e+00
-5.190106910107983751e+00
-5.566161996473903528e+00
-5.548101232629468527e+00
-5.548101232629468527e+00
-5.548101232629468527e+00
-5.300695071737181685e+00
-5.361728969811552226e+00
-5.361728969811552226e+00
-5.361728969811552226e+00
-5.440914967830423166e+00
-5.483969661216643310e+00
-5.483969661216643310e+00
-5.493182630185103221e+00
-5.493182630185103221e+00
-5.493182630185103221e+00
-5.409722623811382469e+00
-5.409722623811382469e+00
-5.409722623811382469e+00
-5.409722623811382469e+00
-5.240808255529464610e+00
-5.312102904468669173e+00
-5.449463611550590336e+00
-5.511548131735038325e+00
-5.510496919881793687e+00
-5.487224579029911453e+00
-5.434455181275543723e+00
-5.434455181275543723e+00
-5.407278489709910652e+00
-5.258096278419645664e+00
-5.550368923424178647e+00
-5.502751395065211604e+00
-5.443359203416470393e+00
-5.510366348330777875e+00
-5.510366348330777875e+00
-5.422225547487244945e+00
-5.422225547487244945e+00
-5.418948500909670507e+00
-5.418948500909670507e+00
-5.418948500909670507e+00
-5.418948500909670507e+00
-5.497721877315686179e+00
-5.461495072163005560e+00
-5.482834544883798955e+00
-5.482834544883798955e+00
-5.510377668485253899e+00
-5.510377668485253899e+00
-5.519769983000270663e+00
-5.519769983000270663e+00
-5.519769983000270663e+00
-5.289840998285212592e+00
-5.314339336683747028e+00
-5.287072615783582563e+00
-5.309019014511633827e+00
-5.309019014511633827e+00
-5.309019014511633827e+00
-5.500891815718695455e+00
-5.491739385767306025e+00
-5.491739385767306025e+00
-5.381717714042754785e+00
-5.368151144171777744e+00
-5.366113260303731813e+00
-5.350664612003336096e+00
-5.320250123408754028e+00
-5.320250123408754028e+00
-5.320250123408754028e+00
-5.450727295593751798e+00
-5.450727295593751798e+00
-5.450211562390896880e+00
-5.398493513343444405e+00
-5.451753908705622820e+00
-5.451753908705622820e+00
-5.434344822812596121e+00
-5.434344822812596121e+00
-5.434344822812596121e+00
-5.457542203215444587e+00
-5.403247379133406803e+00
-5.427303243473618366e+00
-5.427303243473618366e+00
-5.427303243473618366e+00
-5.460484409581248144e+00
-5.460484409581248144e+00
-5.460484409581248144e+00
-5.396822821494848377e+00
-5.396822821494848377e+00
-5.541473922641460881e+00
-5.548943782946653691e+00
-5.485951529393116033e+00
-5.482195820412936627e+00
-5.482195820412936627e+00
-5.537643687475471310e+00
-5.478152765861330487e+00
-5.478152765861330487e+00
-5.478152765861330487e+00
-5.433256076854977579e+00
-5.421805942903992204e+00
-5.421805942903992204e+00
-5.421805942903992204e+00
-5.414928599345119054e+00
-5.510697121323515191e+00
-5.491578758333556465e+00
-5.491578758333556465e+00
-5.512598830064151301e+00
-5.535544088941795948e+00
-5.535544088941795948e+00
-5.535544088941795948e+00
-5.440789911696760406e+00
-5.479147471454909102e+00
-5.367979371522164200e+00
-5.367979371522164200e+00
-5.432305797310461593e+00
-5.535401438987849865e+00
-5.297803009430365861e+00
-5.257160138315272846e+00
-5.380221758611557270e+00
-5.380221758611557270e+00
-5.381963807696489077e+00
-5.381963807696489077e+00
-5.383957714041869735e+00
-5.391064061008540520e+00
-5.333795642693681671e+00
-5.333795642693681671e+00
-5.333795642693681671e+00
-5.312953934426196234e+00
-5.500941802075714371e+00
-5.500941802075714371e+00
-5.500941802075714371e+00
-5.500941802075714371e+00
-5.507495743350752981e+00
-5.607222435599600985e+00
-5.630356089279103138e+00
-5.453740271458192623e+00
-5.421789062083737676e+00
-5.421789062083737676e+00
-5.483632924222043847e+00
-5.483632924222043847e+00
-5.422612396654349354e+00
-5.425996892822205098e+00
-5.425996892822205098e+00
-5.425996892822205098e+00
-5.425996892822205098e+00
-5.425996892822205098e+00
-5.425996892822205098e+00
-5.449005057867937651e+00
-5.478487688505333075e+00
-5.478487688505333075e+00
-5.302792088746317134e+00
-5.218062348846626897e+00
-5.203880083404081702e+00
-5.201852450047589116e+00
-5.137877211979484215e+00
-5.185620387315570845e+00
-5.185620387315570845e+00
-5.178616875841209222e+00
-5.245961432950605463e+00
-5.245961432950605463e+00
-5.309778975311782112e+00
-5.423398476558104697e+00
-5.327610616771230490e+00
-5.327610616771230490e+00
-5.327610616771230490e+00
-5.327610616771230490e+00
-5.327610616771230490e+00
-5.327610616771230490e+00
-5.327610616771230490e+00
-5.327610616771230490e+00
-5.416404214364032299e+00
-5.467934331327713338e+00
-5.457437586817046160e+00
-5.441302541534600579e+00
-5.437776989143179307e+00
-5.437776989143179307e+00
-5.334357063579162173e+00
-5.365694625821429753e+00
-5.279850241400287025e+00
-5.405473903482586273e+00
-5.343219452138377790e+00
-5.434218905141812606e+00
-5.434218905141812606e+00
-5.423037039781696045e+00
-5.397125990072481727e+00
-5.397125990072481727e+00
-5.366577594692691022e+00
-5.366577594692691022e+00
-5.363834374343399602e+00
-5.286606189644754927e+00
-5.286606189644754927e+00
-5.330750811008824641e+00
-5.300643388351900853e+00
-5.300643388351900853e+00
-5.295202747919645958e+00
-5.295202747919645958e+00
-5.295202747919645958e+00
-5.295202747919645958e+00
-5.295202747919645958e+00
-5.295202747919645958e+00
-5.295202747919645958e+00
-5.295202747919645958e+00
-5.316735769116545995e+00
-5.202620165831973509e+00
-5.301737762968031120e+00
-5.281619740032009958e+00
-5.343996498831477204e+00
-5.357881810659331556e+00
-5.357881810659331556e+00
-5.357881810659331556e+00
-5.306443335277215567e+00
-5.306443335277215567e+00
-5.306443335277215567e+00
-5.324394845293637601e+00
-5.421478828690168505e+00
-5.481636737976892881e+00
-5.180818781583241162e+00
-5.193910797514064370e+00
-5.193910797514064370e+00
-5.179245792507131796e+00
-5.179245792507131796e+00
-5.526054450353242053e+00
-5.477940010474942056e+00
-5.477940010474942056e+00
-5.477940010474942056e+00
-5.736167682427947057e+00
-5.736167682427947057e+00
-5.736167682427947057e+00
-5.716641927280943669e+00
-5.500979782947780450e+00
-5.181670095386397001e+00
-5.181670095386397001e+00
-5.453558894023638359e+00
-5.453558894023638359e+00
-5.425898188507949804e+00
-5.461320235812896939e+00
-5.428789267923014528e+00
-5.427338943455257692e+00
-5.358591623386150360e+00
-5.358591623386150360e+00
-5.415537866758800334e+00
-5.415537866758800334e+00
-5.422407687498407292e+00
-5.422407687498407292e+00
-5.422407687498407292e+00
-5.394746668865504802e+00
-5.394746668865504802e+00
-5.474901303328978841e+00
-5.516424657692558853e+00
-5.416466537000707682e+00
-5.333804207360519634e+00
-5.333804207360519634e+00
-5.290989130529027307e+00
-5.360755226867454759e+00
-5.406752406261995603e+00
-5.633229049435535707e+00
-5.561684236199022635e+00
-5.536943206565022813e+00
-5.477951110845469707e+00
-5.477951110845469707e+00
-5.477951110845469707e+00
-5.477951110845469707e+00
-5.477951110845469707e+00
-5.477951110845469707e+00
-5.558110216548669769e+00
-5.392130722732430215e+00
-5.392130722732430215e+00
-5.392130722732430215e+00
-5.392130722732430215e+00
-5.333273241713255786e+00
-5.339865657142494726e+00
-5.339865657142494726e+00
-5.341092403812448097e+00
-5.341092403812448097e+00
-5.350081064227381056e+00
-5.350081064227381056e+00
-5.350081064227381056e+00
-5.341840379760720126e+00
-5.433235612920156221e+00
-5.433235612920156221e+00
-5.483476982976456249e+00
-5.391360040928399933e+00
-5.302830971733421883e+00
-5.302830971733421883e+00
-5.302830971733421883e+00
-5.302830971733421883e+00
-5.291040831463200256e+00
-5.405000286342447779e+00
-5.297755478571335885e+00
-5.293094409288939595e+00
-5.275527432330893163e+00
-5.275527432330893163e+00
-5.278274189671828154e+00
-5.373629248664737013e+00
-5.373629248664737013e+00
-5.292745150028925316e+00
-5.258727555319686608e+00
-5.464210734861542740e+00
-5.464210734861542740e+00
-5.345485777678555372e+00
-5.367725601963963200e+00
-5.367725601963963200e+00
-5.324672187416941149e+00
-5.324672187416941149e+00
-5.307622176500967015e+00
-5.307622176500967015e+00
-5.319654728211292039e+00
-5.480109095316064050e+00
-5.480109095316064050e+00
-5.480109095316064050e+00
-5.405892972740986124e+00
-5.410335291084082954e+00
-5.366859579395319102e+00
-5.420994759596544199e+00
-5.397177251814127885e+00
-5.397177251814127885e+00
-5.397177251814127885e+00
-5.397177251814127885e+00
-5.427103642347631762e+00
-5.500734366252259200e+00
-5.500734366252259200e+00
-5.500734366252259200e+00
-5.393283773236527523e+00
-5.393283773236527523e+00
-5.393283773236527523e+00
-5.404733273140960748e+00
-5.404733273140960748e+00
-5.429716803424030402e+00
-5.429716803424030402e+00
-5.429716803424030402e+00
-5.435197134418155329e+00
-5.435197134418155329e+00
-5.374669260856388853e+00
-5.374669260856388853e+00
-5.374669260856388853e+00
-5.370826591799947813e+00
-5.393668773863513621e+00
-5.298616058195523060e+00
-5.335847704186126528e+00
-5.322196467386096863e+00
-5.322196467386096863e+00
-5.322196467386096863e+00
-5.344917708862253924e+00
-5.344917708862253924e+00
-5.252742165641396177e+00
-5.252742165641396177e+00
-5.252742165641396177e+00
-5.280779536691194487e+00
-5.280779536691194487e+00
-5.280779536691194487e+00
-5.427358561078150068e+00
-5.660928969644290376e+00
-5.660928969644290376e+00
-5.661829985404528642e+00
-5.570748245899822315e+00
-5.503835163795343099e+00
-5.503835163795343099e+00
-5.503835163795343099e+00
-5.503835163795343099e+00
-5.503835163795343099e+00
-5.503835163795343099e+00
-5.499355463371596642e+00
-5.499355463371596642e+00
-5.481467909105070646e+00
-5.481467909105070646e+00
-5.481467909105070646e+00
-5.498681168067907521e+00
-5.498681168067907521e+00
-5.560053526280262837e+00
-5.560053526280262837e+00
-5.560053526280262837e+00
-5.593007452950121028e+00
-5.644636080271791201e+00
-5.644636080271791201e+00
-5.644636080271791201e+00
-5.701082275286910139e+00
-5.701082275286910139e+00
-5.701082275286910139e+00
-5.689681439569806543e+00
-5.773860529069338554e+00
-5.609353540544922190e+00
-5.533714632916239218e+00
-5.533714632916239218e+00
-5.524436608908876778e+00
-5.524436608908876778e+00
-5.341357080676995217e+00
-5.563580388234397489e+00
-5.452285255028767708e+00
-5.481001893230764033e+00
-5.481001893230764033e+00
-5.481001893230764033e+00
-5.481001893230764033e+00
-5.481001893230764033e+00
-5.481001893230764033e+00
-5.546560959378867395e+00
-5.392023616106746076e+00
-5.392023616106746076e+00
-5.392023616106746076e+00
-5.392023616106746076e+00
-5.375906615120639387e+00
-5.375906615120639387e+00
-5.375906615120639387e+00
-5.375906615120639387e+00
-5.447382582435485787e+00
-5.282887240191647571e+00
-5.282887240191647571e+00
-5.282887240191647571e+00
-5.282887240191647571e+00
-5.282887240191647571e+00
-5.233251355274211036e+00
-5.233251355274211036e+00
-5.170160831312982985e+00
-5.320299742799869946e+00
-5.308081886561293317e+00
-5.289427091192182573e+00
-5.326314645274735859e+00
-5.326314645274735859e+00
-5.295155876506218995e+00
-5.350009928057516184e+00
-5.350009928057516184e+00
-5.375293049685195612e+00
-5.375293049685195612e+00
-5.362689530020920081e+00
-5.340654283506445665e+00
-5.473981160293489800e+00
-5.466175535391260887e+00
-5.485171001100886734e+00
-5.386484061515757205e+00
-5.283675693261615791e+00
-5.283675693261615791e+00
-5.295805384443274200e+00
-5.295805384443274200e+00
-5.420944138069022422e+00
-5.420944138069022422e+00
-5.420944138069022422e+00
-5.420944138069022422e+00
-5.382383048542967785e+00
-5.373500586387115696e+00
-5.373500586387115696e+00
-5.373500586387115696e+00
-5.373500586387115696e+00
-5.376994596294150774e+00
-5.456424972558305164e+00
-5.456424972558305164e+00
-5.456424972558305164e+00
-5.456424972558305164e+00
-5.475748723415287067e+00
-5.475748723415287067e+00
-5.477872918596299989e+00
-5.477872918596299989e+00
-5.469177434377180624e+00
-5.584436705294696601e+00
-5.584436705294696601e+00
-5.622792164109343460e+00
-5.622792164109343460e+00
-5.622792164109343460e+00
-5.622792164109343460e+00
-5.663462874176200756e+00
-5.730712192980994324e+00
-5.504956707365930235e+00
-5.742486048463383952e+00
-5.756111733049249501e+00
-5.756111733049249501e+00
-5.775346140420912988e+00
-5.775346140420912988e+00
-5.775346140420912988e+00
-5.669532505586539983e+00
-5.669532505586539983e+00
-5.669532505586539983e+00
-5.553849746071612081e+00
-5.570738648379751190e+00
-5.570738648379751190e+00
-5.570738648379751190e+00
-5.570738648379751190e+00
-5.508159274691146301e+00
-5.508159274691146301e+00
