# Variable: dg_gbvi_00000287
# Sample shape: (1000,)
# Date: 2013-03-07 22:55:08.096022
-5.120820432571264291e+00
-5.120820432571264291e+00
-5.137414959258084224e+00
-4.287649133418211633e+00
-5.036667749450884912e+00
-4.426962374977492232e+00
-4.404715854774796213e+00
-4.404715854774796213e+00
-4.191534001958883593e+00
-3.836977895053341303e+00
-3.836977895053341303e+00
-3.836977895053341303e+00
-4.076225713817554386e+00
-3.532261501505411516e+00
-3.532261501505411516e+00
-3.532261501505411516e+00
-3.532261501505411516e+00
-3.532261501505411516e+00
-3.636589152301493488e+00
-3.636589152301493488e+00
-3.636589152301493488e+00
-3.743475207386818493e+00
-3.743475207386818493e+00
-3.743475207386818493e+00
-3.743475207386818493e+00
-3.743475207386818493e+00
-3.836703041813380288e+00
-3.836703041813380288e+00
-4.221969239270861429e+00
-4.221969239270861429e+00
-4.434536477112454911e+00
-4.434536477112454911e+00
-4.105865127116367752e+00
-4.105865127116367752e+00
-4.105865127116367752e+00
-4.105865127116367752e+00
-4.381343749394360110e+00
-4.381343749394360110e+00
-4.381343749394360110e+00
-4.398213394365237505e+00
-4.398213394365237505e+00
-4.398213394365237505e+00
-4.398213394365237505e+00
-4.398213394365237505e+00
-4.398213394365237505e+00
-4.398213394365237505e+00
-4.398213394365237505e+00
-4.343130854846491751e+00
-4.343130854846491751e+00
-4.343130854846491751e+00
-4.343130854846491751e+00
-4.384566175396115817e+00
-4.384566175396115817e+00
-4.053110432230422333e+00
-4.053110432230422333e+00
-4.370702621866001891e+00
-4.370702621866001891e+00
-4.370702621866001891e+00
-4.350385245258223677e+00
-4.350385245258223677e+00
-4.350385245258223677e+00
-4.350385245258223677e+00
-4.350385245258223677e+00
-4.350385245258223677e+00
-4.310068259865537321e+00
-4.377641253164846091e+00
-4.377641253164846091e+00
-4.377641253164846091e+00
-4.377641253164846091e+00
-4.377641253164846091e+00
-4.377641253164846091e+00
-4.377641253164846091e+00
-4.310561617338545481e+00
-4.310561617338545481e+00
-4.310561617338545481e+00
-4.310561617338545481e+00
-4.310561617338545481e+00
-4.310561617338545481e+00
-4.310561617338545481e+00
-4.544741194010764929e+00
-4.544741194010764929e+00
-4.544741194010764929e+00
-4.567356235677301868e+00
-4.567356235677301868e+00
-4.567356235677301868e+00
-4.567356235677301868e+00
-4.500409355589181537e+00
-4.500409355589181537e+00
-4.625808417614250878e+00
-4.625808417614250878e+00
-4.069332757488241192e+00
-4.069332757488241192e+00
-4.069332757488241192e+00
-4.068774502652540370e+00
-4.090157444842360768e+00
-4.090157444842360768e+00
-4.104079239273888291e+00
-4.104079239273888291e+00
-4.104079239273888291e+00
-4.104079239273888291e+00
-4.104079239273888291e+00
-4.554340409548741420e+00
-4.554340409548741420e+00
-4.177152714734572392e+00
-4.177152714734572392e+00
-4.177152714734572392e+00
-4.694972676174968385e+00
-4.694972676174968385e+00
-4.694972676174968385e+00
-4.694972676174968385e+00
-4.694972676174968385e+00
-4.694972676174968385e+00
-4.694972676174968385e+00
-4.280151397441334105e+00
-4.341724562501182660e+00
-4.341724562501182660e+00
-4.341724562501182660e+00
-4.341724562501182660e+00
-4.098088015331553535e+00
-4.098088015331553535e+00
-4.493501954809538290e+00
-4.493501954809538290e+00
-4.493501954809538290e+00
-4.450979330625761676e+00
-4.450979330625761676e+00
-3.998819099429412383e+00
-3.998819099429412383e+00
-3.998819099429412383e+00
-3.986437766903543345e+00
-4.025307031945181357e+00
-4.025307031945181357e+00
-4.134896031121312987e+00
-4.134896031121312987e+00
-4.134896031121312987e+00
-4.084471175466165782e+00
-4.084471175466165782e+00
-4.046385414045847284e+00
-3.974448667613614372e+00
-3.974448667613614372e+00
-4.286248635683412189e+00
-4.380501762606421323e+00
-4.325429970357991039e+00
-4.396733652550308236e+00
-4.396733652550308236e+00
-4.245978482062954029e+00
-4.738996302984467057e+00
-4.738996302984467057e+00
-4.209775389734830675e+00
-4.424917178083350500e+00
-4.408574766402198364e+00
-4.408574766402198364e+00
-4.408574766402198364e+00
-4.408574766402198364e+00
-4.558067499994088223e+00
-4.558067499994088223e+00
-4.601497724872891659e+00
-4.601497724872891659e+00
-4.601497724872891659e+00
-4.601497724872891659e+00
-4.405929986629274708e+00
-4.405929986629274708e+00
-4.405929986629274708e+00
-4.405929986629274708e+00
-4.405929986629274708e+00
-4.812337658591496314e+00
-4.812337658591496314e+00
-4.812337658591496314e+00
-4.812337658591496314e+00
-4.812337658591496314e+00
-4.433449006814428550e+00
-4.433449006814428550e+00
-4.505779832263185014e+00
-4.505779832263185014e+00
-4.505779832263185014e+00
-4.505779832263185014e+00
-4.505779832263185014e+00
-4.505779832263185014e+00
-4.505779832263185014e+00
-4.358211344882880312e+00
-4.358211344882880312e+00
-4.358211344882880312e+00
-4.358211344882880312e+00
-4.358211344882880312e+00
-4.358211344882880312e+00
-4.358211344882880312e+00
-4.358211344882880312e+00
-4.215039446913519505e+00
-4.215039446913519505e+00
-4.215039446913519505e+00
-4.215039446913519505e+00
-4.215039446913519505e+00
-4.215039446913519505e+00
-4.463977084275378537e+00
-4.463977084275378537e+00
-4.456421061963829366e+00
-4.603283973868273371e+00
-4.094709711836734378e+00
-4.094709711836734378e+00
-4.229499331735220302e+00
-4.229499331735220302e+00
-4.229499331735220302e+00
-4.229499331735220302e+00
-4.229499331735220302e+00
-4.428577144360248852e+00
-4.428577144360248852e+00
-4.428577144360248852e+00
-4.428577144360248852e+00
-4.428577144360248852e+00
-4.428577144360248852e+00
-4.428577144360248852e+00
-4.519283982304386882e+00
-4.519283982304386882e+00
-4.519283982304386882e+00
-4.795459765374712191e+00
-4.795459765374712191e+00
-4.795459765374712191e+00
-4.795459765374712191e+00
-4.795459765374712191e+00
-4.795459765374712191e+00
-4.795459765374712191e+00
-4.795459765374712191e+00
-4.795459765374712191e+00
-4.820707784841748555e+00
-4.820707784841748555e+00
-4.820707784841748555e+00
-4.820707784841748555e+00
-4.820707784841748555e+00
-4.820707784841748555e+00
-4.820707784841748555e+00
-4.820707784841748555e+00
-4.820707784841748555e+00
-4.811760557632484669e+00
-4.811760557632484669e+00
-4.811760557632484669e+00
-4.811760557632484669e+00
-4.811760557632484669e+00
-4.768178916470747097e+00
-4.768178916470747097e+00
-4.863980498198928970e+00
-4.863980498198928970e+00
-4.863980498198928970e+00
-4.863980498198928970e+00
-4.395551013001051999e+00
-4.395551013001051999e+00
-4.395551013001051999e+00
-4.395551013001051999e+00
-4.395551013001051999e+00
-4.395551013001051999e+00
-4.395551013001051999e+00
-4.395551013001051999e+00
-4.395551013001051999e+00
-4.395551013001051999e+00
-4.395551013001051999e+00
-4.395551013001051999e+00
-4.270820864393789940e+00
-4.270820864393789940e+00
-4.270820864393789940e+00
-4.270820864393789940e+00
-4.270820864393789940e+00
-4.270820864393789940e+00
-4.492409587726462483e+00
-4.492409587726462483e+00
-4.492409587726462483e+00
-4.492409587726462483e+00
-4.463319622849297730e+00
-4.463319622849297730e+00
-4.463319622849297730e+00
-4.463319622849297730e+00
-4.463319622849297730e+00
-4.297502945181677525e+00
-4.297502945181677525e+00
-4.297502945181677525e+00
-4.297502945181677525e+00
-4.297502945181677525e+00
-4.297502945181677525e+00
-4.297502945181677525e+00
-4.297502945181677525e+00
-4.297502945181677525e+00
-4.297502945181677525e+00
-4.297502945181677525e+00
-4.297502945181677525e+00
-4.297502945181677525e+00
-4.297502945181677525e+00
-4.297502945181677525e+00
-4.297502945181677525e+00
-4.329044093204513999e+00
-4.329044093204513999e+00
-4.329044093204513999e+00
-4.517846755224566913e+00
-4.517846755224566913e+00
-4.517846755224566913e+00
-4.473485182084385059e+00
-4.418718934831798784e+00
-4.418718934831798784e+00
-4.418718934831798784e+00
-4.439690706064840953e+00
-4.439690706064840953e+00
-4.302082144750730031e+00
-4.235594715274358713e+00
-4.235594715274358713e+00
-4.235594715274358713e+00
-4.235594715274358713e+00
-4.235594715274358713e+00
-4.235594715274358713e+00
-4.235594715274358713e+00
-4.235594715274358713e+00
-4.235594715274358713e+00
-4.235594715274358713e+00
-4.464437451206928031e+00
-4.457633875706484616e+00
-4.457633875706484616e+00
-4.467300843781185193e+00
-4.467300843781185193e+00
-4.467300843781185193e+00
-4.467300843781185193e+00
-4.522901920101737083e+00
-4.522901920101737083e+00
-4.483368900035277882e+00
-4.483368900035277882e+00
-4.513346105525412710e+00
-4.513346105525412710e+00
-4.513346105525412710e+00
-4.513346105525412710e+00
-4.513346105525412710e+00
-4.471353698937656773e+00
-4.471353698937656773e+00
-4.457477944842475281e+00
-4.457477944842475281e+00
-4.457477944842475281e+00
-4.457477944842475281e+00
-4.457477944842475281e+00
-4.457477944842475281e+00
-4.457477944842475281e+00
-4.457477944842475281e+00
-4.457477944842475281e+00
-4.491685339733211713e+00
-4.762817343480259424e+00
-4.762817343480259424e+00
-3.750607645197419071e+00
-4.658181847901552430e+00
-4.223559065870154505e+00
-4.223559065870154505e+00
-4.209646237924439482e+00
-4.145429956371843971e+00
-4.262897530482181452e+00
-4.262897530482181452e+00
-4.147355518964287668e+00
-4.147355518964287668e+00
-4.147355518964287668e+00
-4.147355518964287668e+00
-4.147355518964287668e+00
-4.147355518964287668e+00
-4.188288623380026721e+00
-4.096495546594940862e+00
-4.096495546594940862e+00
-4.346313739057317882e+00
-4.346313739057317882e+00
-4.346313739057317882e+00
-4.308551743299089409e+00
-4.308551743299089409e+00
-4.308551743299089409e+00
-4.134512202003045367e+00
-4.339225988750457397e+00
-4.339225988750457397e+00
-4.339225988750457397e+00
-4.339225988750457397e+00
-4.339225988750457397e+00
-4.241204625905443670e+00
-4.241204625905443670e+00
-4.241204625905443670e+00
-4.241204625905443670e+00
-4.241204625905443670e+00
-4.429444745049830878e+00
-4.429444745049830878e+00
-4.429444745049830878e+00
-4.429444745049830878e+00
-4.429444745049830878e+00
-4.429444745049830878e+00
-4.429444745049830878e+00
-4.233085822053530123e+00
-4.233085822053530123e+00
-4.233085822053530123e+00
-4.233085822053530123e+00
-4.233085822053530123e+00
-4.233085822053530123e+00
-4.233085822053530123e+00
-4.233085822053530123e+00
-4.233085822053530123e+00
-4.233085822053530123e+00
-4.233085822053530123e+00
-4.233085822053530123e+00
-4.233085822053530123e+00
-4.210675582516282489e+00
-4.210675582516282489e+00
-4.332470944209489971e+00
-4.277544121591350113e+00
-4.277544121591350113e+00
-4.277544121591350113e+00
-4.277544121591350113e+00
-4.240758260080479403e+00
-4.118331079897212810e+00
-4.118331079897212810e+00
-4.118331079897212810e+00
-4.118331079897212810e+00
-4.118331079897212810e+00
-4.206452730023086062e+00
-4.206452730023086062e+00
-4.213032169131702531e+00
-4.183006592215481767e+00
-4.183006592215481767e+00
-4.220720183063195741e+00
-4.220720183063195741e+00
-4.220720183063195741e+00
-4.220720183063195741e+00
-4.220720183063195741e+00
-4.220720183063195741e+00
-4.220720183063195741e+00
-4.220720183063195741e+00
-4.220720183063195741e+00
-4.177286503101856674e+00
-4.129547023696685137e+00
-4.129547023696685137e+00
-4.661799210878120547e+00
-4.661799210878120547e+00
-4.661799210878120547e+00
-4.661799210878120547e+00
-4.661799210878120547e+00
-4.661799210878120547e+00
-4.694465516953484574e+00
-4.694465516953484574e+00
-4.449206021652373444e+00
-4.449206021652373444e+00
-4.449206021652373444e+00
-4.449206021652373444e+00
-4.449206021652373444e+00
-4.449206021652373444e+00
-4.449206021652373444e+00
-4.449206021652373444e+00
-4.449206021652373444e+00
-4.449206021652373444e+00
-4.449206021652373444e+00
-4.449206021652373444e+00
-4.449206021652373444e+00
-4.449206021652373444e+00
-4.344012314704473354e+00
-4.283548159143859557e+00
-4.283548159143859557e+00
-4.283548159143859557e+00
-4.283548159143859557e+00
-4.283548159143859557e+00
-4.283548159143859557e+00
-4.068596453862820539e+00
-4.068596453862820539e+00
-4.068596453862820539e+00
-4.068596453862820539e+00
-4.068596453862820539e+00
-4.068596453862820539e+00
-4.083201855187883922e+00
-4.083201855187883922e+00
-4.083201855187883922e+00
-4.083201855187883922e+00
-4.482050868630820695e+00
-4.482050868630820695e+00
-4.266405928299651151e+00
-4.266405928299651151e+00
-4.266405928299651151e+00
-4.266405928299651151e+00
-4.266405928299651151e+00
-4.266405928299651151e+00
-4.266405928299651151e+00
-4.299124436807094440e+00
-4.382051152788917214e+00
-4.278328298435663868e+00
-4.278328298435663868e+00
-4.278328298435663868e+00
-4.278328298435663868e+00
-4.278328298435663868e+00
-4.278328298435663868e+00
-4.278328298435663868e+00
-4.278328298435663868e+00
-4.278328298435663868e+00
-4.278328298435663868e+00
-4.359152430661254130e+00
-4.359152430661254130e+00
-4.422132543781464697e+00
-4.422132543781464697e+00
-4.480716453280648714e+00
-4.480716453280648714e+00
-4.480716453280648714e+00
-4.480716453280648714e+00
-4.480716453280648714e+00
-4.591137086850624272e+00
-4.577654826501252217e+00
-4.577654826501252217e+00
-4.577654826501252217e+00
-4.484550610401848658e+00
-4.593204528258322483e+00
-4.593204528258322483e+00
-4.593204528258322483e+00
-4.434372339572162147e+00
-4.434372339572162147e+00
-4.395143188878154916e+00
-4.395143188878154916e+00
-4.343659703171307562e+00
-4.343659703171307562e+00
-4.343659703171307562e+00
-4.343659703171307562e+00
-4.343659703171307562e+00
-4.343659703171307562e+00
-4.343659703171307562e+00
-4.343659703171307562e+00
-4.343659703171307562e+00
-4.343659703171307562e+00
-4.343659703171307562e+00
-4.324159430062280762e+00
-4.339870391446964071e+00
-4.339870391446964071e+00
-4.339870391446964071e+00
-4.339870391446964071e+00
-4.339870391446964071e+00
-4.339870391446964071e+00
-4.339870391446964071e+00
-4.339870391446964071e+00
-4.339870391446964071e+00
-4.339870391446964071e+00
-4.339870391446964071e+00
-4.205277045521637724e+00
-4.205277045521637724e+00
-4.270934477942004648e+00
-4.270934477942004648e+00
-4.270934477942004648e+00
-4.270934477942004648e+00
-4.270934477942004648e+00
-4.270934477942004648e+00
-4.287573160480121714e+00
-4.287573160480121714e+00
-4.287573160480121714e+00
-4.287573160480121714e+00
-4.456594667415694211e+00
-4.489687789712268895e+00
-4.489687789712268895e+00
-4.489687789712268895e+00
-4.489687789712268895e+00
-4.489687789712268895e+00
-4.563418647243335791e+00
-4.563418647243335791e+00
-4.563418647243335791e+00
-4.563418647243335791e+00
-4.563418647243335791e+00
-4.649946914933820175e+00
-4.649946914933820175e+00
-4.649946914933820175e+00
-4.644651304121190982e+00
-4.644651304121190982e+00
-4.471269041220667262e+00
-4.471269041220667262e+00
-4.413580038938503591e+00
-4.195514434230371847e+00
-4.680455076993357721e+00
-4.629138837008007101e+00
-4.629138837008007101e+00
-4.629138837008007101e+00
-4.629138837008007101e+00
-4.629138837008007101e+00
-4.629138837008007101e+00
-4.629138837008007101e+00
-4.629138837008007101e+00
-4.629138837008007101e+00
-4.629138837008007101e+00
-4.629138837008007101e+00
-4.552671441753742165e+00
-4.552671441753742165e+00
-4.552671441753742165e+00
-4.610809356761512490e+00
-4.610809356761512490e+00
-4.525491778248156294e+00
-4.525491778248156294e+00
-4.525491778248156294e+00
-4.525491778248156294e+00
-4.414345669161644281e+00
-4.414345669161644281e+00
-4.414345669161644281e+00
-4.414345669161644281e+00
-4.414345669161644281e+00
-4.274570487689341114e+00
-4.431601617004893079e+00
-4.431601617004893079e+00
-4.194177660935752172e+00
-4.194177660935752172e+00
-4.208494600990024814e+00
-4.105696384385781883e+00
-4.068378724103941302e+00
-4.068378724103941302e+00
-4.068378724103941302e+00
-4.349545959823720054e+00
-4.349545959823720054e+00
-4.349545959823720054e+00
-4.349545959823720054e+00
-4.464317592949652358e+00
-4.464317592949652358e+00
-4.426802489924501316e+00
-4.426802489924501316e+00
-4.426802489924501316e+00
-4.426802489924501316e+00
-4.426802489924501316e+00
-4.426802489924501316e+00
-4.426802489924501316e+00
-4.426802489924501316e+00
-4.426802489924501316e+00
-4.426802489924501316e+00
-4.426802489924501316e+00
-4.289617168967323479e+00
-4.289617168967323479e+00
-4.289617168967323479e+00
-4.305714084144534048e+00
-4.305714084144534048e+00
-4.305714084144534048e+00
-4.305714084144534048e+00
-4.425213875655388485e+00
-4.425213875655388485e+00
-4.425213875655388485e+00
-4.425213875655388485e+00
-4.390474469076382391e+00
-4.390474469076382391e+00
-4.390474469076382391e+00
-4.390474469076382391e+00
-4.390474469076382391e+00
-4.507906388619373317e+00
-4.507906388619373317e+00
-4.507906388619373317e+00
-4.507906388619373317e+00
-4.507906388619373317e+00
-4.507906388619373317e+00
-4.507906388619373317e+00
-4.507906388619373317e+00
-4.507906388619373317e+00
-4.268780385538415878e+00
-4.268780385538415878e+00
-4.268780385538415878e+00
-4.268780385538415878e+00
-4.268780385538415878e+00
-4.218943860214777075e+00
-4.218943860214777075e+00
-4.218943860214777075e+00
-4.218943860214777075e+00
-4.218943860214777075e+00
-4.209148903092654770e+00
-4.209148903092654770e+00
-4.209148903092654770e+00
-4.209148903092654770e+00
-4.209148903092654770e+00
-4.180866779773428021e+00
-4.180866779773428021e+00
-4.180866779773428021e+00
-4.180866779773428021e+00
-4.180866779773428021e+00
-4.180866779773428021e+00
-4.584176701561060163e+00
-4.584176701561060163e+00
-4.211603664254168322e+00
-4.211603664254168322e+00
-4.211603664254168322e+00
-4.211603664254168322e+00
-4.211603664254168322e+00
-4.211603664254168322e+00
-4.196759862351220782e+00
-4.196759862351220782e+00
-4.196759862351220782e+00
-4.196759862351220782e+00
-4.196759862351220782e+00
-4.196759862351220782e+00
-4.196759862351220782e+00
-4.196759862351220782e+00
-4.196759862351220782e+00
-3.818041801452749073e+00
-3.818041801452749073e+00
-3.849390550619983475e+00
-3.849390550619983475e+00
-3.849390550619983475e+00
-3.849390550619983475e+00
-3.849390550619983475e+00
-3.849390550619983475e+00
-3.953287857494044211e+00
-3.953287857494044211e+00
-4.091549679837770626e+00
-4.337708317649225265e+00
-4.188056676879882367e+00
-4.188056676879882367e+00
-4.188056676879882367e+00
-4.188056676879882367e+00
-4.188056676879882367e+00
-4.188056676879882367e+00
-4.188056676879882367e+00
-4.188056676879882367e+00
-4.417687434413100966e+00
-4.417687434413100966e+00
-4.417687434413100966e+00
-4.468380290948198663e+00
-4.468380290948198663e+00
-4.468380290948198663e+00
-4.246211070203546711e+00
-4.284444270702534752e+00
-4.284444270702534752e+00
-4.450590748372468930e+00
-4.462081312257260457e+00
-4.404867332194267959e+00
-4.404867332194267959e+00
-4.404867332194267959e+00
-4.404867332194267959e+00
-4.404867332194267959e+00
-4.443372950570474877e+00
-4.443372950570474877e+00
-4.443372950570474877e+00
-4.231081087585475409e+00
-4.231081087585475409e+00
-4.231081087585475409e+00
-4.231081087585475409e+00
-4.231081087585475409e+00
-4.231081087585475409e+00
-4.231081087585475409e+00
-4.231081087585475409e+00
-4.231081087585475409e+00
-4.231081087585475409e+00
-4.231081087585475409e+00
-4.231081087585475409e+00
-4.231081087585475409e+00
-4.231081087585475409e+00
-4.032832856067281924e+00
-4.032832856067281924e+00
-4.032832856067281924e+00
-4.079224556308887806e+00
-4.079224556308887806e+00
-4.079224556308887806e+00
-4.079224556308887806e+00
-4.079224556308887806e+00
-4.079224556308887806e+00
-4.079224556308887806e+00
-4.079224556308887806e+00
-4.290399093451378931e+00
-4.421699808065257642e+00
-3.767368470566294203e+00
-3.767368470566294203e+00
-3.767368470566294203e+00
-3.767368470566294203e+00
-3.767368470566294203e+00
-4.521737576936085468e+00
-4.521737576936085468e+00
-4.521737576936085468e+00
-4.521737576936085468e+00
-4.521737576936085468e+00
-4.521737576936085468e+00
-4.521737576936085468e+00
-4.479894599442814318e+00
-4.017738530008148956e+00
-4.017738530008148956e+00
-4.017738530008148956e+00
-4.600386258426276243e+00
-4.600386258426276243e+00
-4.600386258426276243e+00
-4.649545292319825940e+00
-4.579837391695122051e+00
-4.579837391695122051e+00
-4.579837391695122051e+00
-4.579837391695122051e+00
-4.579837391695122051e+00
-4.579837391695122051e+00
-4.579837391695122051e+00
-4.579837391695122051e+00
-4.579837391695122051e+00
-4.579837391695122051e+00
-4.579837391695122051e+00
-4.579837391695122051e+00
-4.579837391695122051e+00
-4.579837391695122051e+00
-4.402707172899612331e+00
-4.402707172899612331e+00
-4.402707172899612331e+00
-4.320204946838103410e+00
-4.320204946838103410e+00
-4.331459110552836833e+00
-4.331459110552836833e+00
-4.293028244736894372e+00
-4.396263279847407723e+00
-4.396263279847407723e+00
-4.396263279847407723e+00
-4.396263279847407723e+00
-4.396263279847407723e+00
-4.396263279847407723e+00
-4.396263279847407723e+00
-4.265409090964018546e+00
-4.265409090964018546e+00
-4.265409090964018546e+00
-4.265409090964018546e+00
-4.265409090964018546e+00
-4.265409090964018546e+00
-4.265409090964018546e+00
-4.266922766041127524e+00
-4.266922766041127524e+00
-4.266922766041127524e+00
-4.266922766041127524e+00
-4.266922766041127524e+00
-4.365589755994879972e+00
-4.478361765072569334e+00
-4.478361765072569334e+00
-4.478361765072569334e+00
-4.468492034575844762e+00
-4.277582404735530197e+00
-4.277582404735530197e+00
-4.277582404735530197e+00
-4.277582404735530197e+00
-4.277582404735530197e+00
-4.277582404735530197e+00
-4.277582404735530197e+00
-4.277582404735530197e+00
-4.274536396979207176e+00
-4.274536396979207176e+00
-4.274536396979207176e+00
-4.387556545767493432e+00
-4.387556545767493432e+00
-4.149278371758110318e+00
-4.075920699831216076e+00
-4.519037498657469065e+00
-4.519037498657469065e+00
-4.318860231027499275e+00
-4.318860231027499275e+00
-4.318860231027499275e+00
-4.318860231027499275e+00
-4.318860231027499275e+00
-4.318860231027499275e+00
-4.318860231027499275e+00
-4.318860231027499275e+00
-4.318860231027499275e+00
-4.318860231027499275e+00
-4.318860231027499275e+00
-4.318860231027499275e+00
-4.318860231027499275e+00
-4.225106483235729016e+00
-4.225106483235729016e+00
-4.225106483235729016e+00
-4.225106483235729016e+00
-4.225106483235729016e+00
-4.225106483235729016e+00
-4.261501924761463833e+00
-4.261501924761463833e+00
-4.261501924761463833e+00
-4.261501924761463833e+00
-4.242759349343216968e+00
-4.242759349343216968e+00
-4.242759349343216968e+00
-4.267474620460876444e+00
-4.267474620460876444e+00
-4.329882203064679302e+00
-4.329882203064679302e+00
-4.329882203064679302e+00
-4.302069680152817988e+00
-4.302069680152817988e+00
-4.302069680152817988e+00
-4.302069680152817988e+00
-4.302069680152817988e+00
-4.302069680152817988e+00
-4.381938224627781153e+00
-4.106831238818828389e+00
-4.106831238818828389e+00
-4.106831238818828389e+00
-4.106831238818828389e+00
-4.106831238818828389e+00
-4.106831238818828389e+00
-4.106831238818828389e+00
-4.104862435768570350e+00
-4.104862435768570350e+00
-4.104862435768570350e+00
-4.104862435768570350e+00
-4.104862435768570350e+00
-4.104862435768570350e+00
-4.480542370676902308e+00
-4.480542370676902308e+00
-4.480542370676902308e+00
-4.482487333250067429e+00
-4.537338204050226587e+00
-4.286975418826822981e+00
-4.286975418826822981e+00
-4.286975418826822981e+00
-4.286975418826822981e+00
-4.286975418826822981e+00
-4.286975418826822981e+00
-4.286975418826822981e+00
-4.286975418826822981e+00
-4.286975418826822981e+00
-4.286975418826822981e+00
-4.286975418826822981e+00
-4.323897209190490365e+00
-4.323897209190490365e+00
-4.455538599640298969e+00
-4.455538599640298969e+00
-4.455538599640298969e+00
-4.526223527740843799e+00
-4.636964983432072529e+00
-4.636964983432072529e+00
-4.636964983432072529e+00
-4.758039939875499336e+00
-4.758039939875499336e+00
-4.758039939875499336e+00
-4.760632741270655721e+00
-4.760632741270655721e+00
-4.529403344374372864e+00
-4.301745578951903681e+00
-4.301745578951903681e+00
-4.281836306271583403e+00
-4.281836306271583403e+00
-4.281836306271583403e+00
-4.589878988070933197e+00
-4.589878988070933197e+00
-4.589878988070933197e+00
-4.589878988070933197e+00
-4.589878988070933197e+00
-4.589878988070933197e+00
-4.589878988070933197e+00
-4.589878988070933197e+00
-4.589878988070933197e+00
-4.485411011213431109e+00
-4.485411011213431109e+00
-4.485411011213431109e+00
-4.485411011213431109e+00
-4.485411011213431109e+00
-4.485411011213431109e+00
-4.485411011213431109e+00
-4.485411011213431109e+00
-4.573128674105122471e+00
-4.422661960294182570e+00
-4.422661960294182570e+00
-4.422661960294182570e+00
-4.422661960294182570e+00
-4.422661960294182570e+00
-4.378234757332543303e+00
-4.378234757332543303e+00
-4.121655590498994215e+00
-4.415960061059263531e+00
-4.415960061059263531e+00
-4.377930608324791528e+00
-4.377930608324791528e+00
-4.377930608324791528e+00
-4.377930608324791528e+00
-4.496857871959037745e+00
-4.496857871959037745e+00
-4.496857871959037745e+00
-4.496857871959037745e+00
-4.469532595822761856e+00
-4.469532595822761856e+00
-4.779370806945776984e+00
-4.779370806945776984e+00
-4.779370806945776984e+00
-4.565410901535290833e+00
-4.277190922074415091e+00
-4.277190922074415091e+00
-4.303488906273705616e+00
-4.303488906273705616e+00
-4.303488906273705616e+00
-4.303488906273705616e+00
-4.303488906273705616e+00
-4.303488906273705616e+00
-4.303488906273705616e+00
-4.305153853631212613e+00
-4.305153853631212613e+00
-4.305153853631212613e+00
-4.305153853631212613e+00
-4.305153853631212613e+00
-4.305153853631212613e+00
-4.305153853631212613e+00
-4.305153853631212613e+00
-4.305153853631212613e+00
-4.305153853631212613e+00
-4.305153853631212613e+00
-4.576485633264522512e+00
-4.576485633264522512e+00
-4.576485633264522512e+00
-4.576485633264522512e+00
-4.576485633264522512e+00
-4.576485633264522512e+00
-4.576485633264522512e+00
-4.576485633264522512e+00
-4.576485633264522512e+00
-4.576485633264522512e+00
-4.576485633264522512e+00
-3.988990999522302072e+00
-4.628616590423969335e+00
-4.628616590423969335e+00
-4.628616590423969335e+00
-4.628616590423969335e+00
-4.628616590423969335e+00
-4.628616590423969335e+00
-4.628616590423969335e+00
-4.628616590423969335e+00
-4.628616590423969335e+00
-4.628616590423969335e+00
-4.628616590423969335e+00
-4.628616590423969335e+00
-4.628616590423969335e+00
-4.628616590423969335e+00
-4.486527597789036648e+00
-4.486527597789036648e+00
