# Variable: dg_gbvi_00000080
# Sample shape: (1000,)
# Date: 2013-03-07 22:55:08.582158
-2.905726908528502239e+00
-2.749295893329665397e+00
-2.365907263209252598e+00
-1.781784546323001095e+00
-2.779458998301416628e+00
-1.913289688222029161e+00
-1.724495837328762438e+00
-1.724148904900028922e+00
-1.557773012788848055e+00
-1.544706185466671711e+00
-1.447837908745835511e+00
-1.436452140292657997e+00
-1.418828704826753828e+00
-1.388998555628901288e+00
-1.413176455325108494e+00
-1.419138519426927481e+00
-1.425149327252766440e+00
-1.425149327252766440e+00
-1.460548198436040224e+00
-1.460548198436040224e+00
-1.509098569885785945e+00
-1.458416411915274047e+00
-1.450227722045438261e+00
-1.451556581790807376e+00
-1.455676452355170181e+00
-1.434773575751182362e+00
-1.427873398502225166e+00
-1.404748717022891391e+00
-1.402156012555585418e+00
-1.402156012555585418e+00
-1.469773490811376204e+00
-1.435788396294183089e+00
-1.411934015420694521e+00
-1.635885759218908442e+00
-1.640668771741154996e+00
-1.634658105435676800e+00
-1.644659718187498232e+00
-1.674828069511444362e+00
-1.638447664232047352e+00
-1.624526173590962408e+00
-1.633770545523558715e+00
-1.618809958838579810e+00
-1.613521115814114282e+00
-1.578845294765700569e+00
-1.566802791025956099e+00
-1.577200916580048684e+00
-1.577200916580048684e+00
-1.580842352391826466e+00
-1.592718296789665811e+00
-1.602818507855951147e+00
-1.590607117636473111e+00
-1.638895133942776194e+00
-1.662813695192131291e+00
-1.657326932806404418e+00
-1.678865331366502289e+00
-1.645357715796750275e+00
-1.638680142245128923e+00
-1.641869267963374623e+00
-1.638570427194058876e+00
-1.656315432429671830e+00
-1.739380228646648874e+00
-1.732678401062361928e+00
-1.742401227805140396e+00
-1.743052768256432961e+00
-1.737146373163103386e+00
-1.732231873554717083e+00
-1.704940980733447020e+00
-1.704425744648070840e+00
-1.683217397485732958e+00
-1.718061934386541090e+00
-1.692047026451310998e+00
-1.697793453002794273e+00
-1.393937608308188247e+00
-1.411468263413040658e+00
-1.743071468347815456e+00
-1.716490136348745255e+00
-1.716490136348745255e+00
-1.717722696461888576e+00
-1.722528538459055847e+00
-1.747768017622407744e+00
-1.752597172771015677e+00
-1.736142472552183902e+00
-1.723952003145888590e+00
-1.733458068381106498e+00
-1.709123879221390974e+00
-1.730426604090224307e+00
-1.681545622701529297e+00
-1.672535302651377398e+00
-1.726529424426636483e+00
-1.699528586820894915e+00
-1.731663417874024224e+00
-1.716928130416042642e+00
-1.666497442218694891e+00
-1.663077786988021778e+00
-1.646864497204304278e+00
-1.641400769165788809e+00
-1.616440905298460962e+00
-1.606229703175071188e+00
-1.613303194700409282e+00
-1.591557121154702381e+00
-1.593858506386458318e+00
-1.593858506386458318e+00
-1.599607071881768539e+00
-1.591168770811591804e+00
-2.032952215879139768e+00
-2.041677121163873565e+00
-2.065532603850208204e+00
-2.067885678280957151e+00
-2.056073281020005972e+00
-2.036900105154749063e+00
-2.045331853078550921e+00
-2.034145838235543291e+00
-2.063958601715693231e+00
-1.581284565018252986e+00
-1.549069034984381865e+00
-1.550433190679683104e+00
-1.558115191604341199e+00
-1.564175891140165087e+00
-1.537880809971366114e+00
-1.566206265148043508e+00
-1.586191076662027744e+00
-1.580547513122773751e+00
-1.561180906425198467e+00
-1.576661412744778445e+00
-1.599715419891683643e+00
-1.613660473393520034e+00
-1.580506889108645341e+00
-1.568265099649886363e+00
-1.563580819590224547e+00
-1.513945915412288290e+00
-1.512133071228150882e+00
-1.552893297308266085e+00
-1.577518758817302080e+00
-1.562561925538636487e+00
-1.564199971696556668e+00
-1.568732126340030897e+00
-1.571264748383944143e+00
-1.571264748383944143e+00
-1.698092736018705695e+00
-1.741351479392790891e+00
-1.742511763818566983e+00
-1.907425037822599201e+00
-1.884191786114201905e+00
-1.895461111056430559e+00
-1.887396196288517070e+00
-1.895516516056742651e+00
-1.882409129692410366e+00
-1.668166737777637909e+00
-1.657907899687175002e+00
-1.647858513229928379e+00
-1.653560814844597271e+00
-1.671011824502028009e+00
-1.487908949038468265e+00
-1.510630559678029838e+00
-1.500385917007749814e+00
-1.517903589814600718e+00
-1.533407705219414385e+00
-1.593667388494015791e+00
-1.613143785799857399e+00
-1.619774224405190699e+00
-1.616632271599674375e+00
-1.602992378503836246e+00
-1.596544932511595460e+00
-1.588685096723112977e+00
-1.559353728388324090e+00
-1.580233319995943964e+00
-1.619089880970519424e+00
-1.619134786862291397e+00
-1.628308255365789936e+00
-1.666296335460858868e+00
-1.670278648012356815e+00
-1.691922213808567887e+00
-1.681627991754877316e+00
-1.648903297555387226e+00
-1.605402223257102134e+00
-1.568766269822882142e+00
-1.580264875693797366e+00
-1.565645479653304140e+00
-1.558693545080489073e+00
-1.564332199623635677e+00
-1.582017360555492358e+00
-1.605318969667977713e+00
-1.593999323676797752e+00
-1.552901491777612053e+00
-1.545568306117016011e+00
-1.598183753124520878e+00
-1.582545782988528771e+00
-1.557000585359877842e+00
-1.545503185910109378e+00
-1.542715894385914277e+00
-1.731467284174642129e+00
-1.725259143824487529e+00
-1.698817429107560617e+00
-1.607355479341713300e+00
-1.638347184842836368e+00
-1.638347184842836368e+00
-1.626423966658892883e+00
-1.622462362359953669e+00
-1.604921677050654472e+00
-1.617110984377732930e+00
-1.640664342956954069e+00
-1.638469033822850252e+00
-1.593271332402402818e+00
-1.259861912787792804e+00
-2.143959401983897894e+00
-2.178799143866612109e+00
-2.169463462302738233e+00
-2.167583964553200016e+00
-2.181952686097749616e+00
-1.295943886773364140e+00
-1.328133656787810812e+00
-1.342791667243890874e+00
-1.341064306629325964e+00
-1.341064306629325964e+00
-1.317867050523906736e+00
-1.272529003925456204e+00
-1.251018674643437301e+00
-1.255616984040450745e+00
-1.260518971229747764e+00
-1.298849256795862717e+00
-1.265548403288175416e+00
-1.255477615390495183e+00
-1.426778545344077331e+00
-1.437227021298011165e+00
-1.438603832519928849e+00
-1.424685598072004122e+00
-1.450297431331556197e+00
-1.450297431331556197e+00
-1.474639637832615646e+00
-1.460710046616245261e+00
-1.477325054858361852e+00
-1.456222327661192306e+00
-1.476694401087397024e+00
-1.500949897703865776e+00
-1.511925399741222309e+00
-1.525542315452382613e+00
-1.491595247102597499e+00
-1.516042532315061031e+00
-1.511712927454132993e+00
-1.552211878298700443e+00
-1.532469234117328050e+00
-1.517806393525462871e+00
-1.477312496020639632e+00
-1.965808967112059102e+00
-1.961151872184938583e+00
-1.963337589039274800e+00
-1.975733017631017940e+00
-2.000548471981057119e+00
-1.686386945556259453e+00
-1.678901629327184564e+00
-1.691382192073610291e+00
-1.690251455599381503e+00
-1.630279357250189687e+00
-1.628257038568358794e+00
-1.649879843805560187e+00
-1.650437595898333054e+00
-1.662196633428570491e+00
-1.657525336438887109e+00
-1.660514920005441653e+00
-1.638189944525533459e+00
-1.650626878721401791e+00
-1.657514197934516931e+00
-1.650746837783228615e+00
-1.645814815241315010e+00
-1.608726996354436389e+00
-1.597270638740802440e+00
-1.610398108652419280e+00
-1.628019025779177342e+00
-1.658832947401734037e+00
-1.650854779149827811e+00
-1.650854779149827811e+00
-1.702973166675931793e+00
-1.700581771667786679e+00
-1.709955327493539512e+00
-1.709903996949320382e+00
-1.669463730868540052e+00
-1.706402526634076988e+00
-1.723973237119242885e+00
-1.731753480859694383e+00
-1.756104289492449899e+00
-1.743467820383285405e+00
-1.746907142610583108e+00
-1.726299257820828714e+00
-1.708058002463811453e+00
-1.675616891880661763e+00
-1.698570394338382306e+00
-1.686520167656372360e+00
-1.696330063292079027e+00
-1.672315517911064253e+00
-1.623080029567893323e+00
-1.525638951274043142e+00
-1.496070929722645548e+00
-1.515016030159700433e+00
-1.546589644944768693e+00
-1.545209868317475310e+00
-1.580591773135880951e+00
-1.585602820269157220e+00
-1.585602820269157220e+00
-1.392003857667806210e+00
-1.395176689666218328e+00
-1.412833478582322222e+00
-1.424943356647741854e+00
-1.432689340960534574e+00
-1.348725893725717606e+00
-1.378491459646552952e+00
-1.394429776907472052e+00
-1.383040116895222438e+00
-1.427113175155026781e+00
-1.416543923228801516e+00
-1.427534102216661660e+00
-1.457446356966541900e+00
-1.465672124472751969e+00
-1.452104583199204990e+00
-1.456744329927728732e+00
-1.456744329927728732e+00
-1.484662454132471554e+00
-1.514542944610292041e+00
-1.510515213132668677e+00
-1.488972950373312898e+00
-1.482283638828898020e+00
-1.472310886634584204e+00
-1.477407350547724096e+00
-1.511524868209035422e+00
-1.511524868209035422e+00
-1.488423425864423555e+00
-1.501771227744905346e+00
-1.501771227744905346e+00
-1.475581326988677500e+00
-1.458403733395384760e+00
-1.432110989133345447e+00
-1.421714136277635321e+00
-1.473232968488249028e+00
-1.465044777899136230e+00
-1.439954799266720320e+00
-1.421494464127916579e+00
-1.460952619088376148e+00
-1.527638706530206392e+00
-1.529564032489222125e+00
-1.543403971158620713e+00
-1.554937292443975716e+00
-1.567020609672514775e+00
-1.551255559891236979e+00
-1.514506050060383968e+00
-1.471853417544383369e+00
-1.548839900991639151e+00
-1.573833073842366925e+00
-1.516392079114417868e+00
-1.514714985480048126e+00
-1.502717387720334585e+00
-1.578564592278094425e+00
-1.596914309090702311e+00
-1.592734344252436207e+00
-1.587973266438319042e+00
-1.626587771241615021e+00
-1.658214692756737163e+00
-1.689989545826140915e+00
-1.707041747243838170e+00
-1.733381694276923790e+00
-1.716540821946234141e+00
-1.728978469733719603e+00
-1.733514833352314488e+00
-1.754839213736371306e+00
-1.754047414228661506e+00
-1.754047414228661506e+00
-1.763710514851833278e+00
-1.672734994037434975e+00
-1.695106122644753022e+00
-1.658144370431512193e+00
-1.624874121001627536e+00
-1.645307195282536661e+00
-1.629494132228086034e+00
-1.477899986432397617e+00
-1.479247405709086527e+00
-1.479247405709086527e+00
-1.486840113274264130e+00
-1.489729258200735984e+00
-1.473898453006666998e+00
-1.463552372997659390e+00
-1.498989800863902877e+00
-1.478699635176649041e+00
-1.499150687661761738e+00
-1.462301386515776791e+00
-1.488461627886984884e+00
-1.477163466924918955e+00
-1.519690773997441458e+00
-1.545332146852182120e+00
-1.555342534704808655e+00
-1.551405785863851028e+00
-1.573191494851409189e+00
-1.567540475217891416e+00
-1.536235714235009153e+00
-1.535612417029262655e+00
-1.530536911328349348e+00
-1.557593403911830432e+00
-1.567812915519676498e+00
-1.572640711121813695e+00
-1.556603899879108965e+00
-1.582183563404082838e+00
-1.595830725514038484e+00
-1.584557842965786723e+00
-1.586973885634579418e+00
-1.627431513045798805e+00
-1.628181844887480745e+00
-1.650824778323110920e+00
-1.643373182145341227e+00
-1.667204497831356935e+00
-1.680426845791989088e+00
-1.639087197866714085e+00
-1.639185449440194065e+00
-1.646841792867386411e+00
-1.669246275293156279e+00
-1.668772103675138396e+00
-1.645080069059211114e+00
-1.631374211104985816e+00
-1.640008339886894762e+00
-1.645602905715871644e+00
-1.655087538438171135e+00
-1.639507269709546966e+00
-1.645966341022952806e+00
-1.645925077519925672e+00
-1.645925077519925672e+00
-1.640904214229229607e+00
-1.652077694949812825e+00
-1.660154973879539142e+00
-1.654034508206294829e+00
-1.624965667096243793e+00
-1.658386055824104810e+00
-1.658386055824104810e+00
-1.658623538543356535e+00
-1.673616198513765863e+00
-1.652917863434558932e+00
-1.657063575686027912e+00
-1.646585150097535477e+00
-1.664003233410749294e+00
-1.640715123469228320e+00
-1.645046023912021926e+00
-1.645663392863129015e+00
-1.665316896963510152e+00
-1.596815542538221333e+00
-1.874782597103404669e+00
-1.907482145639919358e+00
-1.851984685572640732e+00
-1.855045742281665966e+00
-1.862197451759056266e+00
-1.850176380429964018e+00
-1.850176380429964018e+00
-1.819313406212915263e+00
-1.785394085105744155e+00
-1.770707220315446362e+00
-1.731787815095944039e+00
-1.750291324173427476e+00
-1.893096234830434543e+00
-1.890246953523799567e+00
-1.902606148211175796e+00
-1.884145012621078807e+00
-1.870927051839486266e+00
-1.907132889768484052e+00
-1.898631885352660031e+00
-1.890658883119138656e+00
-1.890658883119138656e+00
-1.601335862169653401e+00
-1.616202007005417718e+00
-1.587597317383541373e+00
-1.558431849299244387e+00
-1.554721534820729723e+00
-1.571187179643108722e+00
-1.571187179643108722e+00
-1.555609245397434170e+00
-1.578665812631777188e+00
-1.563030732550771074e+00
-1.572560725381264346e+00
-1.580545659447977647e+00
-1.541341760037868269e+00
-1.534013780511503722e+00
-1.527852199724819782e+00
-1.533637637223760120e+00
-1.534985969072094836e+00
-1.658151622287887816e+00
-1.637067301300855648e+00
-1.637067301300855648e+00
-1.659138455992118732e+00
-1.636238578379073605e+00
-1.592494643865739468e+00
-1.581117692445412670e+00
-1.603449855669636159e+00
-1.588335982154821968e+00
-1.626693921412263988e+00
-1.637375723638259561e+00
-1.638743870480688258e+00
-1.658829699424176241e+00
-1.665613624503783141e+00
-1.685158630761196097e+00
-1.678451426463035023e+00
-1.665927258189247917e+00
-1.656202915592874803e+00
-1.651617550860465133e+00
-1.647606128659415248e+00
-1.572700197202991923e+00
-1.639905705517526791e+00
-1.633519901900164939e+00
-1.649336463319121204e+00
-1.632217615784328668e+00
-1.648312005827964777e+00
-1.671878477667377405e+00
-1.654719044157769714e+00
-1.630043690830120573e+00
-1.629819129620432960e+00
-1.644750817176271696e+00
-1.649463194763663765e+00
-1.684023888205704811e+00
-1.678858346961880521e+00
-1.686854127704640050e+00
-1.701662014094212250e+00
-1.697920191067584739e+00
-1.715319970574650910e+00
-1.715319970574650910e+00
-1.698464847652172205e+00
-1.694917170478713153e+00
-1.689790055976529315e+00
-1.674746124714884488e+00
-1.674746124714884488e+00
-1.683612258817588581e+00
-1.704754863514099439e+00
-1.692001033411960620e+00
-1.602818428596456624e+00
-1.587102299543314166e+00
-1.603894289816897967e+00
-1.608037641326919731e+00
-1.583699837476582495e+00
-1.595165723710750827e+00
-1.609518394700384825e+00
-1.606470216895647507e+00
-1.560072185932459110e+00
-1.566452616548061227e+00
-1.564714762937276182e+00
-1.570691274836597540e+00
-1.659717607549635598e+00
-1.620914226705210792e+00
-1.611269239992292990e+00
-1.549261432281325179e+00
-1.555916485729667231e+00
-1.557616798956384274e+00
-1.562347403526418432e+00
-1.575831653854470993e+00
-1.612496177920820006e+00
-1.579691776588700192e+00
-1.571374654244738434e+00
-1.580527224711857581e+00
-1.599552085327369033e+00
-1.653236676002527439e+00
-1.652450265082113567e+00
-1.620194987996802505e+00
-1.650371497501202933e+00
-1.644491716696371952e+00
-1.619436924656501686e+00
-1.604652836104836888e+00
-1.585602836969919105e+00
-1.573684905162690884e+00
-1.612003059491744050e+00
-1.590314102134092744e+00
-1.522853686353661473e+00
-1.515797558629680353e+00
-1.535691039427691917e+00
-1.502531695127068190e+00
-1.472402175832744353e+00
-1.442498429708456431e+00
-1.466197602091027008e+00
-1.465730290211146203e+00
-1.426850973794929311e+00
-1.422402894199185086e+00
-1.413988191085661983e+00
-1.424490850181231894e+00
-1.437220505753287636e+00
-1.439444053298948978e+00
-1.806428424487843687e+00
-1.774807715771777206e+00
-1.782960637971444440e+00
-1.786667413038214081e+00
-1.760106188579149356e+00
-1.769613475107914669e+00
-1.703156347942126558e+00
-1.764517559970944616e+00
-1.751117985284813328e+00
-1.728531697713104665e+00
-1.733466374438203061e+00
-1.741065190489590631e+00
-1.744923936274496157e+00
-1.748819892987451219e+00
-1.753862073837863633e+00
-1.764219950599921649e+00
-1.716591021706905584e+00
-1.697919759627798175e+00
-1.686859913489770824e+00
-1.659935742585037399e+00
-1.662502577801395764e+00
-1.665897586853334555e+00
-1.636786129682476165e+00
-1.657504094817418228e+00
-1.647944371289985055e+00
-1.638441473455941155e+00
-1.600953156982397152e+00
-1.593326613347946008e+00
-1.621213691353648345e+00
-1.698528571386806130e+00
-1.710691875341951995e+00
-1.693291873751914700e+00
-1.716638572833314003e+00
-1.730009912872312317e+00
-1.700895760672486601e+00
-1.728766278432760428e+00
-1.744700098519475384e+00
-1.748699163435576409e+00
-1.702630291370623494e+00
-1.698005784896312154e+00
-1.692877306428000717e+00
-1.703453189250431654e+00
-1.703236678031896378e+00
-1.677509075119635318e+00
-1.694623772270943185e+00
-1.613302162823945451e+00
-1.594013009692446747e+00
-1.609685468928217622e+00
-1.535845231134532529e+00
-1.539350107380551336e+00
-1.510299349290285420e+00
-1.528306269794141414e+00
-1.537322826892427496e+00
-1.599884529789731058e+00
-1.557470322890142755e+00
-1.554567885198558486e+00
-1.561358563252467802e+00
-1.593867145990302436e+00
-1.644444434214124007e+00
-1.637332710354297616e+00
-1.647367619608303579e+00
-1.638377911181213342e+00
-1.650069709278287222e+00
-1.669169603189940787e+00
-1.660969696153077768e+00
-1.492077944668017464e+00
-1.974965397129142541e+00
-1.975806378969728661e+00
-1.996016155724263275e+00
-1.974923250207792025e+00
-1.963245585906050694e+00
-1.985441741336694044e+00
-1.964204316765603364e+00
-1.981232463132984289e+00
-1.992199928471228176e+00
-1.977199567276034742e+00
-1.959164177032859833e+00
-1.980671410859967008e+00
-1.965130556543649432e+00
-1.962595131853556607e+00
-1.921243521084321060e+00
-1.921243521084321060e+00
-1.449283141658463281e+00
-1.456699253388826998e+00
-1.482588136543925517e+00
-1.492385645890209611e+00
-1.445136710276360148e+00
-1.423840480751965787e+00
-1.408266567516845758e+00
-1.393211927796939920e+00
-1.393211927796939920e+00
-1.383697790159452490e+00
-1.403694460710589675e+00
-1.412485205129230925e+00
-1.399588456514717416e+00
-1.508382872255298768e+00
-1.523490772469938692e+00
-1.544531726346704881e+00
-1.529722030065344685e+00
-1.516015179978305261e+00
-1.528083890317066595e+00
-1.518992100648857813e+00
-1.498958033286598157e+00
-1.498958033286598157e+00
-1.496754315399107860e+00
-1.510130243972382047e+00
-1.566542592697757863e+00
-1.549671661054060623e+00
-1.540176644552245122e+00
-1.565403372780396651e+00
-1.562927511548015902e+00
-1.633082843951395136e+00
-1.651997171733754488e+00
-1.668419433519856776e+00
-1.670757744474514972e+00
-1.659784925174227821e+00
-1.667117507190245540e+00
-1.668577545680703933e+00
-1.638005969421530983e+00
-1.638005969421530983e+00
-1.578952621833930481e+00
-1.565932474191427337e+00
-1.583904070740297598e+00
-1.599802780619747899e+00
-1.587774610370675576e+00
-1.599805114635389325e+00
-1.591130931581708374e+00
-1.586785830629438898e+00
-1.614431698273850246e+00
-1.598740150353783918e+00
-1.583379974919129074e+00
-1.549783256356020100e+00
-1.536511390287494727e+00
-1.541404676816061636e+00
-1.566640085164448637e+00
-1.566640085164448637e+00
-1.563604459019712456e+00
-1.558940567063669569e+00
-1.543640866306872583e+00
-1.578286181984759562e+00
-1.738915880050289742e+00
-1.757276273027877700e+00
-1.756948546530085364e+00
-1.747143279527711535e+00
-1.715534690733070855e+00
-1.727493975013570715e+00
-1.735189669351804742e+00
-1.704216537057920755e+00
-1.709589350476795833e+00
-1.745878772235475163e+00
-1.747976837000124295e+00
-1.753047298410116861e+00
-1.785090720860512015e+00
-1.474590409156666171e+00
-1.468995925117288825e+00
-1.461164463661535962e+00
-1.479170423583179517e+00
-1.772462953496687366e+00
-1.779453869638376373e+00
-1.787887980584331515e+00
-1.776172364483681987e+00
-1.762237912808900520e+00
-1.767946531059557902e+00
-1.758594402720115246e+00
-1.748770392459904288e+00
-1.828381378007692293e+00
-1.832499094559814301e+00
-1.807393468397910929e+00
-1.813040116484134767e+00
-1.745347275810049226e+00
-1.731212336149295927e+00
-1.500202182906311243e+00
-1.574346366780651207e+00
-1.583316205074470240e+00
-1.560963865834975373e+00
-1.593385826082495127e+00
-1.589204539369864166e+00
-1.589204539369864166e+00
-1.589092538046544600e+00
-1.588070556537843681e+00
-1.498997141252769172e+00
-1.500788833759476359e+00
-1.552456422914388234e+00
-1.540250798639197338e+00
-1.553065899711755238e+00
-1.546397122949935810e+00
-1.532545217555973949e+00
-1.539969767506561338e+00
-1.497113475021782714e+00
-1.492799254847077872e+00
-1.488866752532870485e+00
-1.511964026528707095e+00
-1.523401044527193493e+00
-1.492762251218676672e+00
-1.526355020594083234e+00
-1.534208527197241434e+00
-1.550416114032023396e+00
-1.561820466725018175e+00
-1.650742343184737893e+00
-1.522366211384248658e+00
-1.539138921241322677e+00
-1.553646673815310519e+00
-1.566997652167551047e+00
-1.590534794984233002e+00
-1.600551403461292210e+00
-1.796457527011997568e+00
-1.776461479471811211e+00
-1.770715984131133292e+00
-1.770059235290764699e+00
-1.761323921583369145e+00
-1.758914953180766627e+00
-1.758914953180766627e+00
-1.760468276632070728e+00
-1.747644724343588196e+00
-1.759403846761603329e+00
-1.812531640749959205e+00
-1.804243745204014759e+00
-1.803811426601869883e+00
-1.777909021195117401e+00
-1.791948812412557990e+00
-1.784912159647712215e+00
-1.762266176263097117e+00
-1.733934595826893910e+00
-1.740581369776050158e+00
-1.761911505507667286e+00
-1.742236788883633425e+00
-1.754640911658001068e+00
-1.769455625245804242e+00
-1.680167511851490048e+00
-1.721650598550241940e+00
-1.721650598550241940e+00
-1.728599248019479173e+00
-1.721899499149355472e+00
-1.722757207948222735e+00
-1.729201037513742323e+00
-1.712427894551459273e+00
-1.702466359541883856e+00
-1.728089012945514202e+00
-1.701743185714004403e+00
-1.686750180447089464e+00
-1.679518537587518567e+00
-1.679518537587518567e+00
-1.662833790174912396e+00
-1.624845484820802932e+00
-1.597621753308696713e+00
-1.597820267480033030e+00
-1.587363739163166088e+00
-1.559222039845839181e+00
-1.559245278818878200e+00
-1.503915041285406984e+00
-1.562454489475502806e+00
-1.547643768745748272e+00
-1.584192051693097847e+00
-1.615045390843812267e+00
-1.622842024863980992e+00
-1.637440639269975629e+00
-1.704195755681943814e+00
-1.701726813923334580e+00
-1.705267609354512715e+00
-1.699452021990309758e+00
-1.714313176734843847e+00
-1.723213082218429504e+00
-1.715467316744856197e+00
-1.697667830533455158e+00
-1.705486065389210992e+00
-1.710986830778409518e+00
-1.710986830778409518e+00
-1.669398716329881793e+00
-1.685107768687781782e+00
-1.810978942569440697e+00
-1.825683397132144448e+00
-1.815066711873040362e+00
-1.635143548217447229e+00
-1.620179578509635787e+00
-1.612154930123612440e+00
-1.575297122912791892e+00
-1.601842329395847031e+00
-1.609544362412845597e+00
-1.600768925507696228e+00
-1.591810760364558375e+00
-1.592891727554886172e+00
-1.575513062280881948e+00
-1.576723488024774023e+00
-1.583777940549428109e+00
-1.583777940549428109e+00
-1.556786649516102017e+00
-1.542713399262528373e+00
-1.463853491520879624e+00
-1.440823626294184701e+00
-1.451419877450133455e+00
-1.438346677508280713e+00
-1.455744026122476331e+00
-1.483920779437389648e+00
-1.483458700035595434e+00
-1.572715212620392933e+00
-1.595114351203177128e+00
-1.614815181932921062e+00
-1.610347269047545327e+00
-1.580525596110617270e+00
-1.580525596110617270e+00
-1.656946168152680698e+00
-1.578001546742106909e+00
-1.556916343003781344e+00
-1.558803291147661474e+00
-1.570028460867902265e+00
-1.573132726042841378e+00
-1.577398959227233721e+00
-1.551157731127513317e+00
-1.560953025344222533e+00
-1.717389473877114048e+00
-1.689516851459176516e+00
-1.664259198511379267e+00
-1.683888638439518637e+00
-1.708698108803111015e+00
-1.731160300117586592e+00
-1.722210479679834760e+00
-1.734066602155249992e+00
-1.754725664170202037e+00
-1.738000878092992085e+00
-1.740839284290347067e+00
-1.732590338681772701e+00
-1.732590338681772701e+00
-1.791620188853114026e+00
-1.764542594690681643e+00
-1.760577843854091995e+00
-1.514465273376258025e+00
-1.488580511548436291e+00
-1.492140954579591172e+00
-1.440402669786349010e+00
-1.405753772142781521e+00
-1.375671724768756432e+00
-1.375671724768756432e+00
-1.391369365494077526e+00
-1.391369365494077526e+00
-1.366312499962072380e+00
-1.376769146841273272e+00
-1.426528821525009150e+00
-1.411818501576571405e+00
-1.430183526978932251e+00
-1.659852730621045103e+00
-1.660316749922201573e+00
-1.672740082056302757e+00
-1.668633316476290762e+00
-1.668633316476290762e+00
-1.676983029472534970e+00
-1.690559749324176408e+00
-1.720519923731587353e+00
-1.712208887091552612e+00
-1.733460923868545445e+00
-1.696091773147012205e+00
-1.721115053294903330e+00
-1.714895582159550402e+00
-1.707242922994208101e+00
-1.761976588352217599e+00
-1.757187365411250202e+00
-1.717888540697922517e+00
-1.723914705903474287e+00
-1.721065315945392804e+00
-1.725875589130615673e+00
-1.741153756581386158e+00
-1.741153756581386158e+00
-1.725860783999614290e+00
-1.706635883036268009e+00
-1.669612668415253909e+00
-1.662122608130745416e+00
-1.702131004294773486e+00
-1.711212636450487379e+00
-1.708088072847326000e+00
-1.746027514434944417e+00
-1.619293118012153254e+00
-1.622284672902724045e+00
-1.631030252208588660e+00
-1.625733714333653657e+00
-1.589960085429468872e+00
-1.559711354226947400e+00
-1.533477175600944209e+00
-1.501598360306157787e+00
-1.511831320218608443e+00
-1.565005252774398059e+00
-1.588788864293499747e+00
-1.593075428187724851e+00
-1.555953300588934329e+00
-1.522609488875586559e+00
-1.533508301129894003e+00
-1.553966382867775220e+00
-1.565827992924640810e+00
-1.593746059508229118e+00
-1.585795060118393440e+00
-1.585460990230632250e+00
-1.592475313473468823e+00
-1.576266650382778023e+00
-1.593385213946395096e+00
-1.572792088477705130e+00
-1.589543695998111739e+00
-1.578675508755480683e+00
-1.592926391911042350e+00
-1.632239086710034259e+00
-1.600413066320985900e+00
-1.594251168836970711e+00
-1.578452938023973573e+00
-1.582418579074282627e+00
-1.609436074334728239e+00
-1.598667372426294753e+00
-1.616225430892941795e+00
-1.603800801163961953e+00
-1.594676301242579752e+00
-1.615478737940392095e+00
-1.625988522663029956e+00
-1.646743395054479420e+00
-1.632824507563487071e+00
-1.617250593155787008e+00
-1.616822192031406535e+00
-1.616822192031406535e+00
-1.594813207174283098e+00
-1.588215899095474448e+00
-1.616926322542211913e+00
-1.596676994362340229e+00
-1.588412693987159230e+00
-1.606807541668957118e+00
-1.611647617400018273e+00
-1.663486283992008152e+00
-1.595434618272104421e+00
-1.593338996270797114e+00
-1.562650848022477001e+00
-1.548613603515149428e+00
-1.532594822331132089e+00
