# Variable: dg_gbvi_00000115
# Sample shape: (1000,)
# Date: 2013-03-07 22:55:09.208240
-2.149296682242473278e+00
-1.879102324845201677e+00
-1.269867315506178596e+00
-6.581734574197366516e-01
-1.801020062896830476e+00
-2.309197213646701385e+00
-2.480269607013202648e+00
-2.105929358295740794e+00
-1.849807041767510762e+00
-1.991014748240054644e+00
-2.054479217650346357e+00
-1.751144207757108662e+00
-1.279605105653679464e+00
-1.249011351456599472e+00
-1.183939173059348482e+00
-1.183939173059348482e+00
-1.262587783332487668e+00
-1.262587783332487668e+00
-1.287647474823691462e+00
-1.299426147513889296e+00
-1.345190367073947346e+00
-1.345190367073947346e+00
-1.345177025398900827e+00
-1.264450984611019457e+00
-1.264450984611019457e+00
-1.302364412560563789e+00
-1.302364412560563789e+00
-1.345801230685912175e+00
-1.452268125698833678e+00
-1.452268125698833678e+00
-1.591528614221211280e+00
-1.443082883001158612e+00
-1.443082883001158612e+00
-1.443082883001158612e+00
-1.443082883001158612e+00
-1.443082883001158612e+00
-1.443082883001158612e+00
-1.443082883001158612e+00
-1.281244608004224572e+00
-1.254404991872594577e+00
-1.254404991872594577e+00
-1.254404991872594577e+00
-1.254404991872594577e+00
-1.254404991872594577e+00
-1.334575402925479048e+00
-1.334575402925479048e+00
-1.342776945170516045e+00
-1.342776945170516045e+00
-1.342857918005961437e+00
-1.337420979579998059e+00
-1.337420979579998059e+00
-1.496987811469547180e+00
-1.496987811469547180e+00
-1.496987811469547180e+00
-1.487307534025399836e+00
-1.487307534025399836e+00
-1.487307534025399836e+00
-1.499922393726109027e+00
-1.499922393726109027e+00
-1.499922393726109027e+00
-1.476285752202022072e+00
-1.476285752202022072e+00
-1.476285752202022072e+00
-1.476285752202022072e+00
-1.476285752202022072e+00
-1.476285752202022072e+00
-1.476285752202022072e+00
-1.406900285336807332e+00
-1.406900285336807332e+00
-1.474535662521483381e+00
-1.459820269257529501e+00
-1.328363064155125395e+00
-1.328363064155125395e+00
-1.399692659272235185e+00
-1.399692659272235185e+00
-1.399692659272235185e+00
-1.368190755165795247e+00
-1.368190755165795247e+00
-1.368190755165795247e+00
-1.475913075671515751e+00
-1.475913075671515751e+00
-1.475913075671515751e+00
-1.476783619750170251e+00
-1.523722736008625178e+00
-1.523722736008625178e+00
-1.398818750556245716e+00
-1.273938589754044060e+00
-1.228878960721948133e+00
-1.386252271527493640e+00
-1.309038717665229168e+00
-1.477351292134129634e+00
-1.477351292134129634e+00
-1.477351292134129634e+00
-1.354735271041857203e+00
-1.354735271041857203e+00
-1.354735271041857203e+00
-1.354735271041857203e+00
-1.354735271041857203e+00
-1.354735271041857203e+00
-1.453723421031035024e+00
-1.453723421031035024e+00
-1.453723421031035024e+00
-1.453723421031035024e+00
-1.453723421031035024e+00
-1.453723421031035024e+00
-1.334214900744570276e+00
-1.227848749555292995e+00
-1.083622319071512186e+00
-1.083622319071512186e+00
-1.083622319071512186e+00
-1.298954880981318727e+00
-1.298954880981318727e+00
-1.298954880981318727e+00
-1.298954880981318727e+00
-1.298954880981318727e+00
-1.216395317806097331e+00
-1.216395317806097331e+00
-1.216395317806097331e+00
-1.183561208453357549e+00
-1.161864771823465148e+00
-1.161864771823465148e+00
-1.161864771823465148e+00
-1.115416652144384901e+00
-1.213276126864850646e+00
-1.213276126864850646e+00
-1.213276126864850646e+00
-1.194903160344412685e+00
-1.194903160344412685e+00
-1.305595516741254070e+00
-1.288080264501304306e+00
-1.288080264501304306e+00
-1.385601091385199046e+00
-1.333504981640855735e+00
-1.344913032184283486e+00
-1.344913032184283486e+00
-1.344913032184283486e+00
-1.354010141535513689e+00
-1.354010141535513689e+00
-1.199482884436862795e+00
-1.216130662088520165e+00
-1.216130662088520165e+00
-1.216130662088520165e+00
-1.216130662088520165e+00
-1.216130662088520165e+00
-1.216130662088520165e+00
-1.216130662088520165e+00
-1.166940331461268743e+00
-1.166940331461268743e+00
-1.166940331461268743e+00
-1.259528472720318870e+00
-1.272868615434101791e+00
-1.272868615434101791e+00
-1.268851465580367543e+00
-1.268851465580367543e+00
-1.268851465580367543e+00
-1.414463634438081430e+00
-1.397651158253178760e+00
-1.524348397155868007e+00
-1.447717842523563725e+00
-1.447717842523563725e+00
-1.447717842523563725e+00
-1.447717842523563725e+00
-1.447717842523563725e+00
-1.472905215141550483e+00
-1.472905215141550483e+00
-1.472905215141550483e+00
-1.472905215141550483e+00
-1.472905215141550483e+00
-1.472905215141550483e+00
-1.472905215141550483e+00
-1.472905215141550483e+00
-1.472905215141550483e+00
-1.503882147136935687e+00
-1.503882147136935687e+00
-1.503882147136935687e+00
-1.409887086654527222e+00
-1.507868517871459035e+00
-1.377543333872311093e+00
-1.355102184854952041e+00
-1.355102184854952041e+00
-1.432500760350233548e+00
-1.432500760350233548e+00
-1.432500760350233548e+00
-1.432500760350233548e+00
-1.432500760350233548e+00
-1.432500760350233548e+00
-1.432500760350233548e+00
-1.354713042149553903e+00
-1.354713042149553903e+00
-1.354713042149553903e+00
-1.354713042149553903e+00
-1.354713042149553903e+00
-1.354713042149553903e+00
-1.224413884528972485e+00
-1.222698815414838602e+00
-1.072860670759829604e+00
-1.249512886776241505e+00
-1.264504017395444935e+00
-1.320322603300945641e+00
-1.320322603300945641e+00
-1.341018932181377687e+00
-1.161049008064041432e+00
-1.161049008064041432e+00
-1.161049008064041432e+00
-1.161049008064041432e+00
-1.138561315087243564e+00
-1.138561315087243564e+00
-1.315479968626774854e+00
-1.175616869995800284e+00
-1.175616869995800284e+00
-1.295789956132263443e+00
-1.328161210668934888e+00
-1.290791383210567078e+00
-1.290791383210567078e+00
-1.313245914582328755e+00
-1.174031990604314624e+00
-1.304388308520766149e+00
-1.276769169054639441e+00
-1.242899702857694688e+00
-1.242899702857694688e+00
-1.242899702857694688e+00
-1.242899702857694688e+00
-1.276349578158780584e+00
-1.276349578158780584e+00
-1.276349578158780584e+00
-1.276349578158780584e+00
-1.276349578158780584e+00
-1.276349578158780584e+00
-1.276349578158780584e+00
-1.196176117959034668e+00
-1.196176117959034668e+00
-1.196176117959034668e+00
-1.269921036593118613e+00
-1.269921036593118613e+00
-1.269921036593118613e+00
-1.269921036593118613e+00
-1.212181835933039853e+00
-1.272564557692863918e+00
-1.272564557692863918e+00
-1.287504790812550093e+00
-1.245850712640798719e+00
-1.443252329428536429e+00
-1.492996327032025450e+00
-1.492996327032025450e+00
-1.390001821883707134e+00
-1.445432176338173891e+00
-1.358361398977949497e+00
-1.358361398977949497e+00
-1.358361398977949497e+00
-1.358361398977949497e+00
-1.358361398977949497e+00
-1.358361398977949497e+00
-1.400914624890448490e+00
-1.400914624890448490e+00
-1.428661176592406212e+00
-1.429913752981260888e+00
-1.429913752981260888e+00
-1.281704718542766797e+00
-1.281704718542766797e+00
-1.281704718542766797e+00
-1.281704718542766797e+00
-1.309449441122006785e+00
-1.310368558555145890e+00
-1.310368558555145890e+00
-1.271532099268293026e+00
-1.271532099268293026e+00
-1.414520926766241304e+00
-1.414520926766241304e+00
-1.414520926766241304e+00
-1.414520926766241304e+00
-1.414520926766241304e+00
-1.353319520141007759e+00
-1.353319520141007759e+00
-1.353319520141007759e+00
-1.440221272015927090e+00
-1.440221272015927090e+00
-1.440221272015927090e+00
-1.465912118737478842e+00
-1.355019205092005130e+00
-1.355019205092005130e+00
-1.355019205092005130e+00
-1.452200649570270619e+00
-1.439913820574129977e+00
-1.464277874561863646e+00
-1.464277874561863646e+00
-1.462923652161603361e+00
-1.462923652161603361e+00
-1.462923652161603361e+00
-1.392396789888920239e+00
-1.392396789888920239e+00
-1.392396789888920239e+00
-1.379646672541426700e+00
-1.485067254136922754e+00
-1.485067254136922754e+00
-1.485067254136922754e+00
-1.485067254136922754e+00
-1.550358639360048141e+00
-1.550358639360048141e+00
-1.514490018014818418e+00
-1.567184910704141343e+00
-1.533493491979580847e+00
-1.533493491979580847e+00
-1.533493491979580847e+00
-1.313301754047927483e+00
-1.282935099525254641e+00
-1.282935099525254641e+00
-1.282935099525254641e+00
-1.400109931421119169e+00
-1.400109931421119169e+00
-1.397881338737951618e+00
-1.453471326361089888e+00
-1.417421750773485867e+00
-1.417421750773485867e+00
-1.417421750773485867e+00
-1.417421750773485867e+00
-1.417421750773485867e+00
-1.417421750773485867e+00
-1.405910512525179845e+00
-1.405910512525179845e+00
-1.405910512525179845e+00
-1.491348402752745717e+00
-1.491348402752745717e+00
-1.491348402752745717e+00
-1.491348402752745717e+00
-1.471006062564722106e+00
-1.459466361911832433e+00
-1.459466361911832433e+00
-1.459466361911832433e+00
-1.395100888065240241e+00
-1.354551917885956414e+00
-1.606910636102794054e+00
-1.606910636102794054e+00
-1.447964109387625209e+00
-1.359229997663534695e+00
-1.359229997663534695e+00
-1.352648188156935438e+00
-1.358042501362012100e+00
-1.571010813188781885e+00
-1.571010813188781885e+00
-1.572878270416183222e+00
-1.475573350807883877e+00
-1.475573350807883877e+00
-1.457946374579287330e+00
-1.376587008041219917e+00
-1.525413554632100821e+00
-1.543077125528588667e+00
-1.320016107179684317e+00
-1.320016107179684317e+00
-1.320016107179684317e+00
-1.518426014558811987e+00
-1.406294646412809213e+00
-1.446285314466427829e+00
-1.446285314466427829e+00
-1.525830985248510130e+00
-1.525830985248510130e+00
-1.439626420136461027e+00
-1.439626420136461027e+00
-1.450274396347261741e+00
-1.450274396347261741e+00
-1.450274396347261741e+00
-1.450274396347261741e+00
-1.450274396347261741e+00
-1.450274396347261741e+00
-1.450274396347261741e+00
-1.535480137688297386e+00
-1.329933141100928529e+00
-1.329933141100928529e+00
-1.329933141100928529e+00
-1.329933141100928529e+00
-1.329933141100928529e+00
-1.397120244645050358e+00
-1.397120244645050358e+00
-1.397120244645050358e+00
-1.418532066085302912e+00
-1.418532066085302912e+00
-1.418532066085302912e+00
-1.418532066085302912e+00
-1.443775255252097711e+00
-1.443775255252097711e+00
-1.443775255252097711e+00
-1.443775255252097711e+00
-1.387214631787546004e+00
-1.387214631787546004e+00
-1.385077923832221725e+00
-1.510091622434782677e+00
-1.510091622434782677e+00
-1.449632568284676903e+00
-1.350823980145893666e+00
-1.401138981249750337e+00
-1.401138981249750337e+00
-1.350584393037080666e+00
-1.431611046090356609e+00
-1.402978288081450309e+00
-1.351545956518624303e+00
-1.397199245365721598e+00
-1.397199245365721598e+00
-1.397199245365721598e+00
-1.397199245365721598e+00
-1.397199245365721598e+00
-1.397199245365721598e+00
-1.397199245365721598e+00
-1.417472660090032477e+00
-1.417472660090032477e+00
-1.424357540664074495e+00
-1.403371641522078495e+00
-1.403371641522078495e+00
-1.488383697620396351e+00
-1.488383697620396351e+00
-1.488383697620396351e+00
-1.427243723749486826e+00
-1.427243723749486826e+00
-1.427243723749486826e+00
-1.427243723749486826e+00
-1.427243723749486826e+00
-1.337807834132151319e+00
-1.337807834132151319e+00
-1.413474538806291259e+00
-1.479508225668628052e+00
-1.479508225668628052e+00
-1.479508225668628052e+00
-1.479508225668628052e+00
-1.479508225668628052e+00
-1.479508225668628052e+00
-1.479508225668628052e+00
-1.479508225668628052e+00
-1.479508225668628052e+00
-1.479508225668628052e+00
-1.515875416623275740e+00
-1.557611982417059782e+00
-1.557611982417059782e+00
-1.557611982417059782e+00
-1.557611982417059782e+00
-1.488577006830083871e+00
-1.573479901703124240e+00
-1.575458099993066075e+00
-1.596982556916779483e+00
-1.621474828210316188e+00
-1.621474828210316188e+00
-1.456765717153583051e+00
-1.484895244191315244e+00
-1.484895244191315244e+00
-1.484895244191315244e+00
-1.506861278267929594e+00
-1.506861278267929594e+00
-1.451895634093802956e+00
-1.491581846050654026e+00
-1.491581846050654026e+00
-1.491581846050654026e+00
-1.491581846050654026e+00
-1.491581846050654026e+00
-1.491581846050654026e+00
-1.730978347902802250e+00
-1.730978347902802250e+00
-1.709891000754405921e+00
-1.709891000754405921e+00
-1.709891000754405921e+00
-1.709891000754405921e+00
-1.608025022852838548e+00
-1.608025022852838548e+00
-1.608025022852838548e+00
-1.608025022852838548e+00
-1.608025022852838548e+00
-1.558300566505950613e+00
-1.558300566505950613e+00
-1.558300566505950613e+00
-1.558300566505950613e+00
-1.428313211124231374e+00
-1.428313211124231374e+00
-1.423431384524370458e+00
-1.422503398323535562e+00
-1.352626591687345003e+00
-1.352626591687345003e+00
-1.352626591687345003e+00
-1.352626591687345003e+00
-1.352626591687345003e+00
-1.322660931272968909e+00
-1.322660931272968909e+00
-1.322660931272968909e+00
-1.398918538928976441e+00
-1.377636466675765448e+00
-1.367130476295620678e+00
-1.367130476295620678e+00
-1.367130476295620678e+00
-1.440518707677148846e+00
-1.306906401085447422e+00
-1.429796344678294195e+00
-1.479537602490838211e+00
-1.479537602490838211e+00
-1.479537602490838211e+00
-1.555002298990523668e+00
-1.555002298990523668e+00
-1.587365902198297540e+00
-1.587365902198297540e+00
-1.587365902198297540e+00
-1.587365902198297540e+00
-1.618493264056602099e+00
-1.233822576273902349e+00
-1.233822576273902349e+00
-1.078090183323794360e+00
-1.078090183323794360e+00
-1.258504095491058905e+00
-1.327821802254042893e+00
-1.327821802254042893e+00
-1.366082861086116873e+00
-1.366082861086116873e+00
-1.366082861086116873e+00
-1.357728494778429607e+00
-1.339964503700939780e+00
-1.339964503700939780e+00
-1.406815841570405512e+00
-1.406815841570405512e+00
-1.434838977273311000e+00
-1.434838977273311000e+00
-1.434838977273311000e+00
-1.434838977273311000e+00
-1.434838977273311000e+00
-1.393453851864740356e+00
-1.393453851864740356e+00
-1.321717329375797556e+00
-1.321717329375797556e+00
-1.329536022844518550e+00
-1.329536022844518550e+00
-1.329536022844518550e+00
-1.329536022844518550e+00
-1.329536022844518550e+00
-1.329536022844518550e+00
-1.329536022844518550e+00
-1.329536022844518550e+00
-1.329536022844518550e+00
-1.329536022844518550e+00
-1.284548778564948979e+00
-1.253088550102214871e+00
-1.253088550102214871e+00
-1.253088550102214871e+00
-1.146722377954447536e+00
-1.253910689319528204e+00
-1.253910689319528204e+00
-1.253910689319528204e+00
-1.253910689319528204e+00
-1.169362011786907685e+00
-1.169362011786907685e+00
-1.237051843420461816e+00
-1.237051843420461816e+00
-1.237051843420461816e+00
-1.237051843420461816e+00
-1.237051843420461816e+00
-1.237051843420461816e+00
-1.237051843420461816e+00
-1.294735378881941346e+00
-1.413415536519801785e+00
-1.085917244512665025e+00
-1.177804117445441223e+00
-1.175491287316118072e+00
-1.175491287316118072e+00
-1.175491287316118072e+00
-1.175491287316118072e+00
-1.175491287316118072e+00
-1.175491287316118072e+00
-1.270612794582693272e+00
-1.235158856335210720e+00
-9.898204118042628341e-01
-1.091753222581810290e+00
-1.091753222581810290e+00
-9.576714080879206170e-01
-9.576714080879206170e-01
-9.526862894244068070e-01
-9.526862894244068070e-01
-9.526862894244068070e-01
-9.526862894244068070e-01
-1.072518162305597711e+00
-1.072518162305597711e+00
-1.104980259261423514e+00
-1.104980259261423514e+00
-1.104980259261423514e+00
-1.104980259261423514e+00
-1.085348512753735228e+00
-1.085348512753735228e+00
-1.085348512753735228e+00
-1.085348512753735228e+00
-1.211965398537949046e+00
-1.100160495518757608e+00
-1.190149863525068463e+00
-1.190149863525068463e+00
-1.190149863525068463e+00
-1.284629800481388751e+00
-1.148155374886671298e+00
-1.148155374886671298e+00
-1.148155374886671298e+00
-1.125554253881628997e+00
-1.131255751168686929e+00
-1.185539511543310054e+00
-1.135075992566326741e+00
-1.135075992566326741e+00
-1.135075992566326741e+00
-1.135075992566326741e+00
-1.135075992566326741e+00
-1.134208047307457612e+00
-1.134208047307457612e+00
-1.134208047307457612e+00
-1.134208047307457612e+00
-1.134208047307457612e+00
-1.134208047307457612e+00
-1.134208047307457612e+00
-1.229451374648017348e+00
-1.138076735818832397e+00
-1.178561182595738277e+00
-1.178561182595738277e+00
-1.178561182595738277e+00
-1.234402915583669547e+00
-1.234402915583669547e+00
-1.234402915583669547e+00
-1.234402915583669547e+00
-1.234402915583669547e+00
-1.357830838941898488e+00
-1.357830838941898488e+00
-1.251818994999022383e+00
-1.225931434187440106e+00
-1.225931434187440106e+00
-1.225931434187440106e+00
-1.032401212725331030e+00
-1.032401212725331030e+00
-1.032401212725331030e+00
-1.024890458442149876e+00
-1.024890458442149876e+00
-1.024890458442149876e+00
-1.024890458442149876e+00
-1.013125368406921689e+00
-1.172865596873942762e+00
-1.140159762131566445e+00
-1.140159762131566445e+00
-1.176118855106986771e+00
-1.215371370888147506e+00
-1.215371370888147506e+00
-1.215371370888147506e+00
-1.161782838047677791e+00
-1.227401218200296684e+00
-1.227401218200296684e+00
-1.227401218200296684e+00
-1.337444606983364981e+00
-1.337444606983364981e+00
-1.337444606983364981e+00
-1.269653005073237306e+00
-1.254688139030342597e+00
-1.254688139030342597e+00
-1.275951298238866549e+00
-1.275951298238866549e+00
-1.270488173450145641e+00
-1.299738739729508818e+00
-1.203749119334753814e+00
-1.203749119334753814e+00
-1.203749119334753814e+00
-1.203749119334753814e+00
-1.203749119334753814e+00
-1.203749119334753814e+00
-1.203749119334753814e+00
-1.203749119334753814e+00
-1.214783595752807921e+00
-1.067022469188349865e+00
-1.105971209385659959e+00
-1.091894354637188203e+00
-1.391281151608611655e+00
-1.391281151608611655e+00
-1.200327416112160872e+00
-1.200327416112160872e+00
-1.095538341190712472e+00
-1.088471686977904751e+00
-1.088471686977904751e+00
-1.088471686977904751e+00
-1.088471686977904751e+00
-1.088471686977904751e+00
-1.088471686977904751e+00
-1.127492681314885115e+00
-1.177494129098946463e+00
-1.177494129098946463e+00
-1.177494129098946463e+00
-1.177494129098946463e+00
-1.177494129098946463e+00
-1.173861841906050918e+00
-1.059257080077162572e+00
-1.144783846425768026e+00
-1.144783846425768026e+00
-1.132237808478543828e+00
-1.166970494954154614e+00
-1.166970494954154614e+00
-1.166970494954154614e+00
-1.166970494954154614e+00
-1.166970494954154614e+00
-1.166970494954154614e+00
-1.166970494954154614e+00
-1.166970494954154614e+00
-1.166970494954154614e+00
-1.166970494954154614e+00
-1.166970494954154614e+00
-1.166970494954154614e+00
-1.112179345827895238e+00
-1.205999053548999056e+00
-1.186887870418791513e+00
-1.211434195963251970e+00
-1.214485416630933567e+00
-1.214485416630933567e+00
-1.214485416630933567e+00
-1.268085801337512475e+00
-1.104557714753487740e+00
-1.104557714753487740e+00
-1.120666715221199095e+00
-1.226181620180874177e+00
-1.226181620180874177e+00
-1.205932460284530050e+00
-1.159010325940516895e+00
-1.159010325940516895e+00
-1.099178538547414652e+00
-1.099178538547414652e+00
-1.094030043868650548e+00
-1.134154666446046678e+00
-1.134154666446046678e+00
-1.217005593185382706e+00
-1.217005593185382706e+00
-1.217005593185382706e+00
-1.194404039383341054e+00
-1.194404039383341054e+00
-1.194404039383341054e+00
-1.194404039383341054e+00
-1.194404039383341054e+00
-1.194404039383341054e+00
-1.194404039383341054e+00
-1.194404039383341054e+00
-1.283856695400982684e+00
-1.045767181779311050e+00
-1.235762844534075144e+00
-1.197199186702478713e+00
-1.281464905303888013e+00
-1.308081259004113539e+00
-1.308081259004113539e+00
-1.308081259004113539e+00
-1.209480329363899154e+00
-1.209480329363899154e+00
-1.209480329363899154e+00
-1.209480329363899154e+00
-1.209480329363899154e+00
-1.298378006896014014e+00
-1.298378006896014014e+00
-1.323473714575027937e+00
-1.323473714575027937e+00
-1.231782006507290861e+00
-1.231782006507290861e+00
-1.231782006507290861e+00
-1.139552824637561246e+00
-1.139552824637561246e+00
-1.139552824637561246e+00
-1.139552824637561246e+00
-1.139552824637561246e+00
-1.139552824637561246e+00
-1.139552824637561246e+00
-1.139552824637561246e+00
-1.139552824637561246e+00
-1.139552824637561246e+00
-1.139552824637561246e+00
-1.139552824637561246e+00
-1.123210149410078795e+00
-1.141601300776442507e+00
-1.141601300776442507e+00
-1.139246107767820870e+00
-1.094392540936776070e+00
-1.094392540936776070e+00
-1.186867981598673794e+00
-1.186867981598673794e+00
-1.198023936101346498e+00
-1.198023936101346498e+00
-1.198023936101346498e+00
-1.153104996137291227e+00
-1.153104996137291227e+00
-1.283268720802981822e+00
-1.454914373746067247e+00
-1.165914675519370336e+00
-1.165914675519370336e+00
-1.165914675519370336e+00
-1.096386944408896724e+00
-1.216139740499808664e+00
-1.290834912328427508e+00
-1.305997213051604655e+00
-1.189815043003541906e+00
-1.161679802417483476e+00
-9.436933023903891771e-01
-9.436933023903891771e-01
-9.436933023903891771e-01
-9.436933023903891771e-01
-9.436933023903891771e-01
-9.436933023903891771e-01
-1.071731566940606895e+00
-1.345862861166774449e+00
-1.345862861166774449e+00
-1.345862861166774449e+00
-1.345862861166774449e+00
-1.235858876012403851e+00
-1.248180027996009134e+00
-1.248180027996009134e+00
-1.250205382404676602e+00
-1.250205382404676602e+00
-1.267005089930724804e+00
-1.267005089930724804e+00
-1.267005089930724804e+00
-1.166089446009735520e+00
-1.316982652361488926e+00
-1.316982652361488926e+00
-1.410883220821220974e+00
-1.240461358124898217e+00
-1.240461358124898217e+00
-1.240461358124898217e+00
-1.240461358124898217e+00
-1.240461358124898217e+00
-1.191530827804742065e+00
-1.404519796507853080e+00
-1.204080429452822898e+00
-1.195368942191295414e+00
-1.163074594842400611e+00
-1.163074594842400611e+00
-1.168208254124495138e+00
-1.248472147593589376e+00
-1.248472147593589376e+00
-1.303814453925362438e+00
-1.303814453925362438e+00
-1.303814453925362438e+00
-1.303814453925362438e+00
-1.196333423782133698e+00
-1.288631426314006845e+00
-1.288631426314006845e+00
-1.208165067702217987e+00
-1.208165067702217987e+00
-1.176298784687629162e+00
-1.176298784687629162e+00
-1.226235352259937406e+00
-1.497000394176494220e+00
-1.497000394176494220e+00
-1.497000394176494220e+00
-1.358291276752591425e+00
-1.366593920912742455e+00
-1.366593920912742455e+00
-1.467771977738598244e+00
-1.467771977738598244e+00
-1.467771977738598244e+00
-1.467771977738598244e+00
-1.467771977738598244e+00
-1.467771977738598244e+00
-1.604376876047437062e+00
-1.604376876047437062e+00
-1.604376876047437062e+00
-1.408195489582778182e+00
-1.408195489582778182e+00
-1.408195489582778182e+00
-1.408195489582778182e+00
-1.408195489582778182e+00
-1.400909541414481208e+00
-1.400909541414481208e+00
-1.400909541414481208e+00
-1.434980934977403422e+00
-1.434980934977403422e+00
-1.322685366303308241e+00
-1.322685366303308241e+00
-1.322685366303308241e+00
-1.315556176369368391e+00
-1.289290357739797388e+00
-1.349386778154942679e+00
-1.418461546739384405e+00
-1.393134811974784393e+00
-1.393134811974784393e+00
-1.393134811974784393e+00
-1.443786127886783177e+00
-1.443786127886783177e+00
-1.273108410822494596e+00
-1.273108410822494596e+00
-1.273108410822494596e+00
-1.325125313794490500e+00
-1.325125313794490500e+00
-1.325125313794490500e+00
-1.350076526496434060e+00
-1.322200789173150204e+00
-1.322200789173150204e+00
-1.322200789173150204e+00
-1.111922170864232839e+00
-1.330109845185391659e+00
-1.330109845185391659e+00
-1.330109845185391659e+00
-1.330109845185391659e+00
-1.330109845185391659e+00
-1.330109845185391659e+00
-1.321400704545326876e+00
-1.321400704545326876e+00
-1.286624891192239328e+00
-1.286624891192239328e+00
-1.286624891192239328e+00
-1.286624891192239328e+00
-1.286624891192239328e+00
-1.286624891192239328e+00
-1.286624891192239328e+00
-1.286624891192239328e+00
-1.286624891192239328e+00
-1.286624891192239328e+00
-1.286624891192239328e+00
-1.286624891192239328e+00
-1.286624891192239328e+00
-1.286624891192239328e+00
-1.286624891192239328e+00
-1.234100177858673986e+00
-1.330858355870552234e+00
-1.222554700771158576e+00
-1.280671813448022389e+00
-1.280671813448022389e+00
-1.280671813448022389e+00
-1.280671813448022389e+00
-1.351187237664686958e+00
-1.526220713253821470e+00
-1.313823384618151291e+00
-1.368626654678774424e+00
-1.368626654678774424e+00
-1.368626654678774424e+00
-1.368626654678774424e+00
-1.368626654678774424e+00
-1.368626654678774424e+00
-1.493740575805756698e+00
-1.291727806131226730e+00
-1.291727806131226730e+00
-1.291727806131226730e+00
-1.291727806131226730e+00
-1.224707175478652044e+00
-1.224707175478652044e+00
-1.224707175478652044e+00
-1.224707175478652044e+00
-1.344346303562169886e+00
-1.164238538476747742e+00
-1.164238538476747742e+00
-1.164238538476747742e+00
-1.164238538476747742e+00
-1.164238538476747742e+00
-1.415830382196022974e+00
-1.415830382196022974e+00
-1.459224491327583584e+00
-1.488846682583277570e+00
-1.438184071356371163e+00
-1.435891321601116211e+00
-1.511805178013308826e+00
-1.511805178013308826e+00
-1.447681048422602146e+00
-1.447681048422602146e+00
-1.447681048422602146e+00
-1.499713212458204881e+00
-1.499713212458204881e+00
-1.499713212458204881e+00
-1.408341771703558898e+00
-1.368604844454935021e+00
-1.352541022855134223e+00
-1.391633315424492645e+00
-1.391633315424492645e+00
-1.516571791688133164e+00
-1.516571791688133164e+00
-1.516571791688133164e+00
-1.516571791688133164e+00
-1.516571791688133164e+00
-1.516571791688133164e+00
-1.516571791688133164e+00
-1.516571791688133164e+00
-1.437213832447263862e+00
-1.397038798685481531e+00
-1.397038798685481531e+00
-1.397038798685481531e+00
-1.397038798685481531e+00
-1.404229401938597022e+00
-1.349205691614238312e+00
-1.349205691614238312e+00
-1.349205691614238312e+00
-1.349205691614238312e+00
-1.388973588521116520e+00
-1.388973588521116520e+00
-1.135790640314152666e+00
-1.135790640314152666e+00
-1.117895505847729343e+00
-1.117895505847729343e+00
-1.117895505847729343e+00
-1.196830281153309139e+00
-1.196830281153309139e+00
-1.196830281153309139e+00
-1.196830281153309139e+00
-1.196830281153309139e+00
-1.335228048599196971e+00
-1.428291435064412696e+00
-1.309974480920995665e+00
-1.338015870188886236e+00
-1.338015870188886236e+00
-1.377599899970807451e+00
-1.377599899970807451e+00
-1.377599899970807451e+00
-1.141713764289452149e+00
-1.141713764289452149e+00
-1.141713764289452149e+00
-1.141713764289452149e+00
-1.211745353708953754e+00
-1.211745353708953754e+00
-1.211745353708953754e+00
-1.211745353708953754e+00
-1.217832450936247479e+00
-1.217832450936247479e+00
