# Variable: dg_gbvi_00000410
# Sample shape: (1000,)
# Date: 2013-03-07 22:55:08.969631
-9.644014189445799801e-01
-8.438027816480710985e-01
-5.451951681807780670e-01
1.119003378006100946e-01
7.079828902137154101e-01
5.268427080656993278e-01
5.162173062978069327e-01
5.532001365998119313e-01
2.531934929385974975e-01
3.203123495510529772e-01
3.203123495510529772e-01
3.203123495510529772e-01
2.750218024987751142e-01
3.779963536555341896e-01
3.779963536555341896e-01
3.779963536555341896e-01
3.779963536555341896e-01
3.779963536555341896e-01
3.458596280137906098e-01
3.458596280137906098e-01
3.232382133263122514e-01
3.030042653970095312e-01
3.030042653970095312e-01
3.030042653970095312e-01
3.030042653970095312e-01
3.030042653970095312e-01
2.853558720135804250e-01
2.853558720135804250e-01
2.124234752472098364e-01
2.124234752472098364e-01
3.393045835989786374e-01
3.570164752852604262e-01
4.220575660056541389e-01
4.220575660056541389e-01
4.220575660056541389e-01
4.220575660056541389e-01
3.675428355208543718e-01
3.675428355208543718e-01
3.675428355208543718e-01
3.642044851931340310e-01
3.642044851931340310e-01
3.642044851931340310e-01
3.642044851931340310e-01
3.642044851931340310e-01
3.642044851931340310e-01
3.642044851931340310e-01
3.642044851931340310e-01
3.751048221102125102e-01
3.751048221102125102e-01
3.751048221102125102e-01
3.751048221102125102e-01
3.669051465287274660e-01
3.669051465287274660e-01
4.324972435012561789e-01
4.324972435012561789e-01
3.696486185194255980e-01
3.696486185194255980e-01
3.696486185194255980e-01
3.736692437889010399e-01
3.736692437889010399e-01
3.277789718255451623e-01
3.277789718255451623e-01
3.277789718255451623e-01
3.277789718255451623e-01
3.357573389832845256e-01
3.223852541104129110e-01
3.223852541104129110e-01
3.223852541104129110e-01
3.223852541104129110e-01
3.223852541104129110e-01
3.223852541104129110e-01
3.223852541104129110e-01
3.356597079967076902e-01
3.356597079967076902e-01
3.356597079967076902e-01
3.356597079967076902e-01
3.356597079967076902e-01
3.356597079967076902e-01
3.356597079967076902e-01
2.686333448528621659e-01
2.686333448528621659e-01
2.686333448528621659e-01
2.637312990986737105e-01
2.637312990986737105e-01
2.637312990986737105e-01
2.637312990986737105e-01
3.287531467020331499e-01
3.508409949101369829e-01
2.290477359880489505e-01
2.290477359880489505e-01
3.391692415417807416e-01
3.391692415417807416e-01
3.391692415417807416e-01
3.392797151301065184e-01
3.350482240589997551e-01
3.350482240589997551e-01
3.322932267201006429e-01
3.322932267201006429e-01
3.322932267201006429e-01
3.322932267201006429e-01
3.322932267201006429e-01
2.431906090928996900e-01
2.431906090928996900e-01
3.178326461226453903e-01
3.178326461226453903e-01
3.178326461226453903e-01
2.153607540965336020e-01
2.153607540965336020e-01
2.153607540965336020e-01
2.153607540965336020e-01
2.153607540965336020e-01
2.153607540965336020e-01
2.153607540965336020e-01
2.974501373761689882e-01
2.852653643052971422e-01
2.852653643052971422e-01
2.852653643052971422e-01
2.852653643052971422e-01
3.334788358094362137e-01
3.334788358094362137e-01
2.552299896291957415e-01
2.552299896291957415e-01
2.779984641830490211e-01
2.864133073302814747e-01
2.864133073302814747e-01
3.758917319564193948e-01
3.848980044081288798e-01
3.848980044081288798e-01
3.773881757397979375e-01
3.783039538795163192e-01
3.783039538795163192e-01
3.088391590549731669e-01
3.088391590549731669e-01
3.032442510559890669e-01
3.132000930751346335e-01
3.132000930751346335e-01
3.207197144791650856e-01
3.349228465168379021e-01
3.349228465168379021e-01
3.360111858570910548e-01
3.171337288900550333e-01
3.281637649451610295e-01
3.138827300753450067e-01
3.138827300753450067e-01
3.440766805185795918e-01
2.453327661014997885e-01
2.693787287379713624e-01
3.474177624685699239e-01
3.162763919687990866e-01
3.324569101187512254e-01
3.324569101187512254e-01
3.324569101187512254e-01
3.335706939001354399e-01
3.032968948801723075e-01
3.032968948801723075e-01
2.945018326200758430e-01
2.945018326200758430e-01
2.483704858147193217e-01
2.687045070463338625e-01
3.083089631300590105e-01
3.083089631300590105e-01
3.083089631300590105e-01
3.083089631300590105e-01
2.961538222564644718e-01
2.138521351741770049e-01
2.138521351741770049e-01
2.138521351741770049e-01
2.138521351741770049e-01
2.138521351741770049e-01
2.905809407772480535e-01
2.905809407772480535e-01
2.759332129581715809e-01
2.759332129581715809e-01
2.759332129581715809e-01
2.759332129581715809e-01
3.212941650080032852e-01
3.212941650080032852e-01
3.212941650080032852e-01
3.620081290534479801e-01
3.620081290534479801e-01
3.620081290534479801e-01
3.620081290534479801e-01
3.620081290534479801e-01
3.620081290534479801e-01
3.620081290534479801e-01
3.620081290534479801e-01
3.826832385791290592e-01
3.826832385791290592e-01
3.826832385791290592e-01
3.826832385791290592e-01
3.826832385791290592e-01
3.826832385791290592e-01
3.320188851961093923e-01
3.945163914249394388e-01
3.893771000309864116e-01
3.595301789142665849e-01
4.628876275989677325e-01
4.628876275989677325e-01
4.354943592761909010e-01
4.354943592761909010e-01
4.196248032095352687e-01
4.196248032095352687e-01
4.196248032095352687e-01
3.791662579413165868e-01
3.791662579413165868e-01
3.791662579413165868e-01
3.791662579413165868e-01
3.791662579413165868e-01
3.791662579413165868e-01
3.791662579413165868e-01
2.889951808450903492e-01
2.889951808450903492e-01
2.889951808450903492e-01
2.328680299888437888e-01
2.220939890389618532e-01
2.731773505994917750e-01
2.731773505994917750e-01
2.731773505994917750e-01
2.731773505994917750e-01
2.731773505994917750e-01
2.731773505994917750e-01
2.731773505994917750e-01
2.480784588126209167e-01
2.480784588126209167e-01
2.480784588126209167e-01
2.480784588126209167e-01
2.480784588126209167e-01
2.480784588126209167e-01
2.480784588126209167e-01
2.480784588126209167e-01
2.480784588126209167e-01
2.498968020639250609e-01
2.498968020639250609e-01
2.498968020639250609e-01
2.498968020639250609e-01
2.498968020639250609e-01
2.932210278251104474e-01
2.778457577623953956e-01
2.583430582164024658e-01
2.583430582164024658e-01
2.583430582164024658e-01
2.583430582164024658e-01
3.537030652590719693e-01
3.537030652590719693e-01
3.537030652590719693e-01
3.537030652590719693e-01
3.537030652590719693e-01
3.537030652590719693e-01
3.537030652590719693e-01
3.537030652590719693e-01
3.537030652590719693e-01
3.537030652590719693e-01
3.537030652590719693e-01
3.537030652590719693e-01
3.657944764000130577e-01
3.657944764000130577e-01
3.657944764000130577e-01
3.657944764000130577e-01
3.657944764000130577e-01
3.657944764000130577e-01
3.206848005890342024e-01
3.206848005890342024e-01
3.202442190172359870e-01
3.202442190172359870e-01
3.492616784777098915e-01
3.492616784777098915e-01
3.492616784777098915e-01
3.492616784777098915e-01
3.492616784777098915e-01
3.830176226482540081e-01
3.830176226482540081e-01
3.370373405069657102e-01
3.370373405069657102e-01
3.370373405069657102e-01
3.370373405069657102e-01
3.370373405069657102e-01
3.370373405069657102e-01
3.370373405069657102e-01
3.370373405069657102e-01
3.370373405069657102e-01
3.370373405069657102e-01
3.370373405069657102e-01
3.370373405069657102e-01
3.370373405069657102e-01
3.370373405069657102e-01
3.306163866758441983e-01
3.306163866758441983e-01
3.306163866758441983e-01
3.259883497786134621e-01
3.259883497786134621e-01
3.259883497786134621e-01
2.927665267478017919e-01
2.531660193425493977e-01
2.531660193425493977e-01
2.531660193425493977e-01
2.489361111520427272e-01
2.175685466638698773e-01
2.453235500023241700e-01
2.587337536223562884e-01
2.587337536223562884e-01
2.587337536223562884e-01
2.587337536223562884e-01
2.587337536223562884e-01
3.543338082406463641e-01
3.543338082406463641e-01
3.543338082406463641e-01
3.543338082406463641e-01
3.543338082406463641e-01
3.211846929867887002e-01
3.165642312718608964e-01
2.895640884997384146e-01
2.805642372754601488e-01
2.805642372754601488e-01
2.805642372754601488e-01
2.805642372754601488e-01
2.694488184033903000e-01
2.694488184033903000e-01
2.417277860265971134e-01
2.417277860265971134e-01
2.357823861950880673e-01
2.357823861950880673e-01
2.357823861950880673e-01
2.357823861950880673e-01
2.357823861950880673e-01
2.065967082046553105e-01
2.065967082046553105e-01
2.093238198938447703e-01
2.093238198938447703e-01
2.093238198938447703e-01
2.093238198938447703e-01
2.093238198938447703e-01
2.093238198938447703e-01
2.093238198938447703e-01
2.525579723195758297e-01
2.525579723195758297e-01
2.770908474198523486e-01
2.234045262459871950e-01
2.234045262459871950e-01
4.238302015860763716e-01
2.432146737925183488e-01
3.292734862644869365e-01
3.292734862644869365e-01
3.428338030056101715e-01
4.054230279416202731e-01
2.909317456543149549e-01
2.909317456543149549e-01
4.035462535891830571e-01
4.035462535891830571e-01
4.035462535891830571e-01
3.335094230041650287e-01
3.335094230041650287e-01
3.335094230041650287e-01
3.254043385436930502e-01
2.948180321791077363e-01
2.948180321791077363e-01
2.453520173588060460e-01
2.453520173588060460e-01
2.453520173588060460e-01
2.528291967563872644e-01
2.528291967563872644e-01
2.528291967563872644e-01
2.872904281191320242e-01
2.467554490235138454e-01
2.467554490235138454e-01
2.467554490235138454e-01
3.467546852721726802e-01
3.467546852721726802e-01
3.608754032315897309e-01
3.608754032315897309e-01
3.608754032315897309e-01
3.608754032315897309e-01
3.608754032315897309e-01
3.234626067072937650e-01
3.234626067072937650e-01
3.234626067072937650e-01
3.234626067072937650e-01
3.234626067072937650e-01
3.234626067072937650e-01
3.234626067072937650e-01
3.624890186389372881e-01
3.624890186389372881e-01
3.624890186389372881e-01
3.624890186389372881e-01
3.624890186389372881e-01
3.019328253218265257e-01
3.019328253218265257e-01
3.019328253218265257e-01
3.497953558413449682e-01
3.497953558413449682e-01
3.497953558413449682e-01
3.497953558413449682e-01
2.921238119618615459e-01
3.140371331575822489e-01
3.140371331575822489e-01
2.898302578892136272e-01
3.007469851399138250e-01
3.007469851399138250e-01
3.007469851399138250e-01
3.007469851399138250e-01
3.080581893504332758e-01
3.323906387881996882e-01
3.323906387881996882e-01
3.323906387881996882e-01
3.323906387881996882e-01
3.323906387881996882e-01
3.148764267247464721e-01
3.148764267247464721e-01
3.135687606558256735e-01
3.195363556870929322e-01
3.195363556870929322e-01
3.120407649118670523e-01
3.120407649118670523e-01
3.120407649118670523e-01
3.120407649118670523e-01
3.120407649118670523e-01
3.120407649118670523e-01
3.120407649118670523e-01
3.120407649118670523e-01
3.120407649118670523e-01
3.206732256119612656e-01
3.301614656177569440e-01
3.301614656177569440e-01
2.243761374467914682e-01
2.243761374467914682e-01
2.243761374467914682e-01
2.243761374467914682e-01
2.243761374467914682e-01
2.243761374467914682e-01
1.924341648446050712e-01
1.924341648446050712e-01
2.411795844451621595e-01
2.411795844451621595e-01
2.411795844451621595e-01
2.411795844451621595e-01
2.411795844451621595e-01
2.411795844451621595e-01
2.411795844451621595e-01
2.411795844451621595e-01
3.209640951166725098e-01
3.209640951166725098e-01
3.209640951166725098e-01
3.209640951166725098e-01
3.209640951166725098e-01
3.209640951166725098e-01
3.418713850799747211e-01
3.538886593958046611e-01
3.538886593958046611e-01
3.538886593958046611e-01
3.538886593958046611e-01
3.538886593958046611e-01
3.538886593958046611e-01
2.806475754652085763e-01
2.806475754652085763e-01
2.908622118189654882e-01
2.908622118189654882e-01
2.908622118189654882e-01
2.908622118189654882e-01
3.018026012061249541e-01
3.018026012061249541e-01
3.018026012061249541e-01
3.018026012061249541e-01
2.222739398948886391e-01
2.222739398948886391e-01
2.652725505095616110e-01
2.652725505095616110e-01
2.652725505095616110e-01
2.652725505095616110e-01
2.652725505095616110e-01
2.676356820518240864e-01
2.676356820518240864e-01
2.611117617361241594e-01
2.445765554633500538e-01
2.652584162078162056e-01
2.652584162078162056e-01
2.652584162078162056e-01
2.797638059141913103e-01
2.797638059141913103e-01
2.797638059141913103e-01
2.797638059141913103e-01
2.797638059141913103e-01
2.797638059141913103e-01
2.797638059141913103e-01
2.636478451849487148e-01
2.636478451849487148e-01
2.510898999052444958e-01
2.510898999052444958e-01
1.936965757523042286e-01
1.936965757523042286e-01
1.936965757523042286e-01
1.936965757523042286e-01
1.936965757523042286e-01
2.704998853553836624e-01
2.732471513308370459e-01
2.732471513308370459e-01
2.732471513308370459e-01
2.922188992746528879e-01
2.700786049996843352e-01
2.700786049996843352e-01
2.700786049996843352e-01
3.024436726127468500e-01
3.024436726127468500e-01
2.766277416232890141e-01
2.766277416232890141e-01
2.563974958587100783e-01
2.563974958587100783e-01
2.563974958587100783e-01
2.563974958587100783e-01
2.563974958587100783e-01
2.563974958587100783e-01
2.563974958587100783e-01
2.563974958587100783e-01
2.563974958587100783e-01
2.563974958587100783e-01
2.563974958587100783e-01
2.603728389652504860e-01
2.571699883339530479e-01
2.571699883339530479e-01
2.571699883339530479e-01
2.571699883339530479e-01
2.571699883339530479e-01
2.571699883339530479e-01
2.571699883339530479e-01
2.571699883339530479e-01
2.571699883339530479e-01
2.571699883339530479e-01
2.571699883339530479e-01
2.846083081420345828e-01
2.846083081420345828e-01
2.712233252801994898e-01
2.712233252801994898e-01
2.712233252801994898e-01
2.712233252801994898e-01
2.712233252801994898e-01
2.712233252801994898e-01
2.842433553095360943e-01
2.842433553095360943e-01
2.842433553095360943e-01
2.842433553095360943e-01
2.496658349472314631e-01
3.171066209817440806e-01
3.171066209817440806e-01
2.984619251586854705e-01
2.984619251586854705e-01
2.984619251586854705e-01
2.832479864903027500e-01
2.832479864903027500e-01
2.832479864903027500e-01
2.832479864903027500e-01
2.556304898839002471e-01
1.680101281437270944e-01
1.680101281437270944e-01
1.680101281437270944e-01
1.733725761323711145e-01
1.733725761323711145e-01
2.091490095319492037e-01
2.091490095319492037e-01
2.210528035735583596e-01
2.528444886254255786e-01
1.520677981797909084e-01
1.627319503992723515e-01
2.801634277348352131e-01
2.801634277348352131e-01
2.801634277348352131e-01
2.801634277348352131e-01
2.801634277348352131e-01
2.801634277348352131e-01
2.801634277348352131e-01
2.801634277348352131e-01
2.801634277348352131e-01
2.801634277348352131e-01
2.960543024959540470e-01
2.960543024959540470e-01
2.960543024959540470e-01
2.839725214546478527e-01
2.839725214546478527e-01
1.949447495722214929e-01
1.949447495722214929e-01
1.949447495722214929e-01
1.949447495722214929e-01
2.175324133842022889e-01
2.713914965868840512e-01
2.280414758997171831e-01
2.280414758997171831e-01
2.280414758997171831e-01
2.564472818636258089e-01
2.245346365524484855e-01
2.245346365524484855e-01
2.727851110375779653e-01
2.727851110375779653e-01
2.897985198468432388e-01
3.107779956064163351e-01
3.481875864067278670e-01
3.481875864067278670e-01
3.481875864067278670e-01
2.908058399034927355e-01
2.908058399034927355e-01
2.908058399034927355e-01
2.908058399034927355e-01
2.673827808797941685e-01
2.673827808797941685e-01
2.750390148158753378e-01
2.750390148158753378e-01
2.750390148158753378e-01
2.292068635347755401e-01
2.292068635347755401e-01
2.292068635347755401e-01
2.292068635347755401e-01
2.292068635347755401e-01
2.292068635347755401e-01
2.292068635347755401e-01
2.292068635347755401e-01
2.572041986118084322e-01
2.572041986118084322e-01
2.572041986118084322e-01
2.539190750666763807e-01
2.539190750666763807e-01
2.616775308520588594e-01
2.616775308520588594e-01
2.373054570084525416e-01
3.136738965314602168e-01
3.136738965314602168e-01
3.136738965314602168e-01
3.142660676442219914e-01
3.142660676442219914e-01
3.142660676442219914e-01
3.142660676442219914e-01
3.142660676442219914e-01
1.963247791819992538e-01
1.963247791819992538e-01
1.963247791819992538e-01
1.963247791819992538e-01
1.963247791819992538e-01
1.963247791819992538e-01
1.963247791819992538e-01
1.963247791819992538e-01
1.963247791819992538e-01
2.452511344744535138e-01
2.452511344744535138e-01
2.452511344744535138e-01
2.452511344744535138e-01
2.452511344744535138e-01
2.953038291082863420e-01
2.953038291082863420e-01
2.953038291082863420e-01
2.953038291082863420e-01
2.953038291082863420e-01
2.823341620430948606e-01
2.682989513340234833e-01
2.682989513340234833e-01
2.682989513340234833e-01
2.682989513340234833e-01
2.722022414751200103e-01
2.722022414751200103e-01
2.722022414751200103e-01
2.722022414751200103e-01
2.722022414751200103e-01
2.722022414751200103e-01
1.898585249422118093e-01
1.898585249422118093e-01
2.726713934665099814e-01
2.726713934665099814e-01
2.726713934665099814e-01
2.726713934665099814e-01
2.726713934665099814e-01
2.726713934665099814e-01
2.519480961749593351e-01
2.519480961749593351e-01
2.519480961749593351e-01
2.519480961749593351e-01
2.519480961749593351e-01
2.519480961749593351e-01
2.519480961749593351e-01
2.519480961749593351e-01
2.519480961749593351e-01
3.288816159791699278e-01
3.288816159791699278e-01
3.225133704057404072e-01
3.225133704057404072e-01
3.225133704057404072e-01
3.225133704057404072e-01
3.225133704057404072e-01
3.225133704057404072e-01
3.014074704203085209e-01
3.014074704203085209e-01
2.733206962585162381e-01
2.233155541955341439e-01
2.475912347133214786e-01
2.475912347133214786e-01
2.475912347133214786e-01
2.475912347133214786e-01
2.475912347133214786e-01
2.475912347133214786e-01
2.475912347133214786e-01
2.475912347133214786e-01
2.203368680857754891e-01
2.203368680857754891e-01
2.203368680857754891e-01
2.922367115984095820e-01
2.922367115984095820e-01
2.922367115984095820e-01
3.383084471824974737e-01
2.993808863076372617e-01
2.993808863076372617e-01
2.649267141150156157e-01
2.532274679291386943e-01
1.656957346685940524e-01
1.656957346685940524e-01
1.656957346685940524e-01
1.656957346685940524e-01
1.656957346685940524e-01
2.264392461528776934e-01
2.264392461528776934e-01
2.264392461528776934e-01
2.701870930344980604e-01
2.701870930344980604e-01
2.701870930344980604e-01
2.701870930344980604e-01
2.701870930344980604e-01
2.809380401499168567e-01
2.809380401499168567e-01
2.809380401499168567e-01
2.809380401499168567e-01
2.809380401499168567e-01
2.809380401499168567e-01
2.809380401499168567e-01
2.809380401499168567e-01
2.383878339737147967e-01
3.346793818808526666e-01
3.346793818808526666e-01
3.346793818808526666e-01
3.202954809794697488e-01
3.202954809794697488e-01
3.202954809794697488e-01
3.202954809794697488e-01
3.202954809794697488e-01
3.202954809794697488e-01
3.202954809794697488e-01
3.202954809794697488e-01
2.774237411445918955e-01
1.462648933405961138e-01
2.791044072642603902e-01
2.791044072642603902e-01
2.791044072642603902e-01
3.356833265051466508e-01
3.356833265051466508e-01
1.825345780557410535e-01
1.825345780557410535e-01
1.825345780557410535e-01
1.825345780557410535e-01
1.825345780557410535e-01
1.825345780557410535e-01
1.825345780557410535e-01
1.910293581048988221e-01
2.848542815072100942e-01
2.848542815072100942e-01
2.848542815072100942e-01
1.665676634038646686e-01
1.665676634038646686e-01
1.440646510339120556e-01
1.340845969036352781e-01
1.482363929509079581e-01
1.482363929509079581e-01
1.696479856314311585e-01
1.696479856314311585e-01
1.696479856314311585e-01
1.696479856314311585e-01
1.696479856314311585e-01
1.696479856314311585e-01
1.696479856314311585e-01
1.696479856314311585e-01
1.696479856314311585e-01
1.696479856314311585e-01
8.771009159407248956e-02
1.873079036172610456e-01
2.232681134032170334e-01
2.232681134032170334e-01
2.232681134032170334e-01
2.400173579824564640e-01
2.400173579824564640e-01
2.287753540819989218e-01
2.287753540819989218e-01
2.500082448723763284e-01
2.361664942405196366e-01
2.361664942405196366e-01
2.361664942405196366e-01
2.361664942405196366e-01
2.361664942405196366e-01
2.361664942405196366e-01
2.361664942405196366e-01
2.626337942459204822e-01
2.626337942459204822e-01
2.626337942459204822e-01
2.626337942459204822e-01
2.626337942459204822e-01
2.626337942459204822e-01
2.626337942459204822e-01
2.611270659415103057e-01
2.611270659415103057e-01
2.611270659415103057e-01
2.611270659415103057e-01
2.611270659415103057e-01
2.411701287886382494e-01
1.289156690355927615e-01
1.289156690355927615e-01
1.289156690355927615e-01
1.387401039630112576e-01
1.773545532979615980e-01
1.773545532979615980e-01
1.773545532979615980e-01
1.773545532979615980e-01
2.006308603034076266e-01
2.006308603034076266e-01
2.006308603034076266e-01
2.006308603034076266e-01
2.036628888882149324e-01
2.036628888882149324e-01
2.036628888882149324e-01
1.808028015638387387e-01
1.808028015638387387e-01
2.289982775364549916e-01
2.438360104906297510e-01
1.542087287654806682e-01
1.542087287654806682e-01
2.458265464136028255e-01
2.019202852538635184e-01
2.019202852538635184e-01
2.019202852538635184e-01
2.019202852538635184e-01
2.019202852538635184e-01
2.019202852538635184e-01
1.781654052228077434e-01
2.033695290184683868e-01
2.033695290184683868e-01
2.033695290184683868e-01
2.033695290184683868e-01
2.033695290184683868e-01
2.223326863358605909e-01
2.223326863358605909e-01
2.223326863358605909e-01
2.223326863358605909e-01
2.223326863358605909e-01
2.223326863358605909e-01
2.171916784677043188e-01
2.171916784677043188e-01
2.171916784677043188e-01
2.171916784677043188e-01
2.358256720430486897e-01
2.358256720430486897e-01
2.358256720430486897e-01
2.308330361237979633e-01
2.308330361237979633e-01
2.182263227659692051e-01
2.182263227659692051e-01
2.182263227659692051e-01
2.238446224897997494e-01
2.238446224897997494e-01
2.238446224897997494e-01
2.238446224897997494e-01
2.238446224897997494e-01
2.238446224897997494e-01
2.077106880463675254e-01
2.632839816771696539e-01
2.632839816771696539e-01
2.632839816771696539e-01
2.632839816771696539e-01
2.632839816771696539e-01
2.559493832281407588e-01
2.559493832281407588e-01
2.579067803611899690e-01
2.579067803611899690e-01
2.579067803611899690e-01
2.579067803611899690e-01
2.579067803611899690e-01
2.579067803611899690e-01
1.165099064582024585e-01
1.345678487370241816e-01
1.345678487370241816e-01
1.341749544022560470e-01
2.153507236815373760e-01
2.668808829289057716e-01
2.668808829289057716e-01
2.668808829289057716e-01
2.668808829289057716e-01
2.668808829289057716e-01
2.668808829289057716e-01
2.668808829289057716e-01
2.668808829289057716e-01
2.668808829289057716e-01
2.668808829289057716e-01
2.668808829289057716e-01
2.592815676575087047e-01
2.592815676575087047e-01
2.321868786150829977e-01
2.321868786150829977e-01
2.321868786150829977e-01
2.176383681479237553e-01
1.948453446481953066e-01
1.948453446481953066e-01
1.948453446481953066e-01
1.699254597666191302e-01
1.699254597666191302e-01
1.699254597666191302e-01
1.943166425811173326e-01
2.190937703113344237e-01
2.665896018767643927e-01
3.133518000496804956e-01
3.133518000496804956e-01
3.174412777480496439e-01
3.174412777480496439e-01
3.174412777480496439e-01
2.256511232941257328e-01
2.256511232941257328e-01
2.256511232941257328e-01
2.256511232941257328e-01
2.256511232941257328e-01
2.256511232941257328e-01
2.256511232941257328e-01
2.256511232941257328e-01
2.256511232941257328e-01
2.471094391458543427e-01
2.471094391458543427e-01
2.471094391458543427e-01
2.471094391458543427e-01
2.789620896018824014e-01
2.789620896018824014e-01
2.789620896018824014e-01
2.789620896018824014e-01
1.907958926239716468e-01
2.217026103306900808e-01
2.217026103306900808e-01
2.217026103306900808e-01
2.217026103306900808e-01
2.217026103306900808e-01
2.308282101770439410e-01
2.308282101770439410e-01
2.289042056460209307e-01
1.690617280233706887e-01
1.931957922239585235e-01
2.009285210878183625e-01
2.009285210878183625e-01
2.009285210878183625e-01
2.009285210878183625e-01
1.767464143763335382e-01
1.767464143763335382e-01
1.767464143763335382e-01
1.767464143763335382e-01
1.823026066509695342e-01
2.258290685499909634e-01
1.817574478871731014e-01
1.817574478871731014e-01
1.817574478871731014e-01
2.252630420335906825e-01
2.243515930345810760e-01
2.243515930345810760e-01
2.190042854385702287e-01
2.190042854385702287e-01
2.190042854385702287e-01
2.190042854385702287e-01
2.190042854385702287e-01
2.190042854385702287e-01
2.190042854385702287e-01
2.375465762507716072e-01
2.375465762507716072e-01
2.375465762507716072e-01
2.375465762507716072e-01
2.375465762507716072e-01
2.375465762507716072e-01
2.375465762507716072e-01
2.375465762507716072e-01
2.375465762507716072e-01
2.375465762507716072e-01
2.375465762507716072e-01
1.823752568341504565e-01
1.823752568341504565e-01
1.823752568341504565e-01
1.823752568341504565e-01
1.823752568341504565e-01
1.823752568341504565e-01
1.823752568341504565e-01
1.823752568341504565e-01
1.823752568341504565e-01
1.823752568341504565e-01
1.823752568341504565e-01
3.018336340929703154e-01
1.717751948258407213e-01
1.717751948258407213e-01
1.717751948258407213e-01
1.717751948258407213e-01
1.717751948258407213e-01
1.717751948258407213e-01
1.889157054181932471e-01
1.889157054181932471e-01
1.889157054181932471e-01
1.889157054181932471e-01
1.555548731557242770e-01
1.555548731557242770e-01
1.555548731557242770e-01
1.555548731557242770e-01
1.844465761801253600e-01
1.844465761801253600e-01
