# Variable: dg_gbvi_00000416
# Sample shape: (1000,)
# Date: 2013-03-07 22:55:08.977460
-9.712981431786722908e+00
-5.584983315546130811e+00
-4.439558019601352434e+00
-3.294995559967332177e+00
-3.215751594404948399e+00
-4.098983891589504047e+00
-9.561412344774192773e-01
-2.858950540455251765e+00
-2.794664192371093314e+00
-2.888318425459514671e+00
-2.944046776963667345e+00
-2.886759665383160200e+00
-2.472541371296474999e+00
-2.354473999075175517e+00
-2.295155116719229227e+00
-2.295155116719229227e+00
-2.366850083372567415e+00
-2.366850083372567415e+00
-2.415127643267893198e+00
-2.425864915583469728e+00
-2.497779764428560423e+00
-2.506896212154916537e+00
-2.506884050071641834e+00
-2.433295326987493290e+00
-2.433295326987493290e+00
-2.467856674519461446e+00
-2.475808195216082197e+00
-2.515404587526241187e+00
-2.645318155690490780e+00
-2.645318155690490780e+00
-2.657120433994720976e+00
-2.495796303749557854e+00
-2.466388753779043874e+00
-2.466388753779043874e+00
-2.466388753779043874e+00
-2.466388753779043874e+00
-2.491036936075872177e+00
-2.491036936075872177e+00
-2.343827257828277943e+00
-2.320923075522174805e+00
-2.320923075522174805e+00
-2.320923075522174805e+00
-2.320923075522174805e+00
-2.320923075522174805e+00
-2.393846865746064534e+00
-2.393846865746064534e+00
-2.396930707986704157e+00
-2.392001646833859407e+00
-2.214346026770618092e+00
-2.338058365458267840e+00
-2.338058365458267840e+00
-2.212076086777195805e+00
-2.212076086777195805e+00
-2.182957255088139537e+00
-2.174326458527910066e+00
-2.202227358441217753e+00
-2.202227358441217753e+00
-2.213474586461369409e+00
-2.211689677670366283e+00
-2.211689677670366283e+00
-2.395154515045465171e+00
-2.395154515045465171e+00
-2.395154515045465171e+00
-2.395154515045465171e+00
-2.391583109603155677e+00
-2.397568937999592809e+00
-2.397568937999592809e+00
-2.335174646994119918e+00
-2.335174646994119918e+00
-2.395995184737611527e+00
-2.382762492488748052e+00
-2.264550718748597369e+00
-2.258608593509699780e+00
-2.322751125312287890e+00
-2.322751125312287890e+00
-2.322751125312287890e+00
-2.294423305945417990e+00
-1.974663091041439555e+00
-1.974663091041439555e+00
-2.123278323752535446e+00
-2.123278323752535446e+00
-2.123278323752535446e+00
-2.126704069056732482e+00
-2.237213546116281204e+00
-2.237213546116281204e+00
-2.124894699416035149e+00
-2.105420087956610509e+00
-2.031794480218631183e+00
-2.306850792019928598e+00
-2.237417160354561840e+00
-2.339476446384810782e+00
-2.339476446384810782e+00
-2.308858419877659607e+00
-2.198752928010386132e+00
-2.200643684939459277e+00
-2.200643684939459277e+00
-2.201874700253106720e+00
-2.201874700253106720e+00
-2.201874700253106720e+00
-2.290723225133013852e+00
-2.258514431112256915e+00
-2.298328148982895947e+00
-2.298328148982895947e+00
-2.264975851567506915e+00
-2.264975851567506915e+00
-2.157708913664397432e+00
-2.108025646325537572e+00
-1.978572720913966299e+00
-1.978572720913966299e+00
-1.978572720913966299e+00
-2.171848183546506661e+00
-2.171848183546506661e+00
-2.171848183546506661e+00
-2.135168188804439371e+00
-2.140612710304258481e+00
-2.066509947461940389e+00
-2.066509947461940389e+00
-2.066509947461940389e+00
-2.015495902231033476e+00
-1.996021890544511956e+00
-2.030985818299785972e+00
-2.030985818299785972e+00
-1.955118667064222437e+00
-2.039194126035699828e+00
-2.039194126035699828e+00
-1.999212486343816542e+00
-1.969202560446216665e+00
-1.969202560446216665e+00
-2.073818796021625221e+00
-2.048693447906846377e+00
-2.048693447906846377e+00
-2.096543030879703728e+00
-2.004950793212088467e+00
-2.023548144991907716e+00
-2.019101105058457524e+00
-2.189400235585145182e+00
-2.194205414161034984e+00
-2.187861209900849424e+00
-2.049183858638927713e+00
-2.059048065432787844e+00
-2.067500891802783514e+00
-2.062561933139474668e+00
-2.068956603160398977e+00
-2.068956603160398977e+00
-2.055436550063915124e+00
-2.099651465511411352e+00
-2.018507012823750557e+00
-1.958023118096364090e+00
-1.983545881579070302e+00
-2.045864854057492188e+00
-2.051170422209710686e+00
-2.051170422209710686e+00
-2.045879569674029508e+00
-2.059614792297749464e+00
-2.059614792297749464e+00
-2.190917167008635591e+00
-2.176217633934752982e+00
-2.360657633370249808e+00
-2.261187023144974884e+00
-2.243218481408848497e+00
-2.243218481408848497e+00
-2.243218481408848497e+00
-2.243218481408848497e+00
-2.284650541567039284e+00
-2.321990817019008002e+00
-2.321990817019008002e+00
-2.321990817019008002e+00
-2.321990817019008002e+00
-2.321990817019008002e+00
-2.287178957895699138e+00
-2.287178957895699138e+00
-2.293824632011260078e+00
-2.320908473283995743e+00
-2.320908473283995743e+00
-2.320908473283995743e+00
-2.166290956818667013e+00
-2.251958366720662852e+00
-2.138012072820450804e+00
-2.217181208714616769e+00
-2.217181208714616769e+00
-2.284852556340726704e+00
-2.284852556340726704e+00
-2.284852556340726704e+00
-2.284852556340726704e+00
-2.284852556340726704e+00
-2.284852556340726704e+00
-2.263806446175145481e+00
-2.196653956152173404e+00
-2.196653956152173404e+00
-2.196653956152173404e+00
-2.196653956152173404e+00
-2.196653956152173404e+00
-2.219769399452032665e+00
-2.005707853214789171e+00
-2.006851572243947501e+00
-1.891149051677261550e+00
-1.996465718450103122e+00
-2.009403568031102871e+00
-2.070070635558557193e+00
-2.070070635558557193e+00
-2.113659261684883717e+00
-1.958339168325718971e+00
-1.958339168325718971e+00
-1.976791841341889233e+00
-1.976791841341889233e+00
-1.957384206484459765e+00
-1.957384206484459765e+00
-2.110070950780813082e+00
-1.989364395819429809e+00
-1.989364395819429809e+00
-2.199521562053709189e+00
-2.227459042726930960e+00
-2.195207625618673664e+00
-2.220806567825157174e+00
-2.257651965669900562e+00
-2.054691660172945245e+00
-2.167193543851796633e+00
-2.143357298204541461e+00
-2.114126810513138111e+00
-2.114126810513138111e+00
-2.114126810513138111e+00
-2.114126810513138111e+00
-2.172623527458424686e+00
-2.172623527458424686e+00
-2.172623527458424686e+00
-2.172623527458424686e+00
-2.172623527458424686e+00
-2.172623527458424686e+00
-2.172623527458424686e+00
-2.103431136650764088e+00
-2.103431136650764088e+00
-2.102601811393886688e+00
-2.166246154765071985e+00
-2.166246154765071985e+00
-2.166246154765071985e+00
-2.030625654255676871e+00
-1.929652073718887362e+00
-1.992000269268237256e+00
-2.000902473286421568e+00
-2.013700726684679143e+00
-1.978018589515716741e+00
-2.147118756336161560e+00
-2.146202924465797857e+00
-2.146202924465797857e+00
-2.057974731173453531e+00
-2.105458041278485570e+00
-2.030870592521002216e+00
-2.030870592521002216e+00
-2.030870592521002216e+00
-2.030870592521002216e+00
-2.030870592521002216e+00
-2.030870592521002216e+00
-2.067322966709451926e+00
-2.067322966709451926e+00
-2.101256798596003783e+00
-2.102329793233825850e+00
-2.102329793233825850e+00
-1.975369473173249402e+00
-1.975369473173249402e+00
-1.975369473173249402e+00
-1.995960239918974199e+00
-2.019727204409348165e+00
-2.021235213893950888e+00
-2.021235213893950888e+00
-1.953363107125692499e+00
-1.953363107125692499e+00
-2.075851640790350228e+00
-2.075851640790350228e+00
-2.075851640790350228e+00
-2.060443399427458466e+00
-2.060443399427458466e+00
-2.083227063241788191e+00
-2.083227063241788191e+00
-2.083227063241788191e+00
-2.157669719680813003e+00
-2.157669719680813003e+00
-2.157669719680813003e+00
-2.179677272288876200e+00
-2.084683064532116159e+00
-2.084683064532116159e+00
-2.084683064532116159e+00
-2.167931615078674934e+00
-2.157406347521339196e+00
-2.178277329536537188e+00
-2.178277329536537188e+00
-2.180048171038670546e+00
-2.180048171038670546e+00
-2.180048171038670546e+00
-2.081877887342379108e+00
-2.081877887342379108e+00
-2.081877887342379108e+00
-2.091473194917644385e+00
-2.258009636421669075e+00
-2.258009636421669075e+00
-2.258009636421669075e+00
-2.259936010902787284e+00
-2.366194662887123989e+00
-2.353554546897245192e+00
-2.316772705541223942e+00
-2.361837016552903012e+00
-2.333024346209692901e+00
-2.333024346209692901e+00
-2.333024346209692901e+00
-2.001511781004585711e+00
-1.975403967699703278e+00
-1.975403967699703278e+00
-1.975403967699703278e+00
-2.076145346137820979e+00
-2.109548801006634555e+00
-2.110950963168461758e+00
-2.201528481139059412e+00
-2.189460564765022266e+00
-2.189460564765022266e+00
-2.189460564765022266e+00
-2.135399163886558149e+00
-2.140413162997894414e+00
-2.140413162997894414e+00
-2.151356923239295060e+00
-2.151356923239295060e+00
-2.154034724367292597e+00
-2.228987297574953175e+00
-2.228987297574953175e+00
-2.228987297574953175e+00
-2.228987297574953175e+00
-2.235230424835738638e+00
-2.225114911821146624e+00
-2.223888473842211333e+00
-2.223888473842211333e+00
-2.167466751306233341e+00
-2.131922186684087617e+00
-2.353135715115517002e+00
-2.353135715115517002e+00
-2.213805787245258561e+00
-2.071200693763816769e+00
-2.071200693763816769e+00
-2.043432756759651969e+00
-2.072337596474281174e+00
-2.259139527760392063e+00
-2.168894009380542887e+00
-2.441841559674067241e+00
-2.316404946281652055e+00
-2.316404946281652055e+00
-2.285717736130341127e+00
-2.144077335283780528e+00
-2.403172908574393141e+00
-2.418839465012893264e+00
-2.095985628023230518e+00
-2.095985628023230518e+00
-2.046983408396599646e+00
-2.328474231401813199e+00
-2.229295932010521231e+00
-2.264667001807112889e+00
-2.268343561783279672e+00
-2.392882493331720983e+00
-2.392882493331720983e+00
-2.339074368863226727e+00
-2.339074368863226727e+00
-2.348492323803106352e+00
-2.345100588819733822e+00
-2.345100588819733822e+00
-2.345100588819733822e+00
-2.329468576028800531e+00
-2.347855710981498589e+00
-2.347855710981498589e+00
-2.423218748678273915e+00
-2.090067245048422784e+00
-2.090067245048422784e+00
-2.075139032297549146e+00
-2.075139032297549146e+00
-2.075139032297549146e+00
-2.134020106536966388e+00
-2.134020106536966388e+00
-2.151052336266880971e+00
-2.169817113751248527e+00
-2.169817113751248527e+00
-2.169817113751248527e+00
-2.169817113751248527e+00
-2.191939604779509221e+00
-2.191939604779509221e+00
-2.174172774301537103e+00
-2.174172774301537103e+00
-2.124604477804622249e+00
-2.124604477804622249e+00
-2.122731921121735699e+00
-2.325161191433033903e+00
-2.326492735519669175e+00
-2.273503895049412638e+00
-2.113505097613451511e+00
-2.157603266270435416e+00
-2.157603266270435416e+00
-2.113295113463582453e+00
-2.272751536872772427e+00
-2.222965371045071414e+00
-2.177887927302244453e+00
-2.228921311214608902e+00
-2.223951130811688603e+00
-2.223951130811688603e+00
-2.156820160469596015e+00
-2.156820160469596015e+00
-2.153491506830609303e+00
-2.142413400675407864e+00
-2.160181868173207231e+00
-2.160181868173207231e+00
-2.166216065094133114e+00
-2.147823146491748325e+00
-2.080175852875028930e+00
-2.154351117731513998e+00
-2.154944198988230308e+00
-2.152237645040829150e+00
-2.098891402597893752e+00
-2.102290966525154126e+00
-2.102290966525154126e+00
-2.102290966525154126e+00
-2.102290966525154126e+00
-2.024255790051253889e+00
-2.024255790051253889e+00
-2.152837151620811795e+00
-2.210453287934459166e+00
-2.210453287934459166e+00
-2.261229245458415527e+00
-2.256913921667273115e+00
-2.356886972977190631e+00
-2.120676947456699768e+00
-2.120676947456699768e+00
-2.120676947456699768e+00
-2.120676947456699768e+00
-2.120676947456699768e+00
-2.177102460377325244e+00
-2.249722595435242667e+00
-2.249722595435242667e+00
-2.227446144418056662e+00
-2.227446144418056662e+00
-2.166672865555425709e+00
-2.241415085169354171e+00
-2.243156544412265863e+00
-2.262105081901693460e+00
-2.321801299293829945e+00
-2.321801299293829945e+00
-2.054866572635532851e+00
-2.079629724594413975e+00
-2.079629724594413975e+00
-2.079629724594413975e+00
-2.098966993900206024e+00
-2.098966993900206024e+00
-2.041024768982894866e+00
-2.070469726662595544e+00
-2.070469726662595544e+00
-2.070469726662595544e+00
-2.070469726662595544e+00
-2.070469726662595544e+00
-2.070469726662595544e+00
-2.377475863067961548e+00
-2.377475863067961548e+00
-2.343322690484525239e+00
-2.343322690484525239e+00
-2.343322690484525239e+00
-2.343322690484525239e+00
-2.245686397839570692e+00
-2.245686397839570692e+00
-2.245686397839570692e+00
-2.245686397839570692e+00
-2.281949019197571538e+00
-2.238308647993932698e+00
-2.218702605217255375e+00
-2.218702605217255375e+00
-2.218702605217255375e+00
-2.104619981546851815e+00
-2.386321416888519842e+00
-2.378369633157536356e+00
-2.377543355611145603e+00
-2.318336382973431142e+00
-2.325968505612869386e+00
-2.316422419824180956e+00
-2.316422419824180956e+00
-2.316422419824180956e+00
-2.115568762955924331e+00
-2.115568762955924331e+00
-2.115568762955924331e+00
-2.183468424492877258e+00
-2.164518898705017680e+00
-2.155164380344826824e+00
-2.155164380344826824e+00
-2.162602992643270827e+00
-2.227947765771737476e+00
-2.114775910885242638e+00
-2.160781044486590474e+00
-2.269668341152279556e+00
-2.269668341152279556e+00
-2.269668341152279556e+00
-2.187191977303283075e+00
-2.187191977303283075e+00
-2.167834111309870693e+00
-2.301560392585672243e+00
-2.301560392585672243e+00
-2.301560392585672243e+00
-2.320166914622955101e+00
-2.178106138056049801e+00
-2.178106138056049801e+00
-2.035230993100371588e+00
-2.020276746225364572e+00
-2.185795707082639705e+00
-2.264274164057703764e+00
-2.264274164057703764e+00
-2.310787782557010672e+00
-2.310787782557010672e+00
-2.310787782557010672e+00
-2.303252742978946888e+00
-2.287230896329717655e+00
-2.287230896329717655e+00
-2.347526011260148149e+00
-2.347526011260148149e+00
-2.372800870997690215e+00
-2.372800870997690215e+00
-2.372800870997690215e+00
-2.370953018224366105e+00
-2.372441794479136945e+00
-2.335115377799302561e+00
-2.335115377799302561e+00
-2.270414176506578396e+00
-2.270414176506578396e+00
-2.277466077580314163e+00
-2.277466077580314163e+00
-2.277466077580314163e+00
-2.277466077580314163e+00
-2.277466077580314163e+00
-2.277466077580314163e+00
-2.264711964540540468e+00
-2.264711964540540468e+00
-2.270933686047154509e+00
-2.270933686047154509e+00
-2.230358416341461147e+00
-2.201983545301451795e+00
-2.201983545301451795e+00
-2.201983545301451795e+00
-2.098396933221332361e+00
-2.195067274962952286e+00
-2.195067274962952286e+00
-2.195067274962952286e+00
-2.211152124674924835e+00
-2.053469142617099674e+00
-2.053469142617099674e+00
-2.129470423902023679e+00
-2.129470423902023679e+00
-2.195341221742280080e+00
-2.202451120336033519e+00
-2.202451120336033519e+00
-2.202451120336033519e+00
-2.202451120336033519e+00
-2.298665286667606722e+00
-2.507650030028774069e+00
-2.370684958892320893e+00
-2.456056910280048911e+00
-2.447852984430779255e+00
-2.447852984430779255e+00
-2.431227483317499161e+00
-2.431227483317499161e+00
-2.425695726172211408e+00
-2.401358588602425570e+00
-2.535633720904036714e+00
-2.498177121453419858e+00
-2.086631936431808221e+00
-2.179970468660694216e+00
-2.179970468660694216e+00
-2.057193517176863828e+00
-2.057193517176863828e+00
-2.052628709677787988e+00
-2.052628709677787988e+00
-2.052628709677787988e+00
-2.052628709677787988e+00
-2.162357177318870782e+00
-2.154918650614360942e+00
-2.184643765224816736e+00
-2.184643765224816736e+00
-2.190299253186605011e+00
-2.190299253186605011e+00
-2.245194924204967801e+00
-2.402398325857597605e+00
-2.402398325857597605e+00
-2.402398325857597605e+00
-2.508457138615810322e+00
-2.324325029092752626e+00
-2.472529014053989727e+00
-2.472529014053989727e+00
-2.472529014053989727e+00
-2.546288077897362445e+00
-2.435496799180079108e+00
-2.435496799180079108e+00
-2.413021062390749538e+00
-2.392211444249942254e+00
-2.381720710702245114e+00
-2.421850767719696762e+00
-2.333532364148567240e+00
-2.333532364148567240e+00
-2.333532364148567240e+00
-2.360286900110255104e+00
-2.360286900110255104e+00
-2.359488857567838771e+00
-2.359488857567838771e+00
-2.370409979931148658e+00
-2.370409979931148658e+00
-2.366840221276933054e+00
-2.366840221276933054e+00
-2.366840221276933054e+00
-2.524291817577511754e+00
-2.440276324274782471e+00
-2.477500228091335188e+00
-2.477500228091335188e+00
-2.261627826935987962e+00
-2.385261449108172283e+00
-2.385261449108172283e+00
-2.385261449108172283e+00
-2.372178041243838909e+00
-2.372178041243838909e+00
-2.485934428620973691e+00
-2.487469596561330487e+00
-2.389764603574213275e+00
-2.358845573673147733e+00
-2.358845573673147733e+00
-2.370231409248062970e+00
-2.075596840064647619e+00
-2.075596840064647619e+00
-2.075596840064647619e+00
-2.062150828148407999e+00
-2.062150828148407999e+00
-2.062150828148407999e+00
-2.062150828148407999e+00
-2.051352707726202595e+00
-2.330823354217676169e+00
-2.300805603312286785e+00
-2.300805603312286785e+00
-2.333809228023974836e+00
-2.369835589999137238e+00
-2.369835589999137238e+00
-2.369835589999137238e+00
-2.320651484384300023e+00
-2.380876707368265954e+00
-2.357952048998716688e+00
-2.357952048998716688e+00
-2.458951000999012759e+00
-2.458951000999012759e+00
-2.458951000999012759e+00
-2.340347421961142871e+00
-2.336284642976842907e+00
-2.336284642976842907e+00
-2.355844890413581805e+00
-2.355844890413581805e+00
-2.363938813698899022e+00
-2.412158909838248988e+00
-2.406657188801496705e+00
-2.406657188801496705e+00
-2.406657188801496705e+00
-2.402587991002242518e+00
-2.402587991002242518e+00
-2.402587991002242518e+00
-2.402587991002242518e+00
-2.402587991002242518e+00
-2.412726940474000159e+00
-2.315536342949914950e+00
-2.351324113378516767e+00
-2.292486929786814009e+00
-2.431689670646700829e+00
-2.431689670646700829e+00
-2.377487449726975566e+00
-2.377487449726975566e+00
-2.281551537446431244e+00
-2.295920762759003697e+00
-2.295920762759003697e+00
-2.295920762759003697e+00
-2.295920762759003697e+00
-2.295920762759003697e+00
-2.295920762759003697e+00
-2.331708062847179797e+00
-2.377565859325615261e+00
-2.377565859325615261e+00
-2.341545761883392807e+00
-2.341545761883392807e+00
-2.344527359848424641e+00
-2.520818161844037508e+00
-2.415113829021377168e+00
-2.493998420124642124e+00
-2.493998420124642124e+00
-2.482426731918883522e+00
-2.524393196860099664e+00
-2.524393196860099664e+00
-2.537609169349381855e+00
-2.561138627663821943e+00
-2.541515418476210986e+00
-2.541515418476210986e+00
-2.541515418476210986e+00
-2.541515418476210986e+00
-2.541515418476210986e+00
-2.541515418476210986e+00
-2.541515418476210986e+00
-2.433393051758094838e+00
-2.375668935199486409e+00
-2.461259075921852890e+00
-2.443824265121249173e+00
-2.396290882456366678e+00
-2.399061522776370303e+00
-2.399061522776370303e+00
-2.377305581055160211e+00
-2.471293660375519341e+00
-2.322803085786226074e+00
-2.339072995151960210e+00
-2.367320068788078213e+00
-2.547588468988604138e+00
-2.547588468988604138e+00
-2.529089329630747951e+00
-2.486222410378723158e+00
-2.486222410378723158e+00
-2.371335517354578482e+00
-2.371335517354578482e+00
-2.366654170784512790e+00
-2.382507168679806053e+00
-2.382507168679806053e+00
-2.457840625528407319e+00
-2.457840625528407319e+00
-2.457840625528407319e+00
-2.420440571792211504e+00
-2.420440571792211504e+00
-2.420440571792211504e+00
-2.420440571792211504e+00
-2.420440571792211504e+00
-2.420440571792211504e+00
-2.420440571792211504e+00
-2.420440571792211504e+00
-2.568462879072825888e+00
-2.234308959336669176e+00
-2.407919349753028460e+00
-2.372681431187130929e+00
-2.461583291675483398e+00
-2.485904244534920426e+00
-2.485904244534920426e+00
-2.323614445119758898e+00
-2.233516883722534985e+00
-2.233516883722534985e+00
-2.233516883722534985e+00
-2.233516883722534985e+00
-2.253668638252172673e+00
-2.480954484919706715e+00
-2.418513602260491169e+00
-2.441445049982811977e+00
-2.441445049982811977e+00
-2.272476538409478941e+00
-2.272476538409478941e+00
-2.344463726173732443e+00
-2.260188411463771807e+00
-2.260188411463771807e+00
-2.260188411463771807e+00
-2.260188411463771807e+00
-2.260188411463771807e+00
-2.260188411463771807e+00
-2.256195461259435930e+00
-2.212093289701956955e+00
-2.212093289701956955e+00
-2.212093289701956955e+00
-2.267693619927425353e+00
-2.267693619927425353e+00
-2.286640517668659722e+00
-2.308136711238297778e+00
-2.301484694753860083e+00
-2.299332614165260136e+00
-2.226110277304403251e+00
-2.226110277304403251e+00
-2.310610613388176304e+00
-2.310610613388176304e+00
-2.320804475651106813e+00
-2.320804475651106813e+00
-2.320804475651106813e+00
-2.279759356035326867e+00
-2.279759356035326867e+00
-2.398697729309805293e+00
-2.678905006199130856e+00
-2.264875834566058899e+00
-2.247972827521513839e+00
-2.247972827521513839e+00
-2.184441184915370204e+00
-2.285993529939434943e+00
-2.354246971914696562e+00
-2.380620444839403937e+00
-2.274457853499100235e+00
-2.224860427540768626e+00
-2.038966925459554602e+00
-2.038966925459554602e+00
-2.038966925459554602e+00
-2.038966925459554602e+00
-2.038966925459554602e+00
-2.038966925459554602e+00
-2.322289654976182227e+00
-2.395175038280526358e+00
-2.395175038280526358e+00
-2.395175038280526358e+00
-2.395175038280526358e+00
-2.297381810917706435e+00
-2.308335279699893938e+00
-2.308335279699893938e+00
-2.292621999837313851e+00
-2.292621999837313851e+00
-2.307556891654352071e+00
-2.307556891654352071e+00
-2.307556891654352071e+00
-2.227272859883364209e+00
-2.489522915061863628e+00
-2.489522915061863628e+00
-2.573000251160134866e+00
-2.410283915420795786e+00
-2.392038523307345788e+00
-2.392038523307345788e+00
-2.392038523307345788e+00
-2.392038523307345788e+00
-2.312533372996476544e+00
-2.501879955421888901e+00
-2.323689932875296460e+00
-2.315945445680223980e+00
-2.283775668229389932e+00
-2.283775668229389932e+00
-2.288339476610264267e+00
-2.370495277369912834e+00
-2.370495277369912834e+00
-2.396921985724686621e+00
-2.389911132003187166e+00
-2.432260173030631467e+00
-2.432260173030631467e+00
-2.238487682656508770e+00
-2.388458805321140410e+00
-2.388999469047352608e+00
-2.317465106980941325e+00
-2.317465106980941325e+00
-2.289136072758404250e+00
-2.289136072758404250e+00
-2.370275890472781199e+00
-2.571997053161113822e+00
-2.571997053161113822e+00
-2.571997053161113822e+00
-2.448685045523426140e+00
-2.456066072373742859e+00
-2.447105948717344770e+00
-2.537052951104703524e+00
-2.537052951104703524e+00
-2.537052951104703524e+00
-2.537052951104703524e+00
-2.537052951104703524e+00
-2.543278588708544508e+00
-2.433767849857151333e+00
-2.433767849857151333e+00
-2.433767849857151333e+00
-2.237598057671536189e+00
-2.237598057671536189e+00
-2.237598057671536189e+00
-2.239954910795531884e+00
-2.254092269864712339e+00
-2.253543671342778776e+00
-2.253543671342778776e+00
-2.253543671342778776e+00
-2.318091636276771172e+00
-2.318091636276771172e+00
-2.217789755264921059e+00
-2.217789755264921059e+00
-2.217789755264921059e+00
-2.211421995887521419e+00
-2.195584798681381233e+00
-2.223004171387645833e+00
-2.464917420203630805e+00
-2.442295698200066312e+00
-2.442295698200066312e+00
-2.442295698200066312e+00
-2.498814716086852350e+00
-2.343469378089360067e+00
-2.188800709970745828e+00
-2.188800709970745828e+00
-2.188800709970745828e+00
-2.235261966404150424e+00
-2.235261966404150424e+00
-2.235261966404150424e+00
-2.394128552351474593e+00
-2.341464626898212664e+00
-2.360484141033760697e+00
-2.360669784243129232e+00
-2.092681195861817667e+00
-2.262836126639429235e+00
-2.262836126639429235e+00
-2.262836126639429235e+00
-2.262836126639429235e+00
-2.262836126639429235e+00
-2.262836126639429235e+00
-2.255068557437818644e+00
-2.255068557437818644e+00
-2.224052462058703217e+00
-2.224052462058703217e+00
-2.224052462058703217e+00
-2.227657268863820761e+00
-2.227657268863820761e+00
-2.240509889916443509e+00
-2.240509889916443509e+00
-2.240509889916443509e+00
-2.247411112942908851e+00
-2.148695736987162430e+00
-2.148695736987162430e+00
-2.148695736987162430e+00
-2.160516719193541046e+00
-2.160516719193541046e+00
-2.160516719193541046e+00
-2.028629311887029996e+00
-2.094868794688570901e+00
-1.974828419367889332e+00
-2.005005134910534004e+00
-2.005005134910534004e+00
-2.003067151864963868e+00
-2.003067151864963868e+00
-2.066569479543569177e+00
-2.292154249822769163e+00
-2.100880852393570031e+00
-2.150233674870476452e+00
-2.150233674870476452e+00
-2.150233674870476452e+00
-2.150233674870476452e+00
-2.150233674870476452e+00
-2.167472566955981339e+00
-2.280143309631355919e+00
-2.088052688405531043e+00
-2.306751315756009113e+00
-2.306751315756009113e+00
-2.306751315756009113e+00
-2.195944629400412129e+00
-2.195944629400412129e+00
-2.195944629400412129e+00
-2.195944629400412129e+00
-2.405637302223373020e+00
-2.228795577583742471e+00
-2.228795577583742471e+00
-2.228795577583742471e+00
-2.228795577583742471e+00
-2.228795577583742471e+00
-2.484545513533710892e+00
-2.484545513533710892e+00
-2.548650283412843276e+00
-2.449517854305570896e+00
-2.366548814265127643e+00
-2.291117830696297819e+00
-2.359246258917473860e+00
-2.359246258917473860e+00
-2.301698449248246181e+00
-2.313099032690480783e+00
-2.313099032690480783e+00
-2.359794981496511124e+00
-2.359794981496511124e+00
-2.357175530908361960e+00
-2.207538539388685717e+00
-2.172163904345461471e+00
-2.157747525458350690e+00
-2.192830665403868284e+00
-2.172320080358990602e+00
-2.349299774360792181e+00
-2.349299774360792181e+00
-2.414422648544242378e+00
-2.414422648544242378e+00
-2.414422648544242378e+00
-2.414422648544242378e+00
-2.414422648544242378e+00
-2.414422648544242378e+00
-2.343203331209544604e+00
-2.277650021409256542e+00
-2.277650021409256542e+00
-2.277650021409256542e+00
-2.277650021409256542e+00
-2.284103184517409346e+00
-2.234722490709133869e+00
-2.234722490709133869e+00
-2.234722490709133869e+00
-2.234722490709133869e+00
-2.270411947653812046e+00
-2.270411947653812046e+00
-2.069204809422734215e+00
-2.069204809422734215e+00
-2.053144929953770514e+00
-2.053144929953770514e+00
-2.053144929953770514e+00
-2.123984463442378789e+00
-2.123984463442378789e+00
-2.123984463442378789e+00
-2.123984463442378789e+00
-2.123984463442378789e+00
-2.248188697175574902e+00
-2.275389564350855931e+00
-2.230522404837550710e+00
-2.255687978900690283e+00
-2.255687978900690283e+00
-2.291212425413585940e+00
-2.291212425413585940e+00
-2.291212425413585940e+00
-2.052883021067072100e+00
-2.041655520745792707e+00
-2.041655520745792707e+00
-2.041655520745792707e+00
-2.156344708806369415e+00
-2.156344708806369415e+00
-2.156344708806369415e+00
-2.156344708806369415e+00
-2.218112503896102261e+00
-2.218112503896102261e+00
