# Variable: dg_gbvi_00000180
# Sample shape: (1000,)
# Date: 2013-03-07 22:55:09.236648
-2.502793698179933024e+00
-2.605039216629833732e+00
-2.326998242031608211e+00
-1.867180707073825774e+00
-1.413218445265498557e+00
-2.107620009733539135e+00
-2.796016304676594011e+00
-2.761784904434013477e+00
-2.942737723941132977e+00
-2.908609107131610472e+00
-3.468384685492538644e+00
-4.200826832586512793e+00
-4.629320795029122415e+00
-4.573230273726787587e+00
-4.573230273726787587e+00
-4.573230273726787587e+00
-4.573230273726787587e+00
-4.727878191795725549e+00
-4.750300786128253350e+00
-4.750300786128253350e+00
-4.771603352922061170e+00
-4.465136626971441203e+00
-4.465136626971441203e+00
-4.435157239049525302e+00
-4.435157239049525302e+00
-4.435157239049525302e+00
-4.184165214926347964e+00
-4.222243470190274905e+00
-4.261969947348955401e+00
-4.261969947348955401e+00
-4.358515660593162977e+00
-4.341789397397287864e+00
-4.307200142831063339e+00
-4.605238627919309380e+00
-4.342692916906657707e+00
-4.342692916906657707e+00
-4.371684187954892664e+00
-4.467084086150207689e+00
-4.617269639169960804e+00
-4.595209426106904971e+00
-4.595209426106904971e+00
-4.595209426106904971e+00
-4.564257124536017507e+00
-4.564257124536017507e+00
-4.564257124536017507e+00
-4.564257124536017507e+00
-4.339755956938812886e+00
-4.333883838451952464e+00
-4.326738581929271632e+00
-4.284053517197270899e+00
-4.480943432523460501e+00
-4.318468644358341990e+00
-4.318468644358341990e+00
-4.295476342069020959e+00
-4.295476342069020959e+00
-4.356611867982293163e+00
-4.356611867982293163e+00
-4.356611867982293163e+00
-4.354445917686148526e+00
-4.354445917686148526e+00
-4.346027593362078001e+00
-4.584784033063272979e+00
-4.584784033063272979e+00
-4.584784033063272979e+00
-4.429752028295413702e+00
-4.436955701666907004e+00
-4.812765730162171351e+00
-4.812765730162171351e+00
-4.812765730162171351e+00
-4.812765730162171351e+00
-4.615851512742617402e+00
-4.615851512742617402e+00
-4.256232099373229438e+00
-4.423354731290569219e+00
-4.423354731290569219e+00
-4.423354731290569219e+00
-4.423354731290569219e+00
-4.874010524281565893e+00
-4.465367927091334010e+00
-4.509484500400844809e+00
-4.509484500400844809e+00
-4.509484500400844809e+00
-4.512262721238724517e+00
-4.739992487738692084e+00
-4.820238327268183909e+00
-4.764787458270643761e+00
-4.724093692401136302e+00
-4.703085835791152469e+00
-4.779309851960200639e+00
-4.779309851960200639e+00
-4.709336690477462284e+00
-4.709336690477462284e+00
-4.709336690477462284e+00
-4.709276916793372791e+00
-4.711566439695156205e+00
-4.711566439695156205e+00
-4.648096664734485906e+00
-4.648096664734485906e+00
-4.648096664734485906e+00
-4.648096664734485906e+00
-4.648096664734485906e+00
-4.696307208072107109e+00
-4.696307208072107109e+00
-4.655920817000109402e+00
-4.415999801086859300e+00
-4.703067227839661690e+00
-4.661371603189119028e+00
-4.661371603189119028e+00
-4.661371603189119028e+00
-4.199366503101791714e+00
-4.199366503101791714e+00
-4.199366503101791714e+00
-4.158910661583981927e+00
-4.568843420436437874e+00
-4.575006109617991257e+00
-4.661480623397427081e+00
-4.661480623397427081e+00
-4.815830155295751425e+00
-4.791445241640365005e+00
-4.791445241640365005e+00
-4.654162764198941815e+00
-4.654162764198941815e+00
-4.320233618680921595e+00
-4.315977645875660684e+00
-4.642491200388949579e+00
-4.597235723227530713e+00
-4.588907686102370320e+00
-4.588907686102370320e+00
-4.582510512536470237e+00
-4.578455134151139916e+00
-4.578455134151139916e+00
-4.955239215482052373e+00
-4.955239215482052373e+00
-4.847928632238438951e+00
-4.842888453915988656e+00
-4.842888453915988656e+00
-4.839081620428600239e+00
-4.831891237327952560e+00
-4.831891237327952560e+00
-4.898226687009702651e+00
-4.907730331483590724e+00
-4.902177383256245413e+00
-4.909367010458623781e+00
-4.262091098862184957e+00
-4.246890292377720755e+00
-4.296601811160081219e+00
-4.567371967291165902e+00
-4.523936255627696745e+00
-4.542338213801794033e+00
-4.554424273348245400e+00
-4.554424273348245400e+00
-4.554424273348245400e+00
-4.553372580943700676e+00
-4.751397763168024646e+00
-4.751397763168024646e+00
-4.318632344007922619e+00
-4.318632344007922619e+00
-4.362191953922808452e+00
-4.606369079366640307e+00
-4.713965256088862965e+00
-4.904984314237049503e+00
-4.904984314237049503e+00
-4.800137658904233717e+00
-5.082800167053339813e+00
-4.988389220613184349e+00
-4.988389220613184349e+00
-4.841948616145106854e+00
-5.080244845778596918e+00
-5.080244845778596918e+00
-5.038169091916436138e+00
-4.835816579809623761e+00
-4.843848950253960339e+00
-4.995539938227857135e+00
-4.995539938227857135e+00
-4.995539938227857135e+00
-4.951919715026978253e+00
-4.951919715026978253e+00
-4.947461977397339616e+00
-4.790572191129536250e+00
-4.605323537782847865e+00
-4.605323537782847865e+00
-4.383270378337405404e+00
-4.383270378337405404e+00
-4.810732390460359831e+00
-4.832084671637669970e+00
-4.804585330905102758e+00
-4.788917308922919780e+00
-4.788917308922919780e+00
-4.788917308922919780e+00
-4.721375940332428023e+00
-4.721375940332428023e+00
-4.721375940332428023e+00
-4.748141612356678642e+00
-4.680853996255867067e+00
-4.677338138877910723e+00
-4.693518202140101181e+00
-4.456827275166817870e+00
-4.417553914804667414e+00
-4.432209032764984791e+00
-4.432209032764984791e+00
-4.447323318629186062e+00
-4.816105349516251799e+00
-4.704557967875176772e+00
-4.567683538116955155e+00
-4.567683538116955155e+00
-4.567683538116955155e+00
-4.567683538116955155e+00
-4.567683538116955155e+00
-4.843096787660560842e+00
-4.843096787660560842e+00
-5.011723678046992703e+00
-4.568709138628490152e+00
-4.455724429756855898e+00
-4.485751880548146886e+00
-4.496013159070693099e+00
-4.447360977101188162e+00
-4.447360977101188162e+00
-4.447360977101188162e+00
-4.641411179860948977e+00
-4.519047715385100084e+00
-4.392369462284720250e+00
-4.187697981129426594e+00
-4.203717326769646156e+00
-4.203717326769646156e+00
-4.150069239861674752e+00
-4.763546877133905788e+00
-4.763546877133905788e+00
-4.763546877133905788e+00
-4.641473976850491567e+00
-4.641473976850491567e+00
-4.346193148132660333e+00
-4.271811915741337451e+00
-4.271811915741337451e+00
-4.271811915741337451e+00
-4.399910283813482259e+00
-4.399910283813482259e+00
-4.372258634770299857e+00
-4.389764670520320600e+00
-4.399946339521868310e+00
-4.274801344091426536e+00
-4.317388170331990516e+00
-4.317388170331990516e+00
-4.347930871127154262e+00
-4.347930871127154262e+00
-4.481750089471039367e+00
-4.512066353439148969e+00
-4.512066353439148969e+00
-4.512066353439148969e+00
-4.493993007993616118e+00
-4.781169730267205153e+00
-4.781169730267205153e+00
-4.433746904931883392e+00
-4.758020211672592481e+00
-4.758020211672592481e+00
-4.649591136429056526e+00
-4.649591136429056526e+00
-4.649591136429056526e+00
-4.671843817896809803e+00
-4.671843817896809803e+00
-4.784405836104276055e+00
-4.808659032277235568e+00
-4.552887676542300532e+00
-4.553307420524516758e+00
-4.553307420524516758e+00
-4.699134879109529983e+00
-4.699134879109529983e+00
-4.699134879109529983e+00
-4.676928522729511428e+00
-4.668610276055683350e+00
-4.650194548396767935e+00
-4.644982141484529592e+00
-4.689062683647747143e+00
-4.917309648781523990e+00
-4.917309648781523990e+00
-4.918649570549925798e+00
-4.918649570549925798e+00
-4.918649570549925798e+00
-4.918649570549925798e+00
-4.918649570549925798e+00
-4.750723456259964728e+00
-4.750723456259964728e+00
-4.825367181195854727e+00
-4.825367181195854727e+00
-5.086450092071401308e+00
-4.825222798800955282e+00
-4.552663868182929008e+00
-4.552663868182929008e+00
-4.769633211274233453e+00
-4.758191925453889581e+00
-4.758191925453889581e+00
-4.758191925453889581e+00
-4.701185814803898744e+00
-4.880524204466686555e+00
-4.848104963090533737e+00
-4.848104963090533737e+00
-4.795069800265506110e+00
-4.825104123634571529e+00
-4.780924088133017058e+00
-4.773584746899684816e+00
-4.773584746899684816e+00
-4.818985178380346568e+00
-4.818985178380346568e+00
-4.818985178380346568e+00
-4.883979388621876083e+00
-4.883979388621876083e+00
-4.883979388621876083e+00
-4.883979388621876083e+00
-4.791886310699569940e+00
-4.818011213650580160e+00
-4.815239313606861415e+00
-4.841055235915015409e+00
-4.808412397842224628e+00
-4.808412397842224628e+00
-4.808412397842224628e+00
-4.808412397842224628e+00
-4.814484994999507883e+00
-4.814484994999507883e+00
-4.798874425847387215e+00
-4.798874425847387215e+00
-4.802133489560110213e+00
-4.802133489560110213e+00
-4.365763471150873265e+00
-4.821657252811221817e+00
-4.880139811701035057e+00
-4.827739703095873303e+00
-4.827739703095873303e+00
-4.826238517629947822e+00
-5.080913974006302070e+00
-4.760886913596228176e+00
-4.760886913596228176e+00
-4.702531274572745446e+00
-4.425651128083492480e+00
-4.590393594596478444e+00
-4.548876844844091494e+00
-4.942116783049153028e+00
-4.550992543577745408e+00
-4.934986347643538274e+00
-4.934986347643538274e+00
-4.823472726340661154e+00
-4.692379103933995488e+00
-4.645026379755003987e+00
-4.645026379755003987e+00
-4.608016884858992412e+00
-4.731626882192468742e+00
-4.803452936574879928e+00
-4.803452936574879928e+00
-4.669545162004991035e+00
-4.714199882158760069e+00
-4.714199882158760069e+00
-4.781198701907440451e+00
-4.901946048655304367e+00
-4.842635523297565747e+00
-4.847095238902276115e+00
-4.868643785315192041e+00
-4.868643785315192041e+00
-4.956608421901401051e+00
-4.956608421901401051e+00
-4.912167350700902269e+00
-4.619515859534277347e+00
-4.619515859534277347e+00
-5.225872505251174083e+00
-5.206910668145647847e+00
-4.552633650770530060e+00
-5.015600003463574375e+00
-5.015600003463574375e+00
-4.919938467262322312e+00
-4.919938467262322312e+00
-4.907986952235937395e+00
-4.907986952235937395e+00
-4.907986952235937395e+00
-4.907986952235937395e+00
-4.907986952235937395e+00
-5.061916325683592177e+00
-5.061916325683592177e+00
-4.281604852232370639e+00
-4.315063583110894996e+00
-4.315063583110894996e+00
-4.315063583110894996e+00
-4.315063583110894996e+00
-4.911656162532953118e+00
-4.911656162532953118e+00
-4.869121279448113349e+00
-4.869121279448113349e+00
-4.869121279448113349e+00
-4.927119991069691451e+00
-4.927119991069691451e+00
-4.927119991069691451e+00
-4.877071031657666644e+00
-4.877071031657666644e+00
-5.005888720902007982e+00
-4.826456136476909187e+00
-4.885247396978308565e+00
-4.390671801742068503e+00
-4.740342169382684823e+00
-4.753190546701731023e+00
-4.747396232927188819e+00
-4.747396232927188819e+00
-4.747396232927188819e+00
-4.747396232927188819e+00
-4.591148866915908400e+00
-4.560590534726483902e+00
-4.560590534726483902e+00
-4.560590534726483902e+00
-4.486611133073682645e+00
-4.486611133073682645e+00
-4.495835836361936622e+00
-4.495835836361936622e+00
-4.496524581675867438e+00
-4.493381460346260958e+00
-4.493381460346260958e+00
-4.497329374224494636e+00
-4.497329374224494636e+00
-4.469802255793579704e+00
-4.469802255793579704e+00
-4.469802255793579704e+00
-4.469802255793579704e+00
-4.469802255793579704e+00
-4.460578784753020720e+00
-4.504254473026152006e+00
-4.499712177959924730e+00
-4.377297491882385927e+00
-4.377297491882385927e+00
-4.432960435615787453e+00
-4.396854517644488425e+00
-4.396854517644488425e+00
-4.396854517644488425e+00
-4.396854517644488425e+00
-4.362354333895595460e+00
-4.647504544121463077e+00
-4.647504544121463077e+00
-4.621226755416040000e+00
-4.621226755416040000e+00
-4.707787394877724907e+00
-4.707787394877724907e+00
-4.725190373341518146e+00
-4.725190373341518146e+00
-4.725190373341518146e+00
-4.511201936184995098e+00
-4.435241246050367181e+00
-4.435241246050367181e+00
-4.435241246050367181e+00
-4.435241246050367181e+00
-4.435241246050367181e+00
-4.497924716774474696e+00
-4.413161779659322548e+00
-4.406640484307462025e+00
-4.406640484307462025e+00
-4.406640484307462025e+00
-4.962013266398034972e+00
-4.962013266398034972e+00
-4.962013266398034972e+00
-5.049234970922717558e+00
-5.049234970922717558e+00
-4.668907662025889138e+00
-4.668907662025889138e+00
-4.712468886384015399e+00
-4.712468886384015399e+00
-4.720902065532098568e+00
-4.720902065532098568e+00
-4.519294995638191814e+00
-4.519294995638191814e+00
-4.560858352633699653e+00
-4.560858352633699653e+00
-4.538386371164095934e+00
-4.538386371164095934e+00
-4.538386371164095934e+00
-4.658471518411588796e+00
-4.571255535178619489e+00
-4.569041927697076844e+00
-4.569041927697076844e+00
-4.572451466153037103e+00
-4.581093113956211660e+00
-4.375131433997458075e+00
-4.428433618215637857e+00
-4.428433618215637857e+00
-4.645689624816935925e+00
-4.645689624816935925e+00
-4.645689624816935925e+00
-4.645689624816935925e+00
-4.645689624816935925e+00
-4.645689624816935925e+00
-4.645689624816935925e+00
-4.654112166050135890e+00
-4.654112166050135890e+00
-4.660675213311144205e+00
-4.431597539075990966e+00
-4.856086121589988203e+00
-4.574153948400848435e+00
-4.574153948400848435e+00
-4.574153948400848435e+00
-4.574153948400848435e+00
-4.633639373070248979e+00
-4.632213655641111316e+00
-4.632213655641111316e+00
-4.604318400487818153e+00
-4.477889416805151512e+00
-4.238883256258439758e+00
-4.585087009881789299e+00
-4.585087009881789299e+00
-4.568810696134848470e+00
-4.568810696134848470e+00
-4.546212525892781464e+00
-4.546212525892781464e+00
-4.561292481469795490e+00
-4.483027596377956669e+00
-4.456737968858127452e+00
-4.456737968858127452e+00
-4.456737968858127452e+00
-4.456737968858127452e+00
-4.492553654384279227e+00
-4.492553654384279227e+00
-4.337554554125307327e+00
-4.337554554125307327e+00
-4.337554554125307327e+00
-4.335603815742555156e+00
-4.337175484776710555e+00
-4.337175484776710555e+00
-4.337175484776710555e+00
-4.337175484776710555e+00
-4.337175484776710555e+00
-4.509763582862129638e+00
-4.296801819239960629e+00
-4.296801819239960629e+00
-4.296801819239960629e+00
-4.671655843071805592e+00
-4.671655843071805592e+00
-4.657836350568173245e+00
-4.494151223106891635e+00
-4.500892658865866203e+00
-4.500892658865866203e+00
-4.433731074381435988e+00
-4.433731074381435988e+00
-4.433731074381435988e+00
-4.711952604552459789e+00
-4.723323347219164248e+00
-4.723323347219164248e+00
-4.723323347219164248e+00
-4.723323347219164248e+00
-4.740722755160294177e+00
-4.722478922930043232e+00
-4.722478922930043232e+00
-4.660935619848471489e+00
-4.660935619848471489e+00
-4.660935619848471489e+00
-4.317367912861997503e+00
-4.317367912861997503e+00
-4.535287562621861390e+00
-4.403040078989105766e+00
-4.428602604914856578e+00
-4.485205189692781147e+00
-4.204446344644499511e+00
-4.204446344644499511e+00
-4.186909468320457961e+00
-4.186909468320457961e+00
-4.169819648480165952e+00
-4.734379854874674720e+00
-4.613371956831159970e+00
-4.564867635109418842e+00
-4.613464774330271467e+00
-4.608322242979116190e+00
-4.501627768426564202e+00
-4.348954564134815293e+00
-4.348954564134815293e+00
-4.348954564134815293e+00
-4.102050612843205712e+00
-4.102050612843205712e+00
-4.102050612843205712e+00
-4.908499676253094357e+00
-4.908499676253094357e+00
-4.908499676253094357e+00
-4.900004623001461113e+00
-4.900004623001461113e+00
-4.851516084342419433e+00
-4.857974846044550432e+00
-4.908480661450953519e+00
-4.291984398959584723e+00
-4.258033663094460408e+00
-4.258033663094460408e+00
-4.450154972363888461e+00
-4.438449278818774602e+00
-4.388215254220324546e+00
-4.428647543001542175e+00
-4.414213926245695419e+00
-4.414213926245695419e+00
-4.206882641448380866e+00
-4.357391163631405995e+00
-4.632642525528140709e+00
-4.582793909308163549e+00
-4.582793909308163549e+00
-4.593130388494136795e+00
-4.582270433625906136e+00
-4.559552354640088012e+00
-4.559552354640088012e+00
-4.559552354640088012e+00
-4.554391008391819540e+00
-4.554391008391819540e+00
-4.554391008391819540e+00
-4.554391008391819540e+00
-4.566515875895105658e+00
-4.659274293962704760e+00
-4.362458993433033783e+00
-4.362458993433033783e+00
-4.362458993433033783e+00
-4.586501207430148774e+00
-4.586501207430148774e+00
-4.586501207430148774e+00
-4.586501207430148774e+00
-4.586501207430148774e+00
-4.586501207430148774e+00
-4.706198110735028806e+00
-4.706198110735028806e+00
-4.691705384660662226e+00
-4.691705384660662226e+00
-4.691705384660662226e+00
-4.693405917783870507e+00
-4.693405917783870507e+00
-4.684395033692425159e+00
-4.684395033692425159e+00
-4.779597499602044941e+00
-4.708224754941507939e+00
-4.708224754941507939e+00
-4.708224754941507939e+00
-4.263581163701795518e+00
-4.263581163701795518e+00
-4.395821771441849712e+00
-4.395821771441849712e+00
-4.395821771441849712e+00
-4.470801189441630186e+00
-4.728056361574526356e+00
-4.728056361574526356e+00
-4.626708776441616600e+00
-4.626708776441616600e+00
-4.898059241454811641e+00
-4.946851077075804071e+00
-5.014342532342577208e+00
-4.566340939817002287e+00
-4.633491276306815010e+00
-4.633491276306815010e+00
-4.633491276306815010e+00
-4.633491276306815010e+00
-4.518103808878950467e+00
-4.485762198366840536e+00
-4.485762198366840536e+00
-4.485762198366840536e+00
-4.485762198366840536e+00
-4.788844363877135635e+00
-4.782484700327389149e+00
-4.761364352842609726e+00
-4.761364352842609726e+00
-4.655803744727069926e+00
-4.655803744727069926e+00
-4.653115211809648599e+00
-4.701615214764624184e+00
-4.701615214764624184e+00
-4.701615214764624184e+00
-4.701615214764624184e+00
-4.701615214764624184e+00
-4.745241167126221349e+00
-4.745241167126221349e+00
-4.698562788224441178e+00
-4.698562788224441178e+00
-4.698562788224441178e+00
-4.698562788224441178e+00
-4.698562788224441178e+00
-4.698562788224441178e+00
-4.524411056231521400e+00
-4.524411056231521400e+00
-4.794596086903418986e+00
-4.794596086903418986e+00
-4.794596086903418986e+00
-4.794596086903418986e+00
-4.794596086903418986e+00
-4.794596086903418986e+00
-4.727417771351988485e+00
-4.763617124479189613e+00
-4.773033469490133740e+00
-4.776440728567293625e+00
-5.059049750680007840e+00
-4.834782297697739040e+00
-4.834782297697739040e+00
-4.834782297697739040e+00
-4.834782297697739040e+00
-4.846074775112088950e+00
-4.624872344834499494e+00
-4.599791699057667493e+00
-4.626546395030706194e+00
-4.484739750722280149e+00
-4.484739750722280149e+00
-4.586017309265304043e+00
-4.586017309265304043e+00
-4.586017309265304043e+00
-4.586017309265304043e+00
-4.586017309265304043e+00
-4.586017309265304043e+00
-4.592314709010492102e+00
-4.592314709010492102e+00
-4.592314709010492102e+00
-4.811241668005465044e+00
-4.613220580097672219e+00
-4.613220580097672219e+00
-4.514761059481113392e+00
-4.590722592663339263e+00
-4.590722592663339263e+00
-4.608715536908003507e+00
-4.616359879388900467e+00
-4.569091142589950749e+00
-4.569091142589950749e+00
-4.569091142589950749e+00
-4.569091142589950749e+00
-4.639553088447943452e+00
-4.672186842963300890e+00
-4.672186842963300890e+00
-4.672186842963300890e+00
-4.961201808002006608e+00
-4.798217457884011772e+00
-4.778960662853224406e+00
-4.778960662853224406e+00
-4.778960662853224406e+00
-4.768692788071462019e+00
-4.722000631972577800e+00
-4.774109369032994543e+00
-4.774109369032994543e+00
-4.754362598457138489e+00
-4.754362598457138489e+00
-4.754362598457138489e+00
-4.860348964832772900e+00
-4.494950404505100749e+00
-4.385054890504600955e+00
-4.385054890504600955e+00
-4.385054890504600955e+00
-4.394864815004442704e+00
-4.695761839960630013e+00
-4.682986115005387973e+00
-4.682986115005387973e+00
-4.682986115005387973e+00
-4.649633059379607580e+00
-4.902556315207002413e+00
-4.902556315207002413e+00
-4.863079121565673013e+00
-4.947567609326878113e+00
-4.875937728933901205e+00
-4.875937728933901205e+00
-5.153674399040227172e+00
-4.718012950753472268e+00
-5.043896016707395624e+00
-5.126477066650627634e+00
-4.998814149929845740e+00
-4.532078528214176671e+00
-4.961888947528827032e+00
-4.740978555612617384e+00
-4.740978555612617384e+00
-4.740978555612617384e+00
-4.736440725924332185e+00
-4.686320355478930999e+00
-4.686320355478930999e+00
-4.686320355478930999e+00
-4.749507927640886251e+00
-4.749507927640886251e+00
-4.770838858251676307e+00
-4.934406637324968870e+00
-4.712135368763642695e+00
-4.712135368763642695e+00
-4.170082468839934720e+00
-4.170082468839934720e+00
-4.171655455989403904e+00
-4.181744216990323615e+00
-4.181744216990323615e+00
-4.236247106683888042e+00
-4.236247106683888042e+00
-4.236247106683888042e+00
-4.340649326122687945e+00
-4.340649326122687945e+00
-4.416794012919209145e+00
-4.475863249311708536e+00
-4.457351239037623536e+00
-4.457351239037623536e+00
-4.457351239037623536e+00
-4.225429174501704743e+00
-4.225429174501704743e+00
-4.232650934045966373e+00
-4.509609139680976320e+00
-4.493111470228434712e+00
-4.577030602087316602e+00
-4.577030602087316602e+00
-4.577030602087316602e+00
-4.577030602087316602e+00
-4.577030602087316602e+00
-4.577030602087316602e+00
-4.219132857866544128e+00
-4.449997886719040174e+00
-4.449997886719040174e+00
-4.449997886719040174e+00
-4.449997886719040174e+00
-4.449997886719040174e+00
-4.449997886719040174e+00
-4.449997886719040174e+00
-4.450961788921789619e+00
-4.370270568667545596e+00
-4.370270568667545596e+00
-4.686519286604695189e+00
-4.789990244814894105e+00
-4.800373525441422373e+00
-4.523127260418866591e+00
-4.523127260418866591e+00
-4.476621048199699082e+00
-4.470323318235356780e+00
-4.450232827364319910e+00
-4.450232827364319910e+00
-4.524068315199224699e+00
-4.524068315199224699e+00
-4.502657161535965180e+00
-4.502657161535965180e+00
-4.502657161535965180e+00
-4.502657161535965180e+00
-4.500724709965002290e+00
-4.481385123495894796e+00
-4.481385123495894796e+00
-4.492930265952638003e+00
-4.492930265952638003e+00
-4.468589867424017648e+00
-4.461096294094208048e+00
-4.506361201478183531e+00
-4.352563150739019449e+00
-4.400327904069361473e+00
-4.440715913397921710e+00
-4.440715913397921710e+00
-4.420091800080284905e+00
-4.827580868617337373e+00
-4.653440777429469932e+00
-4.653440777429469932e+00
-4.675840130321884835e+00
-4.652074232009411503e+00
-4.652074232009411503e+00
-4.555207772996495486e+00
-4.555207772996495486e+00
-4.555207772996495486e+00
-4.393271155656930382e+00
-4.393271155656930382e+00
-4.393271155656930382e+00
-4.393271155656930382e+00
-4.353266555287327755e+00
-4.353266555287327755e+00
-4.356300942707318491e+00
-4.356300942707318491e+00
-4.539384609416354799e+00
-4.395256667869611888e+00
-4.710976771315805500e+00
-4.710976771315805500e+00
-4.695771775695478212e+00
-4.698387123694043765e+00
-4.698387123694043765e+00
-4.704991038556282312e+00
-4.558866722942122252e+00
-4.558866722942122252e+00
-4.555923626514561064e+00
-4.555923626514561064e+00
-4.741395865397717735e+00
-4.741395865397717735e+00
-4.551651253154658683e+00
-4.553032491307592800e+00
-4.561484109618658245e+00
-4.551984213122188372e+00
-4.666062453139346644e+00
-4.666062453139346644e+00
-4.561371200112128932e+00
-4.561371200112128932e+00
-4.568199164086450992e+00
-4.655133458602181307e+00
-4.586324176033098610e+00
-4.429871411938135495e+00
-4.783039369350189141e+00
-4.783039369350189141e+00
-4.556453503747794898e+00
-4.556453503747794898e+00
-4.617184035189246138e+00
-4.600373438101068579e+00
-4.600373438101068579e+00
-4.600576678403121456e+00
-4.644521592471236637e+00
-4.617995128227104118e+00
-4.617995128227104118e+00
-4.617995128227104118e+00
-4.617995128227104118e+00
-4.617995128227104118e+00
-4.617995128227104118e+00
-4.617995128227104118e+00
-4.634038003035910513e+00
-4.601107386380258291e+00
-4.601107386380258291e+00
-4.601107386380258291e+00
-4.604994721900832033e+00
-4.662078170683545686e+00
-4.700120986774852128e+00
-4.700120986774852128e+00
-4.484398397793838420e+00
-4.445686520093092398e+00
-4.457061796306398094e+00
-4.457061796306398094e+00
-4.457061796306398094e+00
-4.469498521681384062e+00
-4.469498521681384062e+00
-4.469498521681384062e+00
-4.446823811155446116e+00
-4.417474017557843524e+00
-4.393765044207539994e+00
-4.370422286038206039e+00
-4.620191213177760936e+00
-4.618076736124877790e+00
-4.603090801571224411e+00
-4.603090801571224411e+00
-5.072613830197543194e+00
-5.072613830197543194e+00
-5.072613830197543194e+00
-5.072613830197543194e+00
-4.631187331986023281e+00
-4.631187331986023281e+00
-4.631187331986023281e+00
-4.588886144204961326e+00
-4.588886144204961326e+00
-4.686407091644228196e+00
-4.743706770380681448e+00
-4.743706770380681448e+00
-4.743706770380681448e+00
-4.713830341395254031e+00
-4.225131032371430173e+00
-4.225131032371430173e+00
-4.225131032371430173e+00
-4.280808802841641558e+00
-4.125572918408786371e+00
-4.125572918408786371e+00
-4.125572918408786371e+00
-4.125572918408786371e+00
-4.125572918408786371e+00
-4.121376617260110287e+00
-4.121376617260110287e+00
-4.071907262555916063e+00
-4.099471150829701926e+00
-4.078065414301723202e+00
-4.461134786155098730e+00
-4.233872895391869839e+00
-4.638792734851449495e+00
-4.638792734851449495e+00
-4.651525750619018851e+00
-4.651525750619018851e+00
-4.482103985688319803e+00
-4.482103985688319803e+00
-4.436256904699757975e+00
-4.395132050482092545e+00
-4.410420087956210544e+00
-4.420241000868363912e+00
-4.420241000868363912e+00
-4.397333260742451344e+00
-4.422707674246609599e+00
-4.422707674246609599e+00
-4.633840421967165391e+00
-4.633840421967165391e+00
-4.633840421967165391e+00
-4.399660462627648094e+00
-4.603217553348977198e+00
-4.653157268063669250e+00
-4.495889812977005739e+00
-4.477974803679616755e+00
-4.366683960422434119e+00
-4.366683960422434119e+00
-4.366683960422434119e+00
-4.366683960422434119e+00
-4.366683960422434119e+00
-4.366683960422434119e+00
-5.032436031384701636e+00
-3.977322505663719365e+00
-3.977322505663719365e+00
-4.379801878536520476e+00
-4.406972909818380302e+00
-4.279193625695332237e+00
-4.279193625695332237e+00
-4.253334264263073372e+00
-4.253334264263073372e+00
-4.253334264263073372e+00
-4.191513543552260579e+00
-4.542427969157930789e+00
-4.104561678497129051e+00
-4.445990366828020512e+00
-4.445990366828020512e+00
-4.382647542433244503e+00
-4.451611051469594571e+00
-4.451611051469594571e+00
-4.451611051469594571e+00
-4.400468726607758008e+00
-4.400468726607758008e+00
-4.403212083817297007e+00
-4.386959788498392854e+00
-4.386959788498392854e+00
-4.386959788498392854e+00
-4.386959788498392854e+00
-4.418591874082586912e+00
-4.837963611680727638e+00
-4.837963611680727638e+00
-4.624598985065556889e+00
-4.609279154735234307e+00
-4.674139634280726874e+00
