# Variable: dg_gbvi_00000187
# Sample shape: (1000,)
# Date: 2013-03-07 22:55:09.264961
-1.665528831421942968e+00
-2.518907655977544735e+00
-3.037009194180295690e+00
-3.741272908345722126e+00
-3.142553100403189248e+00
-3.591661211286406807e+00
-4.184111500593857613e+00
-5.200337639348473928e+00
-4.081279861579860224e+00
-4.078979824108500907e+00
-3.874934828238352225e+00
-3.874934828238352225e+00
-3.874934828238352225e+00
-4.125345611904121412e+00
-4.564513571094208189e+00
-4.564513571094208189e+00
-4.564513571094208189e+00
-4.564513571094208189e+00
-4.581992196010804541e+00
-4.581992196010804541e+00
-4.613911807972979950e+00
-4.613911807972979950e+00
-4.613911807972979950e+00
-4.871902106695245926e+00
-4.058164912099059052e+00
-4.058164912099059052e+00
-4.058164912099059052e+00
-4.058164912099059052e+00
-4.058164912099059052e+00
-4.033989062727018293e+00
-4.619685099998980249e+00
-4.593160796164249327e+00
-4.371993564459447867e+00
-4.371993564459447867e+00
-4.371993564459447867e+00
-4.371993564459447867e+00
-4.371993564459447867e+00
-4.371993564459447867e+00
-4.371993564459447867e+00
-4.371993564459447867e+00
-4.223810575128491784e+00
-4.223810575128491784e+00
-4.223810575128491784e+00
-4.378381811308263316e+00
-4.378381811308263316e+00
-4.378381811308263316e+00
-4.366394285101806716e+00
-4.366394285101806716e+00
-4.366394285101806716e+00
-4.366394285101806716e+00
-3.738126326633053775e+00
-4.390741120049847623e+00
-4.390741120049847623e+00
-4.390741120049847623e+00
-4.390741120049847623e+00
-4.390741120049847623e+00
-4.390741120049847623e+00
-3.858673311093917313e+00
-3.828977676941689889e+00
-3.887264937526325959e+00
-3.955942492119807419e+00
-3.955942492119807419e+00
-3.955942492119807419e+00
-3.955942492119807419e+00
-3.955942492119807419e+00
-3.955942492119807419e+00
-3.955942492119807419e+00
-3.955942492119807419e+00
-3.745739297273499524e+00
-3.913851051389475089e+00
-3.913851051389475089e+00
-3.913851051389475089e+00
-3.913851051389475089e+00
-3.913851051389475089e+00
-3.913851051389475089e+00
-4.280896203486483031e+00
-4.280896203486483031e+00
-4.018130440772098133e+00
-4.018130440772098133e+00
-4.049537148267186026e+00
-4.049537148267186026e+00
-4.049537148267186026e+00
-4.050185091996197251e+00
-4.050185091996197251e+00
-4.050185091996197251e+00
-4.079274459792011420e+00
-4.012790137264370394e+00
-3.979226886104820338e+00
-4.103759525614899317e+00
-4.103759525614899317e+00
-4.103759525614899317e+00
-4.033211335766238470e+00
-4.033211335766238470e+00
-3.760224994490326544e+00
-3.760224994490326544e+00
-3.760224994490326544e+00
-3.760224994490326544e+00
-3.796706380218342058e+00
-3.796706380218342058e+00
-3.796706380218342058e+00
-3.796706380218342058e+00
-3.796706380218342058e+00
-3.796706380218342058e+00
-3.796706380218342058e+00
-3.833935002886848409e+00
-3.823157510768167899e+00
-3.823157510768167899e+00
-3.818302970160630583e+00
-3.818302970160630583e+00
-3.818302970160630583e+00
-3.603353486436361219e+00
-3.712362162721696279e+00
-3.712362162721696279e+00
-3.712362162721696279e+00
-3.712362162721696279e+00
-4.067264404477986872e+00
-3.705050674494131613e+00
-3.882499747168602688e+00
-3.882499747168602688e+00
-3.882499747168602688e+00
-3.882499747168602688e+00
-3.882499747168602688e+00
-3.847881508395948558e+00
-3.847881508395948558e+00
-4.040609042691058583e+00
-4.040609042691058583e+00
-3.885044391225048965e+00
-3.885044391225048965e+00
-3.866645223892572147e+00
-3.853620539879782925e+00
-3.853620539879782925e+00
-3.926138933416338350e+00
-3.926138933416338350e+00
-3.934622182843439564e+00
-3.934622182843439564e+00
-3.934622182843439564e+00
-3.935943368358463257e+00
-4.023834493805252599e+00
-4.023834493805252599e+00
-4.140095829616276646e+00
-3.734822722751538926e+00
-3.734822722751538926e+00
-3.868160353756070702e+00
-3.868160353756070702e+00
-3.868160353756070702e+00
-3.868160353756070702e+00
-3.831079999882679221e+00
-4.147564230036258515e+00
-4.147564230036258515e+00
-4.130603583589977035e+00
-4.130603583589977035e+00
-4.130603583589977035e+00
-4.128864285381507848e+00
-3.798610334601074001e+00
-3.676020635658931113e+00
-3.676020635658931113e+00
-4.033712414235179011e+00
-4.105751682712476480e+00
-4.073997829504850010e+00
-3.892499258980872678e+00
-3.892499258980872678e+00
-3.892499258980872678e+00
-3.892499258980872678e+00
-3.911480873813557579e+00
-3.911480873813557579e+00
-3.934733035621241992e+00
-3.934733035621241992e+00
-3.934733035621241992e+00
-3.934733035621241992e+00
-3.934733035621241992e+00
-3.934733035621241992e+00
-3.934733035621241992e+00
-3.934733035621241992e+00
-3.934733035621241992e+00
-3.934733035621241992e+00
-3.863896824901199789e+00
-3.863896824901199789e+00
-3.716214543549416938e+00
-3.699263220631298754e+00
-3.699263220631298754e+00
-3.699263220631298754e+00
-3.927105396464645182e+00
-3.927105396464645182e+00
-3.927105396464645182e+00
-3.927105396464645182e+00
-3.872307004890271465e+00
-3.872307004890271465e+00
-3.872307004890271465e+00
-3.872307004890271465e+00
-3.864040216057730515e+00
-3.864040216057730515e+00
-3.864040216057730515e+00
-3.864040216057730515e+00
-3.765616418992942194e+00
-3.763592263575096020e+00
-3.763592263575096020e+00
-3.978669708814086103e+00
-3.978669708814086103e+00
-3.978669708814086103e+00
-3.978669708814086103e+00
-4.003619797538428671e+00
-4.003619797538428671e+00
-4.003619797538428671e+00
-4.003619797538428671e+00
-4.003619797538428671e+00
-3.840443539153747921e+00
-3.840443539153747921e+00
-3.784042840673699448e+00
-3.784042840673699448e+00
-3.769474101584135095e+00
-3.864890841632226515e+00
-3.864890841632226515e+00
-3.864890841632226515e+00
-3.864890841632226515e+00
-3.881829770263259594e+00
-3.801516597171359813e+00
-3.801516597171359813e+00
-3.801516597171359813e+00
-3.801516597171359813e+00
-3.801516597171359813e+00
-3.801516597171359813e+00
-3.563036604267327601e+00
-3.589595613100807103e+00
-3.760415926015334698e+00
-3.760415926015334698e+00
-3.760415926015334698e+00
-3.980239398966304964e+00
-3.980239398966304964e+00
-3.657717273408139125e+00
-3.657717273408139125e+00
-3.657717273408139125e+00
-3.657717273408139125e+00
-3.657717273408139125e+00
-3.545308698466410391e+00
-3.545308698466410391e+00
-3.545308698466410391e+00
-3.812939040704072635e+00
-3.872431496595731382e+00
-3.872431496595731382e+00
-3.872431496595731382e+00
-3.872431496595731382e+00
-3.872431496595731382e+00
-3.872431496595731382e+00
-3.872431496595731382e+00
-3.872431496595731382e+00
-3.872431496595731382e+00
-3.872431496595731382e+00
-3.827591566758110186e+00
-3.716293649216697137e+00
-3.716293649216697137e+00
-3.716293649216697137e+00
-3.716293649216697137e+00
-3.716293649216697137e+00
-3.873104223474760577e+00
-3.894009487664228608e+00
-3.894009487664228608e+00
-3.894009487664228608e+00
-3.894009487664228608e+00
-3.894009487664228608e+00
-3.894009487664228608e+00
-3.894009487664228608e+00
-3.874735041129203861e+00
-3.875427537730846694e+00
-3.875427537730846694e+00
-3.765380141085320265e+00
-3.765380141085320265e+00
-3.765380141085320265e+00
-4.105131886611247616e+00
-4.105131886611247616e+00
-4.105131886611247616e+00
-4.105131886611247616e+00
-4.177402701287928011e+00
-4.177402701287928011e+00
-4.177402701287928011e+00
-4.177402701287928011e+00
-4.177402701287928011e+00
-4.177402701287928011e+00
-4.177402701287928011e+00
-4.177402701287928011e+00
-3.968250095733746541e+00
-3.968250095733746541e+00
-3.968250095733746541e+00
-3.968250095733746541e+00
-3.968250095733746541e+00
-3.968250095733746541e+00
-3.968250095733746541e+00
-3.968250095733746541e+00
-3.968250095733746541e+00
-4.106506059761786176e+00
-4.231897266118649803e+00
-4.231897266118649803e+00
-4.162634177474923369e+00
-4.246818349897567124e+00
-4.246818349897567124e+00
-3.941066408586266778e+00
-3.941066408586266778e+00
-3.989811684310210271e+00
-4.326258812233971796e+00
-4.326258812233971796e+00
-4.244445922736568733e+00
-4.244445922736568733e+00
-4.244445922736568733e+00
-4.244445922736568733e+00
-3.837183757224538194e+00
-3.837183757224538194e+00
-3.837183757224538194e+00
-3.837183757224538194e+00
-3.837183757224538194e+00
-3.805276018281368966e+00
-3.794506239949378745e+00
-3.835996390652453680e+00
-3.875269070335068289e+00
-3.875269070335068289e+00
-3.875269070335068289e+00
-4.017464601455072781e+00
-3.930275793028509934e+00
-3.930275793028509934e+00
-3.865079327418190935e+00
-3.865079327418190935e+00
-3.865079327418190935e+00
-3.865079327418190935e+00
-3.865079327418190935e+00
-3.865079327418190935e+00
-3.865079327418190935e+00
-3.786359241869714509e+00
-3.786359241869714509e+00
-3.862435903715391472e+00
-3.862435903715391472e+00
-3.889815306390751459e+00
-3.889815306390751459e+00
-3.889815306390751459e+00
-3.889815306390751459e+00
-3.889815306390751459e+00
-3.824635256362425295e+00
-3.824635256362425295e+00
-3.890243494422351844e+00
-3.890243494422351844e+00
-3.890243494422351844e+00
-3.890243494422351844e+00
-3.891626264783464961e+00
-3.891626264783464961e+00
-4.109268645236565654e+00
-4.095289310046418940e+00
-4.030766056543158449e+00
-4.164367644997050810e+00
-4.187981697631754763e+00
-4.071887362687434120e+00
-4.071887362687434120e+00
-3.999620497979498701e+00
-4.106216357410868767e+00
-4.106216357410868767e+00
-4.106216357410868767e+00
-4.106216357410868767e+00
-4.169301232568516369e+00
-3.987829511945117922e+00
-3.987829511945117922e+00
-3.925337476495487365e+00
-3.925337476495487365e+00
-3.925337476495487365e+00
-3.925337476495487365e+00
-3.925337476495487365e+00
-3.925337476495487365e+00
-3.925337476495487365e+00
-3.921187255411903383e+00
-3.921187255411903383e+00
-3.768988698718696018e+00
-3.768988698718696018e+00
-3.768988698718696018e+00
-3.768988698718696018e+00
-3.768988698718696018e+00
-3.768988698718696018e+00
-3.768988698718696018e+00
-3.791923476124000825e+00
-3.791923476124000825e+00
-3.791923476124000825e+00
-3.931138791335036853e+00
-3.931138791335036853e+00
-3.931138791335036853e+00
-3.931138791335036853e+00
-3.931138791335036853e+00
-3.760262040769417613e+00
-3.735029305424867996e+00
-3.735029305424867996e+00
-3.735029305424867996e+00
-3.827596478918458445e+00
-3.827596478918458445e+00
-3.827596478918458445e+00
-3.514805970823648540e+00
-3.514805970823648540e+00
-3.514805970823648540e+00
-3.628492615120090914e+00
-3.716542220064559920e+00
-3.772076574500015322e+00
-3.715489135645964947e+00
-3.715489135645964947e+00
-3.715489135645964947e+00
-3.715489135645964947e+00
-3.715489135645964947e+00
-3.715489135645964947e+00
-4.133699474593660383e+00
-4.133699474593660383e+00
-4.133699474593660383e+00
-4.133699474593660383e+00
-4.041998159413590308e+00
-4.041998159413590308e+00
-4.041998159413590308e+00
-4.035946470878521986e+00
-4.035946470878521986e+00
-4.035946470878521986e+00
-4.104088022993962248e+00
-4.104088022993962248e+00
-4.116513270356183973e+00
-4.116513270356183973e+00
-4.116513270356183973e+00
-4.116513270356183973e+00
-4.116513270356183973e+00
-4.116513270356183973e+00
-4.045524837574645538e+00
-4.045524837574645538e+00
-3.956739094896063680e+00
-3.956739094896063680e+00
-3.956739094896063680e+00
-3.956739094896063680e+00
-3.956739094896063680e+00
-3.816758873250504003e+00
-3.542876751769764798e+00
-4.132063869834344594e+00
-4.132063869834344594e+00
-3.768980977545558275e+00
-3.768980977545558275e+00
-3.768980977545558275e+00
-3.768980977545558275e+00
-3.768980977545558275e+00
-3.768980977545558275e+00
-3.768980977545558275e+00
-3.768980977545558275e+00
-3.768980977545558275e+00
-3.768980977545558275e+00
-3.647170563383690833e+00
-3.946452048392748324e+00
-3.966789574036413413e+00
-3.717627426700232718e+00
-4.057203971196154058e+00
-4.057203971196154058e+00
-3.967686015638297814e+00
-3.713006289467100096e+00
-4.073603682454745467e+00
-4.073603682454745467e+00
-4.145353992946813726e+00
-4.145353992946813726e+00
-3.739624804286458382e+00
-3.917900528692827233e+00
-3.917900528692827233e+00
-3.902197032360993578e+00
-3.930587865361449662e+00
-3.930587865361449662e+00
-4.124703517923859586e+00
-4.131811938234650761e+00
-4.131811938234650761e+00
-4.131811938234650761e+00
-4.131811938234650761e+00
-4.131811938234650761e+00
-4.131811938234650761e+00
-4.131811938234650761e+00
-4.131811938234650761e+00
-4.131811938234650761e+00
-4.131811938234650761e+00
-4.131811938234650761e+00
-4.128164261341287222e+00
-4.128164261341287222e+00
-4.047807491396050672e+00
-4.047807491396050672e+00
-4.047807491396050672e+00
-4.047807491396050672e+00
-4.047807491396050672e+00
-3.475589757575455518e+00
-3.475589757575455518e+00
-3.475589757575455518e+00
-3.475589757575455518e+00
-4.125544776485257081e+00
-4.125544776485257081e+00
-4.006316481817480124e+00
-4.006316481817480124e+00
-4.064741950612161148e+00
-4.064741950612161148e+00
-4.026538747342981672e+00
-4.086438946245913861e+00
-4.086438946245913861e+00
-4.086438946245913861e+00
-3.849876937444984382e+00
-3.849876937444984382e+00
-4.000247653446370677e+00
-4.000247653446370677e+00
-4.000247653446370677e+00
-4.000247653446370677e+00
-4.000247653446370677e+00
-4.173834438067253849e+00
-4.173834438067253849e+00
-4.173834438067253849e+00
-4.173834438067253849e+00
-4.202443210453341571e+00
-4.155619418124072872e+00
-4.155619418124072872e+00
-4.180406044771213026e+00
-4.227404781161541614e+00
-4.181074335618132132e+00
-4.177616018619968230e+00
-4.177616018619968230e+00
-4.177616018619968230e+00
-4.177616018619968230e+00
-4.177616018619968230e+00
-4.177616018619968230e+00
-4.177616018619968230e+00
-4.196548831715710470e+00
-4.471156678234335047e+00
-4.471156678234335047e+00
-4.471156678234335047e+00
-4.471156678234335047e+00
-4.471156678234335047e+00
-4.471156678234335047e+00
-4.329890998873654695e+00
-4.329890998873654695e+00
-3.962089051778983073e+00
-3.962089051778983073e+00
-3.962089051778983073e+00
-3.962089051778983073e+00
-3.962089051778983073e+00
-3.962089051778983073e+00
-4.356888674608670797e+00
-4.203610943470152961e+00
-4.203610943470152961e+00
-4.203610943470152961e+00
-4.240727568724829588e+00
-4.240727568724829588e+00
-4.264958177478211709e+00
-4.264958177478211709e+00
-4.264958177478211709e+00
-4.118503650172570474e+00
-4.118503650172570474e+00
-3.823429397411615582e+00
-3.840497284231275898e+00
-3.913299675179139125e+00
-3.913299675179139125e+00
-3.913299675179139125e+00
-3.913299675179139125e+00
-3.913299675179139125e+00
-3.913299675179139125e+00
-3.913299675179139125e+00
-4.193951174762577949e+00
-4.289260893058230550e+00
-3.848366672561678747e+00
-3.848366672561678747e+00
-3.842533628768863174e+00
-3.842533628768863174e+00
-3.842533628768863174e+00
-3.896074491834216946e+00
-3.753208635773008783e+00
-4.080298981520124713e+00
-4.080298981520124713e+00
-4.080298981520124713e+00
-3.889368421481937066e+00
-3.889368421481937066e+00
-3.889368421481937066e+00
-3.889368421481937066e+00
-3.889368421481937066e+00
-3.889368421481937066e+00
-3.501001048885377553e+00
-3.501001048885377553e+00
-3.501001048885377553e+00
-3.501001048885377553e+00
-3.783933913984519837e+00
-4.053049256044058524e+00
-4.053049256044058524e+00
-4.053049256044058524e+00
-4.053049256044058524e+00
-3.904029022688713546e+00
-4.276646687587524198e+00
-4.276646687587524198e+00
-3.991640033121579112e+00
-3.991640033121579112e+00
-4.011520436561508696e+00
-4.080153456190569905e+00
-4.080153456190569905e+00
-4.080153456190569905e+00
-4.080153456190569905e+00
-3.808286026711064309e+00
-3.808286026711064309e+00
-3.811665702835116409e+00
-3.811665702835116409e+00
-3.846171791114664451e+00
-4.038193834120434644e+00
-3.997570904182190965e+00
-3.997570904182190965e+00
-3.952878705880163324e+00
-3.952878705880163324e+00
-3.746379578682178302e+00
-3.746379578682178302e+00
-3.746379578682178302e+00
-3.746379578682178302e+00
-3.746379578682178302e+00
-3.746379578682178302e+00
-3.746379578682178302e+00
-3.840615180167466836e+00
-3.913560474878851725e+00
-3.958243722285372801e+00
-3.958243722285372801e+00
-3.958243722285372801e+00
-3.958243722285372801e+00
-3.958243722285372801e+00
-3.958243722285372801e+00
-3.958243722285372801e+00
-3.958243722285372801e+00
-3.958243722285372801e+00
-3.958243722285372801e+00
-3.958243722285372801e+00
-3.958243722285372801e+00
-3.928850520540112967e+00
-3.922445423260112918e+00
-3.922445423260112918e+00
-3.800896051722392421e+00
-3.800896051722392421e+00
-3.800896051722392421e+00
-4.265525775818097109e+00
-4.265525775818097109e+00
-4.265525775818097109e+00
-4.265525775818097109e+00
-3.861766875452935288e+00
-4.007498118514881469e+00
-3.959669525349367447e+00
-3.959669525349367447e+00
-4.068558634914897887e+00
-4.068558634914897887e+00
-4.068558634914897887e+00
-4.068558634914897887e+00
-3.747681604629351071e+00
-3.747681604629351071e+00
-4.132763107285785331e+00
-4.132763107285785331e+00
-3.979170195964658596e+00
-4.202381241653694310e+00
-4.047043288419783558e+00
-3.992233197016143986e+00
-3.992233197016143986e+00
-3.992233197016143986e+00
-3.992233197016143986e+00
-3.992233197016143986e+00
-3.985129488602820125e+00
-4.007609198804409800e+00
-4.007609198804409800e+00
-4.007609198804409800e+00
-3.925983440749974740e+00
-3.925983440749974740e+00
-3.925983440749974740e+00
-3.925983440749974740e+00
-3.925983440749974740e+00
-3.711547547559456817e+00
-3.711547547559456817e+00
-3.711547547559456817e+00
-3.711547547559456817e+00
-3.700729171864666434e+00
-3.700729171864666434e+00
-3.700729171864666434e+00
-3.700729171864666434e+00
-4.336928338051664333e+00
-4.336928338051664333e+00
-4.295607213128691093e+00
-4.295607213128691093e+00
-4.295607213128691093e+00
-4.295607213128691093e+00
-4.295607213128691093e+00
-4.295607213128691093e+00
-4.295607213128691093e+00
-4.295607213128691093e+00
-4.295607213128691093e+00
-4.295607213128691093e+00
-4.295607213128691093e+00
-4.295607213128691093e+00
-4.295607213128691093e+00
-4.295607213128691093e+00
-4.295607213128691093e+00
-4.295607213128691093e+00
-4.295607213128691093e+00
-4.077831917785655236e+00
-4.077831917785655236e+00
-4.077831917785655236e+00
-4.077831917785655236e+00
-4.077831917785655236e+00
-4.077831917785655236e+00
-4.077831917785655236e+00
-4.077831917785655236e+00
-4.077831917785655236e+00
-4.077831917785655236e+00
-4.077831917785655236e+00
-4.130396862818438208e+00
-4.177899156694590665e+00
-4.177899156694590665e+00
-4.177899156694590665e+00
-4.301747529473304077e+00
-4.301747529473304077e+00
-4.301747529473304077e+00
-4.301747529473304077e+00
-4.093620674032967699e+00
-4.062812558387682849e+00
-4.062812558387682849e+00
-4.075844646373719904e+00
-3.928414244862382887e+00
-3.898331487222648661e+00
-4.072308923057427421e+00
-4.072308923057427421e+00
-4.100118039278662252e+00
-4.220345483489343685e+00
-4.220345483489343685e+00
-4.220345483489343685e+00
-4.220345483489343685e+00
-4.220345483489343685e+00
-4.086822398059489991e+00
-4.086822398059489991e+00
-4.086822398059489991e+00
-4.116108642456609346e+00
-4.116108642456609346e+00
-3.915688698600626072e+00
-3.915688698600626072e+00
-3.915688698600626072e+00
-3.804296131403354320e+00
-4.345370533417968417e+00
-4.345370533417968417e+00
-4.057698386137192692e+00
-3.885299933363980163e+00
-3.885299933363980163e+00
-3.885299933363980163e+00
-3.893215033075139608e+00
-3.893215033075139608e+00
-3.893215033075139608e+00
-3.893215033075139608e+00
-3.893215033075139608e+00
-3.893215033075139608e+00
-3.893215033075139608e+00
-3.893215033075139608e+00
-3.893215033075139608e+00
-4.036000795802433316e+00
-4.036000795802433316e+00
-4.036000795802433316e+00
-4.036000795802433316e+00
-3.882541472307884600e+00
-3.890151002766624178e+00
-3.890151002766624178e+00
-3.890151002766624178e+00
-3.890151002766624178e+00
-3.890151002766624178e+00
-4.179540720381527130e+00
-4.179540720381527130e+00
-4.179540720381527130e+00
-4.179540720381527130e+00
-4.179540720381527130e+00
-4.179540720381527130e+00
-4.179540720381527130e+00
-4.179540720381527130e+00
-4.179540720381527130e+00
-3.962199693426037062e+00
-3.910613671122509238e+00
-3.910613671122509238e+00
-3.890871758482725262e+00
-3.856742371882948994e+00
-3.856742371882948994e+00
-3.856742371882948994e+00
-3.856742371882948994e+00
-3.856742371882948994e+00
-3.856742371882948994e+00
-3.856742371882948994e+00
-3.856742371882948994e+00
-3.856742371882948994e+00
-3.856742371882948994e+00
-3.987348726323658887e+00
-3.828593033473061791e+00
-4.151649446149169975e+00
-4.151649446149169975e+00
-4.151649446149169975e+00
-4.151649446149169975e+00
-4.151649446149169975e+00
-4.163888026530028874e+00
-4.163888026530028874e+00
-4.142479729021463442e+00
-4.142479729021463442e+00
-4.142479729021463442e+00
-4.142479729021463442e+00
-4.142479729021463442e+00
-4.142479729021463442e+00
-4.142479729021463442e+00
-3.921081521565569883e+00
-3.921081521565569883e+00
-3.921081521565569883e+00
-3.921081521565569883e+00
-3.921081521565569883e+00
-3.921081521565569883e+00
-3.921081521565569883e+00
-3.921081521565569883e+00
-3.922710964864648098e+00
-3.922710964864648098e+00
-3.922710964864648098e+00
-3.922710964864648098e+00
-3.922710964864648098e+00
-3.922710964864648098e+00
-4.044107952430915809e+00
-4.044107952430915809e+00
-4.044107952430915809e+00
-4.033483369609411007e+00
-4.033483369609411007e+00
-4.033483369609411007e+00
-4.033483369609411007e+00
-4.033483369609411007e+00
-3.996586023427761258e+00
-3.996586023427761258e+00
-3.996586023427761258e+00
-3.996586023427761258e+00
-3.993307052265099966e+00
-3.993307052265099966e+00
-3.993307052265099966e+00
-3.993307052265099966e+00
-3.993307052265099966e+00
-3.993307052265099966e+00
-3.993307052265099966e+00
-3.993307052265099966e+00
-3.993307052265099966e+00
-3.912258170284732994e+00
-3.981857893177793262e+00
-3.981857893177793262e+00
-3.981857893177793262e+00
-3.981857893177793262e+00
-3.981857893177793262e+00
-3.981857893177793262e+00
-4.019513868062657203e+00
-3.979560567881658351e+00
-3.979560567881658351e+00
-3.979560567881658351e+00
-3.979560567881658351e+00
-3.862894474024465286e+00
-3.862894474024465286e+00
-3.862894474024465286e+00
-3.862894474024465286e+00
-3.862894474024465286e+00
-3.862894474024465286e+00
-3.862894474024465286e+00
-3.862894474024465286e+00
-3.862894474024465286e+00
-3.862894474024465286e+00
-3.862894474024465286e+00
-3.842787956844964103e+00
-3.842787956844964103e+00
-4.003854248477677125e+00
-4.003854248477677125e+00
-4.003854248477677125e+00
-4.003854248477677125e+00
-4.003854248477677125e+00
-4.003854248477677125e+00
-3.906695590767606419e+00
-3.906695590767606419e+00
-4.067918081843047595e+00
-4.067918081843047595e+00
-3.908565585025034927e+00
-3.908565585025034927e+00
-3.908565585025034927e+00
-4.087116854411497968e+00
-4.087116854411497968e+00
-4.087116854411497968e+00
-4.087116854411497968e+00
-4.087116854411497968e+00
-4.098721820066322685e+00
-4.098721820066322685e+00
-3.997287727619074804e+00
-3.997287727619074804e+00
-3.997287727619074804e+00
-3.997287727619074804e+00
-3.997287727619074804e+00
-3.997287727619074804e+00
-4.100934730714605791e+00
-4.286769623562544318e+00
-4.255806727493390618e+00
-4.255806727493390618e+00
-4.383077384052461056e+00
-3.989070614515106250e+00
-3.989070614515106250e+00
-3.989070614515106250e+00
-3.989070614515106250e+00
-4.043410798047475829e+00
-4.043410798047475829e+00
-4.043410798047475829e+00
-3.950384496108663601e+00
-4.353309906669236895e+00
-4.353309906669236895e+00
-4.353309906669236895e+00
-4.353309906669236895e+00
-3.991321393504158266e+00
-3.991321393504158266e+00
-3.991321393504158266e+00
-3.704900681567418808e+00
-3.704900681567418808e+00
-3.704900681567418808e+00
-3.704900681567418808e+00
-3.704900681567418808e+00
-3.704900681567418808e+00
-4.073593832883415367e+00
-4.073593832883415367e+00
-4.033084981786990042e+00
-3.953419255730014292e+00
-3.953419255730014292e+00
-3.953419255730014292e+00
-3.953419255730014292e+00
-3.953419255730014292e+00
-3.953419255730014292e+00
-3.889610319607632150e+00
-3.928922587703129299e+00
-4.022155200592797186e+00
-4.022155200592797186e+00
-4.022155200592797186e+00
-4.020480455171478340e+00
-4.020480455171478340e+00
-4.020480455171478340e+00
-4.020480455171478340e+00
-4.145671199164282505e+00
-4.145671199164282505e+00
-4.145671199164282505e+00
-3.992109538295615323e+00
-3.992109538295615323e+00
-3.940458406660719781e+00
-3.940458406660719781e+00
-3.940458406660719781e+00
-3.940458406660719781e+00
-4.037163902970938523e+00
-4.037163902970938523e+00
-4.037163902970938523e+00
-4.037163902970938523e+00
-4.037163902970938523e+00
-4.037163902970938523e+00
-3.994427948083255409e+00
-3.994427948083255409e+00
-3.937577346224225838e+00
-3.937577346224225838e+00
-3.898898542455144334e+00
-3.898898542455144334e+00
-3.930286578391040120e+00
-3.930286578391040120e+00
-4.065652533381338252e+00
-4.065652533381338252e+00
-4.065652533381338252e+00
-4.065652533381338252e+00
-4.065652533381338252e+00
-4.065652533381338252e+00
-3.995894225598529914e+00
-3.995602954331013645e+00
-3.987089291081411968e+00
-4.328195531770249183e+00
-4.328195531770249183e+00
-4.423894750873921033e+00
-4.482625458157778020e+00
-4.482625458157778020e+00
-3.803837419341967063e+00
-3.803837419341967063e+00
-4.584430233589783299e+00
-3.747836812798439610e+00
-3.957081640128953914e+00
-3.957081640128953914e+00
-3.926571025852893637e+00
-3.926571025852893637e+00
-3.926571025852893637e+00
-3.926571025852893637e+00
-4.048151708616654965e+00
-4.221965560776766324e+00
-4.300220976679663742e+00
-4.300220976679663742e+00
-4.300220976679663742e+00
-4.300220976679663742e+00
-4.300220976679663742e+00
-4.186315730500671073e+00
-4.186315730500671073e+00
-4.186315730500671073e+00
-3.983013872898879537e+00
-3.983013872898879537e+00
-3.983013872898879537e+00
-4.142116102279079115e+00
-4.142116102279079115e+00
-4.142116102279079115e+00
-4.142116102279079115e+00
-4.098190922160987348e+00
-4.098190922160987348e+00
-4.098190922160987348e+00
-4.098190922160987348e+00
-4.098190922160987348e+00
-4.098190922160987348e+00
-4.098190922160987348e+00
-4.098190922160987348e+00
-4.070777725229494770e+00
-3.928404210077400371e+00
-3.928404210077400371e+00
-3.928404210077400371e+00
-3.981758925485798795e+00
-4.040585394145775666e+00
-4.040585394145775666e+00
-4.040585394145775666e+00
-4.040585394145775666e+00
-4.040585394145775666e+00
