# Variable: dg_gbvi_00000332
# Sample shape: (1000,)
# Date: 2013-03-07 22:55:08.799903
-9.310273238387116734e+00
-7.165096105902242662e+00
-4.718760945740918089e+00
-4.476490761184075851e+00
-4.978190406864713147e+00
-4.909847009304841414e+00
-4.795548319088438483e+00
-5.710072993930601193e+00
-5.684085800387404852e+00
-5.648287729095744503e+00
-5.708456125497098910e+00
-5.663105989413161900e+00
-5.478259252685111491e+00
-5.125614176993233073e+00
-5.087022333544669372e+00
-5.087022333544669372e+00
-5.133665844333241246e+00
-5.133665844333241246e+00
-5.187393703053880145e+00
-5.194379187537234266e+00
-5.205588968979135700e+00
-5.254345574999067736e+00
-5.254337662557109212e+00
-5.206462106443255244e+00
-5.206462106443255244e+00
-5.293155839478451696e+00
-5.335808657946675915e+00
-5.343987816120924883e+00
-5.583568365987686022e+00
-5.583568365987686022e+00
-5.566315836211143342e+00
-5.498059832555128423e+00
-5.346641635308315266e+00
-5.346641635308315266e+00
-5.346641635308315266e+00
-5.346641635308315266e+00
-5.473554055164398413e+00
-5.473554055164398413e+00
-5.387694758580163779e+00
-5.381227473478936929e+00
-5.381227473478936929e+00
-5.395097974397469187e+00
-5.395097974397469187e+00
-5.395097974397469187e+00
-5.437997612198890884e+00
-5.437997612198890884e+00
-5.432798133412799935e+00
-5.407407346721514685e+00
-5.407450428141973298e+00
-5.404557716913007681e+00
-5.404557716913007681e+00
-5.508554881408643134e+00
-5.508554881408643134e+00
-5.435106293908163799e+00
-5.429758843916041577e+00
-5.575847511370047194e+00
-5.575847511370047194e+00
-5.582816044224233387e+00
-5.573470290230102542e+00
-5.573470290230102542e+00
-5.531127657004581977e+00
-5.531127657004581977e+00
-5.531127657004581977e+00
-5.531127657004581977e+00
-5.512582318472992959e+00
-5.543665099690949560e+00
-5.543665099690949560e+00
-5.505336103814275184e+00
-5.505336103814275184e+00
-5.542698338448578177e+00
-5.534569456807796328e+00
-5.461951617655442348e+00
-5.431095775065583275e+00
-5.470498720388980551e+00
-5.470498720388980551e+00
-5.470498720388980551e+00
-5.453096857907481443e+00
-5.453096857907481443e+00
-5.453096857907481443e+00
-5.528008443683952500e+00
-5.528008443683952500e+00
-5.528008443683952500e+00
-5.538619664375592500e+00
-5.564549146078439534e+00
-5.564549146078439534e+00
-5.495551349282112419e+00
-5.419488055230223367e+00
-5.408692520440644635e+00
-5.508885715299158825e+00
-5.466232431818928816e+00
-5.303237172532329957e+00
-5.303237172532329957e+00
-5.339667739621185127e+00
-5.411233005009567165e+00
-5.421207715859302390e+00
-5.421207715859302390e+00
-5.427701951906482414e+00
-5.427701951906482414e+00
-5.427701951906482414e+00
-5.489076109988751284e+00
-5.489076109988751284e+00
-5.699113855986703392e+00
-5.699113855986703392e+00
-5.523163411073651829e+00
-5.523163411073651829e+00
-5.449066311400192042e+00
-5.624670238583663107e+00
-5.535247658758494893e+00
-5.535247658758494893e+00
-5.535247658758494893e+00
-5.668757121217963935e+00
-5.668757121217963935e+00
-5.668757121217963935e+00
-5.475251369158519843e+00
-5.503974007611301289e+00
-5.637839779748591518e+00
-5.637839779748591518e+00
-5.637839779748591518e+00
-5.503830602029775143e+00
-5.490378481430585822e+00
-5.674831101525338539e+00
-5.674831101525338539e+00
-5.663583549969358977e+00
-5.704421966494748197e+00
-5.704421966494748197e+00
-5.493498346915424158e+00
-5.489049277941207450e+00
-5.489049277941207450e+00
-5.556705298395864467e+00
-5.570579634714413864e+00
-5.570579634714413864e+00
-5.645304120104055912e+00
-5.478661268214239932e+00
-5.481427648110366313e+00
-5.457905582986905202e+00
-5.457905582986905202e+00
-5.445846478470011576e+00
-5.412289598388468015e+00
-5.315347295341087630e+00
-5.439336239133769624e+00
-5.483484229460203530e+00
-5.457688703828156740e+00
-5.491087216688499417e+00
-5.491087216688499417e+00
-5.420473773658939010e+00
-5.651402409125666715e+00
-5.724162127465476146e+00
-5.340267670483040519e+00
-5.498629059504858141e+00
-5.555479564666137016e+00
-5.551781293549491458e+00
-5.551781293549491458e+00
-5.550185472592612079e+00
-5.620971578360594023e+00
-5.620971578360594023e+00
-5.640289733015878326e+00
-5.400343847210226755e+00
-5.441164117361419805e+00
-5.518863385068986993e+00
-5.426188809123994261e+00
-5.426188809123994261e+00
-5.426188809123994261e+00
-5.426188809123994261e+00
-5.432202674788137564e+00
-5.624788931591770513e+00
-5.624788931591770513e+00
-5.624788931591770513e+00
-5.588748935236719007e+00
-5.588748935236719007e+00
-5.438248756301250708e+00
-5.383266524983941537e+00
-5.417458810362807853e+00
-5.436001804052214226e+00
-5.436001804052214226e+00
-5.436001804052214226e+00
-5.413596358987206258e+00
-5.472248683271783598e+00
-5.394235177453096775e+00
-5.319127225551572025e+00
-5.319127225551572025e+00
-5.365458518049871728e+00
-5.470072010581339406e+00
-5.470072010581339406e+00
-5.470072010581339406e+00
-5.470072010581339406e+00
-5.470072010581339406e+00
-5.360332738155544341e+00
-5.294726971553223471e+00
-5.294726971553223471e+00
-5.294726971553223471e+00
-5.579001336761464813e+00
-5.579001336761464813e+00
-5.696950044687994819e+00
-5.666098912362511619e+00
-5.665400955952182294e+00
-5.648138567757404971e+00
-5.509630437659142288e+00
-5.518316350651724100e+00
-5.516028897392837749e+00
-5.516028897392837749e+00
-5.517064285795743928e+00
-5.418534442475426260e+00
-5.418534442475426260e+00
-5.512427916538233497e+00
-5.512427916538233497e+00
-5.500116365724916356e+00
-5.500116365724916356e+00
-5.596975700967657730e+00
-5.520403522243952921e+00
-5.399888351829624789e+00
-5.473762177323719058e+00
-5.491484775436838994e+00
-5.475798611246482928e+00
-5.452713463982001407e+00
-5.458017164583799818e+00
-5.414940896444426777e+00
-5.486308307655577643e+00
-5.471187395105404860e+00
-5.503857543858071466e+00
-5.503857543858071466e+00
-5.503857543858071466e+00
-5.503857543858071466e+00
-5.524420136783294133e+00
-5.524420136783294133e+00
-5.524420136783294133e+00
-5.524420136783294133e+00
-5.524420136783294133e+00
-5.524420136783294133e+00
-5.524420136783294133e+00
-5.480526811214192939e+00
-5.480526811214192939e+00
-5.476306922343454175e+00
-5.516680753217266364e+00
-5.516680753217266364e+00
-5.620336930980245782e+00
-5.620336930980245782e+00
-5.548359168201717040e+00
-5.554437117418168590e+00
-5.599636860679966688e+00
-5.607693716402351036e+00
-5.585230820717238309e+00
-5.664474422309348611e+00
-5.470292233828202733e+00
-5.470292233828202733e+00
-5.414750137427774668e+00
-5.444642199010927719e+00
-5.397687329886234231e+00
-5.502086257602269548e+00
-5.502086257602269548e+00
-5.502086257602269548e+00
-5.502086257602269548e+00
-5.431405774026898392e+00
-5.452811734649444908e+00
-5.452811734649444908e+00
-5.519184696935254486e+00
-5.519814792545671978e+00
-5.519814792545671978e+00
-5.445259769111730819e+00
-5.445259769111730819e+00
-5.445259769111730819e+00
-5.548832933169288495e+00
-5.562789629195951768e+00
-5.563004971703912283e+00
-5.563004971703912283e+00
-5.539391930004390119e+00
-5.539391930004390119e+00
-5.611320982273638514e+00
-5.611320982273638514e+00
-5.611320982273638514e+00
-5.533816325442508344e+00
-5.533816325442508344e+00
-5.477250957704682399e+00
-5.477250957704682399e+00
-5.477250957704682399e+00
-5.359545884665183557e+00
-5.359545884665183557e+00
-5.359545884665183557e+00
-5.372469399662900713e+00
-5.316685865232500419e+00
-5.316685865232500419e+00
-5.316685865232500419e+00
-5.365571986769362312e+00
-5.359391224394069120e+00
-5.371647310015860377e+00
-5.371647310015860377e+00
-5.385708784357793100e+00
-5.650069884463571945e+00
-5.650069884463571945e+00
-5.577915133678568615e+00
-5.577915133678568615e+00
-5.577915133678568615e+00
-5.571301773917324063e+00
-5.570570462201380302e+00
-5.570570462201380302e+00
-5.570570462201380302e+00
-5.580344537370315550e+00
-5.595699863568465382e+00
-5.531566204697818456e+00
-5.482270507666802573e+00
-5.509167908028190119e+00
-5.491970575764502094e+00
-5.491970575764502094e+00
-5.533060879757278450e+00
-5.487841524056606524e+00
-5.471770807041082207e+00
-5.463969800940443378e+00
-5.388176283875061756e+00
-5.450187842090472579e+00
-5.509318952387182833e+00
-5.507885071882403949e+00
-5.521122568742311998e+00
-5.493920849436777054e+00
-5.493920849436777054e+00
-5.493920849436777054e+00
-5.493920849436777054e+00
-5.532206733990215675e+00
-5.532206733990215675e+00
-5.521786405531622144e+00
-5.521786405531622144e+00
-5.535607240251865235e+00
-5.688524140153980113e+00
-5.688524140153980113e+00
-5.688524140153980113e+00
-5.688524140153980113e+00
-5.671021738707205273e+00
-5.664909513495083537e+00
-5.658530131924373485e+00
-5.658530131924373485e+00
-5.481784618345902693e+00
-5.462146607728708858e+00
-5.584364833389480864e+00
-5.584364833389480864e+00
-5.507386464631962575e+00
-5.486300409743185114e+00
-5.486300409743185114e+00
-5.493644078140976994e+00
-5.620579418660414994e+00
-5.722981986443143931e+00
-5.258781012426178236e+00
-5.675438458060428459e+00
-5.429332172494775399e+00
-5.429332172494775399e+00
-5.418228828473393044e+00
-5.366980047949800436e+00
-5.460726832700780520e+00
-5.469220091629761527e+00
-5.340142468430676637e+00
-5.340142468430676637e+00
-5.340142468430676637e+00
-5.400433880694844646e+00
-5.346517220846965124e+00
-5.365746124250059701e+00
-5.384518110896265419e+00
-5.363734797964904821e+00
-5.363734797964904821e+00
-5.436851665840559455e+00
-5.436851665840559455e+00
-5.441971582960258402e+00
-5.424653871776962788e+00
-5.424653871776962788e+00
-5.424653871776962788e+00
-5.344839061936527358e+00
-5.438721129421220546e+00
-5.438721129421220546e+00
-5.479691011880778007e+00
-5.430988636996927355e+00
-5.430988636996927355e+00
-5.336387872298043789e+00
-5.336387872298043789e+00
-5.336387872298043789e+00
-5.367753552680962770e+00
-5.367753552680962770e+00
-5.454286178121940942e+00
-5.464282089722298785e+00
-5.464282089722298785e+00
-5.464282089722298785e+00
-5.663001062245093920e+00
-5.674785612575221627e+00
-5.674785612575221627e+00
-5.584520831545202846e+00
-5.584520831545202846e+00
-5.558116025499609592e+00
-5.558116025499609592e+00
-5.557118523073353522e+00
-5.586608555921302788e+00
-5.586608555921302788e+00
-5.558383803421286018e+00
-5.509161218783935610e+00
-5.532650313563165945e+00
-5.532650313563165945e+00
-5.509049369749188685e+00
-5.519379773913570375e+00
-5.501463967572829183e+00
-5.477453257361329264e+00
-5.554754524264907900e+00
-5.529505059964299640e+00
-5.671920185805218395e+00
-5.671920185805218395e+00
-5.671920185805218395e+00
-5.654933841598264621e+00
-5.598401518105846186e+00
-5.608746282755458168e+00
-5.608746282755458168e+00
-5.612259379594232378e+00
-5.601551060816334804e+00
-5.522597227251646146e+00
-5.565975697266474675e+00
-5.569013837812798684e+00
-5.555149141878993113e+00
-5.523951701833555994e+00
-5.541366436982010590e+00
-5.541366436982010590e+00
-5.541366436982010590e+00
-5.541366436982010590e+00
-5.495730650317490529e+00
-5.495730650317490529e+00
-5.534340537320246334e+00
-5.568035055921392917e+00
-5.568035055921392917e+00
-5.372155854752512560e+00
-5.350111536741978924e+00
-5.350111536741978924e+00
-5.595885822976832458e+00
-5.595885822976832458e+00
-5.595885822976832458e+00
-5.595885822976832458e+00
-5.595885822976832458e+00
-5.614442639206817631e+00
-5.640627952697587766e+00
-5.640627952697587766e+00
-5.527376229451211209e+00
-5.527376229451211209e+00
-5.492150265559564204e+00
-5.496055962642004467e+00
-5.497065363180492881e+00
-5.508048487834847684e+00
-5.520545977069469146e+00
-5.520545977069469146e+00
-5.481535782381455668e+00
-5.495889227070835048e+00
-5.495889227070835048e+00
-5.495889227070835048e+00
-5.507097672016985079e+00
-5.507097672016985079e+00
-5.430476215498866388e+00
-5.422806503184912863e+00
-5.422806503184912863e+00
-5.422806503184912863e+00
-5.422806503184912863e+00
-5.422806503184912863e+00
-5.422806503184912863e+00
-5.380249169381123409e+00
-5.380249169381123409e+00
-5.375254779499259783e+00
-5.375254779499259783e+00
-5.375254779499259783e+00
-5.512888563261170383e+00
-5.462197484377032453e+00
-5.462197484377032453e+00
-5.462197484377032453e+00
-5.462197484377032453e+00
-5.646558099791413987e+00
-5.621296404659593904e+00
-5.511783825114739521e+00
-5.511783825114739521e+00
-5.511783825114739521e+00
-5.446134461225562440e+00
-5.446134461225562440e+00
-5.444980071589698767e+00
-5.444511397512871831e+00
-5.424338925499145425e+00
-5.462657290862129145e+00
-5.602054678574723390e+00
-5.602054678574723390e+00
-5.602054678574723390e+00
-5.594968796455279225e+00
-5.594968796455279225e+00
-5.594968796455279225e+00
-5.633482261242880540e+00
-5.407520942155661814e+00
-5.402214952327213382e+00
-5.402214952327213382e+00
-5.439561766223052430e+00
-5.476626069077748404e+00
-5.438247482599589233e+00
-5.269790142926122023e+00
-5.305618048381711915e+00
-5.305618048381711915e+00
-5.305618048381711915e+00
-5.338531260158780434e+00
-5.338531260158780434e+00
-5.296567374470629197e+00
-5.290302602380651642e+00
-5.290302602380651642e+00
-5.290302602380651642e+00
-5.260273481812345331e+00
-5.530712288288470724e+00
-5.530712288288470724e+00
-5.444722515543671371e+00
-5.370662469333585598e+00
-5.470280480804285084e+00
-5.509601586195710610e+00
-5.509601586195710610e+00
-5.437533239214963565e+00
-5.437533239214963565e+00
-5.437533239214963565e+00
-5.433026549140230976e+00
-5.423443919012688852e+00
-5.423443919012688852e+00
-5.459506290443746579e+00
-5.459506290443746579e+00
-5.474623126704440956e+00
-5.474623126704440956e+00
-5.474623126704440956e+00
-5.327843901397999460e+00
-5.335192785919663727e+00
-5.312867940796610178e+00
-5.312867940796610178e+00
-5.274170299109616877e+00
-5.274170299109616877e+00
-5.278388025141145690e+00
-5.278388025141145690e+00
-5.278388025141145690e+00
-5.278388025141145690e+00
-5.278388025141145690e+00
-5.278388025141145690e+00
-5.215431282242273703e+00
-5.215431282242273703e+00
-5.246142890337538667e+00
-5.246142890337538667e+00
-5.619835663393805802e+00
-5.602864717406990103e+00
-5.602864717406990103e+00
-5.602864717406990103e+00
-5.363514885767983742e+00
-5.420996653019493294e+00
-5.420996653019493294e+00
-5.420996653019493294e+00
-5.500144383603281284e+00
-5.547213719965429668e+00
-5.547213719965429668e+00
-5.556187838399528900e+00
-5.556187838399528900e+00
-5.556187838399528900e+00
-5.473773817194148350e+00
-5.473773817194148350e+00
-5.473773817194148350e+00
-5.473773817194148350e+00
-5.306017662668802259e+00
-5.376837637287316340e+00
-5.501322597986331608e+00
-5.559603032050099536e+00
-5.558377703866447916e+00
-5.535314298615447548e+00
-5.482324800377671892e+00
-5.482324800377671892e+00
-5.455161232211531264e+00
-5.309928973207065361e+00
-5.598344205802836093e+00
-5.552136199369031466e+00
-5.494654900974076384e+00
-5.557641732520197664e+00
-5.557641732520197664e+00
-5.474789228027256094e+00
-5.474789228027256094e+00
-5.471708798604178803e+00
-5.471708798604178803e+00
-5.471708798604178803e+00
-5.471708798604178803e+00
-5.545755908003484613e+00
-5.509545776741505918e+00
-5.529604917826633326e+00
-5.529604917826633326e+00
-5.557135364322542515e+00
-5.557135364322542515e+00
-5.551559323699398085e+00
-5.551559323699398085e+00
-5.551559323699398085e+00
-5.303937819790247588e+00
-5.322209023457921795e+00
-5.296110352337489502e+00
-5.317116612854785984e+00
-5.317116612854785984e+00
-5.317116612854785984e+00
-5.501851085574641864e+00
-5.499401915054018986e+00
-5.499401915054018986e+00
-5.389435583016215503e+00
-5.376985181320637075e+00
-5.378672138409684500e+00
-5.360674481119878543e+00
-5.330448625919266270e+00
-5.330448625919266270e+00
-5.330448625919266270e+00
-5.460860194116171407e+00
-5.460860194116171407e+00
-5.460385600629219738e+00
-5.409297490661421293e+00
-5.462531106669902492e+00
-5.462531106669902492e+00
-5.445130774074057101e+00
-5.445130774074057101e+00
-5.445130774074057101e+00
-5.467324888322266929e+00
-5.417361128491050337e+00
-5.439498071537602897e+00
-5.439498071537602897e+00
-5.439498071537602897e+00
-5.470032396721461687e+00
-5.470032396721461687e+00
-5.470032396721461687e+00
-5.406402817713714448e+00
-5.406402817713714448e+00
-5.544334985143341221e+00
-5.551801089598998651e+00
-5.493833688820233263e+00
-5.490399576815885752e+00
-5.490399576815885752e+00
-5.545819547892274493e+00
-5.489677487488326513e+00
-5.489677487488326513e+00
-5.489677487488326513e+00
-5.446151467315092809e+00
-5.433792168776076181e+00
-5.433792168776076181e+00
-5.433792168776076181e+00
-5.427467046418311902e+00
-5.522621716562368555e+00
-5.505038476150359017e+00
-5.505038476150359017e+00
-5.524370726244725027e+00
-5.545473579212488069e+00
-5.545473579212488069e+00
-5.545473579212488069e+00
-5.454007045885759908e+00
-5.489284658053694699e+00
-5.378171500815324357e+00
-5.378171500815324357e+00
-5.437332790412922279e+00
-5.539173080488042800e+00
-5.304467785542151148e+00
-5.264085424879462849e+00
-5.385642401396285806e+00
-5.385642401396285806e+00
-5.386506798285531694e+00
-5.386506798285531694e+00
-5.385658661613901721e+00
-5.392454840405133787e+00
-5.339883433399636559e+00
-5.339883433399636559e+00
-5.339883433399636559e+00
-5.319323258947475708e+00
-5.504980635352454854e+00
-5.504980635352454854e+00
-5.504980635352454854e+00
-5.504980635352454854e+00
-5.510997329845243264e+00
-5.617826176197531218e+00
-5.639063492928099386e+00
-5.462681698327489066e+00
-5.429742417346240302e+00
-5.429742417346240302e+00
-5.488387646283636734e+00
-5.488387646283636734e+00
-5.432385477646453076e+00
-5.430865599539387745e+00
-5.430865599539387745e+00
-5.430865599539387745e+00
-5.430865599539387745e+00
-5.430865599539387745e+00
-5.430865599539387745e+00
-5.451908239625986141e+00
-5.478872249318880172e+00
-5.478872249318880172e+00
-5.303262935553378021e+00
-5.211236226734304644e+00
-5.197434510626617765e+00
-5.195589898956394670e+00
-5.137389302498574395e+00
-5.180823002243351461e+00
-5.180823002243351461e+00
-5.174451653618228342e+00
-5.240021849186197400e+00
-5.240021849186197400e+00
-5.303807094042760184e+00
-5.417369093445079109e+00
-5.322137841030425420e+00
-5.322137841030425420e+00
-5.322137841030425420e+00
-5.322137841030425420e+00
-5.322137841030425420e+00
-5.322137841030425420e+00
-5.322137841030425420e+00
-5.322137841030425420e+00
-5.412039121618875903e+00
-5.458915192431780028e+00
-5.449366482512610688e+00
-5.451227477060434090e+00
-5.447176938325275941e+00
-5.447176938325275941e+00
-5.343808239078926547e+00
-5.374895250380006928e+00
-5.295799669527404774e+00
-5.420804517778910814e+00
-5.359336494844378684e+00
-5.423170336869212349e+00
-5.423170336869212349e+00
-5.413028492861374552e+00
-5.389527420744420816e+00
-5.389527420744420816e+00
-5.377370959103751957e+00
-5.377370959103751957e+00
-5.374855215833529876e+00
-5.295903035776674983e+00
-5.295903035776674983e+00
-5.336387036320732413e+00
-5.451396588380315933e+00
-5.451396588380315933e+00
-5.446247575990114775e+00
-5.446247575990114775e+00
-5.446247575990114775e+00
-5.446247575990114775e+00
-5.446247575990114775e+00
-5.446247575990114775e+00
-5.446247575990114775e+00
-5.446247575990114775e+00
-5.466626388801186565e+00
-5.336093436954217673e+00
-5.433711968767824807e+00
-5.413898212999401771e+00
-5.475549210404436984e+00
-5.489224519265572866e+00
-5.489224519265572866e+00
-5.489224519265572866e+00
-5.438564004981316202e+00
-5.438564004981316202e+00
-5.438564004981316202e+00
-5.456255848275133324e+00
-5.553290197875506706e+00
-5.613416200205609385e+00
-5.312752035782645876e+00
-5.325646046640202691e+00
-5.325646046640202691e+00
-5.312274206048475556e+00
-5.312274206048475556e+00
-5.658905559362698234e+00
-5.611518807507660966e+00
-5.611518807507660966e+00
-5.611518807507660966e+00
-5.738427282690271802e+00
-5.738427282690271802e+00
-5.738427282690271802e+00
-5.718910643738436050e+00
-5.503349187864351677e+00
-5.188012233587135036e+00
-5.188012233587135036e+00
-5.459774092634393838e+00
-5.459774092634393838e+00
-5.434943692330134191e+00
-5.469498085035641388e+00
-5.436982298836173122e+00
-5.435653403811828710e+00
-5.368046434389806443e+00
-5.368046434389806443e+00
-5.420224813197714653e+00
-5.420224813197714653e+00
-5.426519453329600395e+00
-5.426519453329600395e+00
-5.426519453329600395e+00
-5.401174373075662061e+00
-5.401174373075662061e+00
-5.474618003990448400e+00
-5.514531855314888986e+00
-5.420673323999030124e+00
-5.338049571566314100e+00
-5.338049571566314100e+00
-5.298819217370970946e+00
-5.361999845673175891e+00
-5.404145878640405520e+00
-5.627874049987648064e+00
-5.562319376918754443e+00
-5.537850538306511972e+00
-5.489503302642321891e+00
-5.489503302642321891e+00
-5.489503302642321891e+00
-5.489503302642321891e+00
-5.489503302642321891e+00
-5.489503302642321891e+00
-5.562951386439292989e+00
-5.389104272063550027e+00
-5.389104272063550027e+00
-5.389104272063550027e+00
-5.389104272063550027e+00
-5.335505048901770131e+00
-5.341508505720654831e+00
-5.341508505720654831e+00
-5.342728736046434612e+00
-5.342728736046434612e+00
-5.350914360153394611e+00
-5.350914360153394611e+00
-5.350914360153394611e+00
-5.347475396047900453e+00
-5.438385147722287982e+00
-5.438385147722287982e+00
-5.484138013101013343e+00
-5.399578571137715777e+00
-5.311092280818606071e+00
-5.311092280818606071e+00
-5.311092280818606071e+00
-5.311092280818606071e+00
-5.299796064191562905e+00
-5.403574515931240718e+00
-5.305910832655476916e+00
-5.301666177799142510e+00
-5.285461183746422265e+00
-5.285461183746422265e+00
-5.287962549029792569e+00
-5.379455619297071500e+00
-5.379455619297071500e+00
-5.295979517707722017e+00
-5.261978360926439002e+00
-5.467362247213428894e+00
-5.467362247213428894e+00
-5.349767100559583710e+00
-5.371075233212581956e+00
-5.371075233212581956e+00
-5.331868159885224223e+00
-5.331868159885224223e+00
-5.316341376812425246e+00
-5.316341376812425246e+00
-5.327869849551569281e+00
-5.473383688660251600e+00
-5.473383688660251600e+00
-5.473383688660251600e+00
-5.405797946844226765e+00
-5.409843393711886606e+00
-5.366388690287306140e+00
-5.415687497410284656e+00
-5.392169561475025574e+00
-5.392169561475025574e+00
-5.392169561475025574e+00
-5.392169561475025574e+00
-5.424691552771869318e+00
-5.491852673598775603e+00
-5.491852673598775603e+00
-5.491852673598775603e+00
-5.392589607277236574e+00
-5.392589607277236574e+00
-5.392589607277236574e+00
-5.404033532655298622e+00
-5.404033532655298622e+00
-5.429348049159336220e+00
-5.429348049159336220e+00
-5.429348049159336220e+00
-5.433221033289135526e+00
-5.433221033289135526e+00
-5.378011473826662225e+00
-5.378011473826662225e+00
-5.378011473826662225e+00
-5.374506442949446239e+00
-5.398574558899551512e+00
-5.300737729265997622e+00
-5.334697996697272515e+00
-5.322246233146079142e+00
-5.322246233146079142e+00
-5.322246233146079142e+00
-5.343141914385046043e+00
-5.343141914385046043e+00
-5.258933732930807459e+00
-5.258933732930807459e+00
-5.258933732930807459e+00
-5.284507585324044854e+00
-5.284507585324044854e+00
-5.284507585324044854e+00
-5.434940339291691735e+00
-5.665425008766008297e+00
-5.665425008766008297e+00
-5.666325585840176871e+00
-5.615539315548127242e+00
-5.541745050925283245e+00
-5.541745050925283245e+00
-5.541745050925283245e+00
-5.541745050925283245e+00
-5.541745050925283245e+00
-5.541745050925283245e+00
-5.537569793347773661e+00
-5.537569793347773661e+00
-5.520897886874188032e+00
-5.520897886874188032e+00
-5.520897886874188032e+00
-5.538102775707001157e+00
-5.538102775707001157e+00
-5.599445290958230181e+00
-5.599445290958230181e+00
-5.599445290958230181e+00
-5.632383193431180324e+00
-5.683986715784375754e+00
-5.683986715784375754e+00
-5.683986715784375754e+00
-5.740405463237550521e+00
-5.740405463237550521e+00
-5.740405463237550521e+00
-5.729554494531442721e+00
-5.808662833137660186e+00
-5.648073992995133352e+00
-5.570412398054803482e+00
-5.570412398054803482e+00
-5.561138893232043579e+00
-5.561138893232043579e+00
-5.377987011433405407e+00
-5.595438438668603354e+00
-5.491724363122370001e+00
-5.518484918576425535e+00
-5.518484918576425535e+00
-5.518484918576425535e+00
-5.518484918576425535e+00
-5.518484918576425535e+00
-5.518484918576425535e+00
-5.579578317212844141e+00
-5.432275090576985654e+00
-5.432275090576985654e+00
-5.432275090576985654e+00
-5.432275090576985654e+00
-5.416874414027744500e+00
-5.416874414027744500e+00
-5.416874414027744500e+00
-5.416874414027744500e+00
-5.487861985714849844e+00
-5.329829350127837984e+00
-5.329829350127837984e+00
-5.329829350127837984e+00
-5.329829350127837984e+00
-5.329829350127837984e+00
-5.221353808038188049e+00
-5.221353808038188049e+00
-5.134470361091792334e+00
-5.282968659289627666e+00
-5.271355273071269387e+00
-5.252831035080591349e+00
-5.285690903797402029e+00
-5.285690903797402029e+00
-5.257934304679458215e+00
-5.312760482339130341e+00
-5.312760482339130341e+00
-5.335282985608860606e+00
-5.335282985608860606e+00
-5.322685870378374595e+00
-5.301740802504575356e+00
-5.435469172720286402e+00
-5.428515829894523748e+00
-5.445437215032612244e+00
-5.346800422865606528e+00
-5.242568930444685193e+00
-5.242568930444685193e+00
-5.254692457966816832e+00
-5.254692457966816832e+00
-5.378222168365407008e+00
-5.378222168365407008e+00
-5.378222168365407008e+00
-5.378222168365407008e+00
-5.343871494515695098e+00
-5.335485949226003832e+00
-5.335485949226003832e+00
-5.335485949226003832e+00
-5.335485949226003832e+00
-5.338598454505791402e+00
-5.419583063892859265e+00
-5.419583063892859265e+00
-5.419583063892859265e+00
-5.419583063892859265e+00
-5.436796889316353187e+00
-5.436796889316353187e+00
-5.452290364227474484e+00
-5.452290364227474484e+00
-5.444544324215444320e+00
-5.558321583015501943e+00
-5.558321583015501943e+00
-5.592489078599557573e+00
-5.592489078599557573e+00
-5.592489078599557573e+00
-5.592489078599557573e+00
-5.632636841708094977e+00
-5.692543328928010737e+00
-5.461987968132884674e+00
-5.705644819299765302e+00
-5.717782740010534326e+00
-5.717782740010534326e+00
-5.734916977202407118e+00
-5.734916977202407118e+00
-5.734916977202407118e+00
-5.640138782258102168e+00
-5.640138782258102168e+00
-5.640138782258102168e+00
-5.525943480107924799e+00
-5.541996815609553373e+00
-5.541996815609553373e+00
-5.541996815609553373e+00
-5.541996815609553373e+00
-5.479127787389555415e+00
-5.479127787389555415e+00
