# Variable: dg_gbvi_00000076
# Sample shape: (1000,)
# Date: 2013-03-07 22:55:08.547516
-1.509525822500408010e+00
-1.401134114921510632e+00
-1.149171291404101014e+00
-9.135692412846160293e-01
-1.911896830137127967e+00
-1.112106643976904952e+00
-5.168209276240529615e-01
-5.843759448079098862e-01
-5.344048685568111301e-01
-5.083372399387758866e-01
-3.452286099645401340e-01
-3.231613234475915197e-01
-2.890045248583384963e-01
-2.311893275882219434e-01
-2.780496376470782405e-01
-2.896049909206236395e-01
-3.012548166690195428e-01
-3.012548166690195428e-01
-3.495489669718375714e-01
-3.495489669718375714e-01
-4.065490151067813751e-01
-3.083195714085479322e-01
-2.924486913446145975e-01
-2.950242161203457392e-01
-3.030091285599765261e-01
-2.624962928260051176e-01
-2.491227389023810135e-01
-2.043037199739562160e-01
-1.992786790582640466e-01
-1.992786790582640466e-01
-1.241405448655732574e-01
-8.929819181063242128e-02
-4.386385963908858571e-02
-5.452266575614906907e-01
-5.550839753823876288e-01
-5.426965840023992849e-01
-5.633089230162920957e-01
-6.254829243908351932e-01
-5.505064915205281073e-01
-5.218156701706900824e-01
-5.408674104223291090e-01
-5.100351144467271114e-01
-4.991353297703317038e-01
-4.276718771481708425e-01
-4.028534627765014697e-01
-4.242829756309108302e-01
-4.242829756309108302e-01
-4.317876162635944648e-01
-4.562627682328440626e-01
-4.770783086637835901e-01
-4.519118358877829422e-01
-5.514286825316038199e-01
-6.007224819847449826e-01
-5.894148049940838296e-01
-6.338033235213818006e-01
-5.647474273565215031e-01
-5.509856058131750167e-01
-5.575580798824628648e-01
-5.507594938966563491e-01
-5.873302023209705514e-01
-6.677461228901572232e-01
-6.545385326362976874e-01
-6.745714926751176233e-01
-6.759139298253131756e-01
-6.637443643266746074e-01
-6.536185051634717524e-01
-5.973882153747235302e-01
-5.963266204104230583e-01
-5.526288376120087609e-01
-6.244226928119435138e-01
-5.708214485578342323e-01
-5.826614140861086089e-01
2.083110917180392430e-01
1.759319134581618649e-01
-6.684871662621080235e-01
-6.135204218134526766e-01
-6.135204218134526766e-01
-6.160691961472271050e-01
-6.260070536228471427e-01
-6.370851513517657994e-01
-6.470712173986340465e-01
-6.130450330847921903e-01
-5.869885149217375364e-01
-6.066458239879186642e-01
-5.563258792630219052e-01
-6.003771493034453233e-01
-5.805532331006224567e-01
-6.058246551234452992e-01
-5.652765650013863441e-01
-5.094423374078872468e-01
-5.758929970836279555e-01
-5.454223351879529114e-01
-4.411382176497338214e-01
-4.340668144870369893e-01
-4.063100339253703508e-01
-3.950401825962095437e-01
-3.435562959536164751e-01
-3.224939866638069641e-01
-3.370842439582201755e-01
-2.922293364435137875e-01
-2.969763277341084806e-01
-2.969763277341084806e-01
-3.088337038757105746e-01
-2.914282990200489087e-01
-9.786013170238515579e-01
-9.977197498134071640e-01
-1.049993032733638199e+00
-1.055149202787633245e+00
-1.029265308837268300e+00
-9.872521221974518424e-01
-1.005728174454629809e+00
-9.812168398349633280e-01
-1.046544003427611891e+00
-3.099850487417361022e-01
-2.446583980804360181e-01
-2.474246329510354780e-01
-2.630021941538872032e-01
-2.752920804579023772e-01
-2.219709157954364853e-01
-2.794092727991431269e-01
-3.199344728791472248e-01
-3.084904549341966895e-01
-3.131583615403377707e-01
-3.445497317067138798e-01
-3.912986465824140891e-01
-4.195764255793701936e-01
-3.697282525973239475e-01
-3.449043523665741851e-01
-3.397886106540176088e-01
-2.556192355666933591e-01
-2.519397812862774200e-01
-2.423971927118079295e-01
-2.923784655368393826e-01
-2.512271744146840624e-01
-2.545518484269440607e-01
-2.637505738046427295e-01
-2.688909312063940127e-01
-2.688909312063940127e-01
-4.818134792775876640e-01
-5.421741748848166731e-01
-5.445664957212004165e-01
-9.095083385334264969e-01
-8.605490927942311963e-01
-8.842968512262550096e-01
-8.673017207579166721e-01
-8.844136057408400475e-01
-9.059436294125343681e-01
-4.624393669417347641e-01
-4.415152627510792183e-01
-4.410985636148994637e-01
-4.527290769400678649e-01
-4.883224590642744611e-01
-1.047295599536876703e-01
-1.486821783144766929e-01
-1.288649709574654911e-01
-1.627511069212653483e-01
-1.927422232298471316e-01
-2.254667727342268002e-01
-3.000980114791987341e-01
-3.129239128735940567e-01
-3.068461283908324733e-01
-2.804611583623654592e-01
-2.679892373531495009e-01
-2.306937820776726322e-01
-1.739552674155979417e-01
-2.143446894515948775e-01
-3.281343954594534984e-01
-3.282226301649632805e-01
-3.462473984073886069e-01
-4.208894315083016036e-01
-4.287141992918586109e-01
-4.712412169916100346e-01
-4.510143020920739376e-01
-3.867141926487266956e-01
-3.012397854248841100e-01
-3.146353932252335950e-01
-3.372287782524133193e-01
-3.085034138634004663e-01
-3.152282217162389322e-01
-3.263075033751394738e-01
-3.610567290366382132e-01
-4.068416035111026563e-01
-3.845998532397083003e-01
-3.038475298446404183e-01
-2.894386972465320396e-01
-3.936846174439185275e-01
-3.623079347516052762e-01
-3.110529730566830020e-01
-2.879841059860224761e-01
-2.823915667392338791e-01
-6.302071871942945824e-01
-6.172862203187069463e-01
-5.622532312557805279e-01
-5.013114686556945365e-01
-5.679860151640554466e-01
-5.679860151640554466e-01
-5.431551970885833969e-01
-5.349049181692198118e-01
-4.983753873735126683e-01
-5.237603520730840234e-01
-5.399522551889955890e-01
-5.353803920487438806e-01
-4.412534638917177676e-01
3.147318760977108609e-01
-1.048119098718295561e+00
-1.126638635300537983e+00
-1.105598485446888546e+00
-1.101362596076700395e+00
-1.133745882978060227e+00
2.011000904736720274e-01
2.383026118457181874e-01
2.103080189257525434e-01
2.136070176115307528e-01
2.136070176115307528e-01
2.768955867148137906e-01
2.734687063078706792e-01
3.145501964342987122e-01
3.057681178517278053e-01
2.964060604105461794e-01
2.232009863560170670e-01
2.868006024586524649e-01
3.060342909884574136e-01
-8.317597066886386892e-02
-1.041271907335340197e-01
-1.068879641731326074e-01
-7.897920560242832622e-02
-1.303358969750577911e-01
-1.303358969750577911e-01
-1.791467405384505607e-01
-1.512152094451341688e-01
-1.845315223305398211e-01
-1.422164628499140993e-01
-1.832669392470015479e-01
-2.319039126802584783e-01
-2.539119222233454654e-01
-2.812164783063955120e-01
-2.652809882267139208e-01
-2.583168777496852031e-01
-2.496495865188575469e-01
-3.307230823199475700e-01
-2.912009429370309155e-01
-2.618478925402666913e-01
-1.807845128510753019e-01
-9.502175454822896494e-01
-9.400910924457166473e-01
-9.448437460684269151e-01
-9.717965412050488805e-01
-1.025755615904923479e+00
-5.638303347968938173e-01
-5.482074253354553006e-01
-5.742561179822467388e-01
-5.718961116684182500e-01
-4.470339520971326475e-01
-4.428576944234891566e-01
-4.603638208617353289e-01
-4.615156257075099244e-01
-4.857990243437022571e-01
-4.761524043157595587e-01
-4.823261450931128902e-01
-4.362231985103001142e-01
-4.619065106107816399e-01
-4.761294023701374001e-01
-4.612549864266410893e-01
-4.510699462683788186e-01
-4.121209058626298938e-01
-3.884625666375633446e-01
-4.155718929007622964e-01
-4.519605644926392163e-01
-5.155938967599110745e-01
-4.991183102546830064e-01
-4.991183102546830064e-01
-5.128990244043929447e-01
-5.079605931654367357e-01
-5.273177720306321259e-01
-5.272117701521377153e-01
-4.436992292942623650e-01
-5.199809403109030281e-01
-5.562659309774633520e-01
-5.723327867681939907e-01
-6.226192487020300037e-01
-5.965238802721978262e-01
-6.036263690999629228e-01
-5.610693587909553193e-01
-5.233996367307973685e-01
-4.564060228006016073e-01
-5.038069303021175394e-01
-4.789222016478141830e-01
-4.991804588128881948e-01
-5.185907558745220802e-01
-4.169153434599954799e-01
-2.544427117395431925e-01
-2.096633163504273978e-01
-1.473568014320852382e-01
-2.118865000566705070e-01
-2.090665324813832660e-01
-2.813795593627793079e-01
-2.290512811970843721e-01
-2.290512811970843721e-01
1.320034997463699344e-01
1.258720789395623707e-01
9.175076303131363131e-02
6.834871767392074193e-02
5.337979104672057468e-02
3.217792261320968905e-02
-2.540868019162902114e-02
-5.624409410323166075e-02
-3.420883937459732321e-02
-1.194757450048141573e-01
-9.902771071450081064e-02
-1.264636739958717171e-01
-1.363084297155908731e-01
-1.156185631408827713e-01
-8.937552799168592410e-02
-9.834996440762017178e-02
-9.834996440762017178e-02
-1.523506340966213624e-01
-2.101470134165465131e-01
-2.364922859611289230e-01
-1.946937060720483892e-01
-1.817143953043931226e-01
-1.623642052169111671e-01
-1.722529043013510397e-01
-2.384513256795346980e-01
-2.384513256795346980e-01
-2.278479562949954074e-01
-2.538407668962726627e-01
-2.538407668962726627e-01
-2.028399252507044892e-01
-1.693891787641929603e-01
-1.181880650594448606e-01
-9.794177810166487808e-02
-1.982668548476445303e-01
-1.823216011605044151e-01
-2.098195273441351705e-01
-1.738708371256596497e-01
-2.247128966180089449e-01
-3.541878804393704394e-01
-3.579260146883156413e-01
-3.847970743658243875e-01
-4.055788153960924181e-01
-4.290392906269741569e-01
-3.984305138389459544e-01
-3.419868167377587143e-01
-3.279822076270539344e-01
-3.515890484392867332e-01
-4.001147720891441995e-01
-4.123934059592028190e-01
-4.091372294536257948e-01
-3.858431836425099126e-01
-4.089241515372418201e-01
-4.445512122717822368e-01
-4.364355632575795951e-01
-4.271916490229529795e-01
-4.348898899334485146e-01
-4.962954290582593520e-01
-5.579881860471271882e-01
-5.910960438833035013e-01
-6.422366092814330019e-01
-6.095390593696060622e-01
-6.336874883423687654e-01
-6.424951066726196647e-01
-6.838976527079482226e-01
-6.823603271220093358e-01
-6.823603271220093358e-01
-7.011218086370359925e-01
-7.017940462479030916e-01
-7.452289158828134807e-01
-6.734654873566906508e-01
-6.088693298684512145e-01
-6.485413523761310861e-01
-6.178393549778422589e-01
-1.547740901174035344e-01
-1.571828568486700051e-01
-1.571828568486700051e-01
-1.707562572739476092e-01
-1.759211501184333726e-01
-1.476205924966501326e-01
-1.291250182118879597e-01
-1.924761211407621242e-01
-1.562036134477995941e-01
-1.927637367129058921e-01
-1.268886433351471554e-01
-1.736550212451611341e-01
-1.534574222344095296e-01
-1.468121328596534436e-01
-1.926509351872250919e-01
-2.105463962687498247e-01
-2.688503055536836661e-01
-2.495281031674133898e-01
-2.392330274763625197e-01
-1.822017473340198923e-01
-9.709594791688547222e-02
-1.090650423314848266e-01
-1.583567909265782558e-01
-1.769747842006269001e-01
-1.857701033409333569e-01
-1.565541040533909023e-01
-2.031553528933795205e-01
-2.280178690412084097e-01
-2.074808356176782165e-01
-2.118824027261169418e-01
-2.709562474270759136e-01
-2.723375370046226540e-01
-3.140210245260912636e-01
-3.003033444748695602e-01
-3.441745307256350306e-01
-3.685156161149626963e-01
-2.924132549375194068e-01
-2.925941267423486369e-01
-3.066887270119963427e-01
-3.967610555702208441e-01
-3.959069139916619462e-01
-3.532296404536199308e-01
-3.285408090185694685e-01
-3.440937609605054237e-01
-3.541714440333351699e-01
-3.989895793048112149e-01
-3.711665999809044547e-01
-3.827010998495982697e-01
-3.826274121865960720e-01
-3.826274121865960720e-01
-3.736612397823581011e-01
-3.936146519140567568e-01
-4.080389194648677553e-01
-3.971090957984439451e-01
-3.451984529679401059e-01
-4.048800156398255079e-01
-4.048800156398255079e-01
-3.760542248202942694e-01
-4.028278624020834031e-01
-3.658651271002182903e-01
-3.732684696397196578e-01
-3.545562751600379592e-01
-3.856611925608059432e-01
-3.440736812873074757e-01
-3.518077297541580828e-01
-3.529102167433791348e-01
-3.880071106257421132e-01
-3.741868586869476765e-01
-1.129621891522402111e+00
-1.195929834986275919e+00
-1.074394627029710003e+00
-1.080557375754456872e+00
-1.094955733135944076e+00
-1.070754011624210245e+00
-1.070754011624210245e+00
-1.008618359436776579e+00
-9.403294406849070919e-01
-9.107607440351294104e-01
-8.324052813031891374e-01
-8.696579322045534521e-01
-9.338169167309827712e-01
-9.280805301141851205e-01
-9.726365679467526837e-01
-9.354692265251455252e-01
-9.088578374873873544e-01
-9.817501432285518081e-01
-9.573286320742501188e-01
-9.412982644762294404e-01
-9.412982644762294404e-01
-2.981223277750973399e-01
-3.241453598646213963e-01
-3.265533548568160804e-01
-2.762618024302344599e-01
-2.698639117954608202e-01
-2.982564902182972544e-01
-2.982564902182972544e-01
-2.713946378883498323e-01
-3.139806990891291227e-01
-2.870203071861076038e-01
-3.034533756585365283e-01
-3.172222179441548384e-01
-2.496208697740734395e-01
-2.369848487965982575e-01
-2.263601105867225627e-01
-2.536975990613755116e-01
-2.560225986685474298e-01
-3.199709469328402833e-01
-3.141000883936908572e-01
-3.141000883936908572e-01
-3.535275044937843392e-01
-3.126196763388693345e-01
-2.344764920769604744e-01
-2.141529610304709619e-01
-2.540466369243382649e-01
-2.270475519970480693e-01
-2.428532125810671516e-01
-2.619349446859102759e-01
-2.643789715434547438e-01
-3.002598462211934494e-01
-3.123784979477116641e-01
-3.030537341853998812e-01
-2.911507519160996815e-01
-2.689246579619482547e-01
-2.516672922459570749e-01
-2.435298458999276550e-01
-2.364109502749849046e-01
-1.034786681562377270e-01
-1.128466118046904942e-01
-1.012319851909986579e-01
-1.299994616436470907e-01
-1.205842288473498031e-01
-1.499369175386789932e-01
-1.698729121456026003e-01
-1.385778143779037297e-01
-9.357530340288078285e-02
-9.316575229456011686e-02
-1.203979229623780844e-01
-1.289922811172193595e-01
-1.920235157778835133e-01
-1.826026850635099896e-01
-1.971852608771947346e-01
-2.241916449769481567e-01
-2.173673685588385918e-01
-2.491008054759230594e-01
-2.491008054759230594e-01
-2.183607044434374145e-01
-2.118905080975341526e-01
-2.025397594541020752e-01
-1.751028805279931100e-01
-1.751028805279931100e-01
-1.912727927462671840e-01
-2.298323338098252622e-01
-2.065721044009942720e-01
-2.056703413248671120e-01
-1.781169389816922299e-01
-2.075565333363992848e-01
-2.148206268557890097e-01
-1.721517674076333826e-01
-1.922536751714880310e-01
-2.174166728243694668e-01
-2.120726298234837659e-01
-2.095185582599011220e-01
-2.204808460410513371e-01
-2.127280031689709194e-01
-2.229850701378083833e-01
-2.438079292484284233e-01
-1.748584460134186835e-01
-1.577203298185829994e-01
-9.496911949980826884e-02
-1.067726808002658345e-01
-5.547735137126479782e-02
-6.384917582201214692e-02
-8.771246325708445535e-02
-5.954478802991890196e-02
-2.657331316491294082e-04
1.476368767782634643e-02
-1.775426134606197586e-03
5.419643087640890235e-03
-5.666838471950082744e-03
-4.245757939132220084e-03
5.404100430782563663e-02
-5.747960742525749095e-03
4.877072331254690002e-03
5.443578762832087072e-05
2.651449431937063020e-02
1.260136534035344313e-02
3.370916239204864440e-02
3.916189487283790183e-02
7.816996576279006126e-02
2.390725588952545555e-02
3.659785811289682778e-02
8.189916408767819065e-04
6.045680787212840551e-02
1.146454166250778783e-01
1.684279673238485431e-01
1.258044801230501220e-01
1.266449509044494659e-01
1.965702638601524721e-01
2.045702336758402906e-01
2.197042638718283980e-01
2.008149985292298767e-01
1.779204306267180846e-01
1.739213310453938399e-01
-7.470152909770668703e-01
-7.132183635717269654e-01
-7.299328850787968337e-01
-7.375322427149978433e-01
-6.830783737091992158e-01
-7.025695133603796494e-01
-6.756197071315804825e-01
-7.134481802403895845e-01
-6.859773576577743448e-01
-6.396726119314397607e-01
-6.497893232445270950e-01
-6.653678570767724842e-01
-6.732787739029811869e-01
-6.812659778372907038e-01
-6.916030862019686420e-01
-7.083792111053264229e-01
-6.109088890332728949e-01
-6.206569130952254154e-01
-5.980234676200542054e-01
-5.429244412383764651e-01
-5.481773465851735860e-01
-5.551250700259687809e-01
-4.955498670478809542e-01
-5.379481905314159595e-01
-5.183846741392735824e-01
-4.989374488073199387e-01
-4.222194044267085222e-01
-4.066120481072694748e-01
-4.636816177583070742e-01
-5.288515210923521170e-01
-5.537431401466320624e-01
-5.181348701633898823e-01
-5.659127717805929603e-01
-5.932765788286918918e-01
-5.336958606028852081e-01
-5.907315405047082191e-01
-6.233393402555443830e-01
-6.315232350946440310e-01
-5.468704170913060159e-01
-5.374604236239205468e-01
-5.270249427455809821e-01
-5.485448581838494597e-01
-5.750776753971540423e-01
-5.226921342659675007e-01
-5.575404127715551938e-01
-5.456185610082562309e-01
-5.063427400854164651e-01
-5.382543900250638114e-01
-4.050782486637469759e-01
-4.120141831544015254e-01
-3.545245199325380847e-01
-3.901591079254903005e-01
-4.080023197752654651e-01
-3.906500665381964499e-01
-3.067149601666770420e-01
-3.009712145166271169e-01
-3.144095486611036550e-01
-3.787420341546369751e-01
-4.788313763200953699e-01
-4.647577122746368583e-01
-4.846161803973005888e-01
-4.668261004162433947e-01
-4.899634496368824865e-01
-5.277609647703075391e-01
-5.115338531563831115e-01
8.271406219963046980e-02
-1.111050937222848756e+00
-1.182643035993560021e+00
-1.225327093795518518e+00
-1.180777823944020311e+00
-1.156114013744555802e+00
-1.202993402512185117e+00
-1.160051432145943862e+00
-1.166241829780344963e+00
-1.189438755836585537e+00
-1.157711984086648993e+00
-1.119565921987185186e+00
-1.165055166527763753e+00
-1.132185215512795384e+00
-1.126822621946880654e+00
-1.039361186899028233e+00
-1.039361186899028233e+00
1.127339601449351275e-01
9.918079991197056855e-02
5.186811175262612955e-02
2.369767565242274221e-02
1.100464819399105121e-01
1.489659617962311722e-01
1.774277419317254745e-01
2.049405345907205078e-01
2.049405345907205078e-01
2.143027674281325345e-01
1.776839613500851844e-01
1.615859532179467761e-01
1.852030616432953913e-01
-2.368603935914039282e-01
-2.659373711525775952e-01
-3.064332266353656520e-01
-2.779301785384746259e-01
-2.515496910615304116e-01
-2.747773808613624968e-01
-2.572791342210218879e-01
-2.187211533715723299e-01
-2.187211533715723299e-01
-2.144798322974752480e-01
-2.402234213773177252e-01
-3.487957957481400140e-01
-3.163256513951525628e-01
-2.980513460420665672e-01
-3.466032295077130509e-01
-3.418381357173289614e-01
-5.027805875953738068e-01
-5.394856339394441536e-01
-5.713545899430264585e-01
-5.758923040476546795e-01
-5.545985078537561952e-01
-5.688280784637491649e-01
-5.716614215818895950e-01
-5.123343793355986664e-01
-5.123343793355986664e-01
-4.335360679662848549e-01
-4.082692370154946127e-01
-4.431448240198836985e-01
-4.044425503819705225e-01
-3.812618459560283557e-01
-4.044470484997709780e-01
-3.877301523019147100e-01
-3.112703411754327854e-01
-3.643060370185766672e-01
-3.342034490477123199e-01
-2.913172665410520557e-01
-3.170208071897065438e-01
-2.913485148623940479e-01
-3.008137913769445837e-01
-3.496276338896626146e-01
-3.496276338896626146e-01
-2.859371407397426901e-01
-2.769679996931789234e-01
-2.475451109660647964e-01
-3.141715949940829811e-01
-6.768689676542802847e-01
-7.139400094654563267e-01
-7.132783045271624545e-01
-6.934807183067339675e-01
-6.512989220734507478e-01
-6.754456344088205499e-01
-6.909838315992047342e-01
-6.284467016101427106e-01
-6.392948240407414495e-01
-7.125659502612735618e-01
-7.168021039594975052e-01
-7.270397544913381749e-01
-7.060973281512232802e-01
-9.771769071182496991e-02
-8.729079390051945608e-02
-7.269465958212791012e-02
-9.828226418560431776e-02
-8.408462796606115397e-01
-8.554253381123489985e-01
-8.730140766950161835e-01
-8.485819924777660006e-01
-8.195226844640293162e-01
-8.314276018551394198e-01
-8.119244032835225555e-01
-7.914371285242125520e-01
-7.822829909720084851e-01
-7.908701960084240090e-01
-7.385141980442694321e-01
-7.502898810644856864e-01
-7.273614542459591048e-01
-6.978840427952612835e-01
-2.322492120258222159e-01
-4.252396906762803130e-01
-4.430299843660701620e-01
-3.986975597783898317e-01
-4.630015277996991641e-01
-4.547085891555119885e-01
-4.547085891555119885e-01
-4.544864517690581085e-01
-4.524595087417965789e-01
-1.867297465126389056e-01
-1.901221054659532339e-01
-2.879486063915989713e-01
-2.648386929238919496e-01
-2.510789243983197472e-01
-2.384523802391362579e-01
-2.122254271722621155e-01
-2.262829389411194769e-01
-1.813190590263746294e-01
-1.731505907309255077e-01
-1.657048602919174440e-01
-2.094368310087815210e-01
-2.310914789247315027e-01
-1.730805287143450111e-01
-2.366844850465280592e-01
-2.515541757665639144e-01
-2.822413344753143538e-01
-3.038341344786708587e-01
-3.337456400607366480e-01
-2.589723544360730267e-01
-2.907295070959162731e-01
-3.181982296320708947e-01
-3.434767362838478388e-01
-3.880415468586078664e-01
-4.070068164692119406e-01
-8.940314036747173398e-01
-8.529705437735449758e-01
-8.685968080727333174e-01
-8.672482079521131038e-01
-8.493106884692598335e-01
-8.443639951846577674e-01
-8.443639951846577674e-01
-8.475536653675795895e-01
-8.212211572609376953e-01
-8.453679131233892141e-01
-9.544631181347845716e-01
-9.374443489403403440e-01
-9.365566048239256647e-01
-8.833673414271189239e-01
-9.121973339075065690e-01
-8.977479277051126916e-01
-8.512455602141771882e-01
-7.911430366768950062e-01
-8.047918466916027525e-01
-8.485921883935695353e-01
-8.081911650777781064e-01
-8.336623961504022740e-01
-8.640836520452112035e-01
-4.380877083849692988e-01
-5.165588581763410625e-01
-5.165588581763410625e-01
-5.403881221126834999e-01
-5.277145956470680188e-01
-5.293370736492969408e-01
-5.415264924053792006e-01
-5.097977104219263422e-01
-5.299550294374046899e-01
-5.784239172009850716e-01
-5.285870434390421702e-01
-5.002256447160703390e-01
-4.898435536012797353e-01
-4.898435536012797353e-01
-4.582819843537044302e-01
-3.864217097938472678e-01
-3.349241554078846161e-01
-3.352996731553410936e-01
-3.155196648399211656e-01
-2.622856439834131415e-01
-2.623296038012443154e-01
-2.433343293050558298e-01
-2.805021923257267624e-01
-2.573707242664179384e-01
-4.088212445473390355e-01
-4.680843876945691706e-01
-4.830601747802642509e-01
-5.111012166612578511e-01
-5.976201874753791499e-01
-6.371265140877622191e-01
-6.439276796104935752e-01
-6.327570901074766052e-01
-6.613024198903014739e-01
-6.783973725660590315e-01
-6.635192938659572048e-01
-6.293300123058445106e-01
-6.443472903110551986e-01
-6.549131692613681111e-01
-6.549131692613681111e-01
-5.750306525669166557e-01
-6.052046254405146763e-01
-8.962390907632049597e-01
-9.260843891072769729e-01
-9.045359435235317269e-01
-3.438162962250920218e-01
-3.159118095774786639e-01
-3.009476190510387839e-01
-2.322159783662984256e-01
-2.817169045461922483e-01
-2.960794889191153967e-01
-2.797152442214745904e-01
-2.630102518628417152e-01
-2.650260160696661926e-01
-2.326186574234750393e-01
-2.348758331373993757e-01
-2.480308234323649330e-01
-2.480308234323649330e-01
-1.976980484436459129e-01
-1.714545561446501609e-01
-4.419680271815684680e-02
-3.009899533493461555e-03
-2.196036955077177583e-02
1.419907103852190719e-03
-2.969373190312416672e-02
-6.994989923852192037e-02
-6.912351057328290638e-02
-1.994875442905691965e-01
-2.411202083167212074e-01
-2.777376016051361085e-01
-2.694332145695592096e-01
-2.140044896883639969e-01
-2.140044896883639969e-01
-2.526332551573982621e-01
-1.344079675489966708e-01
-9.521747815065123577e-02
-9.872469686884345619e-02
-3.814524053873196568e-02
-4.387096573590377330e-02
-5.173990652037235849e-02
-3.338738299218282479e-03
-2.140586844103155306e-02
-6.184975101865770597e-01
-5.633937665583342858e-01
-5.134597771468871752e-01
-5.522668764268626740e-01
-6.013148157979385511e-01
-6.457222207762680632e-01
-6.280285641290441756e-01
-6.514679349752509063e-01
-6.923105812035896811e-01
-6.592459376829040707e-01
-6.648574228552213139e-01
-6.485493849102279551e-01
-6.485493849102279551e-01
-7.428264668834363427e-01
-6.891540891821511527e-01
-6.812952815230807202e-01
-9.228968514621155306e-02
-4.680712014483413841e-02
-5.306323649140801818e-02
4.096727842045456459e-03
-6.094747005492296907e-03
4.688490298281117880e-02
4.688490298281117880e-02
1.923866265450995330e-02
1.923866265450995330e-02
6.336810468297641996e-02
4.495215430488749830e-02
-1.020042978272805642e-02
1.570696915173214886e-02
-1.663699353624381247e-02
-5.835696648589983049e-01
-5.844815490903370048e-01
-6.088957073926477559e-01
-6.008251491962938173e-01
-6.008251491962938173e-01
-6.172338882261079185e-01
-6.439146679159821751e-01
-7.017198273581362056e-01
-6.853960264478332620e-01
-7.271373918528376556e-01
-7.148613898420148605e-01
-7.640098969354933711e-01
-7.517941634502356418e-01
-7.367634891721671631e-01
-7.406769156836989776e-01
-7.312703488269461927e-01
-6.540830834575358521e-01
-6.659191425833219657e-01
-6.603226235922388110e-01
-6.697705354714261761e-01
-6.997785566777440236e-01
-6.997785566777440236e-01
-6.850961794913573710e-01
-6.471815948700589960e-01
-6.203457270379423294e-01
-6.055741282132170999e-01
-6.844770949861317400e-01
-7.023875285183417416e-01
-6.962253885227926986e-01
-7.710480454145559603e-01
-2.754952475615608520e-01
-2.810836281592062891e-01
-2.974208265379192362e-01
-2.875266174801894281e-01
-2.924088103480586009e-01
-2.670885305332613702e-01
-2.180817162873251169e-01
-1.585304262772928852e-01
-1.776461292220961052e-01
-1.789248744475110675e-01
-2.233539014976973491e-01
-2.313614264716037927e-01
-1.620153555469865947e-01
-9.972737580182332306e-02
-1.200869256570930577e-01
-1.583036895912524888e-01
-1.804617959684941264e-01
-4.193771020256724658e-01
-4.386061359363654377e-01
-4.379629553661707475e-01
-4.514675440410003682e-01
-4.202612080295795582e-01
-4.532193640236978904e-01
-4.135716775176856985e-01
-4.841748794574344816e-01
-4.625372212647729797e-01
-4.909095460857932358e-01
-5.691778564951266439e-01
-5.058148930646046981e-01
-4.935470669220485829e-01
-4.620941014229331123e-01
-4.699893634059796876e-01
-5.237789526554418318e-01
-5.023393615008698854e-01
-5.372959977039921675e-01
-5.125595917841990756e-01
-4.943934702341957199e-01
-5.358093940486228224e-01
-5.567335025894539768e-01
-5.970529821567976958e-01
-5.693767859502141260e-01
-5.384097484530746547e-01
-5.375579193409310008e-01
-5.375579193409310008e-01
-4.937954430936255523e-01
-4.806774124361796185e-01
-5.377649715532580865e-01
-5.307973775465802957e-01
-5.143647137405353842e-01
-5.509408707043097486e-01
-5.605648356709254099e-01
-5.988358992579844164e-01
-4.519834037510521152e-01
-4.479253754803368404e-01
-3.884998812404984458e-01
-3.613177200405611744e-01
-3.302984489761311426e-01
