# Variable: dg_gbvi_00000147
# Sample shape: (1000,)
# Date: 2013-03-07 22:55:08.911759
-9.989349411870874107e+00
-5.901036690095804005e+00
-4.793608525931509767e+00
-3.640322412343334868e+00
-2.416974398562591109e+00
-3.364142058343030151e+00
-1.005501547659898853e-01
-1.966768652146607455e+00
-2.364409076960345857e+00
-2.334605908976906452e+00
-2.334605908976906452e+00
-2.334605908976906452e+00
-2.354716528406177734e+00
-2.308992152261565067e+00
-2.308992152261565067e+00
-2.308992152261565067e+00
-2.308992152261565067e+00
-2.308992152261565067e+00
-2.356031100676358570e+00
-2.356031100676358570e+00
-2.425919013702399152e+00
-2.434903608785523588e+00
-2.434903608785523588e+00
-2.434903608785523588e+00
-2.434903608785523588e+00
-2.434903608785523588e+00
-2.442740125365076675e+00
-2.442740125365076675e+00
-2.475124712677305716e+00
-2.475124712677305716e+00
-2.285165639431067319e+00
-2.227220747918727817e+00
-2.197968575832399019e+00
-2.197968575832399019e+00
-2.197968575832399019e+00
-2.197968575832399019e+00
-2.222486526864871248e+00
-2.222486526864871248e+00
-2.222486526864871248e+00
-2.223987946923934089e+00
-2.223987946923934089e+00
-2.223987946923934089e+00
-2.223987946923934089e+00
-2.223987946923934089e+00
-2.223987946923934089e+00
-2.223987946923934089e+00
-2.223987946923934089e+00
-2.219085530193745992e+00
-2.043884969965474419e+00
-2.170793533301494271e+00
-2.170793533301494271e+00
-1.905176151739504053e+00
-1.905176151739504053e+00
-1.876217090201050430e+00
-1.876217090201050430e+00
-1.903964902551343874e+00
-1.903964902551343874e+00
-1.903964902551343874e+00
-1.902189787255814446e+00
-1.902189787255814446e+00
-2.185829231987495458e+00
-2.185829231987495458e+00
-2.185829231987495458e+00
-2.185829231987495458e+00
-2.182277298551465350e+00
-2.188230491031871949e+00
-2.188230491031871949e+00
-2.188230491031871949e+00
-2.188230491031871949e+00
-2.188230491031871949e+00
-2.188230491031871949e+00
-2.188230491031871949e+00
-2.182320763430777966e+00
-2.182320763430777966e+00
-2.182320763430777966e+00
-2.182320763430777966e+00
-2.182320763430777966e+00
-1.846648769394088285e+00
-1.846648769394088285e+00
-1.934807953444359407e+00
-1.934807953444359407e+00
-1.934807953444359407e+00
-1.938193493809216461e+00
-2.009892080697407657e+00
-2.009892080697407657e+00
-2.009892080697407657e+00
-2.035381660983448970e+00
-1.963271723922739520e+00
-2.238231243349365851e+00
-2.238231243349365851e+00
-2.189205640758140614e+00
-2.189205640758140614e+00
-2.158816685485093423e+00
-2.158767592097845078e+00
-2.160648025538435935e+00
-2.160648025538435935e+00
-2.161872319537347487e+00
-2.161872319537347487e+00
-2.161872319537347487e+00
-2.161872319537347487e+00
-2.128060124420833255e+00
-2.167656460325781076e+00
-2.167656460325781076e+00
-2.134486265671958982e+00
-2.134486265671958982e+00
-2.134486265671958982e+00
-2.180023776976708128e+00
-2.180023776976708128e+00
-2.180023776976708128e+00
-2.180023776976708128e+00
-2.180023776976708128e+00
-2.180023776976708128e+00
-2.180023776976708128e+00
-2.143544054145555933e+00
-2.148958848685694534e+00
-2.148958848685694534e+00
-2.148958848685694534e+00
-2.148958848685694534e+00
-2.127533251282833326e+00
-2.127533251282833326e+00
-2.162306276812685280e+00
-2.162306276812685280e+00
-2.088001703935704167e+00
-2.084262229555283952e+00
-2.084262229555283952e+00
-2.044498888678299320e+00
-2.015107054536967368e+00
-2.015107054536967368e+00
-2.026359674441412295e+00
-2.001811915995263202e+00
-2.001811915995263202e+00
-2.040247630475891860e+00
-1.993170491717386028e+00
-2.011378414316883578e+00
-2.006957731595138128e+00
-2.185754787107440755e+00
-2.182415857024889050e+00
-2.176109254301295870e+00
-2.176109254301295870e+00
-2.131935774726353650e+00
-2.140363022221546174e+00
-2.135439009210704953e+00
-2.141814328489439312e+00
-2.141814328489439312e+00
-2.128335188068827932e+00
-2.172416305927551416e+00
-2.092806081097721815e+00
-2.038492305451376385e+00
-2.061286213840257453e+00
-2.023802391176692250e+00
-2.023802391176692250e+00
-2.023802391176692250e+00
-2.020079034250418903e+00
-2.033886438071634828e+00
-2.033886438071634828e+00
-2.037897727707858930e+00
-2.037897727707858930e+00
-2.192113898311975007e+00
-2.124137671635708102e+00
-2.106074701808002381e+00
-2.106074701808002381e+00
-2.106074701808002381e+00
-2.106074701808002381e+00
-2.146709094872409018e+00
-2.184245600547273458e+00
-2.184245600547273458e+00
-2.184245600547273458e+00
-2.184245600547273458e+00
-2.184245600547273458e+00
-2.149250798507971627e+00
-2.149250798507971627e+00
-2.155931396900260477e+00
-2.155931396900260477e+00
-2.155931396900260477e+00
-2.155931396900260477e+00
-2.004290640570344451e+00
-2.004290640570344451e+00
-2.004290640570344451e+00
-2.090675542617929761e+00
-2.090675542617929761e+00
-2.090675542617929761e+00
-2.090675542617929761e+00
-2.090675542617929761e+00
-2.090675542617929761e+00
-2.090675542617929761e+00
-2.090675542617929761e+00
-2.075073008970616417e+00
-2.075073008970616417e+00
-2.075073008970616417e+00
-2.075073008970616417e+00
-2.075073008970616417e+00
-2.075073008970616417e+00
-2.098396287880244238e+00
-1.888486114603292298e+00
-1.896459243959195184e+00
-1.910191406786003077e+00
-1.862638049133085172e+00
-1.862638049133085172e+00
-1.875241319651198779e+00
-1.875241319651198779e+00
-1.928449387152647576e+00
-1.928449387152647576e+00
-1.928449387152647576e+00
-1.947063814054045494e+00
-1.947063814054045494e+00
-1.947063814054045494e+00
-1.947063814054045494e+00
-1.947063814054045494e+00
-1.947063814054045494e+00
-1.947063814054045494e+00
-2.157115378139265793e+00
-2.157115378139265793e+00
-2.157115378139265793e+00
-2.182938717556713204e+00
-2.219062342925743447e+00
-2.047788052788249047e+00
-2.047788052788249047e+00
-2.047788052788249047e+00
-2.047788052788249047e+00
-2.047788052788249047e+00
-2.047788052788249047e+00
-2.047788052788249047e+00
-2.106255375641803873e+00
-2.106255375641803873e+00
-2.106255375641803873e+00
-2.106255375641803873e+00
-2.106255375641803873e+00
-2.106255375641803873e+00
-2.106255375641803873e+00
-2.106255375641803873e+00
-2.106255375641803873e+00
-2.105418780620687436e+00
-2.105418780620687436e+00
-2.105418780620687436e+00
-2.105418780620687436e+00
-1.962778880567619622e+00
-1.861856038377248668e+00
-1.909266664739363906e+00
-1.918248623359073202e+00
-1.918248623359073202e+00
-1.918248623359073202e+00
-1.918248623359073202e+00
-1.874330619330321523e+00
-1.874330619330321523e+00
-1.874330619330321523e+00
-1.874330619330321523e+00
-1.874330619330321523e+00
-1.874330619330321523e+00
-1.874330619330321523e+00
-1.874330619330321523e+00
-1.874330619330321523e+00
-1.874330619330321523e+00
-1.874330619330321523e+00
-1.874330619330321523e+00
-1.907270271727852684e+00
-1.907270271727852684e+00
-1.907270271727852684e+00
-1.907270271727852684e+00
-1.907270271727852684e+00
-1.907270271727852684e+00
-1.928045510587848232e+00
-1.928045510587848232e+00
-1.929524027082134996e+00
-1.929524027082134996e+00
-1.861704308428509425e+00
-1.861704308428509425e+00
-1.861704308428509425e+00
-1.861704308428509425e+00
-1.861704308428509425e+00
-1.846158025054044360e+00
-1.846158025054044360e+00
-2.000459997513540866e+00
-2.000459997513540866e+00
-2.000459997513540866e+00
-2.000459997513540866e+00
-2.000459997513540866e+00
-2.000459997513540866e+00
-2.000459997513540866e+00
-2.000459997513540866e+00
-2.000459997513540866e+00
-2.000459997513540866e+00
-2.000459997513540866e+00
-2.000459997513540866e+00
-2.000459997513540866e+00
-2.000459997513540866e+00
-2.003417164621314139e+00
-2.003417164621314139e+00
-2.003417164621314139e+00
-1.907667151539483630e+00
-1.907667151539483630e+00
-1.907667151539483630e+00
-1.961004455303634764e+00
-2.123916799040719727e+00
-2.123916799040719727e+00
-2.123916799040719727e+00
-2.125857552941821549e+00
-2.229894906050387871e+00
-2.217160437929995620e+00
-2.211007608171525085e+00
-2.211007608171525085e+00
-2.211007608171525085e+00
-2.211007608171525085e+00
-2.211007608171525085e+00
-1.896200966172585378e+00
-1.896200966172585378e+00
-1.896200966172585378e+00
-1.896200966172585378e+00
-1.896200966172585378e+00
-1.919521169600443500e+00
-1.927065744694622440e+00
-2.015750928470303904e+00
-2.056472510507376672e+00
-2.056472510507376672e+00
-2.056472510507376672e+00
-1.999664438642261954e+00
-2.004683706648835884e+00
-2.004683706648835884e+00
-2.050158851620616396e+00
-2.050158851620616396e+00
-2.052835539339688875e+00
-2.052835539339688875e+00
-2.052835539339688875e+00
-2.052835539339688875e+00
-2.052835539339688875e+00
-2.098533510912966804e+00
-2.098533510912966804e+00
-2.097309663567261673e+00
-2.097309663567261673e+00
-2.097309663567261673e+00
-2.097309663567261673e+00
-2.097309663567261673e+00
-2.097309663567261673e+00
-2.097309663567261673e+00
-1.958035827417934582e+00
-1.958035827417934582e+00
-1.917238775471231005e+00
-1.941394709273258856e+00
-1.941394709273258856e+00
-1.851214021904819873e+00
-2.119954541118091562e+00
-2.080849673888065965e+00
-2.080849673888065965e+00
-2.050181842145505140e+00
-1.908630884606745903e+00
-2.167562843808629847e+00
-2.167562843808629847e+00
-1.912875372486940506e+00
-1.912875372486940506e+00
-1.864677036194211102e+00
-2.092859344622019613e+00
-2.092859344622019613e+00
-2.092859344622019613e+00
-2.096533271930372422e+00
-2.221002859383228500e+00
-2.221002859383228500e+00
-2.243425147956533916e+00
-2.243425147956533916e+00
-2.243425147956533916e+00
-2.240035841686845774e+00
-2.240035841686845774e+00
-2.240035841686845774e+00
-2.224415022483723359e+00
-2.242788990993146214e+00
-2.242788990993146214e+00
-2.242788990993146214e+00
-1.916988174799189926e+00
-1.916988174799189926e+00
-1.906578559860464983e+00
-1.906578559860464983e+00
-1.906578559860464983e+00
-1.906578559860464983e+00
-1.906578559860464983e+00
-1.923648359812170527e+00
-1.923648359812170527e+00
-1.923648359812170527e+00
-1.923648359812170527e+00
-1.923648359812170527e+00
-1.923648359812170527e+00
-1.923648359812170527e+00
-1.905842338707242289e+00
-1.905842338707242289e+00
-1.905842338707242289e+00
-1.905842338707242289e+00
-1.905842338707242289e+00
-2.103784292406564838e+00
-2.105089941879646265e+00
-2.105089941879646265e+00
-1.948637830545150385e+00
-1.948637830545150385e+00
-1.948637830545150385e+00
-1.948637830545150385e+00
-2.137153454477440206e+00
-2.087396904074673820e+00
-2.087396904074673820e+00
-2.098442147510029887e+00
-2.093461004398224024e+00
-2.093461004398224024e+00
-2.022840210190323784e+00
-2.022840210190323784e+00
-2.019504214552080512e+00
-2.008401673458318104e+00
-2.008401673458318104e+00
-2.008401673458318104e+00
-2.008401673458318104e+00
-2.008401673458318104e+00
-1.941727192353203568e+00
-1.941727192353203568e+00
-1.942321586762093544e+00
-1.939609040183568389e+00
-1.939609040183568389e+00
-1.943016131148158410e+00
-1.943016131148158410e+00
-1.943016131148158410e+00
-1.943016131148158410e+00
-1.943016131148158410e+00
-1.943016131148158410e+00
-2.008831841061625489e+00
-2.008831841061625489e+00
-2.008831841061625489e+00
-2.058708559453817699e+00
-2.054383707941135562e+00
-2.152406187163003359e+00
-1.901566847914482050e+00
-1.901566847914482050e+00
-1.901566847914482050e+00
-1.901566847914482050e+00
-1.901566847914482050e+00
-1.927241478692879539e+00
-1.999811214003962778e+00
-1.999811214003962778e+00
-1.977485788404907963e+00
-1.977485788404907963e+00
-1.977485788404907963e+00
-1.977485788404907963e+00
-1.977485788404907963e+00
-1.977485788404907963e+00
-2.017595646502455153e+00
-2.017595646502455153e+00
-1.756572321226338440e+00
-1.756572321226338440e+00
-1.756572321226338440e+00
-1.756572321226338440e+00
-1.756572321226338440e+00
-1.756572321226338440e+00
-1.746996772377267915e+00
-1.741492854966361081e+00
-1.741492854966361081e+00
-1.741492854966361081e+00
-1.741492854966361081e+00
-1.741492854966361081e+00
-1.741492854966361081e+00
-2.041438699038722770e+00
-2.041438699038722770e+00
-2.008042421859487447e+00
-2.008042421859487447e+00
-2.008042421859487447e+00
-2.008042421859487447e+00
-1.991171681838446395e+00
-1.991171681838446395e+00
-1.991171681838446395e+00
-1.991171681838446395e+00
-2.027534741032163801e+00
-2.027534741032163801e+00
-2.007874394721165690e+00
-2.007874394721165690e+00
-2.007874394721165690e+00
-2.007874394721165690e+00
-2.285126064170230009e+00
-2.277345806360674185e+00
-2.277345806360674185e+00
-2.280365304422717454e+00
-2.288018375104157176e+00
-2.278446087979942636e+00
-2.278446087979942636e+00
-2.278446087979942636e+00
-2.070990977387050069e+00
-2.070990977387050069e+00
-2.070990977387050069e+00
-2.070990977387050069e+00
-2.070990977387050069e+00
-2.070990977387050069e+00
-2.070990977387050069e+00
-2.078450006595732535e+00
-2.078450006595732535e+00
-2.084262262049568548e+00
-2.084262262049568548e+00
-2.215385232816172500e+00
-2.215385232816172500e+00
-2.215385232816172500e+00
-2.059322705875323845e+00
-2.059322705875323845e+00
-1.937628364696183381e+00
-2.077795123357890184e+00
-2.077795123357890184e+00
-2.077795123357890184e+00
-2.068942830717759307e+00
-2.079273579610326106e+00
-2.079273579610326106e+00
-2.079273579610326106e+00
-2.064171911030450612e+00
-2.064171911030450612e+00
-2.103042169393998240e+00
-2.103042169393998240e+00
-2.146323612595153030e+00
-2.146323612595153030e+00
-2.146323612595153030e+00
-2.146323612595153030e+00
-2.146323612595153030e+00
-2.146323612595153030e+00
-2.146323612595153030e+00
-2.146323612595153030e+00
-2.146323612595153030e+00
-2.146323612595153030e+00
-2.146323612595153030e+00
-2.144450499314681124e+00
-2.145959627430687355e+00
-2.145959627430687355e+00
-2.145959627430687355e+00
-2.145959627430687355e+00
-2.145959627430687355e+00
-2.145959627430687355e+00
-2.145959627430687355e+00
-2.145959627430687355e+00
-2.145959627430687355e+00
-2.145959627430687355e+00
-2.145959627430687355e+00
-2.133031163182707246e+00
-2.133031163182707246e+00
-2.139337936833551890e+00
-2.139337936833551890e+00
-2.139337936833551890e+00
-2.139337936833551890e+00
-2.139337936833551890e+00
-2.139337936833551890e+00
-2.119748714108843579e+00
-2.119748714108843579e+00
-2.119748714108843579e+00
-2.119748714108843579e+00
-2.136061614028378131e+00
-1.952104318459508603e+00
-1.952104318459508603e+00
-2.010066090417512719e+00
-2.010066090417512719e+00
-2.075316787813315855e+00
-2.082535815552117420e+00
-2.082535815552117420e+00
-2.082535815552117420e+00
-2.082535815552117420e+00
-2.177101915910831131e+00
-2.385789909155802135e+00
-2.385789909155802135e+00
-2.385789909155802135e+00
-2.373018009024311592e+00
-2.373018009024311592e+00
-2.356042058829132202e+00
-2.356042058829132202e+00
-2.350393697727088504e+00
-2.323929964299000339e+00
-2.372263051251117805e+00
-2.367148461813663118e+00
-1.961993613470277786e+00
-1.961993613470277786e+00
-1.961993613470277786e+00
-1.961993613470277786e+00
-1.961993613470277786e+00
-1.961993613470277786e+00
-1.961993613470277786e+00
-1.961993613470277786e+00
-1.961993613470277786e+00
-1.961993613470277786e+00
-1.954372257498197207e+00
-1.954372257498197207e+00
-1.954372257498197207e+00
-1.960166749964894040e+00
-1.960166749964894040e+00
-2.116282921278922036e+00
-2.282336926356531848e+00
-2.282336926356531848e+00
-2.282336926356531848e+00
-2.271586971396749366e+00
-2.090849101206862404e+00
-2.236321135741902832e+00
-2.236321135741902832e+00
-2.236321135741902832e+00
-2.222802201811853173e+00
-2.237990116002460894e+00
-2.237990116002460894e+00
-2.215026677560094637e+00
-2.215026677560094637e+00
-2.185142544402378206e+00
-2.175143002787907065e+00
-2.086854573813629710e+00
-2.086854573813629710e+00
-2.086854573813629710e+00
-2.114204692979897438e+00
-2.114204692979897438e+00
-2.114204692979897438e+00
-2.114204692979897438e+00
-2.125368930643882326e+00
-2.125368930643882326e+00
-2.121719705528282152e+00
-2.121719705528282152e+00
-2.121719705528282152e+00
-2.276365679505854001e+00
-2.276365679505854001e+00
-2.276365679505854001e+00
-2.276365679505854001e+00
-2.048438064787307944e+00
-2.119219823138418501e+00
-2.119219823138418501e+00
-2.119219823138418501e+00
-2.105845715325296297e+00
-2.105845715325296297e+00
-2.105845715325296297e+00
-2.107414993128027714e+00
-2.107414993128027714e+00
-2.083130170344142496e+00
-2.083130170344142496e+00
-2.094768358114870388e+00
-1.837061608323362405e+00
-1.837061608323362405e+00
-1.837061608323362405e+00
-1.831981529346097926e+00
-1.831981529346097926e+00
-1.831981529346097926e+00
-1.831981529346097926e+00
-1.831981529346097926e+00
-2.111353280895230888e+00
-2.111353280895230888e+00
-2.111353280895230888e+00
-2.111353280895230888e+00
-2.111353280895230888e+00
-2.111353280895230888e+00
-2.111353280895230888e+00
-2.111353280895230888e+00
-2.111353280895230888e+00
-2.087882180876012850e+00
-2.087882180876012850e+00
-2.087882180876012850e+00
-2.087882180876012850e+00
-2.087882180876012850e+00
-1.969320571519959540e+00
-1.969320571519959540e+00
-1.969320571519959540e+00
-1.969320571519959540e+00
-1.969320571519959540e+00
-1.993090223773442915e+00
-2.040425027223621068e+00
-2.128023519384107942e+00
-2.128023519384107942e+00
-2.128023519384107942e+00
-2.124508975351639517e+00
-2.124508975351639517e+00
-2.124508975351639517e+00
-2.124508975351639517e+00
-2.124508975351639517e+00
-2.124508975351639517e+00
-2.164024351664733725e+00
-2.164024351664733725e+00
-2.104748948565598354e+00
-2.104748948565598354e+00
-2.104748948565598354e+00
-2.104748948565598354e+00
-2.104748948565598354e+00
-2.104748948565598354e+00
-2.142150590248264486e+00
-2.142150590248264486e+00
-2.142150590248264486e+00
-2.142150590248264486e+00
-2.142150590248264486e+00
-2.142150590248264486e+00
-2.142150590248264486e+00
-2.142150590248264486e+00
-2.142150590248264486e+00
-2.105295468588578078e+00
-2.105295468588578078e+00
-2.108346186480659856e+00
-2.283971091580264456e+00
-2.283971091580264456e+00
-2.283971091580264456e+00
-2.283971091580264456e+00
-2.283971091580264456e+00
-2.294131607085015290e+00
-2.294131607085015290e+00
-2.307652760153412252e+00
-2.331725555987697263e+00
-2.313767139200647804e+00
-2.313767139200647804e+00
-2.313767139200647804e+00
-2.313767139200647804e+00
-2.313767139200647804e+00
-2.313767139200647804e+00
-2.313767139200647804e+00
-2.207949539981994835e+00
-2.164684209233262102e+00
-2.164684209233262102e+00
-2.164684209233262102e+00
-2.031482042210481342e+00
-2.031482042210481342e+00
-2.031482042210481342e+00
-2.009141741914401091e+00
-2.103061949065745395e+00
-2.103061949065745395e+00
-2.119768863695239425e+00
-2.147995539104583962e+00
-2.307236164797315414e+00
-2.307236164797315414e+00
-2.307236164797315414e+00
-2.307236164797315414e+00
-2.307236164797315414e+00
-2.196702821644189285e+00
-2.196702821644189285e+00
-2.196702821644189285e+00
-2.175532195948370440e+00
-2.175532195948370440e+00
-2.175532195948370440e+00
-2.175532195948370440e+00
-2.175532195948370440e+00
-2.138801370308693883e+00
-2.138801370308693883e+00
-2.138801370308693883e+00
-2.138801370308693883e+00
-2.138801370308693883e+00
-2.138801370308693883e+00
-2.138801370308693883e+00
-2.138801370308693883e+00
-2.284174999925834726e+00
-2.021357287591897922e+00
-2.021357287591897922e+00
-2.021357287591897922e+00
-2.042531743879670181e+00
-2.042531743879670181e+00
-2.042531743879670181e+00
-1.870829379165309003e+00
-1.870829379165309003e+00
-1.870829379165309003e+00
-1.870829379165309003e+00
-1.870829379165309003e+00
-1.891473180352009509e+00
-2.198998300011235862e+00
-2.135032794395174793e+00
-2.135032794395174793e+00
-2.135032794395174793e+00
-1.945443474509140902e+00
-1.945443474509140902e+00
-2.019188377962060077e+00
-2.019188377962060077e+00
-2.019188377962060077e+00
-2.019188377962060077e+00
-2.019188377962060077e+00
-2.019188377962060077e+00
-2.019188377962060077e+00
-2.015097931641592677e+00
-1.969918914588987269e+00
-1.969918914588987269e+00
-1.969918914588987269e+00
-2.026876841572538446e+00
-2.026876841572538446e+00
-2.102281795711768986e+00
-2.107087438172081661e+00
-2.100272998983005124e+00
-2.100272998983005124e+00
-2.028525264165129016e+00
-2.028525264165129016e+00
-2.028525264165129016e+00
-2.028525264165129016e+00
-2.028525264165129016e+00
-2.028525264165129016e+00
-2.028525264165129016e+00
-2.028525264165129016e+00
-2.028525264165129016e+00
-2.028525264165129016e+00
-2.303089533187271609e+00
-1.969348951059505248e+00
-1.952033222229452303e+00
-1.952033222229452303e+00
-1.952033222229452303e+00
-1.943968047444079916e+00
-1.943968047444079916e+00
-1.970326914211987024e+00
-1.970326914211987024e+00
-1.921564914292319459e+00
-1.933594728857683576e+00
-1.933594728857683576e+00
-1.933594728857683576e+00
-1.933594728857683576e+00
-1.933594728857683576e+00
-1.933594728857683576e+00
-2.095815950888814339e+00
-2.083080888461881663e+00
-2.083080888461881663e+00
-2.083080888461881663e+00
-2.083080888461881663e+00
-2.083080888461881663e+00
-2.083080888461881663e+00
-2.083080888461881663e+00
-2.066324836194161296e+00
-2.066324836194161296e+00
-2.066324836194161296e+00
-2.066324836194161296e+00
-2.066324836194161296e+00
-2.075927358568575354e+00
-2.337847412608629494e+00
-2.337847412608629494e+00
-2.337847412608629494e+00
-2.314924345384722137e+00
-2.296344534721682873e+00
-2.296344534721682873e+00
-2.296344534721682873e+00
-2.296344534721682873e+00
-2.218566159612023192e+00
-2.218566159612023192e+00
-2.218566159612023192e+00
-2.218566159612023192e+00
-2.211491615825248669e+00
-2.211491615825248669e+00
-2.211491615825248669e+00
-2.222491024117807079e+00
-2.222491024117807079e+00
-2.199301186277086373e+00
-2.192161831095144287e+00
-2.235287084811734548e+00
-2.235287084811734548e+00
-2.044956984088910801e+00
-2.191670878580243009e+00
-2.192240730951466876e+00
-2.192240730951466876e+00
-2.192240730951466876e+00
-2.192240730951466876e+00
-2.192240730951466876e+00
-2.271618270064874601e+00
-2.187398045850159178e+00
-2.187398045850159178e+00
-2.187398045850159178e+00
-2.187398045850159178e+00
-2.187398045850159178e+00
-2.178273692697421993e+00
-2.178273692697421993e+00
-2.178273692697421993e+00
-2.178273692697421993e+00
-2.178273692697421993e+00
-2.178273692697421993e+00
-2.182826822010524026e+00
-1.939027646825386419e+00
-1.939027646825386419e+00
-1.939027646825386419e+00
-1.895630020911754254e+00
-1.895630020911754254e+00
-1.895630020911754254e+00
-1.898028097484300680e+00
-1.912924525636417572e+00
-1.918979816759018853e+00
-1.918979816759018853e+00
-1.918979816759018853e+00
-1.952373422188570018e+00
-1.952373422188570018e+00
-1.952373422188570018e+00
-1.952373422188570018e+00
-1.952373422188570018e+00
-1.952373422188570018e+00
-1.960129987883639346e+00
-1.933412518288728732e+00
-2.123275659217944256e+00
-2.123275659217944256e+00
-2.123275659217944256e+00
-2.123275659217944256e+00
-2.147757172188291985e+00
-1.984096031663584947e+00
-1.979536790293670911e+00
-1.979536790293670911e+00
-1.979536790293670911e+00
-1.979536790293670911e+00
-1.979536790293670911e+00
-1.979536790293670911e+00
-2.234672404784275201e+00
-2.174398382806252972e+00
-2.194436031929007935e+00
-2.194624920183731565e+00
-2.039997435780910084e+00
-2.015068126672530102e+00
-2.015068126672530102e+00
-2.015068126672530102e+00
-2.015068126672530102e+00
-2.015068126672530102e+00
-2.015068126672530102e+00
-2.015068126672530102e+00
-2.015068126672530102e+00
-2.015068126672530102e+00
-2.015068126672530102e+00
-2.015068126672530102e+00
-2.018744530591703334e+00
-2.018744530591703334e+00
-2.031852424846242844e+00
-2.031852424846242844e+00
-2.031852424846242844e+00
-2.038890716980394036e+00
-1.934758135678198876e+00
-1.934758135678198876e+00
-1.934758135678198876e+00
-1.946813901121807744e+00
-1.946813901121807744e+00
-1.946813901121807744e+00
-1.814237112507406158e+00
-1.736289838682160136e+00
-1.713336874219324679e+00
-1.690738447420786938e+00
-1.690738447420786938e+00
-1.688762155329701420e+00
-1.688762155329701420e+00
-1.688762155329701420e+00
-1.800975372830980747e+00
-1.800975372830980747e+00
-1.800975372830980747e+00
-1.800975372830980747e+00
-1.800975372830980747e+00
-1.800975372830980747e+00
-1.800975372830980747e+00
-1.819115756472688306e+00
-1.819115756472688306e+00
-1.808745752517741279e+00
-2.038881017729389900e+00
-2.038881017729389900e+00
-2.038881017729389900e+00
-1.930167704833156250e+00
-1.930167704833156250e+00
-1.930167704833156250e+00
-1.930167704833156250e+00
-2.139692476684183831e+00
-2.124756412406460626e+00
-2.124756412406460626e+00
-2.124756412406460626e+00
-2.124756412406460626e+00
-2.124756412406460626e+00
-2.153328598082253631e+00
-2.153328598082253631e+00
-2.222473491337499496e+00
-2.100552955174315617e+00
-2.019275184009496016e+00
-1.942073090491640119e+00
-1.942073090491640119e+00
-1.942073090491640119e+00
-1.942073090491640119e+00
-1.953685445820263489e+00
-1.953685445820263489e+00
-1.953685445820263489e+00
-1.953685445820263489e+00
-1.951017337547604313e+00
-1.804430596895916006e+00
-1.770934222825347515e+00
-1.770934222825347515e+00
-1.770934222825347515e+00
-1.750042642780705648e+00
-1.922338289548099599e+00
-1.922338289548099599e+00
-1.990884638561728703e+00
-1.990884638561728703e+00
-1.990884638561728703e+00
-1.990884638561728703e+00
-1.990884638561728703e+00
-1.990884638561728703e+00
-1.990884638561728703e+00
-1.926744242472493429e+00
-1.926744242472493429e+00
-1.926744242472493429e+00
-1.926744242472493429e+00
-1.926744242472493429e+00
-1.926744242472493429e+00
-1.926744242472493429e+00
-1.926744242472493429e+00
-1.926744242472493429e+00
-1.926744242472493429e+00
-1.926744242472493429e+00
-1.953237755740735659e+00
-1.953237755740735659e+00
-1.953237755740735659e+00
-1.953237755740735659e+00
-1.953237755740735659e+00
-1.953237755740735659e+00
-1.953237755740735659e+00
-1.953237755740735659e+00
-1.953237755740735659e+00
-1.953237755740735659e+00
-1.953237755740735659e+00
-1.895873311018833274e+00
-1.958327952720450460e+00
-1.958327952720450460e+00
-1.958327952720450460e+00
-1.958327952720450460e+00
-1.958327952720450460e+00
-1.958327952720450460e+00
-1.900602801830223010e+00
-1.888769708102874034e+00
-1.888769708102874034e+00
-1.888769708102874034e+00
-2.001121033099795277e+00
-2.001121033099795277e+00
-2.001121033099795277e+00
-2.001121033099795277e+00
-2.060944674101428564e+00
-2.060944674101428564e+00
