# Variable: dg_gbvi_00000337
# Sample shape: (1000,)
# Date: 2013-03-07 22:55:08.780349
-8.238261103307991107e+00
-6.515693052520916240e+00
-4.137106786432495298e+00
-3.689932437697151180e+00
-4.485565037280965228e+00
-4.553382849727050541e+00
-4.470264405880170600e+00
-5.270726041186876820e+00
-5.093462811244378941e+00
-5.062120486648409745e+00
-5.118391503058883352e+00
-5.113547617190337569e+00
-4.934094801436147648e+00
-4.584103491871959868e+00
-4.547725382525468873e+00
-4.547725382525468873e+00
-4.591693293465832326e+00
-4.591693293465832326e+00
-4.646371801562622750e+00
-4.652956579475922894e+00
-4.672942835769330117e+00
-4.717749705898190982e+00
-4.717742247335627859e+00
-4.672612964572674166e+00
-4.672612964572674166e+00
-4.771597774676505921e+00
-4.810805298463234791e+00
-4.647554853341941516e+00
-4.864092479161220339e+00
-4.864092479161220339e+00
-5.131643741624458244e+00
-5.057049044182313935e+00
-4.916136988761682147e+00
-4.916136988761682147e+00
-4.916136988761682147e+00
-4.916136988761682147e+00
-5.034243598571445766e+00
-5.034243598571445766e+00
-4.949222300487890358e+00
-4.942354744381748155e+00
-4.942354744381748155e+00
-4.957166510273023796e+00
-4.957166510273023796e+00
-4.957166510273023796e+00
-4.999673056069095622e+00
-4.999673056069095622e+00
-4.993911670390499324e+00
-4.970281650497595294e+00
-4.970324334533676058e+00
-4.967458305764036908e+00
-4.967458305764036908e+00
-5.069347855749631648e+00
-5.069347855749631648e+00
-4.871219477064077097e+00
-4.866279061718270960e+00
-5.002216237810030997e+00
-5.002216237810030997e+00
-5.008654343206303317e+00
-4.999958012213959968e+00
-4.999958012213959968e+00
-4.980425546430606865e+00
-4.980425546430606865e+00
-4.980425546430606865e+00
-4.980425546430606865e+00
-4.963168896797303553e+00
-4.992091780259001688e+00
-4.992091780259001688e+00
-4.956680292597137161e+00
-4.956680292597137161e+00
-4.991198606487469824e+00
-4.983688475179739008e+00
-4.916598126049569473e+00
-4.887886411577139434e+00
-4.924290102314308193e+00
-4.924290102314308193e+00
-4.924290102314308193e+00
-4.908212826495764070e+00
-4.908212826495764070e+00
-4.908212826495764070e+00
-4.986701425281763633e+00
-4.986701425281763633e+00
-4.986701425281763633e+00
-4.996756045708492522e+00
-5.020711839498480877e+00
-5.020711839498480877e+00
-4.956965984068023801e+00
-4.869952076456255163e+00
-4.850550608005852915e+00
-4.974473934430654332e+00
-4.935067313225182772e+00
-4.782782019181469835e+00
-4.782782019181469835e+00
-4.818002236560421814e+00
-4.896832518888506236e+00
-4.906123453109419330e+00
-4.906123453109419330e+00
-4.912172502634605031e+00
-4.912172502634605031e+00
-4.912172502634605031e+00
-4.969601158536312902e+00
-4.969601158536312902e+00
-5.165240602262960223e+00
-5.165240602262960223e+00
-5.001351740274406765e+00
-5.001351740274406765e+00
-4.932018050437752876e+00
-5.095302879721925748e+00
-5.011628924313219713e+00
-5.011628924313219713e+00
-5.011628924313219713e+00
-5.136555590825359729e+00
-5.136555590825359729e+00
-5.136555590825359729e+00
-4.956314855947234754e+00
-4.983068528162505118e+00
-5.105736111186110371e+00
-5.105736111186110371e+00
-5.105736111186110371e+00
-4.980826574825273134e+00
-4.968239237920323959e+00
-5.140047442287607460e+00
-5.140047442287607460e+00
-5.119699607580677103e+00
-5.157997283398742638e+00
-5.157997283398742638e+00
-4.961532693630616109e+00
-4.953483926782423552e+00
-4.953483926782423552e+00
-5.012080376704918905e+00
-5.021269994928614366e+00
-5.021269994928614366e+00
-5.111566744008411156e+00
-4.958777024141686418e+00
-4.963781096889673172e+00
-4.941884883034218134e+00
-4.941884883034218134e+00
-4.930680698696768616e+00
-4.899443278906851162e+00
-4.808838284261886642e+00
-4.952141957865561217e+00
-4.993407535920875162e+00
-4.969296194304273939e+00
-5.000514125838171786e+00
-5.000514125838171786e+00
-4.934511018481638978e+00
-5.150362375737053355e+00
-5.212634741860755483e+00
-4.888992406319217388e+00
-5.023114120083071121e+00
-5.072913984257888309e+00
-5.069672034640710478e+00
-5.069672034640710478e+00
-5.067679661677018110e+00
-5.134096900169277333e+00
-5.134096900169277333e+00
-5.147897854310843790e+00
-4.925707529357156389e+00
-4.984041184579139916e+00
-5.054752115352323827e+00
-4.967793086192885177e+00
-4.967793086192885177e+00
-4.967793086192885177e+00
-4.967793086192885177e+00
-4.978718656019996303e+00
-5.159427483120911262e+00
-5.159427483120911262e+00
-5.159427483120911262e+00
-5.126162326760012711e+00
-5.126162326760012711e+00
-4.984499011557298687e+00
-4.929634908283389905e+00
-4.961713476932964717e+00
-4.979298273735617286e+00
-4.979298273735617286e+00
-4.979298273735617286e+00
-4.938646798600900389e+00
-4.994268302971944351e+00
-4.920286093267162819e+00
-4.845134314671586395e+00
-4.845134314671586395e+00
-4.889071468393009212e+00
-4.985745310603138414e+00
-4.985745310603138414e+00
-4.985745310603138414e+00
-4.985745310603138414e+00
-4.985745310603138414e+00
-4.892463495528997619e+00
-4.829107011466224009e+00
-4.829107011466224009e+00
-4.829107011466224009e+00
-5.092029188540503348e+00
-5.092029188540503348e+00
-5.202866222105977378e+00
-5.146943143511899521e+00
-5.142987968035703794e+00
-5.126018941627573433e+00
-4.996807659012420189e+00
-5.005041823746526397e+00
-4.996830702276094271e+00
-4.996830702276094271e+00
-5.004553221023724241e+00
-4.911449736166286328e+00
-4.911449736166286328e+00
-4.999621108314624252e+00
-4.999621108314624252e+00
-4.987987594588302542e+00
-4.987987594588302542e+00
-5.079512571673233445e+00
-5.007157471512090119e+00
-4.895521858779148694e+00
-4.988623227682087879e+00
-5.005369784760182128e+00
-4.990458697616809935e+00
-4.970733602819385588e+00
-4.980323901281127341e+00
-4.917910870311096083e+00
-4.985347846409907469e+00
-4.971059691621423582e+00
-5.000977681846207723e+00
-5.000977681846207723e+00
-5.000977681846207723e+00
-5.000977681846207723e+00
-5.026892212963661954e+00
-5.026892212963661954e+00
-5.026892212963661954e+00
-5.026892212963661954e+00
-5.026892212963661954e+00
-5.026892212963661954e+00
-5.026892212963661954e+00
-4.985416235384157346e+00
-4.985416235384157346e+00
-4.981453517040201007e+00
-5.019603829927398841e+00
-5.019603829927398841e+00
-5.115622620577086721e+00
-5.115622620577086721e+00
-5.037094786395880597e+00
-5.053303852233326232e+00
-5.095765659990534324e+00
-5.103378636908739274e+00
-5.082153296371529905e+00
-5.157522440679612075e+00
-4.975249697438408170e+00
-4.975249697438408170e+00
-4.922767598657573629e+00
-4.951012807795154735e+00
-4.906644837564485329e+00
-5.000601000891154335e+00
-5.000601000891154335e+00
-5.000601000891154335e+00
-5.000601000891154335e+00
-4.918093984180151423e+00
-4.938012719271017481e+00
-4.938012719271017481e+00
-5.004919100441767910e+00
-5.005505418793329220e+00
-5.005505418793329220e+00
-4.936130267280169903e+00
-4.936130267280169903e+00
-4.936130267280169903e+00
-5.033372655337731594e+00
-5.046359679643757978e+00
-5.046746152695742005e+00
-5.046746152695742005e+00
-5.017066648753660374e+00
-5.017066648753660374e+00
-5.083998274143040952e+00
-5.083998274143040952e+00
-5.083998274143040952e+00
-5.011230989447047257e+00
-5.011230989447047257e+00
-4.978016679623032736e+00
-4.978016679623032736e+00
-4.978016679623032736e+00
-4.868470239378789977e+00
-4.868470239378789977e+00
-4.868470239378789977e+00
-4.880495865148240853e+00
-4.828588012735349544e+00
-4.828588012735349544e+00
-4.828588012735349544e+00
-4.874077664972070956e+00
-4.868326324465381383e+00
-4.879730891962076988e+00
-4.879730891962076988e+00
-4.892938567436697639e+00
-5.138964022266862663e+00
-5.138964022266862663e+00
-5.058263024554445764e+00
-5.058263024554445764e+00
-5.058263024554445764e+00
-5.019979400856875884e+00
-5.040486988539748303e+00
-5.040486988539748303e+00
-5.040486988539748303e+00
-5.049637270881816242e+00
-5.077137836379383096e+00
-5.017097262089409426e+00
-4.971276999570235056e+00
-4.995973961184815515e+00
-4.980183518648250818e+00
-4.980183518648250818e+00
-5.033557259226292935e+00
-4.949339657571771411e+00
-4.934463654676937594e+00
-4.927230852991470123e+00
-4.856957932946825984e+00
-4.914359486258636167e+00
-5.085324658126399555e+00
-5.080193180245947460e+00
-5.103985857131263515e+00
-5.088289511139794996e+00
-5.088289511139794996e+00
-5.088289511139794996e+00
-5.088289511139794996e+00
-4.975011873504472604e+00
-4.975011873504472604e+00
-4.936759755867125676e+00
-4.936759755867125676e+00
-4.949627915090708541e+00
-5.090233525882301713e+00
-5.090233525882301713e+00
-5.090233525882301713e+00
-5.090233525882301713e+00
-5.034864256599465016e+00
-5.029445152559655519e+00
-5.023521745031700902e+00
-5.023521745031700902e+00
-4.794461131145059340e+00
-4.777693921062649451e+00
-4.882045563675535327e+00
-4.882045563675535327e+00
-4.816320348127051787e+00
-4.778716660925978132e+00
-4.778716660925978132e+00
-4.823292485423020359e+00
-4.941224553717239232e+00
-5.030398101525043408e+00
-4.598557851632358862e+00
-4.986547842187850854e+00
-4.760380930621397333e+00
-4.760380930621397333e+00
-4.746654111159179124e+00
-4.683296373476601104e+00
-4.799193457000440866e+00
-4.806589502310109729e+00
-4.660487462527410862e+00
-4.660487462527410862e+00
-4.660487462527410862e+00
-4.744225955061896371e+00
-4.697274594869608855e+00
-4.714019385298553466e+00
-4.731482725226795694e+00
-4.727480342753446863e+00
-4.727480342753446863e+00
-4.797965225445373072e+00
-4.797965225445373072e+00
-4.802423718859466284e+00
-4.786313272859646695e+00
-4.786313272859646695e+00
-4.786313272859646695e+00
-4.712062572503789681e+00
-4.799399863359086638e+00
-4.799399863359086638e+00
-4.835076993838264947e+00
-4.748067380021840478e+00
-4.748067380021840478e+00
-4.651701523591742493e+00
-4.651701523591742493e+00
-4.651701523591742493e+00
-4.678816199116802466e+00
-4.678816199116802466e+00
-4.759413122202470703e+00
-4.768054283379655978e+00
-4.768054283379655978e+00
-4.768054283379655978e+00
-4.952430231182987974e+00
-4.962617616073391247e+00
-4.962617616073391247e+00
-4.878544544478177869e+00
-4.878544544478177869e+00
-4.855718393746299100e+00
-4.855718393746299100e+00
-4.854856083275326917e+00
-4.907519382580888490e+00
-4.907519382580888490e+00
-4.883119943561231580e+00
-4.817452043892014757e+00
-4.837757651025060390e+00
-4.837757651025060390e+00
-4.817355353807568186e+00
-4.852161466826860448e+00
-4.829969510042148251e+00
-4.809212982252443425e+00
-4.879785187674579028e+00
-4.856267709476965067e+00
-5.048299105801985931e+00
-5.048299105801985931e+00
-5.048299105801985931e+00
-5.032472879537674970e+00
-4.979801549442295361e+00
-4.989042626004825287e+00
-4.989042626004825287e+00
-4.992180908794072280e+00
-4.982615065874075988e+00
-4.909710751239318327e+00
-4.948461150707078815e+00
-4.951291795083709424e+00
-4.938374017587803699e+00
-4.910505047941827073e+00
-4.926730407291347369e+00
-4.926730407291347369e+00
-4.926730407291347369e+00
-4.926730407291347369e+00
-4.885963525410286223e+00
-4.885963525410286223e+00
-4.920454104359945902e+00
-4.950553738008204974e+00
-4.950553738008204974e+00
-4.769018300022905166e+00
-4.748479544866025748e+00
-4.748479544866025748e+00
-4.977468161634421406e+00
-4.977468161634421406e+00
-4.977468161634421406e+00
-4.977468161634421406e+00
-4.977468161634421406e+00
-4.994045141908643792e+00
-5.026543797126229229e+00
-5.026543797126229229e+00
-4.921026837438899904e+00
-4.921026837438899904e+00
-4.889559149160092488e+00
-4.891751304866388317e+00
-4.892653011959239073e+00
-4.902464341580015095e+00
-4.913628467470579686e+00
-4.913628467470579686e+00
-4.843823131688728800e+00
-4.856645200223227654e+00
-4.856645200223227654e+00
-4.856645200223227654e+00
-4.866657810601769718e+00
-4.866657810601769718e+00
-4.796346193249893197e+00
-4.788422818658235158e+00
-4.788422818658235158e+00
-4.788422818658235158e+00
-4.788422818658235158e+00
-4.788422818658235158e+00
-4.788422818658235158e+00
-4.797403635925529208e+00
-4.797403635925529208e+00
-4.788466611501086767e+00
-4.788466611501086767e+00
-4.788466611501086767e+00
-4.915944396022035257e+00
-4.884956155521748222e+00
-4.884956155521748222e+00
-4.884956155521748222e+00
-4.884956155521748222e+00
-5.056896080870576071e+00
-5.034182423903240888e+00
-4.927923497000513464e+00
-4.927923497000513464e+00
-4.927923497000513464e+00
-4.869021773444206502e+00
-4.869021773444206502e+00
-4.866954857162682835e+00
-4.866534354826088205e+00
-4.848970299123750216e+00
-4.884706243924013869e+00
-5.013704083181525384e+00
-5.013704083181525384e+00
-5.013704083181525384e+00
-5.001016923953286231e+00
-5.001016923953286231e+00
-5.001016923953286231e+00
-5.035571858254620281e+00
-4.826373959926018031e+00
-4.821613335792699573e+00
-4.821613335792699573e+00
-4.856443205678974806e+00
-4.889697927297296687e+00
-4.856293888802623471e+00
-4.627780990455484300e+00
-4.676436669142676195e+00
-4.676436669142676195e+00
-4.676436669142676195e+00
-4.705003891932482141e+00
-4.705003891932482141e+00
-4.758172374221790513e+00
-4.752291108695581023e+00
-4.752291108695581023e+00
-4.752291108695581023e+00
-4.723703043746077412e+00
-5.048412265769552043e+00
-5.048412265769552043e+00
-4.968279853711680794e+00
-4.898738922190994494e+00
-4.991571258976518877e+00
-5.013058322412078383e+00
-5.013058322412078383e+00
-4.965195057131332135e+00
-4.965195057131332135e+00
-4.965195057131332135e+00
-4.961010085073600528e+00
-4.952111527893422682e+00
-4.952111527893422682e+00
-4.985599523356143870e+00
-4.985599523356143870e+00
-4.999637217606967887e+00
-4.999637217606967887e+00
-4.999637217606967887e+00
-4.862788982017455020e+00
-4.869692695847466446e+00
-4.848961549155796469e+00
-4.848961549155796469e+00
-4.813026406850763550e+00
-4.813026406850763550e+00
-4.816943043073005803e+00
-4.816943043073005803e+00
-4.816943043073005803e+00
-4.816943043073005803e+00
-4.816943043073005803e+00
-4.816943043073005803e+00
-4.757800007778047124e+00
-4.757800007778047124e+00
-4.786651210014809976e+00
-4.786651210014809976e+00
-5.134963855575757741e+00
-5.119204410490705293e+00
-5.119204410490705293e+00
-5.119204410490705293e+00
-4.904111034613277020e+00
-4.957638406344343274e+00
-4.957638406344343274e+00
-4.957638406344343274e+00
-5.032070614538341147e+00
-5.071951805282853165e+00
-5.071951805282853165e+00
-5.095476215428016431e+00
-5.095476215428016431e+00
-5.095476215428016431e+00
-5.018675965589999954e+00
-5.018675965589999954e+00
-5.018675965589999954e+00
-5.018675965589999954e+00
-4.873379451125332551e+00
-4.963024591535408092e+00
-5.080500206467400304e+00
-5.134619987345994119e+00
-5.132011958191154299e+00
-5.110441505445527000e+00
-5.060258720548351796e+00
-5.060258720548351796e+00
-5.034646086386782571e+00
-4.913007726972978162e+00
-5.184752087285216859e+00
-5.141403360079205065e+00
-5.038234625554756541e+00
-5.096824372522632984e+00
-5.096824372522632984e+00
-5.019755766994479451e+00
-5.019755766994479451e+00
-5.016890381071418048e+00
-5.016890381071418048e+00
-5.016890381071418048e+00
-5.016890381071418048e+00
-5.085768292484237563e+00
-5.051539872230629058e+00
-5.070198692998744150e+00
-5.070198692998744150e+00
-5.096222450980007146e+00
-5.096222450980007146e+00
-5.049695640096685700e+00
-5.049695640096685700e+00
-5.049695640096685700e+00
-4.795589913950474958e+00
-4.810371404506712523e+00
-4.764124060868981658e+00
-4.801347555667020650e+00
-4.801347555667020650e+00
-4.801347555667020650e+00
-4.972337211893537834e+00
-4.972580252478096874e+00
-4.972580252478096874e+00
-4.869432013032206186e+00
-4.858174257791055162e+00
-4.867376172111389288e+00
-4.849513974398220739e+00
-4.811669447338055683e+00
-4.811669447338055683e+00
-4.811669447338055683e+00
-4.934158220145427265e+00
-4.934158220145427265e+00
-4.933727775795266446e+00
-4.885886363280589784e+00
-4.935885917669295964e+00
-4.935885917669295964e+00
-4.919542694322061038e+00
-4.919542694322061038e+00
-4.919542694322061038e+00
-4.958915304732637530e+00
-4.913599431836190412e+00
-4.933677082133171687e+00
-4.933677082133171687e+00
-4.933677082133171687e+00
-4.961370946719918074e+00
-4.961370946719918074e+00
-4.961370946719918074e+00
-4.901607007410939687e+00
-4.901607007410939687e+00
-5.028784224809206727e+00
-5.035796746666504120e+00
-4.983221772831432972e+00
-4.974303060811886112e+00
-4.974303060811886112e+00
-5.026349063063733524e+00
-4.943266855385984648e+00
-4.943266855385984648e+00
-4.943266855385984648e+00
-4.908188907170362825e+00
-4.895314653753313650e+00
-4.895314653753313650e+00
-4.895314653753313650e+00
-4.889582336322105149e+00
-5.008863321095475385e+00
-4.992928022170048941e+00
-4.992928022170048941e+00
-5.010448409592176411e+00
-5.029573454938821797e+00
-5.029573454938821797e+00
-5.029573454938821797e+00
-4.944768702023256246e+00
-4.976740015734427480e+00
-4.872271428114868463e+00
-4.872271428114868463e+00
-4.925887986409071218e+00
-5.021289135786672908e+00
-4.801423747674258280e+00
-4.750802503966235157e+00
-4.866403501358561812e+00
-4.866403501358561812e+00
-4.866863546572928634e+00
-4.866863546572928634e+00
-4.860486772228488128e+00
-4.872545621435915741e+00
-4.824990570229401143e+00
-4.824990570229401143e+00
-4.824990570229401143e+00
-4.807329074571475402e+00
-4.981106799105232241e+00
-4.981106799105232241e+00
-4.981106799105232241e+00
-4.981106799105232241e+00
-4.986549784480376779e+00
-5.089750425690093394e+00
-5.108962703213963508e+00
-4.940501245086832860e+00
-4.846534163049263100e+00
-4.846534163049263100e+00
-4.960124886595803417e+00
-4.960124886595803417e+00
-4.909497083602316181e+00
-4.898781483141039672e+00
-4.898781483141039672e+00
-4.898781483141039672e+00
-4.898781483141039672e+00
-4.898781483141039672e+00
-4.898781483141039672e+00
-4.917729924727460400e+00
-4.942010431379617152e+00
-4.942010431379617152e+00
-4.777266055434290060e+00
-4.847257463652099752e+00
-4.834353004512762730e+00
-4.832547497706054074e+00
-4.775580725373737678e+00
-4.818093651967265245e+00
-4.818093651967265245e+00
-4.811857372810913525e+00
-4.874073524197124918e+00
-4.874073524197124918e+00
-4.933892966769725774e+00
-5.040394329537133622e+00
-4.955058569094351384e+00
-4.955058569094351384e+00
-4.955058569094351384e+00
-4.955058569094351384e+00
-4.955058569094351384e+00
-4.955058569094351384e+00
-4.955058569094351384e+00
-4.955058569094351384e+00
-5.031401007264758363e+00
-5.077301766924263049e+00
-5.067951729016704654e+00
-5.107227597171752009e+00
-5.102943145489464705e+00
-5.102943145489464705e+00
-5.005356680336030983e+00
-5.044531408004329975e+00
-4.966034411084016220e+00
-5.083917432710805429e+00
-5.029033053794342401e+00
-5.047157222131414045e+00
-5.047157222131414045e+00
-5.037261296392402166e+00
-5.014330075573303347e+00
-5.014330075573303347e+00
-5.032469974136497548e+00
-5.032469974136497548e+00
-5.029984954934827002e+00
-4.956485849709677538e+00
-4.956485849709677538e+00
-4.996475430484161429e+00
-4.937044201985669289e+00
-4.937044201985669289e+00
-4.927945290533116918e+00
-4.927945290533116918e+00
-4.927945290533116918e+00
-4.927945290533116918e+00
-4.927945290533116918e+00
-4.927945290533116918e+00
-4.927945290533116918e+00
-4.927945290533116918e+00
-4.963957053415835929e+00
-4.759347230975510712e+00
-4.845002405507212728e+00
-4.827616867362535480e+00
-4.885095392934927894e+00
-4.897094763807583462e+00
-4.897094763807583462e+00
-4.897094763807583462e+00
-4.852642802563490676e+00
-4.852642802563490676e+00
-4.852642802563490676e+00
-4.869229148484968128e+00
-4.960199646810550256e+00
-5.051639600687152232e+00
-4.769764481424261682e+00
-4.781078304014081404e+00
-4.781078304014081404e+00
-4.745387098964099160e+00
-4.745387098964099160e+00
-5.070356834693073189e+00
-5.028777429377044861e+00
-5.028777429377044861e+00
-5.028777429377044861e+00
-5.181133137109308784e+00
-5.181133137109308784e+00
-5.181133137109308784e+00
-5.162818681749464567e+00
-4.960535354653443640e+00
-4.666613888033767310e+00
-4.666613888033767310e+00
-4.921635792589795777e+00
-4.921635792589795777e+00
-4.908747882497957349e+00
-4.940934210098117951e+00
-4.910421195123650939e+00
-4.909221151710748465e+00
-4.837438956595712547e+00
-4.837438956595712547e+00
-4.884558043233315772e+00
-4.884558043233315772e+00
-4.890242345821918413e+00
-4.890242345821918413e+00
-4.890242345821918413e+00
-4.867354761738118540e+00
-4.867354761738118540e+00
-4.933677190435912685e+00
-5.004434199593663202e+00
-4.877481382327464310e+00
-4.799946741775932502e+00
-4.799946741775932502e+00
-4.764520220285883845e+00
-4.821203196940048841e+00
-4.859262688710101585e+00
-5.070720572449761931e+00
-5.011522176669692463e+00
-4.983101845654550388e+00
-4.936004679483976254e+00
-4.936004679483976254e+00
-4.936004679483976254e+00
-4.936004679483976254e+00
-4.936004679483976254e+00
-4.936004679483976254e+00
-5.002328523276009520e+00
-4.749185641321358453e+00
-4.749185641321358453e+00
-4.749185641321358453e+00
-4.749185641321358453e+00
-4.702903685260816147e+00
-4.708087561226038886e+00
-4.708087561226038886e+00
-4.709611776597864008e+00
-4.709611776597864008e+00
-4.716679914397229112e+00
-4.716679914397229112e+00
-4.716679914397229112e+00
-4.717067678153281207e+00
-4.830624961580257448e+00
-4.830624961580257448e+00
-4.870131730152453819e+00
-4.794047902846431342e+00
-4.711145699236738871e+00
-4.711145699236738871e+00
-4.711145699236738871e+00
-4.711145699236738871e+00
-4.691135990926447619e+00
-4.780746799817271686e+00
-4.696415982476196405e+00
-4.692750800073084427e+00
-4.677811144401934129e+00
-4.677811144401934129e+00
-4.679971027909702208e+00
-4.762819260913247810e+00
-4.762819260913247810e+00
-4.682631500387875789e+00
-4.650776047839445759e+00
-4.843198814097472216e+00
-4.843198814097472216e+00
-4.712318735290867977e+00
-4.750063188420666549e+00
-4.750063188420666549e+00
-4.716208592440380265e+00
-4.716208592440380265e+00
-4.702801497159020627e+00
-4.702801497159020627e+00
-4.723222615520115575e+00
-4.837766139828517886e+00
-4.837766139828517886e+00
-4.837766139828517886e+00
-4.779407078847221158e+00
-4.782900248768903850e+00
-4.742187832663407043e+00
-4.784756457552168385e+00
-4.762846805756073110e+00
-4.762846805756073110e+00
-4.762846805756073110e+00
-4.762846805756073110e+00
-4.796842570872419387e+00
-4.855012194732594821e+00
-4.855012194732594821e+00
-4.855012194732594821e+00
-4.763270791116351432e+00
-4.763270791116351432e+00
-4.763270791116351432e+00
-4.773987349623872944e+00
-4.773987349623872944e+00
-4.797944789735916871e+00
-4.797944789735916871e+00
-4.797944789735916871e+00
-4.800393672741300577e+00
-4.800393672741300577e+00
-4.752575541240858570e+00
-4.752575541240858570e+00
-4.752575541240858570e+00
-4.749539762128843101e+00
-4.772986205752913769e+00
-4.679290117195848531e+00
-4.708703801159812130e+00
-4.697919073429679848e+00
-4.697919073429679848e+00
-4.697919073429679848e+00
-4.719240631947855924e+00
-4.719240631947855924e+00
-4.645700342325502774e+00
-4.645700342325502774e+00
-4.645700342325502774e+00
-4.667850380264929377e+00
-4.667850380264929377e+00
-4.667850380264929377e+00
-4.839164436852930073e+00
-5.046180286307173191e+00
-5.046180286307173191e+00
-5.047023623412846050e+00
-5.085555258623971397e+00
-5.012272084829437979e+00
-5.012272084829437979e+00
-5.012272084829437979e+00
-5.012272084829437979e+00
-5.012272084829437979e+00
-5.012272084829437979e+00
-5.008502509382768864e+00
-5.008502509382768864e+00
-4.993450501662201724e+00
-4.993450501662201724e+00
-4.993450501662201724e+00
-5.009656741279958858e+00
-5.009656741279958858e+00
-5.067438660743529333e+00
-5.067438660743529333e+00
-5.067438660743529333e+00
-5.098464699049856996e+00
-5.147072920614250258e+00
-5.147072920614250258e+00
-5.147072920614250258e+00
-5.200216869932657637e+00
-5.200216869932657637e+00
-5.200216869932657637e+00
-5.179885093424626774e+00
-5.233065519656035391e+00
-5.083936638813243647e+00
-5.009707398403283385e+00
-5.009707398403283385e+00
-5.000976253872426724e+00
-5.000976253872426724e+00
-4.828350734578395809e+00
-5.039756767587251218e+00
-4.946163881980697674e+00
-4.970312943640730730e+00
-4.970312943640730730e+00
-4.970312943640730730e+00
-4.970312943640730730e+00
-4.970312943640730730e+00
-4.970312943640730730e+00
-5.025444394601259468e+00
-4.890613385362995835e+00
-4.890613385362995835e+00
-4.890613385362995835e+00
-4.890613385362995835e+00
-4.863068632253139789e+00
-4.863068632253139789e+00
-4.863068632253139789e+00
-4.863068632253139789e+00
-4.952254619838262428e+00
-4.806903459869324102e+00
-4.806903459869324102e+00
-4.806903459869324102e+00
-4.806903459869324102e+00
-4.806903459869324102e+00
-4.613084681251747199e+00
-4.613084681251747199e+00
-4.483085020193617432e+00
-4.621117417119242177e+00
-4.600460242001900291e+00
-4.583180749733394954e+00
-4.610717267994242974e+00
-4.610717267994242974e+00
-4.587457281624327088e+00
-4.638893624083025635e+00
-4.638893624083025635e+00
-4.657767446370990605e+00
-4.657767446370990605e+00
-4.645949195297405687e+00
-4.608693400408766294e+00
-4.726496874445438756e+00
-4.720669984102520367e+00
-4.734850078212739177e+00
-4.642311877712550938e+00
-4.568598426558378556e+00
-4.568598426558378556e+00
-4.579972371269729337e+00
-4.579972371269729337e+00
-4.695569272277356099e+00
-4.695569272277356099e+00
-4.695569272277356099e+00
-4.695569272277356099e+00
-4.666783461661775156e+00
-4.651156590550872494e+00
-4.651156590550872494e+00
-4.651156590550872494e+00
-4.651156590550872494e+00
-4.653764865076023050e+00
-4.731877775162275590e+00
-4.731877775162275590e+00
-4.731877775162275590e+00
-4.731877775162275590e+00
-4.746302933771341159e+00
-4.746302933771341159e+00
-4.771816613316690159e+00
-4.771816613316690159e+00
-4.765325443979443243e+00
-4.871796174623845843e+00
-4.871796174623845843e+00
-4.900428482141144571e+00
-4.900428482141144571e+00
-4.900428482141144571e+00
-4.900428482141144571e+00
-4.937998043202691534e+00
-4.988199585195784991e+00
-4.767863901198164278e+00
-5.001586034627227839e+00
-5.011757593076876738e+00
-5.011757593076876738e+00
-5.026116056873121352e+00
-5.026116056873121352e+00
-5.026116056873121352e+00
-4.938932793355002460e+00
-4.938932793355002460e+00
-4.938932793355002460e+00
-4.832070865195405851e+00
-4.860625548251617190e+00
-4.860625548251617190e+00
-4.860625548251617190e+00
-4.860625548251617190e+00
-4.801379695030783878e+00
-4.801379695030783878e+00
