# Variable: dg_gbvi_00000307
# Sample shape: (1000,)
# Date: 2013-03-07 22:55:07.152870
-1.050392041240790597e+01
-7.577311109877966189e+00
-6.949098401576117467e+00
-6.255559860006364659e+00
-6.749136376573937390e+00
-6.574539336302779091e+00
-2.983069435158007376e+00
-5.032253464816437649e+00
-4.816542589643416861e+00
-4.612248039760681984e+00
-4.612248039760681984e+00
-4.612248039760681984e+00
-4.750102174812662170e+00
-4.436671037279803720e+00
-4.436671037279803720e+00
-4.436671037279803720e+00
-4.436671037279803720e+00
-4.436671037279803720e+00
-4.503094156675230941e+00
-4.503094156675230941e+00
-4.514617032832084931e+00
-4.576204573103152207e+00
-4.576204573103152207e+00
-4.576204573103152207e+00
-4.576204573103152207e+00
-4.576204573103152207e+00
-4.629922272783870696e+00
-4.629922272783870696e+00
-4.851911918037894011e+00
-4.851911918037894011e+00
-5.024595945773887351e+00
-5.015606997138901235e+00
-4.823781917545128195e+00
-4.823781917545128195e+00
-4.823781917545128195e+00
-4.823781917545128195e+00
-4.984561701501009523e+00
-4.984561701501009523e+00
-4.984561701501009523e+00
-4.994407466850791621e+00
-4.994407466850791621e+00
-4.994407466850791621e+00
-4.994407466850791621e+00
-4.994407466850791621e+00
-4.994407466850791621e+00
-4.994407466850791621e+00
-4.994407466850791621e+00
-4.962259205289397457e+00
-4.803576733186956993e+00
-4.918783111711390710e+00
-4.918783111711390710e+00
-4.696710214461147004e+00
-4.696710214461147004e+00
-4.504380178731873130e+00
-4.504380178731873130e+00
-4.688665768707045878e+00
-4.688665768707045878e+00
-4.688665768707045878e+00
-4.676876436799330961e+00
-4.676876436799330961e+00
-4.823308485334335316e+00
-4.823308485334335316e+00
-4.823308485334335316e+00
-4.823308485334335316e+00
-4.799852716561177957e+00
-4.839165589056504402e+00
-4.839165589056504402e+00
-4.839165589056504402e+00
-4.839165589056504402e+00
-4.839165589056504402e+00
-4.839165589056504402e+00
-4.839165589056504402e+00
-4.800139743944220605e+00
-4.800139743944220605e+00
-4.800139743944220605e+00
-4.800139743944220605e+00
-4.800139743944220605e+00
-4.435124372725852027e+00
-4.435124372725852027e+00
-4.581863583470616952e+00
-4.581863583470616952e+00
-4.581863583470616952e+00
-4.595237215919705243e+00
-4.673203465037184756e+00
-4.673203465037184756e+00
-4.673203465037184756e+00
-4.797187803983462118e+00
-4.785978194339917557e+00
-4.904655704331487343e+00
-4.904655704331487343e+00
-4.580907182841754910e+00
-4.580907182841754910e+00
-4.553087441533366864e+00
-4.552762842634916041e+00
-4.565196016584444294e+00
-4.565196016584444294e+00
-4.573290884461848727e+00
-4.573290884461848727e+00
-4.573290884461848727e+00
-4.573290884461848727e+00
-4.536483924246091703e+00
-4.798289591728600811e+00
-4.798289591728600811e+00
-4.578972709158574794e+00
-4.578972709158574794e+00
-4.578972709158574794e+00
-4.880060632325289305e+00
-4.880060632325289305e+00
-4.880060632325289305e+00
-4.880060632325289305e+00
-4.880060632325289305e+00
-4.880060632325289305e+00
-4.880060632325289305e+00
-4.638861592891103669e+00
-4.674663488861088290e+00
-4.674663488861088290e+00
-4.674663488861088290e+00
-4.674663488861088290e+00
-4.533000309653470339e+00
-4.533000309653470339e+00
-4.762914895212179367e+00
-4.762914895212179367e+00
-4.751359901101485761e+00
-4.726634997551073525e+00
-4.726634997551073525e+00
-4.463725115570478685e+00
-4.459154434961522639e+00
-4.459154434961522639e+00
-4.449898187578382291e+00
-4.468123804113321107e+00
-4.468123804113321107e+00
-4.417836416378853492e+00
-4.366519919895282875e+00
-4.369359669981292882e+00
-4.340059508545030198e+00
-4.534957472024432334e+00
-4.512827136824863139e+00
-4.471027150364242253e+00
-4.471027150364242253e+00
-4.666467032024848471e+00
-4.721462610543751381e+00
-4.689328874787173085e+00
-4.730933725264947043e+00
-4.730933725264947043e+00
-4.642969876357946113e+00
-4.930639910943170001e+00
-4.918442701852489662e+00
-4.625070638726138661e+00
-4.743693085405542575e+00
-4.728016640558973194e+00
-4.728016640558973194e+00
-4.728016640558973194e+00
-4.727451638377895726e+00
-4.815032806787105990e+00
-4.815032806787105990e+00
-4.840476651098255090e+00
-4.840476651098255090e+00
-4.863878241242317380e+00
-4.853563163452574436e+00
-4.738988691456621716e+00
-4.738988691456621716e+00
-4.738988691456621716e+00
-4.738988691456621716e+00
-4.745154772539565968e+00
-4.983251019130971571e+00
-4.983251019130971571e+00
-4.983251019130971571e+00
-4.983251019130971571e+00
-4.983251019130971571e+00
-4.761276947065264942e+00
-4.761276947065264942e+00
-4.803652372630085488e+00
-4.803652372630085488e+00
-4.803652372630085488e+00
-4.803652372630085488e+00
-4.780641589682569581e+00
-4.780641589682569581e+00
-4.780641589682569581e+00
-4.835349922922207888e+00
-4.835349922922207888e+00
-4.835349922922207888e+00
-4.835349922922207888e+00
-4.835349922922207888e+00
-4.835349922922207888e+00
-4.835349922922207888e+00
-4.835349922922207888e+00
-4.755404065089259724e+00
-4.755404065089259724e+00
-4.755404065089259724e+00
-4.755404065089259724e+00
-4.755404065089259724e+00
-4.755404065089259724e+00
-4.901517406816962463e+00
-4.869811235327853538e+00
-4.863763558180931312e+00
-4.949928176892567144e+00
-4.651547143817241547e+00
-4.651547143817241547e+00
-4.730628349917770592e+00
-4.730628349917770592e+00
-4.738679788080615296e+00
-4.738679788080615296e+00
-4.738679788080615296e+00
-4.855478941769891144e+00
-4.855478941769891144e+00
-4.855478941769891144e+00
-4.855478941769891144e+00
-4.855478941769891144e+00
-4.855478941769891144e+00
-4.855478941769891144e+00
-4.942618404778661656e+00
-4.942618404778661656e+00
-4.942618404778661656e+00
-5.104651015579166007e+00
-5.110117238081394397e+00
-5.084200033779817218e+00
-5.084200033779817218e+00
-5.084200033779817218e+00
-5.084200033779817218e+00
-5.084200033779817218e+00
-5.084200033779817218e+00
-5.084200033779817218e+00
-5.108455083434921384e+00
-5.108455083434921384e+00
-5.108455083434921384e+00
-5.108455083434921384e+00
-5.108455083434921384e+00
-5.108455083434921384e+00
-5.108455083434921384e+00
-5.108455083434921384e+00
-5.108455083434921384e+00
-5.103205736196631648e+00
-5.103205736196631648e+00
-5.103205736196631648e+00
-5.103205736196631648e+00
-4.949805905884657520e+00
-4.907938270610969766e+00
-4.915037758951619651e+00
-4.971259827280046117e+00
-4.971259827280046117e+00
-4.971259827280046117e+00
-4.971259827280046117e+00
-4.696357533927858263e+00
-4.696357533927858263e+00
-4.696357533927858263e+00
-4.696357533927858263e+00
-4.696357533927858263e+00
-4.696357533927858263e+00
-4.696357533927858263e+00
-4.696357533927858263e+00
-4.696357533927858263e+00
-4.696357533927858263e+00
-4.696357533927858263e+00
-4.696357533927858263e+00
-4.629904763930150935e+00
-4.629904763930150935e+00
-4.629904763930150935e+00
-4.629904763930150935e+00
-4.629904763930150935e+00
-4.629904763930150935e+00
-4.759946211255787318e+00
-4.759946211255787318e+00
-4.760169685668462769e+00
-4.760169685668462769e+00
-4.732167758366483845e+00
-4.732167758366483845e+00
-4.732167758366483845e+00
-4.732167758366483845e+00
-4.732167758366483845e+00
-4.634856665859969915e+00
-4.634856665859969915e+00
-4.658179058814819307e+00
-4.658179058814819307e+00
-4.658179058814819307e+00
-4.658179058814819307e+00
-4.658179058814819307e+00
-4.658179058814819307e+00
-4.658179058814819307e+00
-4.658179058814819307e+00
-4.658179058814819307e+00
-4.658179058814819307e+00
-4.658179058814819307e+00
-4.658179058814819307e+00
-4.658179058814819307e+00
-4.658179058814819307e+00
-4.676689281165095302e+00
-4.676689281165095302e+00
-4.676689281165095302e+00
-4.770342000311765140e+00
-4.770342000311765140e+00
-4.770342000311765140e+00
-4.734915584642239494e+00
-4.728564712486735822e+00
-4.728564712486735822e+00
-4.728564712486735822e+00
-4.740838414152664271e+00
-4.756756122260215491e+00
-4.676220891855549233e+00
-4.637309210774376744e+00
-4.637309210774376744e+00
-4.637309210774376744e+00
-4.637309210774376744e+00
-4.637309210774376744e+00
-4.589280394568363342e+00
-4.589280394568363342e+00
-4.589280394568363342e+00
-4.589280394568363342e+00
-4.589280394568363342e+00
-4.715227510770477082e+00
-4.709978877961444432e+00
-4.723681618361605494e+00
-4.739029093801868875e+00
-4.739029093801868875e+00
-4.739029093801868875e+00
-4.677441567949538914e+00
-4.709881284035779103e+00
-4.709881284035779103e+00
-4.679738236650094585e+00
-4.679738236650094585e+00
-4.697186913800676322e+00
-4.697186913800676322e+00
-4.697186913800676322e+00
-4.697186913800676322e+00
-4.697186913800676322e+00
-4.664224253427671663e+00
-4.664224253427671663e+00
-4.656169390163928945e+00
-4.656169390163928945e+00
-4.656169390163928945e+00
-4.656169390163928945e+00
-4.656169390163928945e+00
-4.656169390163928945e+00
-4.656169390163928945e+00
-4.634205768143820237e+00
-4.634205768143820237e+00
-4.660756332145594705e+00
-4.818496637365657698e+00
-4.818496637365657698e+00
-4.229609067668043565e+00
-4.926809061717559501e+00
-4.673153496404015783e+00
-4.673153496404015783e+00
-4.659979698851606678e+00
-4.599174498352950557e+00
-4.710402355575103783e+00
-4.710402355575103783e+00
-4.600997777693881297e+00
-4.600997777693881297e+00
-4.557398173127695351e+00
-4.592959339469969038e+00
-4.592959339469969038e+00
-4.592959339469969038e+00
-4.616830160769707092e+00
-4.586109172831680958e+00
-4.586109172831680958e+00
-4.731794810772196769e+00
-4.731794810772196769e+00
-4.731794810772196769e+00
-4.709773274279121402e+00
-4.709773274279121402e+00
-4.709773274279121402e+00
-4.608279218339189853e+00
-4.727661471182953434e+00
-4.727661471182953434e+00
-4.727661471182953434e+00
-4.676886908076158811e+00
-4.676886908076158811e+00
-4.622306752119931694e+00
-4.622306752119931694e+00
-4.622306752119931694e+00
-4.622306752119931694e+00
-4.622306752119931694e+00
-4.732224561971881016e+00
-4.732224561971881016e+00
-4.732224561971881016e+00
-4.732224561971881016e+00
-4.732224561971881016e+00
-4.732224561971881016e+00
-4.732224561971881016e+00
-4.617565992593873681e+00
-4.617565992593873681e+00
-4.617565992593873681e+00
-4.617565992593873681e+00
-4.617565992593873681e+00
-4.648316346018022571e+00
-4.649497433322486550e+00
-4.649497433322486550e+00
-4.625192902346643820e+00
-4.625192902346643820e+00
-4.625192902346643820e+00
-4.625192902346643820e+00
-4.654478437595809481e+00
-4.633234166782385088e+00
-4.633234166782385088e+00
-4.704354831025629124e+00
-4.672281096401704303e+00
-4.672281096401704303e+00
-4.595752228264014860e+00
-4.595752228264014860e+00
-4.574271649126665729e+00
-4.502782043488037012e+00
-4.502782043488037012e+00
-4.502782043488037012e+00
-4.502782043488037012e+00
-4.502782043488037012e+00
-4.486214714771690204e+00
-4.486214714771690204e+00
-4.490051919294315574e+00
-4.472540657675303954e+00
-4.472540657675303954e+00
-4.494535657397355166e+00
-4.494535657397355166e+00
-4.494535657397355166e+00
-4.494535657397355166e+00
-4.494535657397355166e+00
-4.494535657397355166e+00
-4.566063363509501372e+00
-4.566063363509501372e+00
-4.566063363509501372e+00
-4.589614138512739139e+00
-4.561746741958616624e+00
-4.650136851917165082e+00
-4.637970505350785366e+00
-4.637970505350785366e+00
-4.637970505350785366e+00
-4.637970505350785366e+00
-4.637970505350785366e+00
-4.665708785812165971e+00
-4.696697043365078095e+00
-4.696697043365078095e+00
-4.553307259605627877e+00
-4.553307259605627877e+00
-4.553307259605627877e+00
-4.553307259605627877e+00
-4.553307259605627877e+00
-4.553307259605627877e+00
-4.596641027587684114e+00
-4.596641027587684114e+00
-4.556126328729578567e+00
-4.556126328729578567e+00
-4.556126328729578567e+00
-4.556126328729578567e+00
-4.556126328729578567e+00
-4.556126328729578567e+00
-4.494625334145879059e+00
-4.459275256545867983e+00
-4.459275256545867983e+00
-4.459275256545867983e+00
-4.459275256545867983e+00
-4.459275256545867983e+00
-4.459275256545867983e+00
-4.338030902752696427e+00
-4.338030902752696427e+00
-4.332843916557417963e+00
-4.332843916557417963e+00
-4.332843916557417963e+00
-4.332843916557417963e+00
-4.344472109603001009e+00
-4.344472109603001009e+00
-4.344472109603001009e+00
-4.344472109603001009e+00
-4.577667167985278063e+00
-4.577667167985278063e+00
-4.451586037644049476e+00
-4.451586037644049476e+00
-4.451586037644049476e+00
-4.451586037644049476e+00
-4.702145691344654210e+00
-4.700945935200590675e+00
-4.700945935200590675e+00
-4.720150888929892652e+00
-4.768826816287386805e+00
-4.707944071034124711e+00
-4.707944071034124711e+00
-4.707944071034124711e+00
-4.529815293441554758e+00
-4.529815293441554758e+00
-4.529815293441554758e+00
-4.529815293441554758e+00
-4.529815293441554758e+00
-4.529815293441554758e+00
-4.529815293441554758e+00
-4.577257056236161858e+00
-4.577257056236161858e+00
-4.614224821990663195e+00
-4.614224821990663195e+00
-4.670011683668064961e+00
-4.670011683668064961e+00
-4.670011683668064961e+00
-4.503134946969281849e+00
-4.503134946969281849e+00
-4.594045269696764855e+00
-4.735746115986926519e+00
-4.735746115986926519e+00
-4.735746115986926519e+00
-4.680746734693967070e+00
-4.744931779233538371e+00
-4.744931779233538371e+00
-4.744931779233538371e+00
-4.651104963723715180e+00
-4.651104963723715180e+00
-4.618781475625096000e+00
-4.618781475625096000e+00
-4.605034683430493381e+00
-4.605034683430493381e+00
-4.605034683430493381e+00
-4.605034683430493381e+00
-4.605034683430493381e+00
-4.605034683430493381e+00
-4.605034683430493381e+00
-4.605034683430493381e+00
-4.605034683430493381e+00
-4.605034683430493381e+00
-4.605034683430493381e+00
-4.593509898313670625e+00
-4.602795176162080004e+00
-4.602795176162080004e+00
-4.602795176162080004e+00
-4.602795176162080004e+00
-4.602795176162080004e+00
-4.602795176162080004e+00
-4.602795176162080004e+00
-4.602795176162080004e+00
-4.602795176162080004e+00
-4.602795176162080004e+00
-4.602795176162080004e+00
-4.523249654862411262e+00
-4.523249654862411262e+00
-4.562053613952435249e+00
-4.562053613952435249e+00
-4.562053613952435249e+00
-4.562053613952435249e+00
-4.562053613952435249e+00
-4.562053613952435249e+00
-4.576328183482578638e+00
-4.576328183482578638e+00
-4.576328183482578638e+00
-4.576328183482578638e+00
-4.676323007372394258e+00
-4.682757416745144674e+00
-4.682757416745144674e+00
-4.691377270374665898e+00
-4.691377270374665898e+00
-4.751008890982518551e+00
-4.794760689387276287e+00
-4.794760689387276287e+00
-4.794760689387276287e+00
-4.794760689387276287e+00
-4.808760748232277393e+00
-4.893438704891873492e+00
-4.893438704891873492e+00
-4.893438704891873492e+00
-4.888256334842794537e+00
-4.888256334842794537e+00
-4.785371517448824719e+00
-4.785371517448824719e+00
-4.751138935833218113e+00
-4.629791100894262712e+00
-4.918274234643517318e+00
-4.887747055814255503e+00
-4.828207743548330377e+00
-4.828207743548330377e+00
-4.828207743548330377e+00
-4.828207743548330377e+00
-4.828207743548330377e+00
-4.828207743548330377e+00
-4.828207743548330377e+00
-4.828207743548330377e+00
-4.828207743548330377e+00
-4.828207743548330377e+00
-4.782718560198163438e+00
-4.782718560198163438e+00
-4.782718560198163438e+00
-4.817303840193527087e+00
-4.817303840193527087e+00
-4.739782833999028888e+00
-4.915395214076329289e+00
-4.915395214076329289e+00
-4.915395214076329289e+00
-4.849715769615401406e+00
-4.822369739472653016e+00
-4.844379972508722432e+00
-4.844379972508722432e+00
-4.844379972508722432e+00
-4.761782782701741823e+00
-4.854577010239563784e+00
-4.854577010239563784e+00
-4.714276340567008283e+00
-4.714276340567008283e+00
-4.727351565508220332e+00
-4.666528125826984841e+00
-4.630466718022606010e+00
-4.630466718022606010e+00
-4.630466718022606010e+00
-4.796827176083663602e+00
-4.796827176083663602e+00
-4.796827176083663602e+00
-4.796827176083663602e+00
-4.864735022495309202e+00
-4.864735022495309202e+00
-4.842538162653176492e+00
-4.842538162653176492e+00
-4.842538162653176492e+00
-4.865802414053107761e+00
-4.865802414053107761e+00
-4.865802414053107761e+00
-4.865802414053107761e+00
-4.625304017358437214e+00
-4.688782798923962325e+00
-4.688782798923962325e+00
-4.688782798923962325e+00
-4.607551853545568399e+00
-4.607551853545568399e+00
-4.607551853545568399e+00
-4.617083249677438772e+00
-4.617083249677438772e+00
-4.613478746682888598e+00
-4.613478746682888598e+00
-4.684231330503140889e+00
-4.645463057707559074e+00
-4.645463057707559074e+00
-4.645463057707559074e+00
-4.629427033715417750e+00
-4.629427033715417750e+00
-4.629427033715417750e+00
-4.629427033715417750e+00
-4.629427033715417750e+00
-4.743059841465662174e+00
-4.743059841465662174e+00
-4.743059841465662174e+00
-4.743059841465662174e+00
-4.743059841465662174e+00
-4.743059841465662174e+00
-4.743059841465662174e+00
-4.743059841465662174e+00
-4.743059841465662174e+00
-4.601326817183877260e+00
-4.601326817183877260e+00
-4.601326817183877260e+00
-4.601326817183877260e+00
-4.601326817183877260e+00
-4.553102583746494680e+00
-4.553102583746494680e+00
-4.553102583746494680e+00
-4.553102583746494680e+00
-4.553102583746494680e+00
-4.544001033348928686e+00
-4.551128616643317137e+00
-4.643390544539059306e+00
-4.643390544539059306e+00
-4.643390544539059306e+00
-4.627850466630485826e+00
-4.627850466630485826e+00
-4.627850466630485826e+00
-4.627850466630485826e+00
-4.627850466630485826e+00
-4.627850466630485826e+00
-4.866751799749404306e+00
-4.866751799749404306e+00
-4.642632132211662821e+00
-4.642632132211662821e+00
-4.642632132211662821e+00
-4.642632132211662821e+00
-4.642632132211662821e+00
-4.642632132211662821e+00
-4.628439164311124898e+00
-4.628439164311124898e+00
-4.628439164311124898e+00
-4.628439164311124898e+00
-4.628439164311124898e+00
-4.628439164311124898e+00
-4.628439164311124898e+00
-4.628439164311124898e+00
-4.628439164311124898e+00
-4.404448519991198907e+00
-4.404448519991198907e+00
-4.422989559486208755e+00
-4.576939564139952843e+00
-4.576939564139952843e+00
-4.576939564139952843e+00
-4.576939564139952843e+00
-4.576939564139952843e+00
-4.638492024403864100e+00
-4.638492024403864100e+00
-4.720403245992540242e+00
-4.866236379000250523e+00
-4.780781707707117079e+00
-4.780781707707117079e+00
-4.780781707707117079e+00
-4.780781707707117079e+00
-4.780781707707117079e+00
-4.780781707707117079e+00
-4.780781707707117079e+00
-4.688321323738049884e+00
-4.814441812365052087e+00
-4.814441812365052087e+00
-4.814441812365052087e+00
-4.865282586460251579e+00
-4.865282586460251579e+00
-4.865282586460251579e+00
-4.732951743758176733e+00
-4.770365651753689207e+00
-4.770365651753689207e+00
-4.869327620150354363e+00
-4.880571954770299925e+00
-4.822277229802381271e+00
-4.822277229802381271e+00
-4.822277229802381271e+00
-4.822277229802381271e+00
-4.822277229802381271e+00
-4.861698085963801041e+00
-4.861698085963801041e+00
-4.861698085963801041e+00
-4.735491850100435052e+00
-4.735491850100435052e+00
-4.735491850100435052e+00
-4.735491850100435052e+00
-4.735491850100435052e+00
-4.730033147834149077e+00
-4.730033147834149077e+00
-4.730033147834149077e+00
-4.730033147834149077e+00
-4.730033147834149077e+00
-4.730033147834149077e+00
-4.730033147834149077e+00
-4.730033147834149077e+00
-4.751637654338680683e+00
-4.558631560111956915e+00
-4.558631560111956915e+00
-4.558631560111956915e+00
-4.588609455255403091e+00
-4.588609455255403091e+00
-4.588609455255403091e+00
-4.407745572071535278e+00
-4.407745572071535278e+00
-4.407745572071535278e+00
-4.407745572071535278e+00
-4.407745572071535278e+00
-4.532714573063268304e+00
-4.658943368572307620e+00
-4.271722756318021119e+00
-4.271722756318021119e+00
-4.271722756318021119e+00
-4.242962084328234518e+00
-4.242962084328234518e+00
-4.689383110639989027e+00
-4.689383110639989027e+00
-4.689383110639989027e+00
-4.689383110639989027e+00
-4.689383110639989027e+00
-4.689383110639989027e+00
-4.689383110639989027e+00
-4.664621246986297542e+00
-4.391126236266579497e+00
-4.391126236266579497e+00
-4.391126236266579497e+00
-4.735925877055591648e+00
-4.735925877055591648e+00
-4.747364797526993030e+00
-4.776456161658884092e+00
-4.735204376191859410e+00
-4.735204376191859410e+00
-4.724320255354528264e+00
-4.724320255354528264e+00
-4.724320255354528264e+00
-4.724320255354528264e+00
-4.724320255354528264e+00
-4.724320255354528264e+00
-4.724320255354528264e+00
-4.724320255354528264e+00
-4.724320255354528264e+00
-4.724320255354528264e+00
-4.765971614651602017e+00
-4.715343217345114191e+00
-4.610520984570969816e+00
-4.610520984570969816e+00
-4.610520984570969816e+00
-4.561697765114620218e+00
-4.561697765114620218e+00
-4.572517199984796221e+00
-4.572517199984796221e+00
-4.542947289114213305e+00
-4.598406144313526234e+00
-4.598406144313526234e+00
-4.598406144313526234e+00
-4.598406144313526234e+00
-4.598406144313526234e+00
-4.598406144313526234e+00
-4.741396842471365503e+00
-4.663938733283148785e+00
-4.663938733283148785e+00
-4.663938733283148785e+00
-4.663938733283148785e+00
-4.663938733283148785e+00
-4.663938733283148785e+00
-4.663938733283148785e+00
-4.644161086309887665e+00
-4.644161086309887665e+00
-4.644161086309887665e+00
-4.644161086309887665e+00
-4.644161086309887665e+00
-4.702566235937319483e+00
-4.810895065309422236e+00
-4.810895065309422236e+00
-4.810895065309422236e+00
-4.801414198916488019e+00
-4.688406743217600869e+00
-4.688406743217600869e+00
-4.688406743217600869e+00
-4.688406743217600869e+00
-4.676577548070441459e+00
-4.676577548070441459e+00
-4.676577548070441459e+00
-4.676577548070441459e+00
-4.673651552008125876e+00
-4.673651552008125876e+00
-4.673651552008125876e+00
-4.740552941256834352e+00
-4.740552941256834352e+00
-4.599506047939298625e+00
-4.556082550301248979e+00
-4.818382058475224383e+00
-4.818382058475224383e+00
-4.673904632391302272e+00
-4.696218126165000228e+00
-4.696814965637591044e+00
-4.696814965637591044e+00
-4.696814965637591044e+00
-4.696814965637591044e+00
-4.696814965637591044e+00
-4.708887375213517856e+00
-4.696078449002744293e+00
-4.696078449002744293e+00
-4.696078449002744293e+00
-4.696078449002744293e+00
-4.696078449002744293e+00
-4.640581654477267115e+00
-4.640581654477267115e+00
-4.640581654477267115e+00
-4.640581654477267115e+00
-4.640581654477267115e+00
-4.640581654477267115e+00
-4.660652794129177323e+00
-4.405177358147114752e+00
-4.405177358147114752e+00
-4.405177358147114752e+00
-4.387184337557869185e+00
-4.387184337557869185e+00
-4.387184337557869185e+00
-4.401808540792162106e+00
-4.417418402777329334e+00
-4.454345417132710594e+00
-4.454345417132710594e+00
-4.454345417132710594e+00
-4.469887647250554430e+00
-4.469887647250554430e+00
-4.469887647250554430e+00
-4.469887647250554430e+00
-4.469887647250554430e+00
-4.469887647250554430e+00
-4.517160928425081323e+00
-4.354328239051357130e+00
-4.552966875180870510e+00
-4.552966875180870510e+00
-4.552966875180870510e+00
-4.552966875180870510e+00
-4.556694082668272472e+00
-4.385468506276125389e+00
-4.383578037174146402e+00
-4.383578037174146402e+00
-4.383578037174146402e+00
-4.383578037174146402e+00
-4.383578037174146402e+00
-4.383578037174146402e+00
-4.639227380042720839e+00
-4.630050913445885818e+00
-4.651014704909072428e+00
-4.652165906088455039e+00
-4.706000721288638999e+00
-4.556977006444647316e+00
-4.556977006444647316e+00
-4.556977006444647316e+00
-4.556977006444647316e+00
-4.556977006444647316e+00
-4.556977006444647316e+00
-4.556977006444647316e+00
-4.556977006444647316e+00
-4.556977006444647316e+00
-4.556977006444647316e+00
-4.556977006444647316e+00
-4.578954004159283997e+00
-4.578954004159283997e+00
-4.657311053169398640e+00
-4.657311053169398640e+00
-4.657311053169398640e+00
-4.699384920336294513e+00
-4.645775284389813464e+00
-4.645775284389813464e+00
-4.645775284389813464e+00
-4.717842863314027468e+00
-4.717842863314027468e+00
-4.717842863314027468e+00
-4.657312326565598681e+00
-4.645655591920648142e+00
-4.508063445261132784e+00
-4.372596583916351420e+00
-4.372596583916351420e+00
-4.360749649213045309e+00
-4.360749649213045309e+00
-4.360749649213045309e+00
-4.557490706602067121e+00
-4.557490706602067121e+00
-4.557490706602067121e+00
-4.557490706602067121e+00
-4.557490706602067121e+00
-4.557490706602067121e+00
-4.557490706602067121e+00
-4.576362682910965596e+00
-4.576362682910965596e+00
-4.514199422590533750e+00
-4.753615928806588009e+00
-4.753615928806588009e+00
-4.753615928806588009e+00
-4.737447314418987254e+00
-4.737447314418987254e+00
-4.737447314418987254e+00
-4.737447314418987254e+00
-4.822708456214969353e+00
-4.733173827694805880e+00
-4.733173827694805880e+00
-4.733173827694805880e+00
-4.733173827694805880e+00
-4.733173827694805880e+00
-4.736428345428836728e+00
-4.736428345428836728e+00
-4.572417985004546104e+00
-4.612747634057124735e+00
-4.600487995730571100e+00
-4.500832548987717452e+00
-4.500832548987717452e+00
-4.500832548987717452e+00
-4.500832548987717452e+00
-4.571312620476694732e+00
-4.571312620476694732e+00
-4.571312620476694732e+00
-4.571312620476694732e+00
-4.555118794463311360e+00
-4.533008192780919821e+00
-4.707012375065917631e+00
-4.707012375065917631e+00
-4.707012375065917631e+00
-4.580212943478194632e+00
-4.439637986280072113e+00
-4.439637986280072113e+00
-4.524459850135098549e+00
-4.524459850135098549e+00
-4.524459850135098549e+00
-4.524459850135098549e+00
-4.524459850135098549e+00
-4.524459850135098549e+00
-4.524459850135098549e+00
-4.515801527475692190e+00
-4.515801527475692190e+00
-4.515801527475692190e+00
-4.515801527475692190e+00
-4.515801527475692190e+00
-4.515801527475692190e+00
-4.515801527475692190e+00
-4.515801527475692190e+00
-4.515801527475692190e+00
-4.515801527475692190e+00
-4.515801527475692190e+00
-4.676601352859719896e+00
-4.676601352859719896e+00
-4.676601352859719896e+00
-4.676601352859719896e+00
-4.676601352859719896e+00
-4.676601352859719896e+00
-4.676601352859719896e+00
-4.676601352859719896e+00
-4.676601352859719896e+00
-4.676601352859719896e+00
-4.676601352859719896e+00
-4.328433384303026266e+00
-4.707495812843988325e+00
-4.707495812843988325e+00
-4.707495812843988325e+00
-4.707495812843988325e+00
-4.707495812843988325e+00
-4.707495812843988325e+00
-4.698788764629972192e+00
-4.686371303440018288e+00
-4.686371303440018288e+00
-4.686371303440018288e+00
-4.703317961674260417e+00
-4.703317961674260417e+00
-4.703317961674260417e+00
-4.703317961674260417e+00
-4.696448572609959626e+00
-4.696448572609959626e+00
