# Variable: dg_gbvi_00000059
# Sample shape: (1000,)
# Date: 2013-03-07 22:55:08.387533
-1.256397389158820932e+00
-1.136643044523409918e+00
-8.410264090702659345e-01
-2.402879174904458959e-01
-2.599126291506892840e-04
-1.556393191808270182e-01
-1.695788221787939698e-01
-1.340839766708518399e-01
-2.159928782595451902e-01
-1.368986037534367095e-01
-1.368986037534367095e-01
-1.368986037534367095e-01
-1.902699384555227857e-01
-6.892255819004039497e-02
-6.892255819004039497e-02
-6.892255819004039497e-02
-6.892255819004039497e-02
-6.892255819004039497e-02
-1.040766020651704288e-01
-1.040766020651704288e-01
-1.257731661047407357e-01
-1.496172765773494118e-01
-1.496172765773494118e-01
-1.496172765773494118e-01
-1.496172765773494118e-01
-1.496172765773494118e-01
-1.704145151078056697e-01
-1.704145151078056697e-01
-2.563595877948341983e-01
-2.563595877948341983e-01
-2.343297586362164675e-01
-2.173709803116590511e-01
-1.432403359682470345e-01
-1.432403359682470345e-01
-1.432403359682470345e-01
-1.432403359682470345e-01
-2.053735513292636594e-01
-2.053735513292636594e-01
-2.053735513292636594e-01
-2.091784392562175687e-01
-2.091784392562175687e-01
-2.091784392562175687e-01
-2.091784392562175687e-01
-2.091784392562175687e-01
-2.091784392562175687e-01
-2.091784392562175687e-01
-2.091784392562175687e-01
-1.967547699992387988e-01
-1.967547699992387988e-01
-1.967547699992387988e-01
-1.967547699992387988e-01
-2.061003579580192036e-01
-2.061003579580192036e-01
-1.313417037203144788e-01
-1.313417037203144788e-01
-2.029734831753857160e-01
-2.029734831753857160e-01
-2.029734831753857160e-01
-1.983909717416384166e-01
-1.983909717416384166e-01
-2.423299796841369980e-01
-2.423299796841369980e-01
-2.423299796841369980e-01
-2.423299796841369980e-01
-2.332366282095425236e-01
-2.484774745247159133e-01
-2.484774745247159133e-01
-2.484774745247159133e-01
-2.484774745247159133e-01
-2.484774745247159133e-01
-2.484774745247159133e-01
-2.484774745247159133e-01
-2.333479032183509438e-01
-2.333479032183509438e-01
-2.333479032183509438e-01
-2.333479032183509438e-01
-2.333479032183509438e-01
-2.333479032183509438e-01
-2.333479032183509438e-01
-3.059711050882103489e-01
-3.059711050882103489e-01
-3.059711050882103489e-01
-3.114804351736634724e-01
-3.114804351736634724e-01
-3.114804351736634724e-01
-3.114804351736634724e-01
-2.613376688992639085e-01
-2.401890006450516091e-01
-3.341120609859607460e-01
-3.341120609859607460e-01
-2.086009714216970623e-01
-2.086009714216970623e-01
-2.086009714216970623e-01
-2.084750590454621799e-01
-2.132979049750150791e-01
-2.132979049750150791e-01
-2.164379157841042900e-01
-2.164379157841042900e-01
-2.164379157841042900e-01
-2.164379157841042900e-01
-2.164379157841042900e-01
-3.179927080581819721e-01
-3.179927080581819721e-01
-2.329193761254984008e-01
-2.329193761254984008e-01
-2.329193761254984008e-01
-3.497118114744084960e-01
-3.497118114744084960e-01
-3.497118114744084960e-01
-3.497118114744084960e-01
-3.497118114744084960e-01
-3.497118114744084960e-01
-3.497118114744084960e-01
-2.561503596464705934e-01
-2.700379662182151308e-01
-2.700379662182151308e-01
-2.700379662182151308e-01
-2.700379662182151308e-01
-2.150866167090368097e-01
-2.150866167090368097e-01
-3.042708127645148974e-01
-3.042708127645148974e-01
-2.824704585400026891e-01
-2.728796331457186697e-01
-2.728796331457186697e-01
-1.708965144910188083e-01
-1.622731906392020917e-01
-1.622731906392020917e-01
-1.632399406728314850e-01
-1.637764473828345335e-01
-1.637764473828345335e-01
-2.342713333070201021e-01
-2.342713333070201021e-01
-2.396282612069888518e-01
-2.282623851947042648e-01
-2.282623851947042648e-01
-2.196777688083486890e-01
-2.034630641740390045e-01
-2.034630641740390045e-01
-2.515954450728338232e-01
-2.729293449392470317e-01
-2.604640173724319108e-01
-2.766033823532882963e-01
-2.766033823532882963e-01
-2.424804220174636427e-01
-3.540734605432677151e-01
-3.310436122461265507e-01
-2.290138371531404149e-01
-2.700748569979303237e-01
-2.575307899853431226e-01
-2.575307899853431226e-01
-2.575307899853431226e-01
-2.564634233372797834e-01
-2.902739137382242540e-01
-2.902739137382242540e-01
-3.000964460185175375e-01
-3.000964460185175375e-01
-3.443052609009638054e-01
-3.248186635502050557e-01
-2.805874760018428060e-01
-2.805874760018428060e-01
-2.805874760018428060e-01
-2.805874760018428060e-01
-2.922360492598080617e-01
-3.841525080842285722e-01
-3.841525080842285722e-01
-3.841525080842285722e-01
-3.841525080842285722e-01
-3.841525080842285722e-01
-2.984599742992259386e-01
-2.984599742992259386e-01
-3.148189010561864287e-01
-3.148189010561864287e-01
-3.148189010561864287e-01
-3.148189010561864287e-01
-2.713483745934807678e-01
-2.713483745934807678e-01
-2.713483745934807678e-01
-2.275945785409305422e-01
-2.275945785409305422e-01
-2.275945785409305422e-01
-2.275945785409305422e-01
-2.275945785409305422e-01
-2.275945785409305422e-01
-2.275945785409305422e-01
-2.275945785409305422e-01
-2.003394603356814796e-01
-2.003394603356814796e-01
-2.003394603356814796e-01
-2.003394603356814796e-01
-2.003394603356814796e-01
-2.003394603356814796e-01
-2.566240490224676041e-01
-1.967121561229270288e-01
-1.974086631833979477e-01
-2.305949354105423232e-01
-1.156735867280436758e-01
-1.156735867280436758e-01
-1.461316851093077129e-01
-1.461316851093077129e-01
-1.613434884341043707e-01
-1.613434884341043707e-01
-1.613434884341043707e-01
-2.063286409037572156e-01
-2.063286409037572156e-01
-2.063286409037572156e-01
-2.063286409037572156e-01
-2.063286409037572156e-01
-2.063286409037572156e-01
-2.063286409037572156e-01
-2.764173461665135334e-01
-2.764173461665135334e-01
-2.764173461665135334e-01
-3.388241485420509513e-01
-3.491516328935050373e-01
-3.001855467620221374e-01
-3.001855467620221374e-01
-3.001855467620221374e-01
-3.001855467620221374e-01
-3.001855467620221374e-01
-3.001855467620221374e-01
-3.001855467620221374e-01
-3.196945610216004319e-01
-3.196945610216004319e-01
-3.196945610216004319e-01
-3.196945610216004319e-01
-3.196945610216004319e-01
-3.196945610216004319e-01
-3.196945610216004319e-01
-3.196945610216004319e-01
-3.196945610216004319e-01
-3.176727768012386766e-01
-3.176727768012386766e-01
-3.176727768012386766e-01
-3.176727768012386766e-01
-3.176727768012386766e-01
-2.839974677343146126e-01
-2.990802457082264998e-01
-3.207493023156212653e-01
-3.207493023156212653e-01
-3.207493023156212653e-01
-3.207493023156212653e-01
-2.147967194018512715e-01
-2.147967194018512715e-01
-2.147967194018512715e-01
-2.147967194018512715e-01
-2.147967194018512715e-01
-2.147967194018512715e-01
-2.147967194018512715e-01
-2.147967194018512715e-01
-2.147967194018512715e-01
-2.147967194018512715e-01
-2.147967194018512715e-01
-2.147967194018512715e-01
-1.993127273536860478e-01
-1.993127273536860478e-01
-1.993127273536860478e-01
-1.993127273536860478e-01
-1.993127273536860478e-01
-1.993127273536860478e-01
-2.494331794677192848e-01
-2.494331794677192848e-01
-2.498548111731658805e-01
-2.498548111731658805e-01
-2.272545247625067377e-01
-2.272545247625067377e-01
-2.272545247625067377e-01
-2.272545247625067377e-01
-2.272545247625067377e-01
-1.897489751670476121e-01
-1.897489751670476121e-01
-2.337515981024752831e-01
-2.337515981024752831e-01
-2.337515981024752831e-01
-2.337515981024752831e-01
-2.337515981024752831e-01
-2.337515981024752831e-01
-2.337515981024752831e-01
-2.337515981024752831e-01
-2.337515981024752831e-01
-2.337515981024752831e-01
-2.337515981024752831e-01
-2.337515981024752831e-01
-2.337515981024752831e-01
-2.337515981024752831e-01
-2.408857905619302409e-01
-2.408857905619302409e-01
-2.408857905619302409e-01
-2.512372986817941189e-01
-2.512372986817941189e-01
-2.512372986817941189e-01
-2.571393541370071145e-01
-2.932435258988486670e-01
-2.932435258988486670e-01
-2.932435258988486670e-01
-2.979692281977694424e-01
-3.279732460637729274e-01
-2.969650356781531886e-01
-2.819830012646372674e-01
-2.819830012646372674e-01
-2.819830012646372674e-01
-2.819830012646372674e-01
-2.819830012646372674e-01
-1.901858000813794469e-01
-1.901858000813794469e-01
-1.901858000813794469e-01
-1.901858000813794469e-01
-1.901858000813794469e-01
-2.333962406740376916e-01
-2.341874632156653868e-01
-2.600347267654873340e-01
-2.738106274223803260e-01
-2.738106274223803260e-01
-2.738106274223803260e-01
-2.738106274223803260e-01
-2.863469760429581679e-01
-2.863469760429581679e-01
-2.918152682994317182e-01
-2.918152682994317182e-01
-2.985566608994953408e-01
-2.985566608994953408e-01
-2.985566608994953408e-01
-2.985566608994953408e-01
-2.985566608994953408e-01
-3.041079597569789628e-01
-3.041079597569789628e-01
-3.009963671247827266e-01
-3.009963671247827266e-01
-3.009963671247827266e-01
-3.009963671247827266e-01
-3.009963671247827266e-01
-3.009963671247827266e-01
-3.009963671247827266e-01
-2.596091767531444328e-01
-2.596091767531444328e-01
-2.543887592050465551e-01
-3.153303933806592130e-01
-3.153303933806592130e-01
-8.781865633279113681e-02
-2.926814106490680523e-01
-1.949923801366280629e-01
-1.949923801366280629e-01
-1.845041782067489422e-01
-1.360946578175428190e-01
-2.246477285727757345e-01
-2.246477285727757345e-01
-1.375462454729761974e-01
-1.375462454729761974e-01
-1.375462454729761974e-01
-2.045875229136830120e-01
-2.045875229136830120e-01
-2.045875229136830120e-01
-2.137879501613031141e-01
-2.263742514049537358e-01
-2.263742514049537358e-01
-2.825252357411976445e-01
-2.825252357411976445e-01
-2.825252357411976445e-01
-2.740375703256981987e-01
-2.740375703256981987e-01
-2.740375703256981987e-01
-2.349191560065607698e-01
-2.809321405685167305e-01
-2.809321405685167305e-01
-2.809321405685167305e-01
-1.852099828808266846e-01
-1.852099828808266846e-01
-1.667382849928050748e-01
-1.667382849928050748e-01
-1.667382849928050748e-01
-1.667382849928050748e-01
-1.667382849928050748e-01
-2.090196880160219428e-01
-2.090196880160219428e-01
-2.090196880160219428e-01
-2.090196880160219428e-01
-2.090196880160219428e-01
-2.090196880160219428e-01
-2.090196880160219428e-01
-1.649146863928385720e-01
-1.649146863928385720e-01
-1.649146863928385720e-01
-1.649146863928385720e-01
-1.649146863928385720e-01
-2.228899410970270056e-01
-2.228899410970270056e-01
-2.228899410970270056e-01
-1.770673382275695651e-01
-1.770673382275695651e-01
-1.770673382275695651e-01
-1.770673382275695651e-01
-2.322808888562895024e-01
-2.153062916403379046e-01
-2.153062916403379046e-01
-2.426632588878934460e-01
-2.303259147847432076e-01
-2.303259147847432076e-01
-2.303259147847432076e-01
-2.303259147847432076e-01
-2.220632880760108896e-01
-1.945644054262698486e-01
-1.945644054262698486e-01
-1.945644054262698486e-01
-1.945644054262698486e-01
-1.945644054262698486e-01
-2.143577790226024182e-01
-2.143577790226024182e-01
-2.158356144483480898e-01
-2.090914436288132949e-01
-2.090914436288132949e-01
-2.175624515166790229e-01
-2.175624515166790229e-01
-2.175624515166790229e-01
-2.175624515166790229e-01
-2.175624515166790229e-01
-2.175624515166790229e-01
-2.175624515166790229e-01
-2.175624515166790229e-01
-2.175624515166790229e-01
-2.078066304113053986e-01
-1.970836656255663677e-01
-1.970836656255663677e-01
-3.166350627373870630e-01
-3.166350627373870630e-01
-3.166350627373870630e-01
-3.166350627373870630e-01
-3.166350627373870630e-01
-3.166350627373870630e-01
-3.413780998316892079e-01
-3.413780998316892079e-01
-2.862893354745916219e-01
-2.862893354745916219e-01
-2.862893354745916219e-01
-2.862893354745916219e-01
-2.862893354745916219e-01
-2.862893354745916219e-01
-2.862893354745916219e-01
-2.862893354745916219e-01
-2.099052849876717752e-01
-2.099052849876717752e-01
-2.099052849876717752e-01
-2.099052849876717752e-01
-2.099052849876717752e-01
-2.099052849876717752e-01
-1.862772850735896768e-01
-1.726961773833858571e-01
-1.726961773833858571e-01
-1.726961773833858571e-01
-1.726961773833858571e-01
-1.726961773833858571e-01
-1.726961773833858571e-01
-2.354353916798730406e-01
-2.354353916798730406e-01
-2.256561088042374486e-01
-2.256561088042374486e-01
-2.256561088042374486e-01
-2.256561088042374486e-01
-2.236286808166386697e-01
-2.236286808166386697e-01
-2.236286808166386697e-01
-2.236286808166386697e-01
-3.133156582440210780e-01
-3.133156582440210780e-01
-2.648247701035196244e-01
-2.648247701035196244e-01
-2.648247701035196244e-01
-2.648247701035196244e-01
-2.648247701035196244e-01
-2.625622974263377429e-01
-2.625622974263377429e-01
-2.699195279448094453e-01
-2.885668011076217843e-01
-2.652432150298172919e-01
-2.652432150298172919e-01
-2.652432150298172919e-01
-2.513556902367082291e-01
-2.513556902367082291e-01
-2.513556902367082291e-01
-2.513556902367082291e-01
-2.513556902367082291e-01
-2.513556902367082291e-01
-2.513556902367082291e-01
-2.695301669890276530e-01
-2.695301669890276530e-01
-2.836921576005311807e-01
-2.836921576005311807e-01
-3.281695980823799985e-01
-3.281695980823799985e-01
-3.281695980823799985e-01
-3.281695980823799985e-01
-3.281695980823799985e-01
-3.171231022360823104e-01
-3.140667518269390501e-01
-3.140667518269390501e-01
-3.140667518269390501e-01
-2.929605647637553711e-01
-3.175917792404240880e-01
-3.175917792404240880e-01
-3.175917792404240880e-01
-2.815854411119143030e-01
-2.815854411119143030e-01
-2.844930004360824438e-01
-2.844930004360824438e-01
-2.934472810346432370e-01
-2.934472810346432370e-01
-2.934472810346432370e-01
-2.934472810346432370e-01
-2.934472810346432370e-01
-2.934472810346432370e-01
-2.934472810346432370e-01
-2.934472810346432370e-01
-2.934472810346432370e-01
-2.934472810346432370e-01
-2.934472810346432370e-01
-2.890412250823325424e-01
-2.925910920271940219e-01
-2.925910920271940219e-01
-2.925910920271940219e-01
-2.925910920271940219e-01
-2.925910920271940219e-01
-2.925910920271940219e-01
-2.925910920271940219e-01
-2.925910920271940219e-01
-2.925910920271940219e-01
-2.925910920271940219e-01
-2.925910920271940219e-01
-2.621799378018127014e-01
-2.621799378018127014e-01
-2.770151310994528049e-01
-2.770151310994528049e-01
-2.770151310994528049e-01
-2.770151310994528049e-01
-2.770151310994528049e-01
-2.770151310994528049e-01
-2.749335646387623400e-01
-2.749335646387623400e-01
-2.749335646387623400e-01
-2.749335646387623400e-01
-3.131796136279070275e-01
-2.683678584586544069e-01
-2.683678584586544069e-01
-2.865088745695674177e-01
-2.865088745695674177e-01
-2.865088745695674177e-01
-3.032594109711470032e-01
-3.032594109711470032e-01
-3.032594109711470032e-01
-3.032594109711470032e-01
-3.297007443772415058e-01
-3.981698060446445253e-01
-3.981698060446445253e-01
-3.981698060446445253e-01
-3.939794355105501467e-01
-3.939794355105501467e-01
-3.545896060232188174e-01
-3.545896060232188174e-01
-3.414835366642527958e-01
-3.001111606579917601e-01
-4.102528125595170660e-01
-3.985976635722952577e-01
-2.860843883680098676e-01
-2.860843883680098676e-01
-2.860843883680098676e-01
-2.860843883680098676e-01
-2.860843883680098676e-01
-2.860843883680098676e-01
-2.860843883680098676e-01
-2.860843883680098676e-01
-2.860843883680098676e-01
-2.860843883680098676e-01
-2.687168087361496704e-01
-2.687168087361496704e-01
-2.687168087361496704e-01
-2.819213237476826950e-01
-2.819213237476826950e-01
-3.053453042116592298e-01
-3.053453042116592298e-01
-3.053453042116592298e-01
-3.053453042116592298e-01
-2.803560183517082027e-01
-2.288552899449901590e-01
-2.703071214482087870e-01
-2.703071214482087870e-01
-2.703071214482087870e-01
-2.388810823844469411e-01
-2.741868237336368974e-01
-2.741868237336368974e-01
-2.208061417018967465e-01
-2.208061417018967465e-01
-2.157010105213742757e-01
-1.925445322928879544e-01
-1.632364387481425594e-01
-1.632364387481425594e-01
-1.632364387481425594e-01
-2.265725858874894916e-01
-2.265725858874894916e-01
-2.265725858874894916e-01
-2.265725858874894916e-01
-2.524262136207433005e-01
-2.524262136207433005e-01
-2.439755060585124258e-01
-2.439755060585124258e-01
-2.439755060585124258e-01
-2.878102092332544548e-01
-2.878102092332544548e-01
-2.878102092332544548e-01
-2.878102092332544548e-01
-2.878102092332544548e-01
-2.878102092332544548e-01
-2.878102092332544548e-01
-2.878102092332544548e-01
-2.569076410472446170e-01
-2.569076410472446170e-01
-2.569076410472446170e-01
-2.605336559545058384e-01
-2.605336559545058384e-01
-2.527729080796950467e-01
-2.527729080796950467e-01
-2.796813592117156633e-01
-2.065812113863650379e-01
-2.065812113863650379e-01
-2.065812113863650379e-01
-2.029801121258192065e-01
-2.029801121258192065e-01
-2.029801121258192065e-01
-2.029801121258192065e-01
-2.029801121258192065e-01
-2.954723618622597248e-01
-2.954723618622597248e-01
-2.954723618622597248e-01
-2.954723618622597248e-01
-2.954723618622597248e-01
-2.954723618622597248e-01
-2.954723618622597248e-01
-2.954723618622597248e-01
-2.954723618622597248e-01
-2.416456098128553498e-01
-2.416456098128553498e-01
-2.416456098128553498e-01
-2.416456098128553498e-01
-2.416456098128553498e-01
-2.023931445191840262e-01
-2.023931445191840262e-01
-2.023931445191840262e-01
-2.023931445191840262e-01
-2.023931445191840262e-01
-2.065200001571106392e-01
-2.199558638308143910e-01
-2.199558638308143910e-01
-2.199558638308143910e-01
-2.199558638308143910e-01
-2.148794096719481017e-01
-2.148794096719481017e-01
-2.148794096719481017e-01
-2.148794096719481017e-01
-2.148794096719481017e-01
-2.148794096719481017e-01
-3.055213762343668704e-01
-3.055213762343668704e-01
-2.153302024959207750e-01
-2.153302024959207750e-01
-2.153302024959207750e-01
-2.153302024959207750e-01
-2.153302024959207750e-01
-2.153302024959207750e-01
-2.221234945428453011e-01
-2.221234945428453011e-01
-2.221234945428453011e-01
-2.221234945428453011e-01
-2.221234945428453011e-01
-2.221234945428453011e-01
-2.221234945428453011e-01
-2.221234945428453011e-01
-2.221234945428453011e-01
-1.372090820170112357e-01
-1.372090820170112357e-01
-1.442379536072390112e-01
-1.442379536072390112e-01
-1.442379536072390112e-01
-1.442379536072390112e-01
-1.442379536072390112e-01
-1.442379536072390112e-01
-1.675333273617859442e-01
-1.675333273617859442e-01
-1.985337538828127191e-01
-2.537263054826237596e-01
-2.243940702816008548e-01
-2.243940702816008548e-01
-2.243940702816008548e-01
-2.243940702816008548e-01
-2.243940702816008548e-01
-2.243940702816008548e-01
-2.243940702816008548e-01
-2.243940702816008548e-01
-2.571443071120512180e-01
-2.571443071120512180e-01
-2.571443071120512180e-01
-2.337072927946053091e-01
-2.337072927946053091e-01
-2.337072927946053091e-01
-1.834968928274016420e-01
-2.141591644111109638e-01
-2.141591644111109638e-01
-2.517083850861817074e-01
-2.609235903498567377e-01
-2.903165817927914061e-01
-2.903165817927914061e-01
-2.903165817927914061e-01
-2.903165817927914061e-01
-2.903165817927914061e-01
-2.694994215280806515e-01
-2.694994215280806515e-01
-2.694994215280806515e-01
-2.216672072180321529e-01
-2.216672072180321529e-01
-2.216672072180321529e-01
-2.216672072180321529e-01
-2.216672072180321529e-01
-2.113682148383400627e-01
-2.113682148383400627e-01
-2.113682148383400627e-01
-2.113682148383400627e-01
-2.113682148383400627e-01
-2.113682148383400627e-01
-2.113682148383400627e-01
-2.113682148383400627e-01
-2.521296700346489228e-01
-1.487048040338599386e-01
-1.487048040338599386e-01
-1.487048040338599386e-01
-1.638358346746440486e-01
-1.638358346746440486e-01
-1.638358346746440486e-01
-1.638358346746440486e-01
-1.638358346746440486e-01
-1.638358346746440486e-01
-1.638358346746440486e-01
-1.638358346746440486e-01
-2.110742404298570629e-01
-3.139078094030029464e-01
-1.675380356727970421e-01
-1.675380356727970421e-01
-1.675380356727970421e-01
-1.133764485773296887e-01
-1.133764485773296887e-01
-2.821240372690891340e-01
-2.821240372690891340e-01
-2.821240372690891340e-01
-2.821240372690891340e-01
-2.821240372690891340e-01
-2.821240372690891340e-01
-2.821240372690891340e-01
-2.727640283609146787e-01
-1.693826442906451735e-01
-1.693826442906451735e-01
-1.693826442906451735e-01
-2.997172489252808436e-01
-2.997172489252808436e-01
-3.212588209584351095e-01
-3.322553853218311315e-01
-3.166621696879221570e-01
-3.166621696879221570e-01
-2.961653864800028457e-01
-2.961653864800028457e-01
-2.961653864800028457e-01
-2.961653864800028457e-01
-2.961653864800028457e-01
-2.961653864800028457e-01
-2.961653864800028457e-01
-2.961653864800028457e-01
-2.961653864800028457e-01
-2.961653864800028457e-01
-3.746024871504690101e-01
-2.792599878099427668e-01
-2.396370803316317522e-01
-2.396370803316317522e-01
-2.396370803316317522e-01
-2.211818551745751427e-01
-2.211818551745751427e-01
-2.299960175650654359e-01
-2.299960175650654359e-01
-2.085422849322351169e-01
-2.266176982404422002e-01
-2.266176982404422002e-01
-2.266176982404422002e-01
-2.266176982404422002e-01
-2.266176982404422002e-01
-2.266176982404422002e-01
-2.266176982404422002e-01
-1.973289962766979488e-01
-1.973289962766979488e-01
-1.973289962766979488e-01
-1.973289962766979488e-01
-1.973289962766979488e-01
-1.973289962766979488e-01
-1.973289962766979488e-01
-1.985078248779505450e-01
-1.985078248779505450e-01
-1.985078248779505450e-01
-1.985078248779505450e-01
-1.985078248779505450e-01
-2.205921623154819822e-01
-3.084173975537936596e-01
-3.084173975537936596e-01
-3.084173975537936596e-01
-3.007309919492215378e-01
-2.580002601467829004e-01
-2.580002601467829004e-01
-2.580002601467829004e-01
-2.580002601467829004e-01
-2.357242447178267697e-01
-2.357242447178267697e-01
-2.357242447178267697e-01
-2.357242447178267697e-01
-2.333520572404137183e-01
-2.333520572404137183e-01
-2.333520572404137183e-01
-2.586490193170964402e-01
-2.586490193170964402e-01
-2.053159278618024164e-01
-1.888964994265718289e-01
-2.880780079949855077e-01
-2.880780079949855077e-01
-1.943413295828539389e-01
-2.363607337260157926e-01
-2.363607337260157926e-01
-2.363607337260157926e-01
-2.363607337260157926e-01
-2.363607337260157926e-01
-2.363607337260157926e-01
-2.590947556634731752e-01
-2.349737707317099411e-01
-2.349737707317099411e-01
-2.349737707317099411e-01
-2.349737707317099411e-01
-2.349737707317099411e-01
-2.139891496012069072e-01
-2.139891496012069072e-01
-2.139891496012069072e-01
-2.139891496012069072e-01
-2.139891496012069072e-01
-2.139891496012069072e-01
-2.204072740675264430e-01
-2.204072740675264430e-01
-2.204072740675264430e-01
-2.204072740675264430e-01
-2.058388181169322761e-01
-2.058388181169322761e-01
-2.058388181169322761e-01
-2.113719083140427057e-01
-2.113719083140427057e-01
-2.253433020279375087e-01
-2.253433020279375087e-01
-2.253433020279375087e-01
-2.191168197389944672e-01
-2.191168197389944672e-01
-2.191168197389944672e-01
-2.191168197389944672e-01
-2.191168197389944672e-01
-2.191168197389944672e-01
-2.369972572380655562e-01
-1.754081385474549060e-01
-1.754081385474549060e-01
-1.754081385474549060e-01
-1.754081385474549060e-01
-1.754081385474549060e-01
-1.824269232279387698e-01
-1.824269232279387698e-01
-1.808965881553556976e-01
-1.808965881553556976e-01
-1.808965881553556976e-01
-1.808965881553556976e-01
-1.808965881553556976e-01
-1.808965881553556976e-01
-3.276879220504271273e-01
-3.104075201976944642e-01
-3.104075201976944642e-01
-3.108429454574903605e-01
-2.832101381187477340e-01
-2.266754049886958167e-01
-2.266754049886958167e-01
-2.266754049886958167e-01
-2.266754049886958167e-01
-2.266754049886958167e-01
-2.266754049886958167e-01
-2.266754049886958167e-01
-2.266754049886958167e-01
-2.266754049886958167e-01
-2.266754049886958167e-01
-2.266754049886958167e-01
-2.350127605706407441e-01
-2.350127605706407441e-01
-2.647388673133344028e-01
-2.647388673133344028e-01
-2.647388673133344028e-01
-2.807003191837285083e-01
-3.057069855632806865e-01
-3.057069855632806865e-01
-3.057069855632806865e-01
-3.330470726499213385e-01
-3.330470726499213385e-01
-3.330470726499213385e-01
-3.097592242252710237e-01
-2.847367915261926341e-01
-2.325857574550511120e-01
-1.812402622867506086e-01
-1.812402622867506086e-01
-1.767499631646684555e-01
-1.767499631646684555e-01
-1.767499631646684555e-01
-2.662269856943914603e-01
-2.662269856943914603e-01
-2.662269856943914603e-01
-2.662269856943914603e-01
-2.662269856943914603e-01
-2.662269856943914603e-01
-2.662269856943914603e-01
-2.662269856943914603e-01
-2.662269856943914603e-01
-2.426654788377068106e-01
-2.426654788377068106e-01
-2.426654788377068106e-01
-2.426654788377068106e-01
-2.120918479085537600e-01
-2.120918479085537600e-01
-2.120918479085537600e-01
-2.120918479085537600e-01
-2.810782585072907902e-01
-2.471422848644293235e-01
-2.471422848644293235e-01
-2.471422848644293235e-01
-2.471422848644293235e-01
-2.471422848644293235e-01
-2.371222588364355066e-01
-2.371222588364355066e-01
-2.030588624673415610e-01
-2.691298620424840693e-01
-2.459744735981374553e-01
-2.374369072109232537e-01
-2.374369072109232537e-01
-2.374369072109232537e-01
-2.374369072109232537e-01
-2.641359348202983459e-01
-2.641359348202983459e-01
-2.641359348202983459e-01
-2.641359348202983459e-01
-2.580014432016234927e-01
-2.162400504870336526e-01
-2.676365606023283772e-01
-2.676365606023283772e-01
-2.676365606023283772e-01
-2.196028192440612481e-01
-2.120010147110356069e-01
-2.120010147110356069e-01
-2.179048805257502164e-01
-2.179048805257502164e-01
-2.179048805257502164e-01
-2.179048805257502164e-01
-2.179048805257502164e-01
-2.179048805257502164e-01
-2.179048805257502164e-01
-1.998189513255653749e-01
-1.998189513255653749e-01
-1.998189513255653749e-01
-1.998189513255653749e-01
-1.998189513255653749e-01
-1.998189513255653749e-01
-1.998189513255653749e-01
-1.998189513255653749e-01
-1.998189513255653749e-01
-1.998189513255653749e-01
-1.998189513255653749e-01
-2.607326094251077864e-01
-2.607326094251077864e-01
-2.607326094251077864e-01
-2.607326094251077864e-01
-2.607326094251077864e-01
-2.607326094251077864e-01
-2.607326094251077864e-01
-2.607326094251077864e-01
-2.607326094251077864e-01
-2.607326094251077864e-01
-2.607326094251077864e-01
-1.288407709406779456e-01
-2.724359465907876254e-01
-2.724359465907876254e-01
-2.724359465907876254e-01
-2.724359465907876254e-01
-2.724359465907876254e-01
-2.724359465907876254e-01
-2.559905117232244565e-01
-2.559905117232244565e-01
-2.559905117232244565e-01
-2.559905117232244565e-01
-2.879985077011802952e-01
-2.879985077011802952e-01
-2.879985077011802952e-01
-2.879985077011802952e-01
-2.560996997960773292e-01
-2.560996997960773292e-01
