# Variable: dg_gbvi_00000302
# Sample shape: (1000,)
# Date: 2013-03-07 22:55:07.133022
-1.160247816452794067e+00
-1.430375664743888997e+00
-1.280291136283107312e+00
-6.252196366540879735e-01
-8.334898595806525812e-01
-6.817759687042115324e-01
-6.780563611970044091e-01
-1.042638518759464228e+00
-9.619075134912696834e-01
-1.546738518131272278e+00
-8.838272788549444980e-01
-8.838272788549444980e-01
-9.940957994331297565e-01
-9.507968651473932553e-01
-1.369463541381826799e+00
-1.369463541381826799e+00
-1.350532517728205040e+00
-1.350532517728205040e+00
-1.111340827704526690e+00
-1.111340827704526690e+00
-1.214600045481480484e+00
-1.268428384015827026e+00
-1.268428384015827026e+00
-1.268428384015827026e+00
-1.268428384015827026e+00
-1.268428384015827026e+00
-1.315378376026768104e+00
-1.315378376026768104e+00
-1.209277154247314856e+00
-1.914323197543734034e+00
-2.041410489335192313e+00
-2.032428046385426068e+00
-1.799217106885919515e+00
-1.799217106885919515e+00
-1.799217106885919515e+00
-1.306172439503169080e+00
-1.646899861269212284e+00
-1.646899861269212284e+00
-1.646899861269212284e+00
-1.655436852254476232e+00
-1.655436852254476232e+00
-1.655436852254476232e+00
-1.614682804269306660e+00
-1.614682804269306660e+00
-1.471026786992836399e+00
-1.553767419692522633e+00
-1.553767419692522633e+00
-1.525892550711653861e+00
-1.525892550711653861e+00
-1.525892550711653861e+00
-1.525892550711653861e+00
-1.546861157852724267e+00
-1.394071685264735239e+00
-1.226336401190624370e+00
-1.226336401190624370e+00
-1.387055945946294777e+00
-1.387055945946294777e+00
-1.564319579970802732e+00
-1.318680452380555312e+00
-1.318680452380555312e+00
-1.341943876852987660e+00
-1.341943876852987660e+00
-1.341943876852987660e+00
-1.341943876852987660e+00
-1.321541210321203863e+00
-1.355736952770993486e+00
-1.355736952770993486e+00
-1.355736952770993486e+00
-1.355736952770993486e+00
-1.355736952770993486e+00
-1.672807937576538118e+00
-1.210903395353847278e+00
-1.179730952240011455e+00
-1.863056518675176632e+00
-1.550665334065024048e+00
-1.550665334065024048e+00
-1.550665334065024048e+00
-1.550665334065024048e+00
-1.642501566668800761e+00
-1.765066483997902891e+00
-1.765066483997902891e+00
-1.765066483997902891e+00
-1.776106014535924871e+00
-1.776106014535924871e+00
-1.776106014535924871e+00
-1.776106014535924871e+00
-1.720811883889675098e+00
-1.709608498403075050e+00
-1.813180645595066975e+00
-1.715646137501128488e+00
-1.457173280691925532e+00
-1.457173280691925532e+00
-1.457173280691925532e+00
-1.456913981440313810e+00
-1.466845970475624261e+00
-1.478407374746357528e+00
-1.484901733920445999e+00
-1.430569185201623128e+00
-1.430569185201623128e+00
-1.761062728371060704e+00
-1.761062728371060704e+00
-1.986720603904416960e+00
-1.986720603904416960e+00
-1.425400874992423850e+00
-1.425400874992423850e+00
-1.425400874992423850e+00
-1.684917262639342717e+00
-1.684917262639342717e+00
-1.684917262639342717e+00
-1.684917262639342717e+00
-1.902702990858096355e+00
-1.760167919094713262e+00
-1.841651674699866348e+00
-1.633755247770754426e+00
-1.664613937203797800e+00
-1.664613937203797800e+00
-1.484411562534754259e+00
-1.484411562534754259e+00
-1.360736711936105126e+00
-1.483985109670786784e+00
-1.602536689769883838e+00
-1.379659210636056343e+00
-1.368117872110136801e+00
-1.663121519405735382e+00
-1.490060391409720131e+00
-1.264735464648452767e+00
-1.260168564139938496e+00
-1.260168564139938496e+00
-1.254161841243837117e+00
-1.651911209143727355e+00
-1.269296982865922629e+00
-1.342588359452333791e+00
-1.342588359452333791e+00
-1.526910830674856667e+00
-1.502789559514628337e+00
-1.444860663353463970e+00
-1.426967519840254717e+00
-1.393170781117352597e+00
-1.393170781117352597e+00
-1.533430530018651705e+00
-1.577892474761067199e+00
-1.551913506595739234e+00
-1.585549529941205904e+00
-1.585549529941205904e+00
-1.745356649490300338e+00
-1.977927512934908982e+00
-1.965737314964776328e+00
-1.766885120410965682e+00
-1.847498897693792497e+00
-1.833918594292177628e+00
-1.833918594292177628e+00
-1.833918594292177628e+00
-1.821426840212547527e+00
-1.805046867013346157e+00
-1.805046867013346157e+00
-1.598810891412876245e+00
-1.598810891412876245e+00
-1.622193613594975936e+00
-1.611886852526197789e+00
-1.521699607424599643e+00
-1.521699607424599643e+00
-1.521699607424599643e+00
-1.521699607424599643e+00
-1.579504096556990866e+00
-1.771520819263525226e+00
-2.096779105003726773e+00
-2.096779105003726773e+00
-2.096779105003726773e+00
-1.589612554393594390e+00
-1.411736945745605043e+00
-1.638912409121413560e+00
-1.674712994487176143e+00
-1.674712994487176143e+00
-1.704157801776861048e+00
-1.704157801776861048e+00
-1.681165263488861639e+00
-1.681165263488861639e+00
-1.681165263488861639e+00
-1.602300912774012875e+00
-1.602300912774012875e+00
-1.602300912774012875e+00
-1.602300912774012875e+00
-1.602300912774012875e+00
-1.602300912774012875e+00
-1.440681310390854897e+00
-1.249012964765201517e+00
-1.221780427419761228e+00
-1.221780427419761228e+00
-1.221780427419761228e+00
-1.221780427419761228e+00
-1.221780427419761228e+00
-1.221780427419761228e+00
-1.825575457367146104e+00
-1.544027012792797082e+00
-1.540075176865660866e+00
-1.613697568156448048e+00
-1.489047245574479872e+00
-1.489047245574479872e+00
-1.551562213321779238e+00
-1.551562213321779238e+00
-1.559607258753074710e+00
-1.559607258753074710e+00
-1.559607258753074710e+00
-1.651938871861186708e+00
-1.651938871861186708e+00
-1.651938871861186708e+00
-1.651938871861186708e+00
-1.754828368189909282e+00
-1.754828368189909282e+00
-1.832611385115267222e+00
-1.908483227258391146e+00
-1.908483227258391146e+00
-1.908483227258391146e+00
-2.040878705749189947e+00
-2.242052734790841662e+00
-2.216151935163086950e+00
-1.852503314156692893e+00
-1.808643546005030966e+00
-1.808643546005030966e+00
-1.742427350582527401e+00
-1.742427350582527401e+00
-1.663941723396376915e+00
-1.684644451349568639e+00
-1.684644451349568639e+00
-1.684644451349568639e+00
-1.684644451349568639e+00
-1.684644451349568639e+00
-1.672828193642318384e+00
-1.672828193642318384e+00
-1.812579718685562113e+00
-1.812579718685562113e+00
-1.808443878883993605e+00
-1.808443878883993605e+00
-2.050415219166657810e+00
-1.843912601946283480e+00
-1.843912601946283480e+00
-1.808176774749894911e+00
-1.815416594267080130e+00
-1.859716376502547952e+00
-1.859716376502547952e+00
-1.859716376502547952e+00
-1.859716376502547952e+00
-1.643109053193253510e+00
-1.643109053193253510e+00
-1.643109053193253510e+00
-1.643109053193253510e+00
-1.643109053193253510e+00
-1.643109053193253510e+00
-1.643109053193253510e+00
-1.643109053193253510e+00
-1.643109053193253510e+00
-1.643109053193253510e+00
-1.643109053193253510e+00
-1.643109053193253510e+00
-1.592173153986635503e+00
-1.592173153986635503e+00
-1.592173153986635503e+00
-1.592173153986635503e+00
-1.613397708697409394e+00
-1.613397708697409394e+00
-1.716658250593415369e+00
-1.716658250593415369e+00
-1.716881557431960914e+00
-1.826536758432065088e+00
-1.802077350108048259e+00
-1.701190465304066590e+00
-1.701190465304066590e+00
-1.701190465304066590e+00
-1.901338373422724271e+00
-1.821413058300866528e+00
-1.640739075512393619e+00
-1.664036194194504326e+00
-1.664036194194504326e+00
-1.664036194194504326e+00
-1.664036194194504326e+00
-1.664036194194504326e+00
-1.664036194194504326e+00
-1.191007594215523824e+00
-1.770305651262509272e+00
-1.770305651262509272e+00
-1.770305651262509272e+00
-1.770305651262509272e+00
-1.770305651262509272e+00
-1.770305651262509272e+00
-1.770305651262509272e+00
-1.784566962044705773e+00
-1.871525140570754697e+00
-1.871525140570754697e+00
-1.942744590022893902e+00
-1.500390440209131926e+00
-1.501778318993755246e+00
-1.487234347869607509e+00
-1.487350163698283989e+00
-1.414006638300433716e+00
-1.414006638300433716e+00
-1.686377996703589233e+00
-1.702284037764685065e+00
-1.638044681532762503e+00
-1.640375607022706905e+00
-1.640375607022706905e+00
-1.640375607022706905e+00
-1.640375607022706905e+00
-1.640375607022706905e+00
-1.592284439853665967e+00
-1.592284439853665967e+00
-1.592284439853665967e+00
-1.592284439853665967e+00
-1.426977159101574077e+00
-1.503594852891338984e+00
-1.502159245923454289e+00
-1.515837666170856357e+00
-1.525759098525581114e+00
-1.525759098525581114e+00
-1.525759098525581114e+00
-1.525759098525581114e+00
-1.549767726636472887e+00
-1.549767726636472887e+00
-1.593155542654558721e+00
-1.593155542654558721e+00
-1.606380550351277359e+00
-1.606380550351277359e+00
-1.559665975507587010e+00
-1.559665975507587010e+00
-1.559665975507587010e+00
-1.815649716056658480e+00
-1.815649716056658480e+00
-1.809546758473302042e+00
-1.809546758473302042e+00
-1.809546758473302042e+00
-1.809546758473302042e+00
-1.809546758473302042e+00
-1.809546758473302042e+00
-1.809546758473302042e+00
-1.787613038987010627e+00
-1.787613038987010627e+00
-1.795601879199127948e+00
-1.915152098409881765e+00
-1.915152098409881765e+00
-1.468838532897118743e+00
-1.869475854089401645e+00
-1.584269667905620960e+00
-1.488677108003476857e+00
-1.477879535056184634e+00
-1.588107645097711851e+00
-1.682729199240672990e+00
-1.682729199240672990e+00
-1.418265309172385358e+00
-1.518225621631120736e+00
-1.518225621631120736e+00
-1.553754447599845268e+00
-1.553754447599845268e+00
-1.553754447599845268e+00
-1.572370257739809984e+00
-1.552644274106183664e+00
-1.552644274106183664e+00
-1.666258135228345871e+00
-1.666258135228345871e+00
-1.666258135228345871e+00
-1.649084501477004361e+00
-1.649084501477004361e+00
-1.711751290396338776e+00
-1.632600512465898435e+00
-1.725701513269974008e+00
-1.725701513269974008e+00
-1.725701513269974008e+00
-1.674973126048466154e+00
-1.546512336713219193e+00
-1.511871460217683039e+00
-1.511871460217683039e+00
-1.592581745208762944e+00
-1.592581745208762944e+00
-1.592581745208762944e+00
-1.894445748120659134e+00
-1.894445748120659134e+00
-1.894445748120659134e+00
-1.436021713504970654e+00
-1.734313922329392632e+00
-1.734313922329392632e+00
-1.605961172529776881e+00
-1.520659069266624641e+00
-1.520659069266624641e+00
-1.520659069266624641e+00
-1.520659069266624641e+00
-1.506967251910876771e+00
-1.537665957278301132e+00
-1.537665957278301132e+00
-1.408923873731916299e+00
-1.384660166882580867e+00
-1.697924255763719303e+00
-1.697924255763719303e+00
-1.586481759674172265e+00
-1.443868918950420133e+00
-1.425988175070413089e+00
-1.370543824445400016e+00
-1.385575915107612355e+00
-1.361583793374619100e+00
-1.359593580209772057e+00
-1.359593580209772057e+00
-1.618378446269113313e+00
-1.735146642500828174e+00
-1.676235997150818946e+00
-1.676235997150818946e+00
-1.374670388823857836e+00
-1.374670388823857836e+00
-1.374670388823857836e+00
-1.736654957838243529e+00
-1.736654957838243529e+00
-1.739836195212365100e+00
-1.821262404296230875e+00
-1.821262404296230875e+00
-1.839497375809217683e+00
-1.639650855880245617e+00
-1.735353022159126679e+00
-1.735353022159126679e+00
-1.735353022159126679e+00
-1.869642988466722056e+00
-1.869642988466722056e+00
-1.869642988466722056e+00
-1.869642988466722056e+00
-1.848215635229622400e+00
-1.824664080549466938e+00
-1.824664080549466938e+00
-1.802441189870732652e+00
-1.802441189870732652e+00
-1.802441189870732652e+00
-1.802441189870732652e+00
-1.802441189870732652e+00
-1.802441189870732652e+00
-1.829947322886259942e+00
-1.863209731243971934e+00
-1.741589432740488386e+00
-1.741589432740488386e+00
-1.741589432740488386e+00
-1.604572624105362388e+00
-1.604572624105362388e+00
-1.874464529793893552e+00
-1.874464529793893552e+00
-1.874464529793893552e+00
-1.833976840162375499e+00
-1.833976840162375499e+00
-1.833976840162375499e+00
-1.833976840162375499e+00
-1.833976840162375499e+00
-1.776077644982146486e+00
-1.756365572013868004e+00
-1.508866270671005205e+00
-1.508866270671005205e+00
-1.508866270671005205e+00
-1.508866270671005205e+00
-1.508866270671005205e+00
-1.508866270671005205e+00
-1.475586461671356098e+00
-1.475586461671356098e+00
-1.470409777213136815e+00
-1.470409777213136815e+00
-1.470409777213136815e+00
-1.470409777213136815e+00
-1.507479607174463609e+00
-1.645503453855829967e+00
-1.645503453855829967e+00
-1.468436502903772922e+00
-1.642281784416969925e+00
-1.642281784416969925e+00
-1.548289185475435481e+00
-1.548289185475435481e+00
-1.548289185475435481e+00
-1.548289185475435481e+00
-1.548289185475435481e+00
-1.547091400014368956e+00
-1.547091400014368956e+00
-1.561352331169918006e+00
-1.594496637832983899e+00
-1.549287227237379660e+00
-1.549287227237379660e+00
-1.549287227237379660e+00
-1.477855685226950433e+00
-1.477855685226950433e+00
-1.477855685226950433e+00
-1.532281811316706932e+00
-1.532281811316706932e+00
-1.641857251022315056e+00
-1.641857251022315056e+00
-1.677989696913370965e+00
-1.677989696913370965e+00
-1.706144970182214005e+00
-1.706144970182214005e+00
-1.756671934431855986e+00
-1.756671934431855986e+00
-1.756671934431855986e+00
-1.756671934431855986e+00
-1.833142659961238152e+00
-1.567429113140631047e+00
-1.561167393841876416e+00
-1.561167393841876416e+00
-1.579837924888782608e+00
-1.536337547473435317e+00
-1.587103094216951504e+00
-1.587103094216951504e+00
-1.587103094216951504e+00
-1.512893134206366730e+00
-1.512893134206366730e+00
-1.498951563770590578e+00
-1.498951563770590578e+00
-1.506253517455409918e+00
-1.492576733482869011e+00
-1.492576733482869011e+00
-1.492576733482869011e+00
-1.498904688517318284e+00
-1.498904688517318284e+00
-1.498904688517318284e+00
-1.498904688517318284e+00
-1.786396774388263387e+00
-1.786396774388263387e+00
-1.786396774388263387e+00
-1.777254313522178109e+00
-1.784620202647164255e+00
-1.871538212153809111e+00
-1.706044044355992106e+00
-1.706044044355992106e+00
-1.706044044355992106e+00
-1.706044044355992106e+00
-1.706044044355992106e+00
-1.706044044355992106e+00
-1.706044044355992106e+00
-1.706044044355992106e+00
-1.706044044355992106e+00
-1.817951546689946962e+00
-1.467499444047463353e+00
-1.495541746572727648e+00
-1.495541746572727648e+00
-1.495541746572727648e+00
-1.495541746572727648e+00
-1.495541746572727648e+00
-1.797735307924489767e+00
-1.804660901219827362e+00
-1.508001532434317893e+00
-1.508001532434317893e+00
-1.508001532434317893e+00
-1.355597760875931090e+00
-1.341796620734825085e+00
-1.934211120396567285e+00
-1.943011022488624340e+00
-1.943011022488624340e+00
-1.475153090796591959e+00
-1.904142370453591804e+00
-1.783013239172420494e+00
-1.783013239172420494e+00
-1.783013239172420494e+00
-1.747251080453118943e+00
-1.823036241458583673e+00
-1.823036241458583673e+00
-1.823036241458583673e+00
-1.818398118810700570e+00
-1.818398118810700570e+00
-1.730607523706273909e+00
-1.855915762191361118e+00
-1.657572125499602533e+00
-1.573631107142340557e+00
-1.820232909214064110e+00
-1.857832235138762167e+00
-1.798373753494828087e+00
-1.798373753494828087e+00
-1.798373753494828087e+00
-1.798373753494828087e+00
-1.798373753494828087e+00
-1.698126189307075817e+00
-1.932942207205406993e+00
-1.932942207205406993e+00
-1.939128991652478096e+00
-1.939128991652478096e+00
-1.899948258404408286e+00
-1.899948258404408286e+00
-1.899948258404408286e+00
-1.929737244049128053e+00
-1.929737244049128053e+00
-1.887480599102697720e+00
-1.887480599102697720e+00
-1.887480599102697720e+00
-1.643899974213203219e+00
-1.710238040967676953e+00
-1.640607749546726390e+00
-1.505546843582357797e+00
-1.505546843582357797e+00
-1.505546843582357797e+00
-1.439474363166676651e+00
-1.513703822982545910e+00
-1.821396666697604472e+00
-1.701778690353432877e+00
-1.701778690353432877e+00
-1.708380613164029116e+00
-1.656522726582125404e+00
-1.624208460262507758e+00
-1.624208460262507758e+00
-1.624208460262507758e+00
-1.766046899703896944e+00
-1.440484363145494218e+00
-1.440484363145494218e+00
-1.942231491606526417e+00
-1.996263071791402055e+00
-1.996263071791402055e+00
-1.955126653982988127e+00
-1.800236015915527066e+00
-1.800236015915527066e+00
-1.823462644710665437e+00
-1.823462644710665437e+00
-1.576846460165655106e+00
-1.576846460165655106e+00
-1.576846460165655106e+00
-1.576846460165655106e+00
-1.576846460165655106e+00
-1.576846460165655106e+00
-1.516232064783330058e+00
-1.765367374671938050e+00
-1.765367374671938050e+00
-1.772479686500779916e+00
-1.772479686500779916e+00
-1.768832957301258668e+00
-1.672273005421168302e+00
-1.493562798798216518e+00
-1.454853188321874269e+00
-1.640995614244261880e+00
-1.498721305496150569e+00
-1.494062592022936009e+00
-1.575867219036394484e+00
-1.575867219036394484e+00
-1.575867219036394484e+00
-1.575867219036394484e+00
-1.672274456312733415e+00
-1.672274456312733415e+00
-1.672274456312733415e+00
-1.706459943592012918e+00
-1.706459943592012918e+00
-1.658334069028822189e+00
-1.658334069028822189e+00
-1.658334069028822189e+00
-1.658334069028822189e+00
-1.546827694529813169e+00
-1.546827694529813169e+00
-1.546827694529813169e+00
-1.462916284250869392e+00
-1.462916284250869392e+00
-1.422424246500899159e+00
-1.422424246500899159e+00
-1.422424246500899159e+00
-1.422424246500899159e+00
-1.422424246500899159e+00
-1.421742493586194200e+00
-1.428860876021080140e+00
-1.516465727330943869e+00
-1.516465727330943869e+00
-1.516465727330943869e+00
-1.771883783107682797e+00
-1.771883783107682797e+00
-1.771883783107682797e+00
-1.771883783107682797e+00
-1.779224698287012574e+00
-1.779224698287012574e+00
-1.548153773186613291e+00
-1.548153773186613291e+00
-1.375923785657277687e+00
-1.375923785657277687e+00
-1.577949857516239618e+00
-1.570207514816351901e+00
-1.570207514816351901e+00
-1.570207514816351901e+00
-1.566154165582144486e+00
-1.544533674634558373e+00
-1.544533674634558373e+00
-1.451539204539873174e+00
-1.451539204539873174e+00
-1.451539204539873174e+00
-1.451539204539873174e+00
-1.451539204539873174e+00
-1.451539204539873174e+00
-1.398080252217704711e+00
-1.348775765425195505e+00
-1.363126092234092646e+00
-1.613008651384308934e+00
-1.613008651384308934e+00
-1.613008651384308934e+00
-1.613008651384308934e+00
-1.613008651384308934e+00
-1.781491697006530206e+00
-1.781491697006530206e+00
-1.851262191506430455e+00
-1.592442448373963204e+00
-1.534647768367198628e+00
-1.768287526746445737e+00
-1.768287526746445737e+00
-1.881306435749677375e+00
-1.881306435749677375e+00
-1.881306435749677375e+00
-1.552473126232127409e+00
-1.552473126232127409e+00
-1.655994800165216052e+00
-1.910550145294156676e+00
-1.910550145294156676e+00
-1.933429860665575539e+00
-1.933429860665575539e+00
-1.933429860665575539e+00
-1.509731191475346179e+00
-1.542532737348143890e+00
-1.542532737348143890e+00
-1.624143423063258984e+00
-1.634001563460928397e+00
-1.856441839759711554e+00
-1.856441839759711554e+00
-1.856441839759711554e+00
-1.856441839759711554e+00
-1.856441839759711554e+00
-1.866465810920240331e+00
-1.642547371108094234e+00
-1.807153102523763488e+00
-1.710447115694030407e+00
-1.710447115694030407e+00
-1.743021209981345576e+00
-1.743021209981345576e+00
-1.647100595938090661e+00
-1.641647555121413582e+00
-1.641647555121413582e+00
-1.595852309302360217e+00
-1.595852309302360217e+00
-1.823283471766332875e+00
-1.823283471766332875e+00
-1.850839443270025031e+00
-1.850839443270025031e+00
-1.872424703061161155e+00
-1.738613497778520367e+00
-1.738613497778520367e+00
-1.738613497778520367e+00
-1.764030097185259160e+00
-1.764030097185259160e+00
-1.310191299117264840e+00
-1.310191299117264840e+00
-1.310191299117264840e+00
-1.310191299117264840e+00
-1.310191299117264840e+00
-1.274729433398142930e+00
-1.378946517398980331e+00
-1.490433938824099247e+00
-1.347575366594015112e+00
-1.407917134305168849e+00
-1.407917134305168849e+00
-1.604698604198332879e+00
-1.604698604198332879e+00
-1.987210035125996033e+00
-1.987210035125996033e+00
-1.987210035125996033e+00
-1.742282894203763366e+00
-1.742282894203763366e+00
-1.742282894203763366e+00
-1.742282894203763366e+00
-1.721065936801773999e+00
-1.407676723217000658e+00
-1.637052188876912728e+00
-1.637052188876912728e+00
-1.932490343014046319e+00
-1.932490343014046319e+00
-1.943912393138725880e+00
-1.968839040106191707e+00
-1.933492856666585880e+00
-1.881597913134570144e+00
-1.870728121112537057e+00
-1.870728121112537057e+00
-1.870728121112537057e+00
-1.870728121112537057e+00
-2.093319395544197103e+00
-1.708500372816245116e+00
-1.708500372816245116e+00
-1.708500372816245116e+00
-1.708500372816245116e+00
-1.860847141619556000e+00
-1.902443667398773020e+00
-1.851881921773638418e+00
-1.762618433879405755e+00
-1.762618433879405755e+00
-1.762618433879405755e+00
-1.721042035976399376e+00
-1.449137050107499158e+00
-1.458507962961101301e+00
-1.458507962961101301e+00
-1.433366292437888490e+00
-1.469104523579319199e+00
-1.436293854863877506e+00
-1.436293854863877506e+00
-1.723973600498443171e+00
-1.862364001756197540e+00
-1.862364001756197540e+00
-2.022194375734372329e+00
-1.797245300349499919e+00
-1.797245300349499919e+00
-1.498480293601089919e+00
-1.523506305453678822e+00
-1.523506305453678822e+00
-1.523506305453678822e+00
-1.591422712303435238e+00
-1.592643181255889884e+00
-1.518511299644097923e+00
-1.518511299644097923e+00
-1.518511299644097923e+00
-1.518511299644097923e+00
-1.562789829740308445e+00
-1.653717359608920523e+00
-1.653717359608920523e+00
-1.653717359608920523e+00
-1.645759443261807675e+00
-1.560085422046577186e+00
-1.560085422046577186e+00
-1.848331980890466797e+00
-1.848331980890466797e+00
-1.836513858438397984e+00
-1.738895148276144109e+00
-1.738895148276144109e+00
-1.689907262337359883e+00
-1.687279586369271556e+00
-1.687279586369271556e+00
-1.687279586369271556e+00
-1.744564618071346995e+00
-1.512027698545276744e+00
-1.395463033746654924e+00
-1.914585168512567881e+00
-2.238182273340544981e+00
-2.238182273340544981e+00
-1.837244768897602132e+00
-1.859534286452245944e+00
-1.859534286452245944e+00
-1.859534286452245944e+00
-1.859534286452245944e+00
-1.680116225484314496e+00
-1.680116225484314496e+00
-1.663630272632301343e+00
-1.382242905472428118e+00
-1.382242905472428118e+00
-1.382242905472428118e+00
-1.382242905472428118e+00
-1.382242905472428118e+00
-1.337859850577313825e+00
-1.337859850577313825e+00
-1.337859850577313825e+00
-1.617479321451657848e+00
-1.617479321451657848e+00
-1.617479321451657848e+00
-1.637167884478191615e+00
-1.637167884478191615e+00
-1.637167884478191615e+00
-1.637167884478191615e+00
-1.824731000035106465e+00
-1.824731000035106465e+00
-1.787941643223813104e+00
-1.799662527821230595e+00
-1.799662527821230595e+00
-1.829258483706996730e+00
-1.829258483706996730e+00
-1.544219678144064023e+00
-1.881403889275667929e+00
-1.825621452782267840e+00
-1.744469325720997777e+00
-1.621286906514855852e+00
-1.621286906514855852e+00
-1.621286906514855852e+00
-1.656597459471516487e+00
-1.534970355146364485e+00
-1.534970355146364485e+00
-1.534970355146364485e+00
-1.534970355146364485e+00
-1.534970355146364485e+00
-1.420769102210714063e+00
-1.420769102210714063e+00
-1.383268027965459224e+00
-1.383268027965459224e+00
-1.383268027965459224e+00
-1.383268027965459224e+00
-1.383268027965459224e+00
-1.383268027965459224e+00
-1.543962514500427208e+00
-1.783166880614209360e+00
-1.783166880614209360e+00
-1.606822967399788471e+00
-1.618997307017875587e+00
-1.498655097364947286e+00
-1.576471087298965124e+00
-1.721176633420752555e+00
-1.721176633420752555e+00
-1.721176633420752555e+00
-1.721176633420752555e+00
-1.721176633420752555e+00
-1.721176633420752555e+00
-1.492124697765225827e+00
-1.492124697765225827e+00
-1.492124697765225827e+00
-1.625293562809462022e+00
-1.625293562809462022e+00
-1.688569803303342942e+00
-1.688569803303342942e+00
-1.688569803303342942e+00
-1.722546020771875463e+00
-1.775776262104158176e+00
-1.775776262104158176e+00
-1.775776262104158176e+00
-1.833973520850231242e+00
-1.833973520850231242e+00
-1.857547018901718028e+00
-1.846160939594012618e+00
-1.834299068157258628e+00
-1.722520071037155986e+00
-1.527304702096786926e+00
-1.527304702096786926e+00
-1.574701877099160763e+00
-1.574701877099160763e+00
-1.822854721613967444e+00
-1.984614887231032077e+00
-1.984614887231032077e+00
-1.984614887231032077e+00
-1.984614887231032077e+00
-1.732417020134545238e+00
-1.732417020134545238e+00
-1.732417020134545238e+00
-1.732417020134545238e+00
-1.732417020134545238e+00
-1.686209817393353516e+00
-1.686209817393353516e+00
-1.686209817393353516e+00
-1.686209817393353516e+00
-1.670068591308138783e+00
-1.670068591308138783e+00
-1.670068591308138783e+00
-1.548997224382234528e+00
-1.875953636985200568e+00
-1.809400745276130040e+00
-1.809400745276130040e+00
-1.809400745276130040e+00
-1.809400745276130040e+00
-1.809400745276130040e+00
-1.789750161085409408e+00
-1.789750161085409408e+00
-1.708991739435638424e+00
-1.838695867416465735e+00
-1.826457443548691328e+00
-1.498812490129800112e+00
-1.498812490129800112e+00
-1.498812490129800112e+00
-1.498812490129800112e+00
-1.783570102669889357e+00
-1.783570102669889357e+00
-1.783570102669889357e+00
-1.783570102669889357e+00
-1.771527468365545310e+00
-1.749455127554760070e+00
-1.812116749261738491e+00
-1.812116749261738491e+00
-1.812116749261738491e+00
-1.717821603485336857e+00
-1.620980031233183238e+00
-1.570259938414287459e+00
-1.980303439286086320e+00
-1.634485917328624582e+00
-1.634485917328624582e+00
-1.915666924930279791e+00
-1.819369382305423555e+00
-1.819369382305423555e+00
-1.819369382305423555e+00
-1.810524854808639672e+00
-1.810524854808639672e+00
-1.810524854808639672e+00
-1.810524854808639672e+00
-1.481865875040245584e+00
-1.481865875040245584e+00
-1.578729059761975195e+00
-1.578729059761975195e+00
-1.578729059761975195e+00
-1.578729059761975195e+00
-1.578729059761975195e+00
-1.817634097276392247e+00
-1.817634097276392247e+00
-1.817634097276392247e+00
-1.817634097276392247e+00
-1.817634097276392247e+00
-1.757698951973252877e+00
-1.757698951973252877e+00
-1.593170689429088682e+00
-1.593170689429088682e+00
-1.593170689429088682e+00
-1.813280616727189765e+00
-1.552273062018090899e+00
-1.839467128511003358e+00
-1.839467128511003358e+00
-1.844959651102162868e+00
-1.844959651102162868e+00
-1.844959651102162868e+00
-1.844959651102162868e+00
-1.789062551444190685e+00
-1.789062551444190685e+00
-1.789062551444190685e+00
-1.557122182917608955e+00
-1.574038789973991159e+00
-1.574038789973991159e+00
-1.588880657593411350e+00
-1.870136386025644581e+00
-1.807642319411812082e+00
-1.886720021730041053e+00
