# Variable: dg_gbvi_00000239
# Sample shape: (1000,)
# Date: 2013-03-07 22:55:07.032468
-7.342446108386332604e+00
-5.474061920165862460e+00
-2.647834196323219924e+00
-2.158782954144579769e+00
-2.271043346759194836e+00
-3.086726733084620200e+00
-3.096756481830130969e+00
-3.842039703415082830e+00
-3.907934624167777482e+00
-4.052143008579969674e+00
-4.116956104336995104e+00
-3.669993139605222332e+00
-3.359860164282576278e+00
-3.276343934276797043e+00
-3.234967176770316755e+00
-3.234967176770316755e+00
-3.284976636352675783e+00
-3.284976636352675783e+00
-3.311599702677651358e+00
-3.319089282643381988e+00
-3.367708550485758234e+00
-3.367708550485758234e+00
-3.367700067056023538e+00
-3.316369653714896781e+00
-3.316369653714896781e+00
-3.411397310703693453e+00
-3.411397310703693453e+00
-3.282884851318222275e+00
-3.347617779603553778e+00
-3.347617779603553778e+00
-3.448078983090697935e+00
-3.338336530326116325e+00
-3.338336530326116325e+00
-3.338336530326116325e+00
-3.338336530326116325e+00
-3.338336530326116325e+00
-3.338336530326116325e+00
-3.338336530326116325e+00
-3.238639281662512026e+00
-3.222105270264023602e+00
-3.222105270264023602e+00
-3.236804870535894274e+00
-3.236804870535894274e+00
-3.236804870535894274e+00
-3.286560175709956955e+00
-3.286560175709956955e+00
-3.283869831458659405e+00
-3.283869831458659405e+00
-3.283919891990923823e+00
-3.280558566800861442e+00
-3.280558566800861442e+00
-3.379208941240925856e+00
-3.379208941240925856e+00
-3.326284536742259323e+00
-3.320447427634800608e+00
-3.320447427634800608e+00
-3.320447427634800608e+00
-3.328054060076191867e+00
-3.328054060076191867e+00
-3.328054060076191867e+00
-3.362222041196835320e+00
-3.362222041196835320e+00
-3.362222041196835320e+00
-3.362222041196835320e+00
-3.362222041196835320e+00
-3.362222041196835320e+00
-3.362222041196835320e+00
-3.320383308484784468e+00
-3.320383308484784468e+00
-3.361166754871408813e+00
-3.352293521998028769e+00
-3.273026160750222235e+00
-3.273026160750222235e+00
-3.316037183078007100e+00
-3.316037183078007100e+00
-3.316037183078007100e+00
-3.297041854439657804e+00
-3.297041854439657804e+00
-3.297041854439657804e+00
-3.309443965446757119e+00
-3.309443965446757119e+00
-3.309443965446757119e+00
-3.310419157864074702e+00
-3.338722968843574446e+00
-3.338722968843574446e+00
-3.263407132572508917e+00
-3.142816174476070312e+00
-3.092339915275957196e+00
-3.272066747491335192e+00
-3.225507757723834246e+00
-3.326998532859222646e+00
-3.326998532859222646e+00
-3.498450416772443727e+00
-3.572112652741428640e+00
-3.572112652741428640e+00
-3.572112652741428640e+00
-3.572112652741428640e+00
-3.572112652741428640e+00
-3.572112652741428640e+00
-3.642035413215809037e+00
-3.642035413215809037e+00
-3.642035413215809037e+00
-3.642035413215809037e+00
-3.642035413215809037e+00
-3.642035413215809037e+00
-3.557617574923531922e+00
-3.482483178402305146e+00
-3.380605224789727803e+00
-3.380605224789727803e+00
-3.380605224789727803e+00
-3.532710776316857260e+00
-3.532710776316857260e+00
-3.532710776316857260e+00
-3.532710776316857260e+00
-3.532710776316857260e+00
-3.647214973851388820e+00
-3.647214973851388820e+00
-3.647214973851388820e+00
-3.624021777858613458e+00
-3.608695956113431080e+00
-3.608695956113431080e+00
-3.608695956113431080e+00
-3.555777834787345437e+00
-3.624903327200082348e+00
-3.624903327200082348e+00
-3.624903327200082348e+00
-3.603971094029693401e+00
-3.603971094029693401e+00
-3.684302638015901632e+00
-3.664394880076536687e+00
-3.664394880076536687e+00
-3.775236618982427572e+00
-3.615338769104120775e+00
-3.628315306275341268e+00
-3.628315306275341268e+00
-3.628315306275341268e+00
-3.634791773610797971e+00
-3.634791773610797971e+00
-3.524779824276384588e+00
-3.519905824763872815e+00
-3.519905824763872815e+00
-3.519905824763872815e+00
-3.519905824763872815e+00
-3.519905824763872815e+00
-3.519905824763872815e+00
-3.519905824763872815e+00
-3.553721827281249190e+00
-3.553721827281249190e+00
-3.553721827281249190e+00
-3.612944538135220984e+00
-3.614607265644230516e+00
-3.614607265644230516e+00
-3.610673095946374644e+00
-3.610673095946374644e+00
-3.610673095946374644e+00
-3.624492329487289499e+00
-3.394284791638630061e+00
-3.526515041936966632e+00
-3.565817522847285037e+00
-3.565817522847285037e+00
-3.565817522847285037e+00
-3.565817522847285037e+00
-3.565817522847285037e+00
-3.595031051996575133e+00
-3.595031051996575133e+00
-3.595031051996575133e+00
-3.595031051996575133e+00
-3.560906202605408577e+00
-3.560906202605408577e+00
-3.588408253121117664e+00
-3.530826996968956966e+00
-3.530826996968956966e+00
-3.553260072427103733e+00
-3.553260072427103733e+00
-3.553260072427103733e+00
-3.444551809803451103e+00
-3.515508637946217263e+00
-3.421128901205814810e+00
-3.395175002049463320e+00
-3.395175002049463320e+00
-3.451226004282268001e+00
-3.550367281691188204e+00
-3.550367281691188204e+00
-3.550367281691188204e+00
-3.550367281691188204e+00
-3.550367281691188204e+00
-3.550367281691188204e+00
-3.473325384529848847e+00
-3.473325384529848847e+00
-3.473325384529848847e+00
-3.743889222984619458e+00
-3.743889222984619458e+00
-3.743889222984619458e+00
-3.593350861437368593e+00
-3.595030364212610241e+00
-3.487453824764153776e+00
-3.614281570320542869e+00
-3.625044476909828006e+00
-3.565019068278348691e+00
-3.565019068278348691e+00
-3.594499949258664007e+00
-3.471046564265821477e+00
-3.471046564265821477e+00
-3.471046564265821477e+00
-3.471046564265821477e+00
-3.455620754468538447e+00
-3.455620754468538447e+00
-3.576981069281979675e+00
-3.481039633254456866e+00
-3.366263213455427117e+00
-3.506341014077228646e+00
-3.528546618533734858e+00
-3.507457923886396323e+00
-3.361418535140150432e+00
-3.387198020314847291e+00
-3.242503775104755182e+00
-3.331923875607196717e+00
-3.312978064108939691e+00
-3.338519038104055703e+00
-3.338519038104055703e+00
-3.338519038104055703e+00
-3.338519038104055703e+00
-3.377509340457853337e+00
-3.377509340457853337e+00
-3.377509340457853337e+00
-3.377509340457853337e+00
-3.377509340457853337e+00
-3.377509340457853337e+00
-3.377509340457853337e+00
-3.322513012061368176e+00
-3.322513012061368176e+00
-3.322513012061368176e+00
-3.373099574655370692e+00
-3.373099574655370692e+00
-3.471819801600942057e+00
-3.471819801600942057e+00
-3.369770519211860105e+00
-3.431342834140061360e+00
-3.431342834140061360e+00
-3.441530607347583537e+00
-3.413126612698861972e+00
-3.521780279330882557e+00
-3.555700805333392722e+00
-3.555700805333392722e+00
-3.485468657570621964e+00
-3.523266721059375328e+00
-3.463892993377724938e+00
-3.561730952844203824e+00
-3.561730952844203824e+00
-3.561730952844203824e+00
-3.561730952844203824e+00
-3.368964991060575453e+00
-3.395022048063217390e+00
-3.395022048063217390e+00
-3.539724209925767084e+00
-3.540491212982871616e+00
-3.540491212982871616e+00
-3.449736841819297517e+00
-3.449736841819297517e+00
-3.449736841819297517e+00
-3.449736841819297517e+00
-3.466726054793569656e+00
-3.467770423784864775e+00
-3.467770423784864775e+00
-3.422926922934816929e+00
-3.422926922934816929e+00
-3.510484750783552155e+00
-3.510484750783552155e+00
-3.510484750783552155e+00
-3.510484750783552155e+00
-3.510484750783552155e+00
-3.523265176385398156e+00
-3.523265176385398156e+00
-3.523265176385398156e+00
-3.421885637280983605e+00
-3.421885637280983605e+00
-3.421885637280983605e+00
-3.437617179205587625e+00
-3.369712974293114005e+00
-3.369712974293114005e+00
-3.369712974293114005e+00
-3.429221093456070513e+00
-3.421697372359285172e+00
-3.436616465564563239e+00
-3.436616465564563239e+00
-3.435787220553846666e+00
-3.688967412810699731e+00
-3.688967412810699731e+00
-3.471035441312425363e+00
-3.471035441312425363e+00
-3.471035441312425363e+00
-3.475779701484850381e+00
-3.594396843575139222e+00
-3.594396843575139222e+00
-3.594396843575139222e+00
-3.594396843575139222e+00
-3.667861411888752254e+00
-3.667861411888752254e+00
-3.645869396689938036e+00
-3.678178050813261546e+00
-3.657520937022109564e+00
-3.657520937022109564e+00
-3.697396034098891615e+00
-3.454040470020923514e+00
-3.434980251883245295e+00
-3.427566977392887182e+00
-3.355540608057100194e+00
-3.429087657980343540e+00
-3.429087657980343540e+00
-3.429226177056856617e+00
-3.491778654260789150e+00
-3.483094248195995668e+00
-3.483094248195995668e+00
-3.483094248195995668e+00
-3.483094248195995668e+00
-3.370855076831831276e+00
-3.370855076831831276e+00
-3.370784028867839677e+00
-3.370784028867839677e+00
-3.370784028867839677e+00
-3.523457418375144812e+00
-3.523457418375144812e+00
-3.523457418375144812e+00
-3.523457418375144812e+00
-3.511965191262199415e+00
-3.505130767266113168e+00
-3.505130767266113168e+00
-3.505130767266113168e+00
-3.348618506632444092e+00
-3.326071740828523637e+00
-3.466392762374950198e+00
-3.466392762374950198e+00
-3.378012463261349740e+00
-3.281157631086889293e+00
-3.281157631086889293e+00
-3.276646229718051195e+00
-3.279654703788046799e+00
-3.398429721015166827e+00
-3.398429721015166827e+00
-3.400487635543093301e+00
-3.346219498637541978e+00
-3.346219498637541978e+00
-3.326355664375287624e+00
-3.234671818454378567e+00
-3.402384409483401928e+00
-3.412235597763606521e+00
-3.204510133602850530e+00
-3.204510133602850530e+00
-3.204510133602850530e+00
-3.393519467477242202e+00
-3.330982439930743499e+00
-3.353285721795776553e+00
-3.353285721795776553e+00
-3.442925714509428747e+00
-3.442925714509428747e+00
-3.394848380288137069e+00
-3.394848380288137069e+00
-3.400786886101623718e+00
-3.400786886101623718e+00
-3.400786886101623718e+00
-3.400786886101623718e+00
-3.400786886101623718e+00
-3.400786886101623718e+00
-3.400786886101623718e+00
-3.448307164160000049e+00
-3.221796942537753505e+00
-3.221796942537753505e+00
-3.221796942537753505e+00
-3.221796942537753505e+00
-3.221796942537753505e+00
-3.259268007187899663e+00
-3.259268007187899663e+00
-3.259268007187899663e+00
-3.271209640375557282e+00
-3.271209640375557282e+00
-3.271209640375557282e+00
-3.459234717696069605e+00
-3.473313151254731501e+00
-3.473313151254731501e+00
-3.473313151254731501e+00
-3.473313151254731501e+00
-3.441768603764289836e+00
-3.441768603764289836e+00
-3.440576935754969146e+00
-3.578340469381920297e+00
-3.578340469381920297e+00
-3.544621719692739870e+00
-3.411216249923167076e+00
-3.439277537875500279e+00
-3.439277537875500279e+00
-3.411082629279172718e+00
-3.521072816071282752e+00
-3.488806569598593033e+00
-3.460122132862414990e+00
-3.485583527202148257e+00
-3.485583527202148257e+00
-3.596954014740351369e+00
-3.596954014740351369e+00
-3.596954014740351369e+00
-3.596954014740351369e+00
-3.596954014740351369e+00
-3.608938859885166384e+00
-3.608938859885166384e+00
-3.613008930400789964e+00
-3.600602892500331276e+00
-3.487661951963728413e+00
-3.537917734802269010e+00
-3.537917734802269010e+00
-3.537917734802269010e+00
-3.501774187749873146e+00
-3.501774187749873146e+00
-3.501774187749873146e+00
-3.501774187749873146e+00
-3.501774187749873146e+00
-3.448903208586842961e+00
-3.448903208586842961e+00
-3.493634387348284243e+00
-3.532670904982251781e+00
-3.532670904982251781e+00
-3.366699839834699670e+00
-3.366699839834699670e+00
-3.366699839834699670e+00
-3.366699839834699670e+00
-3.366699839834699670e+00
-3.366699839834699670e+00
-3.366699839834699670e+00
-3.366699839834699670e+00
-3.388198692291001013e+00
-3.435429944640829625e+00
-3.435429944640829625e+00
-3.435429944640829625e+00
-3.435429944640829625e+00
-3.394619183195997980e+00
-3.407602058903813624e+00
-3.408771491902303996e+00
-3.421495903974217878e+00
-3.435974771135448247e+00
-3.435974771135448247e+00
-3.253406801294548956e+00
-3.270035870947024748e+00
-3.270035870947024748e+00
-3.270035870947024748e+00
-3.283021326058257916e+00
-3.283021326058257916e+00
-3.250527799798867967e+00
-3.273988726887623546e+00
-3.273988726887623546e+00
-3.273988726887623546e+00
-3.273988726887623546e+00
-3.273988726887623546e+00
-3.273988726887623546e+00
-3.539342191852324238e+00
-3.539342191852324238e+00
-3.515968414084275739e+00
-3.515968414084275739e+00
-3.515968414084275739e+00
-3.645890024587262523e+00
-3.584884532631413379e+00
-3.584884532631413379e+00
-3.584884532631413379e+00
-3.584884532631413379e+00
-3.584884532631413379e+00
-3.555476656567715388e+00
-3.546864137428611841e+00
-3.546864137428611841e+00
-3.546864137428611841e+00
-3.470315336938316175e+00
-3.470315336938316175e+00
-3.464885404957697812e+00
-3.464338919260402161e+00
-3.423188872670217098e+00
-3.423188872670217098e+00
-3.600402154583873582e+00
-3.600402154583873582e+00
-3.600402154583873582e+00
-3.567072110085981684e+00
-3.567072110085981684e+00
-3.567072110085981684e+00
-3.611979773428964702e+00
-3.395851189731256436e+00
-3.389664272863834871e+00
-3.389664272863834871e+00
-3.389664272863834871e+00
-3.432882177142778879e+00
-3.354198663886421183e+00
-3.305901838854654162e+00
-3.377050008217343358e+00
-3.377050008217343358e+00
-3.377050008217343358e+00
-3.418801679642371916e+00
-3.418801679642371916e+00
-3.344835443377629502e+00
-3.344835443377629502e+00
-3.344835443377629502e+00
-3.344835443377629502e+00
-3.362036547649619678e+00
-3.493696818487283640e+00
-3.493696818487283640e+00
-3.390549324934070352e+00
-3.390549324934070352e+00
-3.510044328443999717e+00
-3.565052587709555354e+00
-3.565052587709555354e+00
-3.605696090211109706e+00
-3.605696090211109706e+00
-3.605696090211109706e+00
-3.600155781308047587e+00
-3.588375354846501608e+00
-3.588375354846501608e+00
-3.632708706861363268e+00
-3.632708706861363268e+00
-3.651292621249178971e+00
-3.651292621249178971e+00
-3.651292621249178971e+00
-3.519156000460657907e+00
-3.519156000460657907e+00
-3.491710905248055496e+00
-3.491710905248055496e+00
-3.444137878212542692e+00
-3.444137878212542692e+00
-3.449322948562547175e+00
-3.449322948562547175e+00
-3.449322948562547175e+00
-3.449322948562547175e+00
-3.449322948562547175e+00
-3.449322948562547175e+00
-3.449322948562547175e+00
-3.449322948562547175e+00
-3.449322948562547175e+00
-3.449322948562547175e+00
-3.801488204701297668e+00
-3.780624936629838562e+00
-3.780624936629838562e+00
-3.780624936629838562e+00
-3.532398330142875853e+00
-3.603443425003212575e+00
-3.603443425003212575e+00
-3.603443425003212575e+00
-3.603443425003212575e+00
-3.559443518034382414e+00
-3.559443518034382414e+00
-3.632054028856992467e+00
-3.632054028856992467e+00
-3.632054028856992467e+00
-3.518792337171575912e+00
-3.518792337171575912e+00
-3.518792337171575912e+00
-3.518792337171575912e+00
-3.409758597484968234e+00
-3.547841568333737872e+00
-3.542242446948051349e+00
-3.610487716737002195e+00
-3.605665108918403750e+00
-3.583357502672620765e+00
-3.611068288169628993e+00
-3.611068288169628993e+00
-3.611068288169628993e+00
-3.611068288169628993e+00
-3.681715952182400553e+00
-3.655383969130257871e+00
-3.370169966265582850e+00
-3.445876451314313638e+00
-3.445876451314313638e+00
-3.346292590074177564e+00
-3.346292590074177564e+00
-3.342590094197858797e+00
-3.342590094197858797e+00
-3.342590094197858797e+00
-3.342590094197858797e+00
-3.431590385894312867e+00
-3.431590385894312867e+00
-3.455700299464733227e+00
-3.455700299464733227e+00
-3.455700299464733227e+00
-3.455700299464733227e+00
-3.467271045055521750e+00
-3.467271045055521750e+00
-3.467271045055521750e+00
-3.246252669610144359e+00
-3.328933247936055828e+00
-3.204368253379431764e+00
-3.304627945335303352e+00
-3.304627945335303352e+00
-3.304627945335303352e+00
-3.557201158965046517e+00
-3.468083626457588942e+00
-3.468083626457588942e+00
-3.468083626457588942e+00
-3.453325138725585219e+00
-3.454692046731066224e+00
-3.490166149622639491e+00
-3.432726640900377379e+00
-3.432726640900377379e+00
-3.432726640900377379e+00
-3.432726640900377379e+00
-3.432726640900377379e+00
-3.432159444022251815e+00
-3.382640923629922192e+00
-3.382640923629922192e+00
-3.382640923629922192e+00
-3.382640923629922192e+00
-3.382640923629922192e+00
-3.382640923629922192e+00
-3.489291965484463187e+00
-3.429579202088245182e+00
-3.456035538579328659e+00
-3.456035538579328659e+00
-3.456035538579328659e+00
-3.492527766972992609e+00
-3.492527766972992609e+00
-3.492527766972992609e+00
-3.492527766972992609e+00
-3.492527766972992609e+00
-3.641464596738201998e+00
-3.641464596738201998e+00
-3.572186509999150772e+00
-3.545247757826006207e+00
-3.545247757826006207e+00
-3.545247757826006207e+00
-3.344837589456482796e+00
-3.344837589456482796e+00
-3.344837589456482796e+00
-3.339918523410120965e+00
-3.329127143329722927e+00
-3.329127143329722927e+00
-3.329127143329722927e+00
-3.321471744517280111e+00
-3.503157981297383650e+00
-3.481876698477018639e+00
-3.481876698477018639e+00
-3.505274836258904791e+00
-3.530815963593819440e+00
-3.530815963593819440e+00
-3.530815963593819440e+00
-3.435072369793178204e+00
-3.477769439513057836e+00
-3.477769439513057836e+00
-3.477769439513057836e+00
-3.549373313795756602e+00
-3.648316880689265851e+00
-3.420287492383224492e+00
-3.343182300068511470e+00
-3.454071260804795873e+00
-3.454071260804795873e+00
-3.457606924675546090e+00
-3.457606924675546090e+00
-3.456437463241592400e+00
-3.489046670347625501e+00
-3.426118963285240238e+00
-3.426118963285240238e+00
-3.426118963285240238e+00
-3.426118963285240238e+00
-3.606295381063953531e+00
-3.606295381063953531e+00
-3.606295381063953531e+00
-3.606295381063953531e+00
-3.613529228815059113e+00
-3.516661787841572906e+00
-3.542195328900551665e+00
-3.526502125989183778e+00
-3.475483622564651931e+00
-3.475483622564651931e+00
-3.573096895506195914e+00
-3.573096895506195914e+00
-3.505242658625772112e+00
-3.503226477285147578e+00
-3.503226477285147578e+00
-3.503226477285147578e+00
-3.503226477285147578e+00
-3.503226477285147578e+00
-3.503226477285147578e+00
-3.528467689124088480e+00
-3.560811742811493374e+00
-3.560811742811493374e+00
-3.560811742811493374e+00
-3.478664434771893799e+00
-3.451237183331940184e+00
-3.449001963460970099e+00
-3.378477022192892143e+00
-3.431108082868973508e+00
-3.431108082868973508e+00
-3.423387560830839060e+00
-3.444761198668263802e+00
-3.444761198668263802e+00
-3.444761198668263802e+00
-3.444761198668263802e+00
-3.444761198668263802e+00
-3.444761198668263802e+00
-3.444761198668263802e+00
-3.444761198668263802e+00
-3.444761198668263802e+00
-3.444761198668263802e+00
-3.444761198668263802e+00
-3.444761198668263802e+00
-3.391232875081439335e+00
-3.448967207156559578e+00
-3.437206656841610641e+00
-3.439971408110341411e+00
-3.437076913395743283e+00
-3.437076913395743283e+00
-3.437076913395743283e+00
-3.498170250959946159e+00
-3.397221915673438453e+00
-3.444120085747013338e+00
-3.392863161953741713e+00
-3.471288740219033553e+00
-3.471288740219033553e+00
-3.458879560944783105e+00
-3.430124532094895429e+00
-3.430124532094895429e+00
-3.409979505723101934e+00
-3.409979505723101934e+00
-3.406807597542695021e+00
-3.431527758780104964e+00
-3.431527758780104964e+00
-3.482570937160527347e+00
-3.455565445776974443e+00
-3.455565445776974443e+00
-3.430575744666302107e+00
-3.430575744666302107e+00
-3.430575744666302107e+00
-3.430575744666302107e+00
-3.430575744666302107e+00
-3.430575744666302107e+00
-3.430575744666302107e+00
-3.430575744666302107e+00
-3.529480234022015939e+00
-3.280632256801966129e+00
-3.391113982903282587e+00
-3.368689368466085465e+00
-3.422924111316333562e+00
-3.438401415675221173e+00
-3.438401415675221173e+00
-3.438401415675221173e+00
-3.381065365241763487e+00
-3.381065365241763487e+00
-3.381065365241763487e+00
-3.398291363705634005e+00
-3.398291363705634005e+00
-3.543852974200786932e+00
-3.543852974200786932e+00
-3.558446028915358106e+00
-3.558446028915358106e+00
-3.445484863334385750e+00
-3.445484863334385750e+00
-3.445484863334385750e+00
-3.391853959017205877e+00
-3.391853959017205877e+00
-3.391853959017205877e+00
-3.634678131745951113e+00
-3.634678131745951113e+00
-3.634678131745951113e+00
-3.634678131745951113e+00
-3.634678131745951113e+00
-3.330251186426777643e+00
-3.330251186426777643e+00
-3.330251186426777643e+00
-3.330251186426777643e+00
-3.339613504872668948e+00
-3.353141249774287402e+00
-3.353141249774287402e+00
-3.351549515553311043e+00
-3.246643509454980592e+00
-3.246643509454980592e+00
-3.309142133967963417e+00
-3.309142133967963417e+00
-3.316681776997031150e+00
-3.316681776997031150e+00
-3.316681776997031150e+00
-3.286323749587367171e+00
-3.286323749587367171e+00
-3.374293633211227217e+00
-3.564521926911809580e+00
-3.278983850218867069e+00
-3.278983850218867069e+00
-3.278983850218867069e+00
-3.231994211361124414e+00
-3.345842122312942202e+00
-3.396324125573870312e+00
-3.620606377303180690e+00
-3.542085790983560578e+00
-3.510904582967090626e+00
-3.363580533288825780e+00
-3.363580533288825780e+00
-3.363580533288825780e+00
-3.363580533288825780e+00
-3.363580533288825780e+00
-3.363580533288825780e+00
-3.450113945426597883e+00
-3.347346874053807042e+00
-3.347346874053807042e+00
-3.347346874053807042e+00
-3.347346874053807042e+00
-3.282686157062043364e+00
-3.289928572146427310e+00
-3.289928572146427310e+00
-3.292199792987113405e+00
-3.292199792987113405e+00
-3.302074718266972742e+00
-3.302074718266972742e+00
-3.302074718266972742e+00
-3.242756159194229326e+00
-3.411966937079425666e+00
-3.411966937079425666e+00
-3.467162010912614889e+00
-3.359940820295179265e+00
-3.359940820295179265e+00
-3.359940820295179265e+00
-3.359940820295179265e+00
-3.359940820295179265e+00
-3.306270434263630431e+00
-3.431466075206574651e+00
-3.313647132838569487e+00
-3.308526490967236278e+00
-3.287369021529197965e+00
-3.287369021529197965e+00
-3.290386603933197485e+00
-3.337565993779656903e+00
-3.337565993779656903e+00
-3.370096389859112751e+00
-3.370096389859112751e+00
-3.370096389859112751e+00
-3.370096389859112751e+00
-3.252203770647513092e+00
-3.353442596252189656e+00
-3.353442596252189656e+00
-3.306144196705544491e+00
-3.306144196705544491e+00
-3.287413087058069561e+00
-3.287413087058069561e+00
-3.342186964250084991e+00
-3.474371694577983671e+00
-3.474371694577983671e+00
-3.474371694577983671e+00
-3.392838003109098111e+00
-3.397718325613501289e+00
-3.397718325613501289e+00
-3.457191131885132052e+00
-3.434543327717917816e+00
-3.434543327717917816e+00
-3.434543327717917816e+00
-3.434543327717917816e+00
-3.434543327717917816e+00
-3.514840152026974085e+00
-3.514840152026974085e+00
-3.514840152026974085e+00
-3.386188635349658416e+00
-3.386188635349658416e+00
-3.386188635349658416e+00
-3.386188635349658416e+00
-3.386188635349658416e+00
-3.381905930210696187e+00
-3.381905930210696187e+00
-3.381905930210696187e+00
-3.401933211345971042e+00
-3.401933211345971042e+00
-3.335925493759419602e+00
-3.335925493759419602e+00
-3.335925493759419602e+00
-3.331734931644309672e+00
-3.316295794029609834e+00
-3.351620674553063228e+00
-3.392223058697986016e+00
-3.377335917776307816e+00
-3.377335917776307816e+00
-3.377335917776307816e+00
-3.414943274714869137e+00
-3.414943274714869137e+00
-3.313217518987753962e+00
-3.313217518987753962e+00
-3.313217518987753962e+00
-3.343793231650711295e+00
-3.343793231650711295e+00
-3.343793231650711295e+00
-3.428430201157288248e+00
-3.618175236311323317e+00
-3.618175236311323317e+00
-3.618175236311323317e+00
-3.531204531307694516e+00
-3.600291950270376518e+00
-3.600291950270376518e+00
-3.600291950270376518e+00
-3.600291950270376518e+00
-3.600291950270376518e+00
-3.600291950270376518e+00
-3.595136445129502256e+00
-3.595136445129502256e+00
-3.574550385961374310e+00
-3.574550385961374310e+00
-3.574550385961374310e+00
-3.574550385961374310e+00
-3.574550385961374310e+00
-3.574550385961374310e+00
-3.574550385961374310e+00
-3.574550385961374310e+00
-3.574550385961374310e+00
-3.574550385961374310e+00
-3.574550385961374310e+00
-3.574550385961374310e+00
-3.574550385961374310e+00
-3.574550385961374310e+00
-3.574550385961374310e+00
-3.515627176639616547e+00
-3.533775261483506736e+00
-3.469274019587803792e+00
-3.503886202709508346e+00
-3.503886202709508346e+00
-3.503886202709508346e+00
-3.503886202709508346e+00
-3.334557539722336816e+00
-3.465358917746092615e+00
-3.338863727350554811e+00
-3.371502320901361038e+00
-3.371502320901361038e+00
-3.371502320901361038e+00
-3.371502320901361038e+00
-3.371502320901361038e+00
-3.371502320901361038e+00
-3.446015071959718679e+00
-3.325704501546931979e+00
-3.325704501546931979e+00
-3.325704501546931979e+00
-3.325704501546931979e+00
-3.250629224921185223e+00
-3.250629224921185223e+00
-3.250629224921185223e+00
-3.250629224921185223e+00
-3.387213695036134897e+00
-3.279948852382322588e+00
-3.279948852382322588e+00
-3.279948852382322588e+00
-3.279948852382322588e+00
-3.279948852382322588e+00
-3.278920667098495834e+00
-3.278920667098495834e+00
-3.315018280081278856e+00
-3.331207644589618599e+00
-3.275612247938592514e+00
-3.274359195414765278e+00
-3.315848262921022638e+00
-3.315848262921022638e+00
-3.280802614246250304e+00
-3.280802614246250304e+00
-3.280802614246250304e+00
-3.309239662081736810e+00
-3.309239662081736810e+00
-3.309239662081736810e+00
-3.208971804418836005e+00
-3.165365875340571122e+00
-3.156586542946444141e+00
-3.177951585404279466e+00
-3.177951585404279466e+00
-3.315054746426564503e+00
-3.315054746426564503e+00
-3.315054746426564503e+00
-3.315054746426564503e+00
-3.434734298467235547e+00
-3.434734298467235547e+00
-3.434734298467235547e+00
-3.434734298467235547e+00
-3.391362931450575324e+00
-3.347334582246831225e+00
-3.347334582246831225e+00
-3.347334582246831225e+00
-3.347334582246831225e+00
-3.351264450098088155e+00
-3.422728006820790814e+00
-3.422728006820790814e+00
-3.422728006820790814e+00
-3.422728006820790814e+00
-3.444462286138556983e+00
-3.444462286138556983e+00
-3.306090651155923155e+00
-3.306090651155923155e+00
-3.296310454535694934e+00
-3.406541518153259229e+00
-3.406541518153259229e+00
-3.449681603192049195e+00
-3.449681603192049195e+00
-3.449681603192049195e+00
-3.449681603192049195e+00
-3.488578045908225622e+00
-3.564216336302803434e+00
-3.615078106550008386e+00
-3.550414548016805671e+00
-3.565739959572605589e+00
-3.565739959572605589e+00
-3.587373750311341869e+00
-3.587373750311341869e+00
-3.587373750311341869e+00
-3.438635292487363770e+00
-3.438635292487363770e+00
-3.438635292487363770e+00
-3.327999215041834269e+00
-3.404849458201256507e+00
-3.404849458201256507e+00
-3.404849458201256507e+00
-3.404849458201256507e+00
-3.408176228829388865e+00
-3.408176228829388865e+00
