# Variable: dg_gbvi_00000089
# Sample shape: (1000,)
# Date: 2013-03-07 22:55:08.609632
-2.012139505869511069e+00
-2.007283663565161635e+00
-2.006861110938306769e+00
-1.787977992085117540e+00
-2.704386962390205262e+00
-2.122965158888951098e+00
-2.014926539304975783e+00
-2.051121696895692459e+00
-1.764288117921246624e+00
-1.688604337112767251e+00
-1.608758373413154530e+00
-1.596835980187411685e+00
-1.618761792063531990e+00
-1.495716310630331503e+00
-1.521033743418128470e+00
-1.527276806673040666e+00
-1.533570911001503889e+00
-1.533570911001503889e+00
-1.576967039173104324e+00
-1.576967039173104324e+00
-1.607207136931518621e+00
-1.572176324626266108e+00
-1.563601692089751971e+00
-1.564993182571163155e+00
-1.569307227522058534e+00
-1.547419173549525073e+00
-1.555928626208216370e+00
-1.531714051061141557e+00
-1.594023756432301875e+00
-1.594023756432301875e+00
-1.756255023376778635e+00
-1.737848012126900210e+00
-1.657802901155779107e+00
-1.781307148192583290e+00
-1.786146099443401969e+00
-1.780065136639757517e+00
-1.841619342693065597e+00
-1.872140521697962967e+00
-1.835334636952055787e+00
-1.824400123548576058e+00
-1.833752611111217456e+00
-1.818617055994949716e+00
-1.813266358406434575e+00
-1.778184993502003763e+00
-1.766001649163391196e+00
-1.776521383833145951e+00
-1.776521383833145951e+00
-1.769920744804439172e+00
-1.781935581840991656e+00
-1.792153917825982656e+00
-1.779799711830923892e+00
-1.836389010901134711e+00
-1.860587306710945965e+00
-1.793149060460990540e+00
-1.814939356883645605e+00
-1.840338659732424276e+00
-1.833582990007588176e+00
-1.836809413482656694e+00
-1.829678460080919944e+00
-1.847630998336104335e+00
-1.883154797676060976e+00
-1.877052053194958603e+00
-1.886889613093028162e+00
-1.887548841976270930e+00
-1.874048076905119320e+00
-1.881687256996416924e+00
-1.854074320974446577e+00
-1.853553004901906442e+00
-1.832094390954730478e+00
-1.867350107008377780e+00
-1.841028212992763091e+00
-1.846842449623284255e+00
-1.651947519090898986e+00
-1.670026853021328028e+00
-1.869453234731895064e+00
-1.842602213862333027e+00
-1.842602213862333027e+00
-1.843847279283514995e+00
-1.848701880391024233e+00
-1.896167157210461029e+00
-1.901045307999976508e+00
-1.884423661688433116e+00
-1.875902561036940197e+00
-1.885505072906066726e+00
-1.860923993937027232e+00
-1.882442851985660859e+00
-1.860931759618972281e+00
-1.875332799705173414e+00
-1.877678898612744396e+00
-1.850404115916647774e+00
-1.778358470297870531e+00
-1.763473681564668549e+00
-1.712531333705624048e+00
-1.708972142697279040e+00
-1.704355532947974483e+00
-1.698829977272990677e+00
-1.676190836426298514e+00
-1.665864084171507331e+00
-1.673017619443442516e+00
-1.651025466971346001e+00
-1.653352894716286547e+00
-1.737545061124817769e+00
-1.743358677481949170e+00
-1.664296379082629729e+00
-1.858457851439819564e+00
-1.867028932017262832e+00
-1.996948566507733114e+00
-1.999260154988350635e+00
-1.987656016555634952e+00
-1.968820873949084893e+00
-1.977103965685340414e+00
-1.966115166216347632e+00
-1.995402314865597715e+00
-1.712552194302528807e+00
-1.691003737576510568e+00
-1.692391407057672437e+00
-1.700205821698266506e+00
-1.706370988775109954e+00
-1.635217293601590294e+00
-1.664030991205247112e+00
-1.756428701921214364e+00
-1.750687860963396902e+00
-1.754388989346042038e+00
-1.762386127802282765e+00
-1.785837514067398324e+00
-1.717611894181941379e+00
-1.693143538614412469e+00
-1.680690738919149219e+00
-1.671528131710038112e+00
-1.636896700393651427e+00
-1.635050782511184853e+00
-1.647392083692329701e+00
-1.672466814417270298e+00
-1.651489209268156788e+00
-1.643967070850028467e+00
-1.648581910545406481e+00
-1.644219502750455808e+00
-1.631108831986387120e+00
-1.704551749964865248e+00
-1.814570520376857621e+00
-1.833502256834213195e+00
-1.895791205874741703e+00
-1.886766892335238532e+00
-1.897930022389112237e+00
-1.860362475633854817e+00
-1.965137895546437141e+00
-1.978934754885033342e+00
-1.793722849055765289e+00
-1.820964400598189314e+00
-1.817967187800916262e+00
-1.823681495244130923e+00
-1.841169246877707444e+00
-1.733025489868061486e+00
-1.782486759743356464e+00
-1.772089528901295896e+00
-1.797538132601115501e+00
-1.813273173056303200e+00
-1.829395963848866602e+00
-1.869012965931067249e+00
-1.841203829909765721e+00
-1.838015079490135761e+00
-1.824172027883281810e+00
-1.817628550821117184e+00
-1.797785533698506688e+00
-1.839791106896796702e+00
-1.860981688239586207e+00
-1.883408702393152723e+00
-1.883454145620207854e+00
-1.892737382087298137e+00
-1.863065669797904889e+00
-1.867095633937130739e+00
-1.902001388497417844e+00
-1.891583987758242547e+00
-1.858467716148302307e+00
-1.814446116343447546e+00
-1.822687130761790453e+00
-1.834323326743809046e+00
-1.819528997815967886e+00
-1.796783848165162345e+00
-1.802489973766432829e+00
-1.820386751939963021e+00
-1.843967183635173201e+00
-1.832512088932466199e+00
-1.790922488264041990e+00
-1.783501555111174808e+00
-1.809973469112539535e+00
-1.769628747566256433e+00
-1.743969279541107253e+00
-1.732420449195679835e+00
-1.729620689382444398e+00
-1.822670509009916229e+00
-1.816540344335251467e+00
-1.839088404151049572e+00
-1.817351543356739318e+00
-1.846150460178139774e+00
-1.874854571003536696e+00
-1.763672814374284359e+00
-1.759758208732104867e+00
-1.768770024138766495e+00
-1.780814723113275155e+00
-1.786675181324469230e+00
-1.784505916331246222e+00
-1.739844419714480894e+00
-1.584701792401178810e+00
-1.991355472024781248e+00
-2.024521602876730775e+00
-2.015634383293361420e+00
-2.013845171751354357e+00
-2.027523657100815502e+00
-1.616225717195673317e+00
-1.612288425201374720e+00
-1.627171171123450666e+00
-1.625417326751501079e+00
-1.673837600044479901e+00
-1.639952883692850527e+00
-1.642906274029800828e+00
-1.621066150067296263e+00
-1.625734960383123040e+00
-1.630712104455313227e+00
-1.669630066951681480e+00
-1.635818647371365842e+00
-1.625593454943963678e+00
-1.744117709970773644e+00
-1.754623017222929571e+00
-1.756007317189568706e+00
-1.742013378750351560e+00
-1.767764519765446796e+00
-1.767764519765446796e+00
-1.792239128274525806e+00
-1.778233771295184784e+00
-1.794939151807145805e+00
-1.772066554716358988e+00
-1.792649979742092503e+00
-1.817037406734609783e+00
-1.828072606667829003e+00
-1.841763587438913552e+00
-1.826355114957041170e+00
-1.826355114957041170e+00
-1.839728791638661765e+00
-1.880400003115904495e+00
-1.860573384404169417e+00
-1.845848176018953790e+00
-1.718530384861973959e+00
-1.934591211901935059e+00
-1.930109124289247857e+00
-1.932212704867048547e+00
-1.944142330054944301e+00
-1.968025253269113595e+00
-1.825055260758451592e+00
-1.817687746766963430e+00
-1.829971893200053046e+00
-1.828858952004301708e+00
-1.807411643598711093e+00
-1.805406359429440055e+00
-1.788454242583728870e+00
-1.789007296586573981e+00
-1.800667284706697568e+00
-1.796035335258010512e+00
-1.798999736790066750e+00
-1.776862810344479016e+00
-1.831961737873108120e+00
-1.838791043417708382e+00
-1.831606336578525340e+00
-1.826715857736271431e+00
-1.803078787803278349e+00
-1.791718930048648240e+00
-1.804735823890778690e+00
-1.822208315481637753e+00
-1.852762683484081130e+00
-1.812849001903886759e+00
-1.812849001903886759e+00
-1.815023945694785867e+00
-1.812652694024418087e+00
-1.821947293968549708e+00
-1.821896395794761592e+00
-1.781796768519655183e+00
-1.818424419268305892e+00
-1.835847127121081668e+00
-1.843561835859109932e+00
-1.867707531341688210e+00
-1.855177502475440887e+00
-1.858587854403346729e+00
-1.838153555149558471e+00
-1.820065950597568039e+00
-1.787898099867399671e+00
-1.816745719010054438e+00
-1.804796994499589191e+00
-1.814524258850762628e+00
-1.863549425484205102e+00
-1.814728660375358960e+00
-1.754149345820198214e+00
-1.709841859248137030e+00
-1.665448676877435696e+00
-1.697123578934097488e+00
-1.695739376022042499e+00
-1.735193075469036339e+00
-1.707356508574304543e+00
-1.681383754499950367e+00
-1.546819473136158196e+00
-1.550045882755773707e+00
-1.568000830776645316e+00
-1.580315200747133053e+00
-1.588191986632012886e+00
-1.602073114519654062e+00
-1.632360332028470529e+00
-1.648577973678215569e+00
-1.636988706030493956e+00
-1.681834159509980609e+00
-1.707139853511415284e+00
-1.715441457797122871e+00
-1.720037459000270941e+00
-1.717564793668249878e+00
-1.703708442472286810e+00
-1.708446954693074282e+00
-1.708446954693074282e+00
-1.746681807463355440e+00
-1.777198358813418144e+00
-1.755601327722960292e+00
-1.733524506364034323e+00
-1.731909972974077450e+00
-1.721689752790611427e+00
-1.726912682462832027e+00
-1.761876806289221609e+00
-1.761876806289221609e+00
-1.720089449320942876e+00
-1.733822649134990845e+00
-1.731397199720365210e+00
-1.704451104519379534e+00
-1.686777533451010447e+00
-1.659725625290892292e+00
-1.649028578767185893e+00
-1.702034940658829099e+00
-1.693610328240793272e+00
-1.709127574620025847e+00
-1.690134224751220771e+00
-1.746368479796521100e+00
-1.862156827054154418e+00
-1.864131325985424636e+00
-1.701371003065620169e+00
-1.870988930588619592e+00
-1.807400430286773885e+00
-1.791232739928273476e+00
-1.758958509800081282e+00
-1.740204851678729181e+00
-1.773447703592005098e+00
-1.799079203988973141e+00
-1.785131744570485290e+00
-1.783411817836419111e+00
-1.771107800512272012e+00
-1.781717735878298070e+00
-1.800536105861799907e+00
-1.796249384401854998e+00
-1.798522602683266802e+00
-1.786668870573429491e+00
-1.819103546083070455e+00
-1.895362958986986701e+00
-1.912850674933149975e+00
-1.939863346228102747e+00
-1.915990833162517726e+00
-1.928746139425804085e+00
-1.933398362118187164e+00
-1.924841907694024412e+00
-1.959817795094535686e+00
-1.959817795094535686e+00
-1.969727692046717049e+00
-1.972340898771497653e+00
-1.995283387714529066e+00
-1.942158059938978942e+00
-1.908094562276881900e+00
-1.929014813550141705e+00
-1.912824726441806567e+00
-1.786583411312040015e+00
-1.817597473195332602e+00
-1.817597473195332602e+00
-1.825448694166058372e+00
-1.828436207518767231e+00
-1.812066401536355009e+00
-1.801368062421587979e+00
-1.838012049355586264e+00
-1.786132741340521024e+00
-1.807280102906365205e+00
-1.769176171807949061e+00
-1.796227106390871686e+00
-1.784544270259682763e+00
-1.779205546824509154e+00
-1.805719946667674103e+00
-1.816071164116650483e+00
-1.850977267224132250e+00
-1.872322835162888000e+00
-1.866489143155889652e+00
-1.834172438247689607e+00
-1.784552633993478743e+00
-1.787279860156135491e+00
-1.815210969010452535e+00
-1.845450550846083893e+00
-1.841554810945597920e+00
-1.824999600800968791e+00
-1.851406141270632855e+00
-1.865494455536407248e+00
-1.847910283620276095e+00
-1.830612566194681268e+00
-1.868955419202501522e+00
-1.869729189463476660e+00
-1.893079429371262945e+00
-1.885395064669069809e+00
-1.924427850591590605e+00
-1.938063230384703628e+00
-1.896511647289111036e+00
-1.891687038665816889e+00
-1.899582546390095272e+00
-1.934305385819810263e+00
-1.933815390094253406e+00
-1.909332702285818195e+00
-1.895169450928146260e+00
-1.904091718808136102e+00
-1.909872987105055486e+00
-1.920566097464915467e+00
-1.904453906903139648e+00
-1.911133495661611947e+00
-1.904267240506012593e+00
-1.896767201481995846e+00
-1.891574922225881528e+00
-1.986748552177433957e+00
-1.995101595350384782e+00
-1.988772172477661915e+00
-1.958710899752972301e+00
-1.993272285131558519e+00
-1.993272285131558519e+00
-1.982331423742907717e+00
-1.997835944151297394e+00
-1.937899829001407337e+00
-1.942187078918170995e+00
-1.931350912173562806e+00
-1.949363661661495772e+00
-1.925280478518961225e+00
-1.929759239088100653e+00
-1.930397685469252833e+00
-1.950722174654102803e+00
-1.944690779614396847e+00
-2.160559270262967235e+00
-2.193753436402586132e+00
-2.146264215181874491e+00
-2.149376847081971853e+00
-2.156649054419365275e+00
-2.125163634217692721e+00
-2.114092164355150683e+00
-2.082709185465337232e+00
-2.048218363849217294e+00
-2.033284042729353924e+00
-1.993708891487676160e+00
-2.012524162844295805e+00
-2.000562649072681776e+00
-1.997665360740441987e+00
-2.020610416385509644e+00
-2.001838232459504763e+00
-1.988397564646421589e+00
-2.025213428192912168e+00
-2.021557914505154319e+00
-2.013462499811255579e+00
-2.013462499811255579e+00
-1.812398421412481087e+00
-1.888582988131020546e+00
-1.855568148600910350e+00
-1.793357468270810440e+00
-1.789515576136230690e+00
-1.806565136678927264e+00
-1.806565136678927264e+00
-1.790434767299722063e+00
-1.816067608862095062e+00
-1.799878067103687140e+00
-1.814602844135711379e+00
-1.835180814635257951e+00
-1.779189735076955436e+00
-1.771601885834599655e+00
-1.765221798944925924e+00
-1.782007218831604511e+00
-1.783403366126643519e+00
-1.912054645712364165e+00
-1.891866388078701000e+00
-1.891866388078701000e+00
-1.914656405995197819e+00
-1.891010673436698486e+00
-1.858568197739035366e+00
-1.846820696064055634e+00
-1.879796793460442039e+00
-1.864190657170407661e+00
-1.883613040640628622e+00
-1.894642751931958635e+00
-1.896055459671426524e+00
-1.916795489266297947e+00
-1.923800368542941008e+00
-1.992897662463919417e+00
-1.983909361138648464e+00
-1.971094608924745861e+00
-1.961144643538505816e+00
-1.941775016388252784e+00
-1.954799804641817129e+00
-1.878155916602183728e+00
-1.937407055138293588e+00
-1.904875852514125389e+00
-1.921018520671423868e+00
-1.888449668837743012e+00
-1.904924554030449801e+00
-1.907042722642270816e+00
-1.889529022164677219e+00
-1.864344231121471740e+00
-1.864115033708680924e+00
-1.879354995058894140e+00
-1.884164662555009695e+00
-1.919438882586978146e+00
-1.914166695594422096e+00
-1.922327554106143310e+00
-1.937441158339523239e+00
-1.933622083094887367e+00
-1.948138836057534240e+00
-1.950751053449500727e+00
-1.933547946236664483e+00
-1.929927025104718474e+00
-1.924694058197314650e+00
-1.909339535801547250e+00
-1.909339535801547250e+00
-1.918388716649038539e+00
-1.939967823311477213e+00
-1.926950682610071963e+00
-1.847546868190615088e+00
-1.831437478680986386e+00
-1.827522812484362325e+00
-1.831769841961184975e+00
-1.817129150585581110e+00
-1.828881944597053888e+00
-1.843593758599963994e+00
-1.840469307064533266e+00
-1.792429000522154370e+00
-1.798981114600185061e+00
-1.804738485277095794e+00
-1.810866681668171774e+00
-1.899340662870341312e+00
-1.859680566279745539e+00
-1.876932526443921834e+00
-1.862514273319647584e+00
-1.869297833051599689e+00
-1.839215054668086546e+00
-1.844033781406462458e+00
-1.857769217679097862e+00
-1.901163661729690757e+00
-1.867836223539983020e+00
-1.859386492114363909e+00
-1.868684992136713019e+00
-1.864013723240956377e+00
-1.885074610904089010e+00
-1.884275661364469112e+00
-1.851506102716860003e+00
-1.884212735903920688e+00
-1.878239207249698728e+00
-1.829174767209400754e+00
-1.814134887576822175e+00
-1.789310307647166365e+00
-1.736517025518065527e+00
-1.849624078698409058e+00
-1.819075394353055763e+00
-1.852351314628155388e+00
-1.845199335886001490e+00
-1.865363051360039215e+00
-1.831753267804701713e+00
-1.801214466647238499e+00
-1.770904505581085031e+00
-1.794925609466539562e+00
-1.794451949583724781e+00
-1.755044493342077905e+00
-1.750535990668004471e+00
-1.729243944501636765e+00
-1.739889272580423807e+00
-1.752791848838626487e+00
-1.764749297301085429e+00
-2.025145016937498266e+00
-1.968330930276894764e+00
-1.976454791874213690e+00
-1.980148354363508334e+00
-1.953681805796471771e+00
-1.941833164720088378e+00
-1.932471920874466953e+00
-1.947849824474571667e+00
-1.934498011768998271e+00
-1.911992231665112563e+00
-1.890095137605143139e+00
-1.927791394865939978e+00
-1.931636386382857840e+00
-1.889971536017467146e+00
-1.894995744316556818e+00
-1.911005807928585876e+00
-1.843920975028710663e+00
-1.842338064616577231e+00
-1.831340515807419855e+00
-1.804568001978967384e+00
-1.861068734906240474e+00
-1.864444620726916302e+00
-1.835497141065204785e+00
-1.856098407118494054e+00
-1.868614090312353149e+00
-1.859164719909359942e+00
-1.814689436322133531e+00
-1.807105851087917436e+00
-1.834835848204061204e+00
-1.863303438656877864e+00
-1.875398229783076021e+00
-1.858096238021373692e+00
-1.881311431024608849e+00
-1.894607453671534270e+00
-1.865657294161275459e+00
-1.893370824311683576e+00
-1.909214893201346630e+00
-1.886869295245914957e+00
-1.852265042061198796e+00
-1.847655427005822526e+00
-1.845609610091546005e+00
-1.856151437409330640e+00
-1.868207815636239610e+00
-1.842548468327084743e+00
-1.882380131419659985e+00
-1.881406456377219039e+00
-1.862168477573343361e+00
-1.877799357608714637e+00
-1.831099255295026262e+00
-1.834616849534719485e+00
-1.805460676208167525e+00
-1.823532937649901875e+00
-1.832582212741090677e+00
-1.843504465869714837e+00
-1.800936352361964587e+00
-1.798023382719575070e+00
-1.804838701814842628e+00
-1.837465247048526429e+00
-1.888226062902582214e+00
-1.881088533036291421e+00
-1.891159855533863343e+00
-1.882137526538488981e+00
-1.849462358509117665e+00
-1.868631559384241525e+00
-1.860401897697426143e+00
-1.738056950568461101e+00
-2.022842596977182605e+00
-2.047416401761496640e+00
-2.067069204290921558e+00
-2.046557611712640945e+00
-2.035201779665880117e+00
-2.056786216984959115e+00
-2.033391443112583019e+00
-2.034203410931585410e+00
-2.044886623164150929e+00
-2.030275039058697661e+00
-2.012707087328491351e+00
-2.028233161902063930e+00
-2.013107994855390270e+00
-2.010640387786218675e+00
-1.970394851227975641e+00
-1.970394851227975641e+00
-1.692628616672054997e+00
-1.768598739944913234e+00
-1.795019923455515753e+00
-1.747724153837804995e+00
-1.699503734631026663e+00
-1.677769634130166665e+00
-1.661875506249170353e+00
-1.646511328646657724e+00
-1.646511328646657724e+00
-1.626537262988151822e+00
-1.646992718054172133e+00
-1.655985148918726946e+00
-1.642792509618734798e+00
-1.733799339364924696e+00
-1.749117476002490568e+00
-1.770451228667650145e+00
-1.755435445668309002e+00
-1.741537855697437243e+00
-1.685589699907572792e+00
-1.676371391973378255e+00
-1.661702600096576887e+00
-1.661702600096576887e+00
-1.659468216017278230e+00
-1.673030279482669025e+00
-1.730227643348230870e+00
-1.713121941533310988e+00
-1.722200579351724770e+00
-1.747778354186583671e+00
-1.770160848078335514e+00
-1.880088413917769152e+00
-1.872494526177236773e+00
-1.889085832482806815e+00
-1.891448213121461608e+00
-1.880362443790905225e+00
-1.887770504618520695e+00
-1.889245572190127342e+00
-1.858359303747538105e+00
-1.858359303747538105e+00
-1.859700446019217246e+00
-1.846546273926836790e+00
-1.864702863258201671e+00
-1.906496999437826911e+00
-1.894444477118122805e+00
-1.906499338178884617e+00
-1.857197081388311855e+00
-1.839370847392282071e+00
-1.867100978764849151e+00
-1.881586731663566159e+00
-1.861092066492428421e+00
-1.795045599163363592e+00
-1.781601813355699671e+00
-1.786558486038043458e+00
-1.812120786234034941e+00
-1.812120786234034941e+00
-1.832264258093668108e+00
-1.827572358005598918e+00
-1.812180777753564564e+00
-1.808435808438627612e+00
-1.920251258435503594e+00
-1.938491093817044764e+00
-1.938165519229551048e+00
-1.928424635349033522e+00
-1.908247849230220838e+00
-1.920128606729455178e+00
-1.927773769774025814e+00
-1.897004012559093011e+00
-1.902341547132325950e+00
-1.938392686112716978e+00
-1.940476974612082239e+00
-1.945514142473337760e+00
-1.932923692963316009e+00
-1.733140481717118986e+00
-1.727431622191839322e+00
-1.719440051742473941e+00
-1.741412244267190434e+00
-1.924238393127773339e+00
-1.931145840494997712e+00
-1.939479251491176726e+00
-1.927903515214315799e+00
-1.914135435382732009e+00
-1.919775894988712484e+00
-1.910535427363732275e+00
-1.942478244438821333e+00
-1.960570216767755003e+00
-1.835586305511712091e+00
-1.810780430599207014e+00
-1.816359659940013138e+00
-1.811158891428093609e+00
-1.797192717357816161e+00
-1.808698000865436306e+00
-1.861047871144151378e+00
-1.870084590465200147e+00
-1.847565587417467681e+00
-1.880229292714911793e+00
-1.876016829436848665e+00
-1.876016829436848665e+00
-1.868110708871960846e+00
-1.781004212633072736e+00
-1.720618307553956949e+00
-1.722441339079827660e+00
-1.878424766304848115e+00
-1.866005649875375205e+00
-1.858081284319304860e+00
-1.860020926817227860e+00
-1.833554522490877137e+00
-1.841108937422377245e+00
-1.817449894762917850e+00
-1.813060213297714940e+00
-1.809058926432070669e+00
-1.832560201622129403e+00
-1.844197267857068834e+00
-1.813022562427995421e+00
-1.847202912785787632e+00
-1.855193787376487435e+00
-1.871684865866514169e+00
-1.883288695437521865e+00
-1.897433269351803231e+00
-1.859596166983042975e+00
-1.845224030934366599e+00
-1.859985542863958008e+00
-1.873570047094590629e+00
-1.882875853766805330e+00
-1.893067665680751244e+00
-2.018789425206069410e+00
-1.998859668500449827e+00
-1.999941918946946950e+00
-2.017825829583298702e+00
-2.009096462148488360e+00
-2.006689133570538797e+00
-2.006689133570538797e+00
-2.008241399648866388e+00
-1.995426576564618859e+00
-2.007177694353424968e+00
-2.035131567300070277e+00
-2.026849313461764446e+00
-2.026417289146045686e+00
-2.000532515935263156e+00
-2.014562750034504024e+00
-2.007530887235631667e+00
-1.984900319346631470e+00
-1.955911349232406282e+00
-1.962553598612550854e+00
-1.983869214567824057e+00
-1.964207890848955307e+00
-1.976603569931698168e+00
-2.010362630140971163e+00
-1.941081812828348019e+00
-1.983377941353924312e+00
-1.983377941353924312e+00
-1.994473987135294335e+00
-1.954010429496246148e+00
-1.954884948836088432e+00
-1.961455073317888820e+00
-1.944353187538209626e+00
-1.955764808782007869e+00
-1.981889649717696100e+00
-1.955027461212082596e+00
-1.939740602682021198e+00
-1.933605167739882003e+00
-1.933605167739882003e+00
-1.916593410005817066e+00
-1.897771287421613273e+00
-1.870013988275971872e+00
-1.828238991548087222e+00
-1.804654120721368660e+00
-1.854024629128152135e+00
-1.854048323570120838e+00
-1.809745712385438576e+00
-1.828747879593021652e+00
-1.813374912012280404e+00
-1.844253013287307175e+00
-1.875622421513306604e+00
-1.883549466108793480e+00
-1.898392264568907750e+00
-1.943640835741067718e+00
-1.965133920816147128e+00
-1.968733941442207147e+00
-1.962821079524393442e+00
-1.977930809709959048e+00
-1.986979579663954443e+00
-1.962304122694109143e+00
-1.944206912973923007e+00
-1.952155919711861864e+00
-1.957748693777784377e+00
-1.957748693777784377e+00
-1.915464954792104324e+00
-1.937748315190813919e+00
-2.019206557610432551e+00
-2.033977589692058885e+00
-2.023312835151587219e+00
-1.906024406394284609e+00
-1.890719763788596186e+00
-1.882512424560939257e+00
-1.849084840708182798e+00
-1.876234380973910376e+00
-1.894892096564998463e+00
-1.885916876208065585e+00
-1.876754767583447725e+00
-1.873055986523959326e+00
-1.855281674882331311e+00
-1.856519657434603232e+00
-1.863734713116803610e+00
-1.863734713116803610e+00
-1.836128932645627598e+00
-1.835531844986759253e+00
-1.708650486491140708e+00
-1.684954956791915315e+00
-1.695857486246373114e+00
-1.682406413283644708e+00
-1.700306621848373556e+00
-1.723283123181965415e+00
-1.722807687651586317e+00
-1.813743000991779875e+00
-1.836664738467678637e+00
-1.856825213316983358e+00
-1.852253058640352945e+00
-1.821735610139999961e+00
-1.821735610139999961e+00
-1.906054894844249503e+00
-1.841395970211208377e+00
-1.819818823262923324e+00
-1.822084347164907303e+00
-1.872031104428739434e+00
-1.832066919007069972e+00
-1.836395396445041905e+00
-1.809771309372196768e+00
-1.819709516728147403e+00
-1.926757038992052751e+00
-1.898870818017392548e+00
-1.873600842309965486e+00
-1.893239859092707755e+00
-1.918061433555618533e+00
-1.940534583773714683e+00
-1.931580396877755845e+00
-1.950306517920297411e+00
-1.970975659124155399e+00
-1.978716464175562573e+00
-1.981556255180815906e+00
-1.973303285058398249e+00
-1.986444481102998427e+00
-2.063361480903911360e+00
-2.036288552286203757e+00
-2.032324484587201496e+00
-1.854716746185626652e+00
-1.828272970538164621e+00
-1.831910305791535132e+00
-1.799703180204945019e+00
-1.806511329529477239e+00
-1.738475468396901480e+00
-1.701763686692869371e+00
-1.717808904018933047e+00
-1.714598361777293967e+00
-1.688986688022876548e+00
-1.699674865604113627e+00
-1.781484124268622349e+00
-1.766448088940849148e+00
-1.785219752080281719e+00
-1.976352807651319488e+00
-1.976818674270952814e+00
-1.989291465233444356e+00
-1.985168350109536073e+00
-1.985168350109536073e+00
-1.993551304350378750e+00
-1.987920752837871285e+00
-2.018529230780135908e+00
-2.010184063922434206e+00
-2.031523374606699406e+00
-2.026188390752895252e+00
-2.051314431848086706e+00
-2.045069419746809558e+00
-2.037385334065816345e+00
-2.054012528743789812e+00
-2.021476675605677009e+00
-1.982016465796891058e+00
-1.988067378135570662e+00
-1.985206286833397060e+00
-1.990036313952810776e+00
-1.997190486026282130e+00
-1.997190486026282130e+00
-1.921842197135345209e+00
-1.956643573997966623e+00
-1.943615721231099158e+00
-1.929055818592623650e+00
-1.969419890727425848e+00
-1.978582258894650003e+00
-1.975429917817273617e+00
-2.035607509907389367e+00
-1.940150943110237503e+00
-1.943199812125739001e+00
-1.952112944842209652e+00
-1.941974105973421016e+00
-1.945670049550245029e+00
-1.986060649927682942e+00
-1.959323860102409665e+00
-1.926834290043197839e+00
-1.900142108520235462e+00
-1.849423133900443217e+00
-1.873662407084390358e+00
-1.882593691186292384e+00
-1.844760354087182419e+00
-1.810777720269572066e+00
-1.821885338950634647e+00
-1.842735369723537131e+00
-1.854824232104210546e+00
-1.867787184272813539e+00
-1.878663981093738222e+00
-1.878325269393137820e+00
-1.885437054804468104e+00
-1.869003176621955475e+00
-1.886359598104097923e+00
-1.865480336597082456e+00
-1.856253832980606866e+00
-1.845312883107993240e+00
-1.859659176078901632e+00
-1.899235069790593089e+00
-1.867195973854198554e+00
-1.911433746196186778e+00
-1.895529746058704834e+00
-1.899521937118315851e+00
-1.926720314798874956e+00
-1.915879516315836639e+00
-1.933555126171956129e+00
-1.921047313413879687e+00
-1.911861724867804480e+00
-1.932803434102092766e+00
-1.943383581946003469e+00
-1.965417160403658103e+00
-1.842321403362954690e+00
-1.945397092565022801e+00
-1.944965693890325698e+00
-1.944965693890325698e+00
-1.922802710745689092e+00
-1.916159240876460945e+00
-1.945070553009035752e+00
-1.942154721942481510e+00
-1.933832595724194858e+00
-1.952356153342432066e+00
-1.957230095395764202e+00
-1.975419270365335045e+00
-1.927216727610085778e+00
-1.925094351923058777e+00
-1.894014424492694859e+00
-1.854124843456624649e+00
-1.837901559057267376e+00
