# Variable: dg_gbvi_00000290
# Sample shape: (1000,)
# Date: 2013-03-07 22:55:07.663198
-2.283999587469098813e+00
-2.281589832375424898e+00
-2.288369231377276769e+00
-1.791321479367484093e+00
-2.358296063017466526e+00
-1.717924423172757953e+00
-1.623340362258527625e+00
-1.641770512781901781e+00
-1.540782702889194722e+00
-1.356184048571938972e+00
-1.310655887546363418e+00
-1.304599468812070118e+00
-1.413808320627626403e+00
-1.128324750293884904e+00
-1.141185672705767207e+00
-1.144357066614734242e+00
-1.147554388716826024e+00
-1.147554388716826024e+00
-1.212364326743209819e+00
-1.212364326743209819e+00
-1.227725898125997972e+00
-1.253744706888811233e+00
-1.249388906492822304e+00
-1.250095765330694997e+00
-1.252287243347438572e+00
-1.241168400206931421e+00
-1.283706405803987316e+00
-1.271405720548358875e+00
-1.460983912643638583e+00
-1.460983912643638583e+00
-1.562956408664976093e+00
-1.553597776409659570e+00
-1.377865732790589437e+00
-1.465383276749000929e+00
-1.467841800612405434e+00
-1.464752248478003338e+00
-1.610999694960049577e+00
-1.626506577140373500e+00
-1.607806627239821262e+00
-1.609291840815982866e+00
-1.614043555115864725e+00
-1.606353640192063725e+00
-1.603635113588804506e+00
-1.585811339736205250e+00
-1.579621353261866590e+00
-1.584966110293237751e+00
-1.584966110293237751e+00
-1.558623303801982551e+00
-1.564727676844443360e+00
-1.569919302376759473e+00
-1.563642506294731005e+00
-1.609687232749264174e+00
-1.621981650406824738e+00
-1.449382117433637429e+00
-1.460453103886888204e+00
-1.605907842963353094e+00
-1.602475492776113786e+00
-1.604114740351828328e+00
-1.592012069242836336e+00
-1.601133207568333106e+00
-1.619181768892710371e+00
-1.615944977538644078e+00
-1.620943151553217332e+00
-1.621278086304112964e+00
-1.597593088520030014e+00
-1.629674852412674069e+00
-1.615645534093792968e+00
-1.615380668774125450e+00
-1.604478179972956831e+00
-1.622390569393740156e+00
-1.609017191437585925e+00
-1.611971233572257356e+00
-1.452198190601946770e+00
-1.461392105031249944e+00
-1.597553903291354382e+00
-1.583912038999723659e+00
-1.583912038999723659e+00
-1.584544603906379523e+00
-1.587011020726073474e+00
-1.708946893292072611e+00
-1.711425274705872468e+00
-1.702980521547805770e+00
-1.708097998228059300e+00
-1.712976627030061483e+00
-1.700488023894020984e+00
-1.711420842524507213e+00
-1.669267685049272476e+00
-1.676584242414768777e+00
-1.736262804100030532e+00
-1.722405644406499237e+00
-1.453352991069888356e+00
-1.445790661544528621e+00
-1.419909016315244132e+00
-1.417867549886904888e+00
-1.423039625944716002e+00
-1.420232277235543350e+00
-1.414541741544660169e+00
-1.409295066582414879e+00
-1.412929536886027293e+00
-1.401756065024368114e+00
-1.402938552661771476e+00
-1.633675155283600189e+00
-1.636628857921998303e+00
-1.439003070214622815e+00
-1.576471260578648614e+00
-1.580830914300829892e+00
-1.865564928305216252e+00
-1.866740710662250224e+00
-1.860838301408972217e+00
-1.851257864166489187e+00
-1.855471033252096502e+00
-1.849881614266423613e+00
-1.864778432172534028e+00
-1.498410049500189078e+00
-1.513062286071396922e+00
-1.513767419135076064e+00
-1.517738250958633905e+00
-1.520871030923893308e+00
-1.383411612072389385e+00
-1.398053060301233774e+00
-1.609415974464723620e+00
-1.606498812397219478e+00
-1.608379510957612890e+00
-1.594762430882210813e+00
-1.606679063819031361e+00
-1.384004089018393779e+00
-1.371570691326267077e+00
-1.365242901517741414e+00
-1.359213925550992075e+00
-1.357779976054736881e+00
-1.356842137662169545e+00
-1.408676781531054578e+00
-1.421416267604894035e+00
-1.410758370154620911e+00
-1.385971204899728582e+00
-1.388315823738398347e+00
-1.370264297020870492e+00
-1.333693682640646472e+00
-1.381023712216017607e+00
-1.543409481300251240e+00
-1.592434202476119998e+00
-1.617010686688899579e+00
-1.642377629259984761e+00
-1.648057825287562173e+00
-1.565601092426803564e+00
-1.826060061015994052e+00
-1.833080391804037257e+00
-1.535797684480758374e+00
-1.621598424031287067e+00
-1.612502837948547318e+00
-1.615405787100351098e+00
-1.624289812728325400e+00
-1.549656416239751922e+00
-1.636562082357595260e+00
-1.631284035594842807e+00
-1.662155901174654726e+00
-1.670143631811576324e+00
-1.678328199899164153e+00
-1.698439361492692257e+00
-1.603478735800851540e+00
-1.601859999611839891e+00
-1.594832717556642132e+00
-1.591510989064726322e+00
-1.581437886535969728e+00
-1.770761997673460320e+00
-1.781519177249072827e+00
-1.798359300145310424e+00
-1.798382373443425442e+00
-1.803095834532364883e+00
-1.630966203097984568e+00
-1.633012373011613283e+00
-1.680719338033193511e+00
-1.675430017524547566e+00
-1.658615595291788924e+00
-1.636264112757801259e+00
-1.640448397078463794e+00
-1.646356547450260610e+00
-1.638844889852659525e+00
-1.566123388265760363e+00
-1.569020610703811824e+00
-1.578107502741665114e+00
-1.590080207266620693e+00
-1.584264009075102786e+00
-1.563147347321404146e+00
-1.559379450232532438e+00
-1.579918709665587118e+00
-1.511523751960761830e+00
-1.498500473067648775e+00
-1.492638947087050694e+00
-1.491217949081723226e+00
-1.559321194470662864e+00
-1.556206041265431272e+00
-1.672194528258281965e+00
-1.661148552306784154e+00
-1.674935360281131436e+00
-1.751187436894938054e+00
-1.481146485867690155e+00
-1.479157499473777282e+00
-1.540334472968623247e+00
-1.546454308417931856e+00
-1.549431970208065446e+00
-1.548329780370646835e+00
-1.525637556115570170e+00
-1.490766601594601948e+00
-1.790816225799469530e+00
-1.807754716383242588e+00
-1.803215866618077090e+00
-1.802302086744507648e+00
-1.809287915038027661e+00
-1.508871976854430974e+00
-1.548330424787920823e+00
-1.555876625062725394e+00
-1.554987349592266588e+00
-1.693540932046523562e+00
-1.676359905293587360e+00
-1.677857402804395326e+00
-1.666783508893248777e+00
-1.669150799033977783e+00
-1.671674427816055575e+00
-1.691407529544904031e+00
-1.674263667446845405e+00
-1.669079049614249355e+00
-1.757913599898143220e+00
-1.763244903489139093e+00
-1.763947417295353093e+00
-1.756845679815198791e+00
-1.769914041098762603e+00
-1.769914041098762603e+00
-1.782334579127851981e+00
-1.775227046890580640e+00
-1.783704805129788129e+00
-1.768372413706342350e+00
-1.778818227914409800e+00
-1.791194522484345075e+00
-1.796794739557411091e+00
-1.803742730053753851e+00
-1.775840963245770343e+00
-1.775840963245770343e+00
-1.822511432812901289e+00
-1.843151531250220021e+00
-1.833089786172417579e+00
-1.825616938928835253e+00
-1.565991263452688687e+00
-1.729910287523592993e+00
-1.727626178869616558e+00
-1.728698180806502283e+00
-1.734777615767397974e+00
-1.746948549562026276e+00
-1.644565796350812903e+00
-1.640821761259661393e+00
-1.647064338520249915e+00
-1.646498762276201289e+00
-1.627460373110118264e+00
-1.626441843862161285e+00
-1.565555266343043650e+00
-1.565836174997402575e+00
-1.571758547054772137e+00
-1.569405875019137087e+00
-1.570911561699038117e+00
-1.559667715370316010e+00
-1.680524754803304877e+00
-1.683993513768742734e+00
-1.680344238436177529e+00
-1.677860253466026963e+00
-1.652349211570422138e+00
-1.646579282523444876e+00
-1.653190857730054697e+00
-1.662065531949639796e+00
-1.677584787494673657e+00
-1.587815551246653412e+00
-1.587815551246653412e+00
-1.588920254459115444e+00
-1.587715842028425417e+00
-1.592436779856702733e+00
-1.592410927521424879e+00
-1.572043418597881770e+00
-1.590647432005624751e+00
-1.599496819937067604e+00
-1.603415295238254989e+00
-1.615679440858178939e+00
-1.609315155399995145e+00
-1.611047350386435095e+00
-1.600668306971828159e+00
-1.591481202947375273e+00
-1.575142422980594148e+00
-1.603014134492283249e+00
-1.596945106682567284e+00
-1.601885804562749094e+00
-1.705916729694535006e+00
-1.681119557337127368e+00
-1.641259127014400354e+00
-1.615400328156163079e+00
-1.570008120505494764e+00
-1.586077703350950996e+00
-1.585375457663485310e+00
-1.614149217361195543e+00
-1.600026931614335846e+00
-1.529385145125319090e+00
-1.414647410259037397e+00
-1.416283175844588849e+00
-1.425386200421610461e+00
-1.431629494045272288e+00
-1.435622965672962437e+00
-1.442660593861643470e+00
-1.458015986984021906e+00
-1.466238210203346437e+00
-1.460362538042988989e+00
-1.483098848096179534e+00
-1.572706599496699109e+00
-1.576410643372789577e+00
-1.578743978133529513e+00
-1.578218035869348945e+00
-1.571182877402882205e+00
-1.573588718875653436e+00
-1.573588718875653436e+00
-1.615950529177556216e+00
-1.631444418698796417e+00
-1.617595957928434025e+00
-1.606390082768364591e+00
-1.617940214608848182e+00
-1.612752578688696259e+00
-1.615403662235787241e+00
-1.633150945701544510e+00
-1.633150945701544510e+00
-1.609162271833193714e+00
-1.616131041127697454e+00
-1.609176823774923326e+00
-1.595503308251518426e+00
-1.586535038579981460e+00
-1.572807829371889232e+00
-1.567379724460750579e+00
-1.594277251050729038e+00
-1.590002269172372085e+00
-1.597876334325945002e+00
-1.588238356639921633e+00
-1.619010947018446167e+00
-1.789651916604551696e+00
-1.790654090661074171e+00
-1.290396529158803540e+00
-1.750961147421252972e+00
-1.539356845180575695e+00
-1.531150793723886849e+00
-1.508367366016204247e+00
-1.469297933566088510e+00
-1.540226497753790502e+00
-1.553235988070945428e+00
-1.492987067146532620e+00
-1.492114103416492865e+00
-1.485869092716318507e+00
-1.491254257426624541e+00
-1.500805684315155819e+00
-1.498629921661320363e+00
-1.516673093399954597e+00
-1.475768470650411057e+00
-1.492230971496933289e+00
-1.634014410606716927e+00
-1.642890452498422249e+00
-1.656600968083133951e+00
-1.628903315919766115e+00
-1.635377382234830090e+00
-1.637738658209020315e+00
-1.561585420018966275e+00
-1.663804549877729633e+00
-1.663804549877729633e+00
-1.668834404019965412e+00
-1.670160759756314395e+00
-1.681805418989415823e+00
-1.621720414755967843e+00
-1.604441581705244424e+00
-1.615053455233782964e+00
-1.606840974677716360e+00
-1.527522354655052483e+00
-1.619608425988833256e+00
-1.619608425988833256e+00
-1.623589514862304739e+00
-1.625104381939943110e+00
-1.616803806437042690e+00
-1.611379040152508324e+00
-1.629959967782301122e+00
-1.524000430102460779e+00
-1.534723542615402225e+00
-1.515402326629119889e+00
-1.529118941546292021e+00
-1.523194970089383204e+00
-1.520487883822730257e+00
-1.533932440102061756e+00
-1.539181192718585445e+00
-1.556880898180395878e+00
-1.569661284435726500e+00
-1.566702616148508920e+00
-1.550312582213813739e+00
-1.525146951068260925e+00
-1.516313929041635644e+00
-1.530479724201022185e+00
-1.595433637153798045e+00
-1.571081597213559888e+00
-1.562685306291039744e+00
-1.576077887484732765e+00
-1.583223045060501155e+00
-1.559318970422981732e+00
-1.500671379146137019e+00
-1.521551847682038439e+00
-1.521944309832507836e+00
-1.533787728777873394e+00
-1.529890160664806320e+00
-1.585670773916340925e+00
-1.592586742060854821e+00
-1.574198059075732070e+00
-1.559490577670657130e+00
-1.563495239127425052e+00
-1.593689251862820511e+00
-1.593440768132684537e+00
-1.581025252500416478e+00
-1.573842868359801805e+00
-1.578367476001170999e+00
-1.581299238537881235e+00
-1.585962449838391075e+00
-1.577792623302500141e+00
-1.581179566951073090e+00
-1.560083494246375713e+00
-1.536919843971113364e+00
-1.534287053557809921e+00
-1.798399924964101837e+00
-1.802635408246660909e+00
-1.799426019259845022e+00
-1.784183189138938364e+00
-1.801707840569824137e+00
-1.801707840569824137e+00
-1.811023216769096500e+00
-1.818884918861872979e+00
-1.689029087553807873e+00
-1.691202974959228111e+00
-1.685708402245604365e+00
-1.694841923735847633e+00
-1.682630335997220561e+00
-1.684901330546681120e+00
-1.685225060344095915e+00
-1.695530769579235431e+00
-1.692472498200498610e+00
-1.832210693198599527e+00
-1.849047542734826077e+00
-1.822499042833148675e+00
-1.824077852489142781e+00
-1.827766509398529360e+00
-1.768081241632711853e+00
-1.737338594442578765e+00
-1.721420313163138260e+00
-1.703925651423980669e+00
-1.696350566689732275e+00
-1.676276997786242617e+00
-1.685820603664296646e+00
-1.590426586252451369e+00
-1.588957004579463206e+00
-1.600595346848149525e+00
-1.591073596060478712e+00
-1.584256131995535499e+00
-1.602930116818205075e+00
-1.601991228605251782e+00
-1.597884252960881435e+00
-1.597884252960881435e+00
-1.470728706801194718e+00
-1.670359909694337341e+00
-1.653818455749950900e+00
-1.535600942636411892e+00
-1.533653756691520487e+00
-1.542294984371106459e+00
-1.542294984371106459e+00
-1.534119630290133207e+00
-1.547111121740046169e+00
-1.538905777325905611e+00
-1.559521273915138506e+00
-1.603286580709897713e+00
-1.533212994209969038e+00
-1.529367245063686376e+00
-1.526133626033380875e+00
-1.534640979321168164e+00
-1.535348588565433214e+00
-1.601988170618195984e+00
-1.590803333917378382e+00
-1.590803333917378382e+00
-1.602358090263055868e+00
-1.590369478436176376e+00
-1.606715892329551698e+00
-1.600759796988943329e+00
-1.643033693146124019e+00
-1.635121233270510954e+00
-1.671609162921957825e+00
-1.677201331695209463e+00
-1.677917587986758718e+00
-1.688432980710403708e+00
-1.691984521282642984e+00
-1.730728603700867119e+00
-1.720698993249047293e+00
-1.714206523090844758e+00
-1.709165469446808805e+00
-1.661538071821248463e+00
-1.712266377193788935e+00
-1.673435493256284490e+00
-1.708389367476801368e+00
-1.627001989987040487e+00
-1.635187235156613017e+00
-1.616312588657616178e+00
-1.624666872370868154e+00
-1.622888875833832234e+00
-1.614025220771986291e+00
-1.601279239367471963e+00
-1.601163242933100639e+00
-1.608876162355068473e+00
-1.611310327179474200e+00
-1.629162552032756173e+00
-1.626494306850456706e+00
-1.630624503946665804e+00
-1.638273474239227090e+00
-1.636340646527174369e+00
-1.635706145512794585e+00
-1.643458635883951802e+00
-1.634752171563540690e+00
-1.632919629322637345e+00
-1.630271233361051619e+00
-1.622500334781988185e+00
-1.622500334781988185e+00
-1.627080110354091946e+00
-1.638001260812463000e+00
-1.631413307271954105e+00
-1.585800259074563456e+00
-1.577658536898613129e+00
-1.521093883268560543e+00
-1.523240341646309393e+00
-1.542469172637192187e+00
-1.548409061518480234e+00
-1.555844445847871516e+00
-1.554265340920369720e+00
-1.529907639780190065e+00
-1.533217831724594138e+00
-1.536191738011606356e+00
-1.539287196959018278e+00
-1.585488882664216170e+00
-1.565438385778224362e+00
-1.642955345006794188e+00
-1.636921484021569340e+00
-1.640350220296874495e+00
-1.625144942009181470e+00
-1.627580557500385661e+00
-1.634523105434813051e+00
-1.690652802152768253e+00
-1.673790986915886458e+00
-1.669515896544732314e+00
-1.674220416240020715e+00
-1.671857016071256474e+00
-1.721573814524389512e+00
-1.721169590850070819e+00
-1.704590031384237703e+00
-1.718747173998176558e+00
-1.715724903402207735e+00
-1.617862251553038533e+00
-1.610256543067564827e+00
-1.572506222482420890e+00
-1.476109453504884872e+00
-1.734249135786688045e+00
-1.697803820900576133e+00
-1.714600357479428405e+00
-1.710990285344363926e+00
-1.721168233293670857e+00
-1.704203174048803726e+00
-1.688788240773480887e+00
-1.673488818081564800e+00
-1.685613842626066283e+00
-1.685374755457872187e+00
-1.665483231053131341e+00
-1.663207494440744005e+00
-1.621129629311031550e+00
-1.626503023675214488e+00
-1.633015799048237238e+00
-1.662871889826071703e+00
-1.837046503762932659e+00
-1.806504497185206892e+00
-1.810621047853170573e+00
-1.812492662349593164e+00
-1.799081443204958219e+00
-1.746547075492353551e+00
-1.741803514299930189e+00
-1.749595857704424162e+00
-1.742830181941337431e+00
-1.731425976809350509e+00
-1.661814502490866152e+00
-1.746655839800434595e+00
-1.748604186926696169e+00
-1.628096089613653374e+00
-1.630641973462343186e+00
-1.638464764308297905e+00
-1.561418914054463647e+00
-1.543409262715478958e+00
-1.537834911017503359e+00
-1.524264668183533233e+00
-1.670630229736707051e+00
-1.672341372390694358e+00
-1.657668699852063998e+00
-1.668110908784019131e+00
-1.722510537115176321e+00
-1.717720914003264099e+00
-1.679469763644716229e+00
-1.675625855155590704e+00
-1.689681419644698979e+00
-1.704110849686945484e+00
-1.710241363005953419e+00
-1.701471464474119344e+00
-1.713238600295208691e+00
-1.719977984471116494e+00
-1.705303953591772004e+00
-1.719351171433822989e+00
-1.727382089400232745e+00
-1.658615164970843603e+00
-1.638223956930068281e+00
-1.635887951376560956e+00
-1.641583239516481996e+00
-1.646925500608271475e+00
-1.653035287684830212e+00
-1.640031950726430932e+00
-1.710194499431662907e+00
-1.709701072045833437e+00
-1.699951879372640029e+00
-1.707873109698858860e+00
-1.667434522009340947e+00
-1.669214882653762944e+00
-1.654458063078953156e+00
-1.663604980214392404e+00
-1.668185091544773124e+00
-1.727443692323241908e+00
-1.705898684902744211e+00
-1.704424343021243127e+00
-1.707873781776706679e+00
-1.724387061347739225e+00
-1.750078642771638382e+00
-1.746466123417092398e+00
-1.751563523796484834e+00
-1.746997050698725129e+00
-1.630842360871905594e+00
-1.640544472172289270e+00
-1.636379191930815935e+00
-1.554776986362600866e+00
-1.754350941003814279e+00
-1.743670605067140666e+00
-1.753648777679373216e+00
-1.743234577923820083e+00
-1.737468964996683907e+00
-1.748427872306988817e+00
-1.736719058691031048e+00
-1.737131174896399122e+00
-1.742553464774633909e+00
-1.735137320372067249e+00
-1.726220664522281067e+00
-1.724829911643430025e+00
-1.717153291566922535e+00
-1.715900883450722558e+00
-1.695474683000872229e+00
-1.695474683000872229e+00
-1.499801315869807805e+00
-1.703675316294845477e+00
-1.717008003055281007e+00
-1.540219588672891771e+00
-1.515886547555225894e+00
-1.504919061792087565e+00
-1.496898549452714500e+00
-1.489145461207299626e+00
-1.489145461207299626e+00
-1.481030841734763959e+00
-1.491354478921905757e+00
-1.495892857235978646e+00
-1.489234681153638995e+00
-1.546281402575807817e+00
-1.554024700996498254e+00
-1.564808885602503974e+00
-1.557218426558086843e+00
-1.550193212655180286e+00
-1.364987385376077222e+00
-1.360327542540282320e+00
-1.365902029824608732e+00
-1.365902029824608732e+00
-1.364772551538717238e+00
-1.371628157223505617e+00
-1.400541351286659797e+00
-1.391894440961846779e+00
-1.439534154716668457e+00
-1.452463687085365995e+00
-1.521067626686363861e+00
-1.680946216423157447e+00
-1.623494897833814621e+00
-1.631878593252247711e+00
-1.633072319615447521e+00
-1.627470607981976736e+00
-1.631213949493253601e+00
-1.631959310769466542e+00
-1.616352277636234902e+00
-1.616352277636234902e+00
-1.712414898807438579e+00
-1.705768009751623682e+00
-1.714942652904383191e+00
-1.731217061137909408e+00
-1.725124771983468586e+00
-1.731218243320891581e+00
-1.613910899973659552e+00
-1.620849971588101290e+00
-1.634864124203339264e+00
-1.711221504876475841e+00
-1.706075239567204305e+00
-1.680194898872990228e+00
-1.673402973827376794e+00
-1.675907130752796181e+00
-1.688821441454300576e+00
-1.688821441454300576e+00
-1.693369734152348594e+00
-1.690998802936653167e+00
-1.683221063131147721e+00
-1.593151980132534007e+00
-1.665686514837085852e+00
-1.674920665830650357e+00
-1.674755839512994893e+00
-1.669824391904947358e+00
-1.659609634716155524e+00
-1.665624420835162045e+00
-1.669494882845769190e+00
-1.653917297949056842e+00
-1.656619493399377863e+00
-1.674870845666066810e+00
-1.675926043496238194e+00
-1.678476174439735402e+00
-1.672102097622679473e+00
-1.480287634979078559e+00
-1.477406829076681749e+00
-1.473374121104448875e+00
-1.503579618256620565e+00
-1.632344550487400792e+00
-1.635842602719282723e+00
-1.640062787888220353e+00
-1.634200632454204216e+00
-1.627228235876543749e+00
-1.630084663332967088e+00
-1.625405128813084854e+00
-1.730392980334464870e+00
-1.800177674988021614e+00
-1.461698399121319047e+00
-1.449136269945610067e+00
-1.451961689324177573e+00
-1.449327929132685266e+00
-1.442255214165764077e+00
-1.731163499261972216e+00
-1.769146445095368003e+00
-1.773714859334284411e+00
-1.762330624578886118e+00
-1.778843402178278854e+00
-1.776713837616547664e+00
-1.776713837616547664e+00
-1.755282811618478211e+00
-1.518686472363193207e+00
-1.476442505997228594e+00
-1.477362935076222739e+00
-1.796964872774676314e+00
-1.790694593991846606e+00
-1.786693666752312781e+00
-1.807993713525480661e+00
-1.765816135942654519e+00
-1.769630279076803925e+00
-1.757685082004843746e+00
-1.755468778879661018e+00
-1.753448572025160246e+00
-1.765314113992699996e+00
-1.771189544013966444e+00
-1.755449769359064938e+00
-1.772707061925348659e+00
-1.776741568863653420e+00
-1.785067737649429498e+00
-1.790926386835291817e+00
-1.798067830609537454e+00
-1.778964283144311542e+00
-1.698488087548779779e+00
-1.705941016714895619e+00
-1.712799687308437901e+00
-1.683394358618370168e+00
-1.688540095222542003e+00
-1.782874628232069103e+00
-1.772789231045879932e+00
-1.757231000181040059e+00
-1.799931583670797641e+00
-1.795512498317693328e+00
-1.794293831496945213e+00
-1.794293831496945213e+00
-1.795079638297046865e+00
-1.788592364457662898e+00
-1.794541156611379584e+00
-1.753907113933862894e+00
-1.749714371802103097e+00
-1.749495667257926712e+00
-1.736391966099920525e+00
-1.743494519918577845e+00
-1.739934765774695968e+00
-1.728478447566356824e+00
-1.714500605841006831e+00
-1.717863125194976082e+00
-1.728653772623185647e+00
-1.718700580903678832e+00
-1.724975670626433422e+00
-1.783374847435248656e+00
-1.773788444392886632e+00
-1.795160078135305204e+00
-1.795160078135305204e+00
-1.796275257546614323e+00
-1.697024965273578267e+00
-1.697466847490303188e+00
-1.700786638188930278e+00
-1.692145297907231116e+00
-1.697911428239518905e+00
-1.711111939764323076e+00
-1.697538856972250487e+00
-1.689814624212292893e+00
-1.685328305501578416e+00
-1.685328305501578416e+00
-1.676732505642795745e+00
-1.713874975661508593e+00
-1.699849606160830140e+00
-1.580383638050916639e+00
-1.538185591149695552e+00
-1.746043774288335459e+00
-1.746055746753739202e+00
-1.641040093365013997e+00
-1.650641618895349438e+00
-1.643050329152973443e+00
-1.662251300455687364e+00
-1.678107683665798655e+00
-1.682114589244766645e+00
-1.689617220426025579e+00
-1.712489143257553970e+00
-1.723353313562032696e+00
-1.725173026136776144e+00
-1.722184235154113674e+00
-1.729821793067148894e+00
-1.734395700325360501e+00
-1.683114573594483243e+00
-1.673966925979021303e+00
-1.677984932824048592e+00
-1.680811928097849517e+00
-1.680811928097849517e+00
-1.659438647349838147e+00
-1.682683677768029851e+00
-1.740273655076803427e+00
-1.747749951339025554e+00
-1.742352030322549927e+00
-1.651245095869414925e+00
-1.643512589890251174e+00
-1.639365920066853777e+00
-1.632645876322265988e+00
-1.646362889378047312e+00
-1.681466556304337390e+00
-1.676931922803748032e+00
-1.672302866017065792e+00
-1.658990876112454327e+00
-1.650010596429652310e+00
-1.650636073791925451e+00
-1.654281403032210163e+00
-1.654281403032210163e+00
-1.640333879522348770e+00
-1.672893425160915326e+00
-1.490119547888116847e+00
-1.478163746508980525e+00
-1.483664719829359546e+00
-1.476877855018993602e+00
-1.485909572856135341e+00
-1.497502581740881578e+00
-1.497262696292362527e+00
-1.547160766779259733e+00
-1.558740629478946094e+00
-1.568925526280984029e+00
-1.566615713447084390e+00
-1.551198563505880479e+00
-1.551198563505880479e+00
-1.748258641373218403e+00
-1.715593514205294934e+00
-1.704692926962516175e+00
-1.706637131172453747e+00
-1.723781283356966565e+00
-1.600537077796057917e+00
-1.602723258962666542e+00
-1.589276249345335623e+00
-1.594295733000450133e+00
-1.668315883589217341e+00
-1.654195576440838478e+00
-1.641400016262742900e+00
-1.651344316328229311e+00
-1.663912826620145280e+00
-1.675292202260878938e+00
-1.670758211464857812e+00
-1.695627117746321133e+00
-1.706093025714162881e+00
-1.764873090785142873e+00
-1.766311031095083806e+00
-1.762132104408645539e+00
-1.798243572218299446e+00
-1.884294066792297162e+00
-1.870584399312581914e+00
-1.868577004738178449e+00
-1.796257089848407595e+00
-1.782930600195013593e+00
-1.784763655779291414e+00
-1.769588631338006035e+00
-1.773019636529613141e+00
-1.644562670112732050e+00
-1.533346223704207922e+00
-1.541432301332943622e+00
-1.531706129445177922e+00
-1.518798982226694072e+00
-1.524185349508314413e+00
-1.692352688757398083e+00
-1.684775194079823013e+00
-1.694235279429951779e+00
-1.818176529513191975e+00
-1.818412358744887047e+00
-1.824726287637439048e+00
-1.822639099951343100e+00
-1.822639099951343100e+00
-1.826882687224260948e+00
-1.780554086915943524e+00
-1.795861540762209829e+00
-1.791637158591902201e+00
-1.802439267778978671e+00
-1.799738661421408814e+00
-1.812457640181550200e+00
-1.809296371123203739e+00
-1.805406632895148356e+00
-1.853873224701892752e+00
-1.774786469316409265e+00
-1.754811433514819496e+00
-1.757874447907877391e+00
-1.756426143363388759e+00
-1.758871137069718982e+00
-1.744004203115140816e+00
-1.744004203115140816e+00
-1.615631076739984184e+00
-1.755653685933478148e+00
-1.749061289189679291e+00
-1.725875759308272306e+00
-1.746300919345747049e+00
-1.750937290906892319e+00
-1.749342132946043238e+00
-1.829259718828248893e+00
-1.765528221405276543e+00
-1.767068661512563477e+00
-1.771572019002902953e+00
-1.755193269537949519e+00
-1.757060643863006755e+00
-1.905099674008469135e+00
-1.891590919392398096e+00
-1.875175574379786436e+00
-1.773552828189047137e+00
-1.629200591021829236e+00
-1.641447476143555573e+00
-1.656792936451099374e+00
-1.637677654829074569e+00
-1.620507939824022969e+00
-1.626120060654980826e+00
-1.636654532118808181e+00
-1.642762426019129807e+00
-1.656846501518965953e+00
-1.663105826903323203e+00
-1.662934538841774001e+00
-1.666531001364623066e+00
-1.658220313742593488e+00
-1.666997535745362358e+00
-1.656438797373544602e+00
-1.661824757056812762e+00
-1.656287064177245583e+00
-1.663548350021543332e+00
-1.683579439402395073e+00
-1.667363052754024633e+00
-1.802783611902321503e+00
-1.794733902385013513e+00
-1.796754524749806015e+00
-1.810520812336446239e+00
-1.805033810452029153e+00
-1.813980209072066030e+00
-1.807649458410028664e+00
-1.803000230611850219e+00
-1.813599744864535790e+00
-1.818954820069353939e+00
-1.829675322710422991e+00
-1.522687449101212342e+00
-1.841254641621915322e+00
-1.841036298831093099e+00
-1.841036298831093099e+00
-1.829819000594964828e+00
-1.826456556904080042e+00
-1.841089370928818969e+00
-1.839613588248019571e+00
-1.835401530189769703e+00
-1.844776814592679948e+00
-1.847243651355629845e+00
-1.856449695459497562e+00
-1.823406587775581178e+00
-1.822333125373721385e+00
-1.806613413848113803e+00
-1.727519818616668035e+00
-1.719314350591454987e+00
