# Variable: HC_radius
# Sample shape: (1000,)
# Date: 2013-03-07 22:55:08.068356
1.666039533316335808e+00
1.666039533316335808e+00
1.666039533316335808e+00
1.666039533316335808e+00
1.141896403566519780e+00
1.141896403566519780e+00
1.141896403566519780e+00
1.141896403566519780e+00
1.399067972095729528e+00
1.399067972095729528e+00
1.399067972095729528e+00
1.399067972095729528e+00
1.399067972095729528e+00
1.399067972095729528e+00
1.399067972095729528e+00
1.399067972095729528e+00
1.399067972095729528e+00
1.399067972095729528e+00
1.399067972095729528e+00
1.399067972095729528e+00
1.399067972095729528e+00
1.399067972095729528e+00
1.399067972095729528e+00
1.399067972095729528e+00
1.399067972095729528e+00
1.399067972095729528e+00
1.399067972095729528e+00
1.399067972095729528e+00
1.399067972095729528e+00
1.399067972095729528e+00
1.268342955442153475e+00
1.268342955442153475e+00
1.268342955442153475e+00
1.268342955442153475e+00
1.268342955442153475e+00
1.268342955442153475e+00
1.268342955442153475e+00
1.268342955442153475e+00
1.268342955442153475e+00
1.268342955442153475e+00
1.268342955442153475e+00
1.268342955442153475e+00
1.268342955442153475e+00
1.268342955442153475e+00
1.268342955442153475e+00
1.268342955442153475e+00
1.268342955442153475e+00
1.268342955442153475e+00
1.268342955442153475e+00
1.268342955442153475e+00
1.268342955442153475e+00
1.268342955442153475e+00
1.268342955442153475e+00
1.268342955442153475e+00
1.268342955442153475e+00
1.268342955442153475e+00
1.268342955442153475e+00
1.268342955442153475e+00
1.268342955442153475e+00
1.268342955442153475e+00
1.268342955442153475e+00
1.268342955442153475e+00
1.268342955442153475e+00
1.268342955442153475e+00
1.268342955442153475e+00
1.268342955442153475e+00
1.268342955442153475e+00
1.268342955442153475e+00
1.268342955442153475e+00
1.268342955442153475e+00
1.268342955442153475e+00
1.268342955442153475e+00
1.268342955442153475e+00
1.268342955442153475e+00
1.268342955442153475e+00
1.268342955442153475e+00
1.268342955442153475e+00
1.268342955442153475e+00
1.268342955442153475e+00
1.268342955442153475e+00
1.268342955442153475e+00
1.268342955442153475e+00
1.268342955442153475e+00
1.268342955442153475e+00
1.268342955442153475e+00
1.268342955442153475e+00
1.268342955442153475e+00
1.268342955442153475e+00
1.268342955442153475e+00
1.268342955442153475e+00
1.268342955442153475e+00
1.268342955442153475e+00
1.268342955442153475e+00
1.268342955442153475e+00
1.268342955442153475e+00
1.268342955442153475e+00
1.268342955442153475e+00
1.268342955442153475e+00
1.268342955442153475e+00
1.268342955442153475e+00
1.268342955442153475e+00
1.268342955442153475e+00
1.268342955442153475e+00
1.268342955442153475e+00
1.268342955442153475e+00
1.268342955442153475e+00
1.268342955442153475e+00
1.268342955442153475e+00
1.268342955442153475e+00
1.268342955442153475e+00
1.268342955442153475e+00
1.268342955442153475e+00
1.268342955442153475e+00
1.268342955442153475e+00
1.268342955442153475e+00
1.268342955442153475e+00
1.268342955442153475e+00
1.268342955442153475e+00
1.268342955442153475e+00
1.268342955442153475e+00
1.268342955442153475e+00
1.268342955442153475e+00
1.268342955442153475e+00
1.268342955442153475e+00
1.268342955442153475e+00
1.268342955442153475e+00
1.268342955442153475e+00
1.268342955442153475e+00
1.275751786665358045e+00
1.275751786665358045e+00
1.275751786665358045e+00
1.275751786665358045e+00
1.275751786665358045e+00
1.275751786665358045e+00
1.275751786665358045e+00
1.275751786665358045e+00
1.275751786665358045e+00
1.275751786665358045e+00
1.275751786665358045e+00
1.227916999648536400e+00
1.227916999648536400e+00
1.227916999648536400e+00
1.227916999648536400e+00
1.227916999648536400e+00
1.227916999648536400e+00
1.227916999648536400e+00
1.227916999648536400e+00
1.227916999648536400e+00
1.227916999648536400e+00
1.227916999648536400e+00
1.227916999648536400e+00
1.227916999648536400e+00
1.227916999648536400e+00
1.227916999648536400e+00
1.227916999648536400e+00
1.227916999648536400e+00
1.227916999648536400e+00
1.227916999648536400e+00
1.227916999648536400e+00
1.227916999648536400e+00
1.227916999648536400e+00
1.227916999648536400e+00
1.227916999648536400e+00
1.227916999648536400e+00
1.227916999648536400e+00
1.227916999648536400e+00
1.227916999648536400e+00
1.227916999648536400e+00
1.227916999648536400e+00
1.227916999648536400e+00
1.227916999648536400e+00
1.227916999648536400e+00
1.227916999648536400e+00
1.227916999648536400e+00
1.227916999648536400e+00
1.227916999648536400e+00
1.227916999648536400e+00
1.227916999648536400e+00
1.227916999648536400e+00
1.227916999648536400e+00
1.227916999648536400e+00
1.227916999648536400e+00
1.227916999648536400e+00
1.227916999648536400e+00
1.227916999648536400e+00
1.227916999648536400e+00
1.227916999648536400e+00
1.227916999648536400e+00
1.227916999648536400e+00
1.227916999648536400e+00
1.227916999648536400e+00
1.227916999648536400e+00
1.227916999648536400e+00
1.227916999648536400e+00
1.233027653042321203e+00
1.233027653042321203e+00
1.233027653042321203e+00
1.233027653042321203e+00
1.233027653042321203e+00
1.233027653042321203e+00
1.233027653042321203e+00
1.233027653042321203e+00
1.233027653042321203e+00
1.233027653042321203e+00
1.233027653042321203e+00
1.233027653042321203e+00
1.233027653042321203e+00
1.233027653042321203e+00
1.233027653042321203e+00
1.233027653042321203e+00
1.233027653042321203e+00
1.233027653042321203e+00
1.233027653042321203e+00
1.233027653042321203e+00
1.233027653042321203e+00
1.233027653042321203e+00
1.233027653042321203e+00
1.233027653042321203e+00
1.233027653042321203e+00
1.233027653042321203e+00
1.233027653042321203e+00
1.233027653042321203e+00
1.233027653042321203e+00
1.233027653042321203e+00
1.233027653042321203e+00
1.233027653042321203e+00
1.233027653042321203e+00
1.233027653042321203e+00
1.233027653042321203e+00
1.233027653042321203e+00
1.233027653042321203e+00
1.233027653042321203e+00
1.233027653042321203e+00
1.233027653042321203e+00
1.233027653042321203e+00
1.233027653042321203e+00
1.233027653042321203e+00
1.233027653042321203e+00
1.233027653042321203e+00
1.233027653042321203e+00
1.233027653042321203e+00
1.233027653042321203e+00
1.233027653042321203e+00
1.233027653042321203e+00
1.233027653042321203e+00
1.233027653042321203e+00
1.233027653042321203e+00
1.233027653042321203e+00
1.233027653042321203e+00
1.233027653042321203e+00
1.233027653042321203e+00
1.233027653042321203e+00
1.233027653042321203e+00
1.233027653042321203e+00
1.233027653042321203e+00
1.233027653042321203e+00
1.233027653042321203e+00
1.233027653042321203e+00
1.233027653042321203e+00
1.233027653042321203e+00
1.233027653042321203e+00
1.233027653042321203e+00
1.233027653042321203e+00
1.233027653042321203e+00
1.233027653042321203e+00
1.233027653042321203e+00
1.233027653042321203e+00
1.233027653042321203e+00
1.233027653042321203e+00
1.233027653042321203e+00
1.233027653042321203e+00
1.233027653042321203e+00
1.233027653042321203e+00
1.233027653042321203e+00
1.233027653042321203e+00
1.233027653042321203e+00
1.233027653042321203e+00
1.233027653042321203e+00
1.233027653042321203e+00
1.233027653042321203e+00
1.233027653042321203e+00
1.233027653042321203e+00
1.233027653042321203e+00
1.233027653042321203e+00
1.233027653042321203e+00
1.233027653042321203e+00
1.233027653042321203e+00
1.233027653042321203e+00
1.233027653042321203e+00
1.233027653042321203e+00
1.233027653042321203e+00
1.264893181020658064e+00
1.264893181020658064e+00
1.264893181020658064e+00
1.264893181020658064e+00
1.264893181020658064e+00
1.264893181020658064e+00
1.264893181020658064e+00
1.264893181020658064e+00
1.264893181020658064e+00
1.264893181020658064e+00
1.264893181020658064e+00
1.264893181020658064e+00
1.264893181020658064e+00
1.264893181020658064e+00
1.264893181020658064e+00
1.264893181020658064e+00
1.264893181020658064e+00
1.264893181020658064e+00
1.269338675626520807e+00
1.269338675626520807e+00
1.263031280832376035e+00
1.263031280832376035e+00
1.263031280832376035e+00
1.263031280832376035e+00
1.263031280832376035e+00
1.263031280832376035e+00
1.289138110461693465e+00
1.289138110461693465e+00
1.289138110461693465e+00
1.289138110461693465e+00
1.289138110461693465e+00
1.289138110461693465e+00
1.289138110461693465e+00
1.317759778219302902e+00
1.317759778219302902e+00
1.317759778219302902e+00
1.317759778219302902e+00
1.317759778219302902e+00
1.317759778219302902e+00
1.317759778219302902e+00
1.317759778219302902e+00
1.317759778219302902e+00
1.317759778219302902e+00
1.317759778219302902e+00
1.294362379873130520e+00
1.294362379873130520e+00
1.294362379873130520e+00
1.294362379873130520e+00
1.294362379873130520e+00
1.294362379873130520e+00
1.294362379873130520e+00
1.294362379873130520e+00
1.294362379873130520e+00
1.294362379873130520e+00
1.294362379873130520e+00
1.294362379873130520e+00
1.294362379873130520e+00
1.294362379873130520e+00
1.294362379873130520e+00
1.294362379873130520e+00
1.294362379873130520e+00
1.294362379873130520e+00
1.294362379873130520e+00
1.294362379873130520e+00
1.294362379873130520e+00
1.294362379873130520e+00
1.294362379873130520e+00
1.294362379873130520e+00
1.294362379873130520e+00
1.294362379873130520e+00
1.294362379873130520e+00
1.294362379873130520e+00
1.294362379873130520e+00
1.294362379873130520e+00
1.294362379873130520e+00
1.294362379873130520e+00
1.294362379873130520e+00
1.294362379873130520e+00
1.294362379873130520e+00
1.294362379873130520e+00
1.294362379873130520e+00
1.294362379873130520e+00
1.294362379873130520e+00
1.294362379873130520e+00
1.294362379873130520e+00
1.294362379873130520e+00
1.294362379873130520e+00
1.294362379873130520e+00
1.294362379873130520e+00
1.294362379873130520e+00
1.294362379873130520e+00
1.294362379873130520e+00
1.294362379873130520e+00
1.294362379873130520e+00
1.294362379873130520e+00
1.294362379873130520e+00
1.294362379873130520e+00
1.294362379873130520e+00
1.294362379873130520e+00
1.294362379873130520e+00
1.294362379873130520e+00
1.294362379873130520e+00
1.294362379873130520e+00
1.294362379873130520e+00
1.294362379873130520e+00
1.294362379873130520e+00
1.294362379873130520e+00
1.294362379873130520e+00
1.294362379873130520e+00
1.294362379873130520e+00
1.294362379873130520e+00
1.294362379873130520e+00
1.294362379873130520e+00
1.294362379873130520e+00
1.294362379873130520e+00
1.294362379873130520e+00
1.294362379873130520e+00
1.294362379873130520e+00
1.294362379873130520e+00
1.294362379873130520e+00
1.294362379873130520e+00
1.294362379873130520e+00
1.294362379873130520e+00
1.294362379873130520e+00
1.294362379873130520e+00
1.294362379873130520e+00
1.294362379873130520e+00
1.294362379873130520e+00
1.294362379873130520e+00
1.294362379873130520e+00
1.294362379873130520e+00
1.294362379873130520e+00
1.294362379873130520e+00
1.294362379873130520e+00
1.294362379873130520e+00
1.294362379873130520e+00
1.294362379873130520e+00
1.294362379873130520e+00
1.294362379873130520e+00
1.294362379873130520e+00
1.294362379873130520e+00
1.294362379873130520e+00
1.294362379873130520e+00
1.294362379873130520e+00
1.294362379873130520e+00
1.294362379873130520e+00
1.294362379873130520e+00
1.294362379873130520e+00
1.294362379873130520e+00
1.294362379873130520e+00
1.294362379873130520e+00
1.294362379873130520e+00
1.294362379873130520e+00
1.294362379873130520e+00
1.294362379873130520e+00
1.294362379873130520e+00
1.294362379873130520e+00
1.294362379873130520e+00
1.294362379873130520e+00
1.294362379873130520e+00
1.294362379873130520e+00
1.294362379873130520e+00
1.294362379873130520e+00
1.294362379873130520e+00
1.294362379873130520e+00
1.294362379873130520e+00
1.283839058708764913e+00
1.283839058708764913e+00
1.283839058708764913e+00
1.283839058708764913e+00
1.283839058708764913e+00
1.283839058708764913e+00
1.283839058708764913e+00
1.283839058708764913e+00
1.283839058708764913e+00
1.283839058708764913e+00
1.283839058708764913e+00
1.283839058708764913e+00
1.283839058708764913e+00
1.283839058708764913e+00
1.283839058708764913e+00
1.283839058708764913e+00
1.283839058708764913e+00
1.283839058708764913e+00
1.283839058708764913e+00
1.283839058708764913e+00
1.283839058708764913e+00
1.283839058708764913e+00
1.283839058708764913e+00
1.283839058708764913e+00
1.283839058708764913e+00
1.283839058708764913e+00
1.283839058708764913e+00
1.283839058708764913e+00
1.283839058708764913e+00
1.283839058708764913e+00
1.283839058708764913e+00
1.283839058708764913e+00
1.283839058708764913e+00
1.283839058708764913e+00
1.209004187285055876e+00
1.209004187285055876e+00
1.209004187285055876e+00
1.209004187285055876e+00
1.209004187285055876e+00
1.209004187285055876e+00
1.209004187285055876e+00
1.209004187285055876e+00
1.209004187285055876e+00
1.209004187285055876e+00
1.234351203268863051e+00
1.234351203268863051e+00
1.234351203268863051e+00
1.234351203268863051e+00
1.234351203268863051e+00
1.234351203268863051e+00
1.234351203268863051e+00
1.234351203268863051e+00
1.234351203268863051e+00
1.234351203268863051e+00
1.234351203268863051e+00
1.234351203268863051e+00
1.234351203268863051e+00
1.234351203268863051e+00
1.234351203268863051e+00
1.234351203268863051e+00
1.234351203268863051e+00
1.234351203268863051e+00
1.234351203268863051e+00
1.234351203268863051e+00
1.234351203268863051e+00
1.234351203268863051e+00
1.234351203268863051e+00
1.234351203268863051e+00
1.234351203268863051e+00
1.234351203268863051e+00
1.234351203268863051e+00
1.234351203268863051e+00
1.234351203268863051e+00
1.234351203268863051e+00
1.234351203268863051e+00
1.234351203268863051e+00
1.234351203268863051e+00
1.221907439868836764e+00
1.221907439868836764e+00
1.221907439868836764e+00
1.221907439868836764e+00
1.221907439868836764e+00
1.198330519277174711e+00
1.198330519277174711e+00
1.198330519277174711e+00
1.198330519277174711e+00
1.198330519277174711e+00
1.198330519277174711e+00
1.198330519277174711e+00
1.198330519277174711e+00
1.198330519277174711e+00
1.198330519277174711e+00
1.198330519277174711e+00
1.198330519277174711e+00
1.198330519277174711e+00
1.198330519277174711e+00
1.198330519277174711e+00
1.198330519277174711e+00
1.198330519277174711e+00
1.198330519277174711e+00
1.198330519277174711e+00
1.198330519277174711e+00
1.198330519277174711e+00
1.198330519277174711e+00
1.198330519277174711e+00
1.198330519277174711e+00
1.198330519277174711e+00
1.198330519277174711e+00
1.198330519277174711e+00
1.198330519277174711e+00
1.198330519277174711e+00
1.198330519277174711e+00
1.198330519277174711e+00
1.198330519277174711e+00
1.198330519277174711e+00
1.198330519277174711e+00
1.198330519277174711e+00
1.198330519277174711e+00
1.275962001602084728e+00
1.275962001602084728e+00
1.275962001602084728e+00
1.275962001602084728e+00
1.275962001602084728e+00
1.275962001602084728e+00
1.275962001602084728e+00
1.275962001602084728e+00
1.275962001602084728e+00
1.275962001602084728e+00
1.275962001602084728e+00
1.275962001602084728e+00
1.275962001602084728e+00
1.275962001602084728e+00
1.261855403745893778e+00
1.261855403745893778e+00
1.261855403745893778e+00
1.261855403745893778e+00
1.261855403745893778e+00
1.261855403745893778e+00
1.261855403745893778e+00
1.261855403745893778e+00
1.261855403745893778e+00
1.261855403745893778e+00
1.261855403745893778e+00
1.261855403745893778e+00
1.261855403745893778e+00
1.261855403745893778e+00
1.261855403745893778e+00
1.261855403745893778e+00
1.261855403745893778e+00
1.261855403745893778e+00
1.261855403745893778e+00
1.261855403745893778e+00
1.261855403745893778e+00
1.261855403745893778e+00
1.261855403745893778e+00
1.261855403745893778e+00
1.261855403745893778e+00
1.261855403745893778e+00
1.261855403745893778e+00
1.261855403745893778e+00
1.261855403745893778e+00
1.261855403745893778e+00
1.261855403745893778e+00
1.261855403745893778e+00
1.261855403745893778e+00
1.261855403745893778e+00
1.261855403745893778e+00
1.261855403745893778e+00
1.261855403745893778e+00
1.261855403745893778e+00
1.261855403745893778e+00
1.261855403745893778e+00
1.261855403745893778e+00
1.261855403745893778e+00
1.261855403745893778e+00
1.261855403745893778e+00
1.261855403745893778e+00
1.261855403745893778e+00
1.261855403745893778e+00
1.261855403745893778e+00
1.261855403745893778e+00
1.261855403745893778e+00
1.261855403745893778e+00
1.261855403745893778e+00
1.261855403745893778e+00
1.261855403745893778e+00
1.261855403745893778e+00
1.261855403745893778e+00
1.261855403745893778e+00
1.272378155238192310e+00
1.272378155238192310e+00
1.272378155238192310e+00
1.272378155238192310e+00
1.272378155238192310e+00
1.272378155238192310e+00
1.272378155238192310e+00
1.272378155238192310e+00
1.272378155238192310e+00
1.272378155238192310e+00
1.272378155238192310e+00
1.272378155238192310e+00
1.272378155238192310e+00
1.272378155238192310e+00
1.272378155238192310e+00
1.272378155238192310e+00
1.272378155238192310e+00
1.272378155238192310e+00
1.272378155238192310e+00
1.289114006100310350e+00
1.289114006100310350e+00
1.289114006100310350e+00
1.289114006100310350e+00
1.289114006100310350e+00
1.289114006100310350e+00
1.289114006100310350e+00
1.289114006100310350e+00
1.289114006100310350e+00
1.289114006100310350e+00
1.289114006100310350e+00
1.289114006100310350e+00
1.289114006100310350e+00
1.289114006100310350e+00
1.289114006100310350e+00
1.289114006100310350e+00
1.289114006100310350e+00
1.289114006100310350e+00
1.289114006100310350e+00
1.289114006100310350e+00
1.289114006100310350e+00
1.289114006100310350e+00
1.289114006100310350e+00
1.289114006100310350e+00
1.289114006100310350e+00
1.289114006100310350e+00
1.289114006100310350e+00
1.289114006100310350e+00
1.289114006100310350e+00
1.289114006100310350e+00
1.289114006100310350e+00
1.289114006100310350e+00
1.230029818808706876e+00
1.230029818808706876e+00
1.230029818808706876e+00
1.230029818808706876e+00
1.230029818808706876e+00
1.230029818808706876e+00
1.230029818808706876e+00
1.230029818808706876e+00
1.300276829413492319e+00
1.300276829413492319e+00
1.300276829413492319e+00
1.300276829413492319e+00
1.300276829413492319e+00
1.251909901172900907e+00
1.251909901172900907e+00
1.251909901172900907e+00
1.251909901172900907e+00
1.251909901172900907e+00
1.251909901172900907e+00
1.251909901172900907e+00
1.251909901172900907e+00
1.251909901172900907e+00
1.251909901172900907e+00
1.251909901172900907e+00
1.251909901172900907e+00
1.251909901172900907e+00
1.251909901172900907e+00
1.251909901172900907e+00
1.251909901172900907e+00
1.251909901172900907e+00
1.301711167693078819e+00
1.301711167693078819e+00
1.301711167693078819e+00
1.301711167693078819e+00
1.301711167693078819e+00
1.301711167693078819e+00
1.301711167693078819e+00
1.301711167693078819e+00
1.301711167693078819e+00
1.301711167693078819e+00
1.301711167693078819e+00
1.301711167693078819e+00
1.301711167693078819e+00
1.301711167693078819e+00
1.301711167693078819e+00
1.301711167693078819e+00
1.301711167693078819e+00
1.301711167693078819e+00
1.301711167693078819e+00
1.301711167693078819e+00
1.301711167693078819e+00
1.301711167693078819e+00
1.301711167693078819e+00
1.301711167693078819e+00
1.301711167693078819e+00
1.301711167693078819e+00
1.301711167693078819e+00
1.301711167693078819e+00
1.301711167693078819e+00
1.301711167693078819e+00
1.301711167693078819e+00
1.301711167693078819e+00
1.301711167693078819e+00
1.301711167693078819e+00
1.301711167693078819e+00
1.301711167693078819e+00
1.301711167693078819e+00
1.301711167693078819e+00
1.301711167693078819e+00
1.301711167693078819e+00
1.301711167693078819e+00
1.301711167693078819e+00
1.301711167693078819e+00
1.301711167693078819e+00
1.301711167693078819e+00
1.301711167693078819e+00
1.301711167693078819e+00
1.301711167693078819e+00
1.301711167693078819e+00
1.301711167693078819e+00
1.301711167693078819e+00
1.301711167693078819e+00
1.301711167693078819e+00
1.301711167693078819e+00
1.301711167693078819e+00
1.301711167693078819e+00
1.301711167693078819e+00
1.301711167693078819e+00
1.301711167693078819e+00
1.301711167693078819e+00
1.301711167693078819e+00
1.301711167693078819e+00
1.301711167693078819e+00
1.301711167693078819e+00
1.301711167693078819e+00
1.301711167693078819e+00
1.301711167693078819e+00
1.301711167693078819e+00
1.301711167693078819e+00
1.301711167693078819e+00
1.301711167693078819e+00
1.301711167693078819e+00
1.301711167693078819e+00
1.301711167693078819e+00
1.301711167693078819e+00
1.301711167693078819e+00
1.301711167693078819e+00
1.301711167693078819e+00
1.301711167693078819e+00
1.301711167693078819e+00
1.301711167693078819e+00
1.301711167693078819e+00
1.301711167693078819e+00
1.301711167693078819e+00
1.301711167693078819e+00
1.301711167693078819e+00
1.301711167693078819e+00
1.301711167693078819e+00
1.301711167693078819e+00
1.301711167693078819e+00
1.301711167693078819e+00
1.301711167693078819e+00
1.301711167693078819e+00
1.301711167693078819e+00
1.301711167693078819e+00
1.301711167693078819e+00
1.301711167693078819e+00
1.301711167693078819e+00
1.301711167693078819e+00
1.301711167693078819e+00
1.301711167693078819e+00
1.301711167693078819e+00
1.301711167693078819e+00
1.301711167693078819e+00
1.301711167693078819e+00
1.301711167693078819e+00
1.301711167693078819e+00
1.301711167693078819e+00
1.301711167693078819e+00
1.301711167693078819e+00
1.301711167693078819e+00
1.301711167693078819e+00
1.301711167693078819e+00
1.301711167693078819e+00
1.301711167693078819e+00
1.301711167693078819e+00
1.301711167693078819e+00
1.301711167693078819e+00
1.301711167693078819e+00
1.301711167693078819e+00
1.301711167693078819e+00
1.301711167693078819e+00
1.301711167693078819e+00
1.301711167693078819e+00
1.301711167693078819e+00
1.301711167693078819e+00
1.301711167693078819e+00
1.301711167693078819e+00
1.301711167693078819e+00
1.301711167693078819e+00
1.301711167693078819e+00
1.301711167693078819e+00
1.301711167693078819e+00
1.301711167693078819e+00
1.301711167693078819e+00
1.301711167693078819e+00
1.301711167693078819e+00
1.301711167693078819e+00
1.301711167693078819e+00
1.301711167693078819e+00
1.301711167693078819e+00
1.301711167693078819e+00
1.301711167693078819e+00
1.301711167693078819e+00
1.301711167693078819e+00
1.301711167693078819e+00
1.301711167693078819e+00
1.301711167693078819e+00
1.301711167693078819e+00
1.301711167693078819e+00
1.301711167693078819e+00
1.238863786638972009e+00
1.238863786638972009e+00
1.238863786638972009e+00
1.238863786638972009e+00
1.238863786638972009e+00
1.238863786638972009e+00
1.238863786638972009e+00
1.238863786638972009e+00
1.238863786638972009e+00
1.238863786638972009e+00
1.238863786638972009e+00
1.238863786638972009e+00
1.238863786638972009e+00
1.238863786638972009e+00
1.238863786638972009e+00
1.238863786638972009e+00
1.238863786638972009e+00
1.238863786638972009e+00
1.238863786638972009e+00
1.238863786638972009e+00
1.238863786638972009e+00
1.238863786638972009e+00
1.238863786638972009e+00
1.238863786638972009e+00
1.238863786638972009e+00
1.238863786638972009e+00
1.238863786638972009e+00
1.238863786638972009e+00
1.238863786638972009e+00
1.238863786638972009e+00
1.238863786638972009e+00
1.238863786638972009e+00
1.238863786638972009e+00
1.238863786638972009e+00
1.238863786638972009e+00
1.238863786638972009e+00
1.238863786638972009e+00
1.238863786638972009e+00
1.238863786638972009e+00
1.238863786638972009e+00
1.238863786638972009e+00
1.238863786638972009e+00
1.238863786638972009e+00
1.238863786638972009e+00
1.238863786638972009e+00
1.238863786638972009e+00
1.238863786638972009e+00
1.238863786638972009e+00
1.238863786638972009e+00
1.238863786638972009e+00
1.238863786638972009e+00
1.238863786638972009e+00
1.238863786638972009e+00
1.238863786638972009e+00
1.238863786638972009e+00
1.238863786638972009e+00
1.238863786638972009e+00
1.274083010711822173e+00
1.274083010711822173e+00
1.274083010711822173e+00
1.274083010711822173e+00
1.274083010711822173e+00
1.274083010711822173e+00
1.274083010711822173e+00
1.274083010711822173e+00
1.274083010711822173e+00
1.274083010711822173e+00
1.274083010711822173e+00
1.274083010711822173e+00
1.274083010711822173e+00
1.274083010711822173e+00
1.274083010711822173e+00
1.274083010711822173e+00
1.274083010711822173e+00
1.274083010711822173e+00
1.274083010711822173e+00
1.274083010711822173e+00
1.274083010711822173e+00
1.274083010711822173e+00
1.274083010711822173e+00
1.274083010711822173e+00
1.274083010711822173e+00
1.274083010711822173e+00
1.274083010711822173e+00
1.274083010711822173e+00
1.274083010711822173e+00
1.274083010711822173e+00
1.274083010711822173e+00
1.274083010711822173e+00
1.274083010711822173e+00
1.274083010711822173e+00
1.274083010711822173e+00
1.274083010711822173e+00
1.274083010711822173e+00
1.274083010711822173e+00
1.274083010711822173e+00
1.274083010711822173e+00
1.274083010711822173e+00
1.274083010711822173e+00
1.274083010711822173e+00
1.274083010711822173e+00
1.274083010711822173e+00
1.274083010711822173e+00
1.274083010711822173e+00
1.274083010711822173e+00
1.274083010711822173e+00
1.274083010711822173e+00
1.274083010711822173e+00
1.274083010711822173e+00
1.274083010711822173e+00
1.274083010711822173e+00
1.274083010711822173e+00
1.274083010711822173e+00
1.274083010711822173e+00
1.274083010711822173e+00
1.274083010711822173e+00
1.274083010711822173e+00
1.274083010711822173e+00
1.274083010711822173e+00
1.274083010711822173e+00
1.274083010711822173e+00
1.274083010711822173e+00
