# Variable: HS_gamma
# Sample shape: (1000,)
# Date: 2013-03-07 22:55:06.927168
8.739000000000000101e-01
9.128413859960515797e-02
9.128413859960515797e-02
-6.649001940354665185e-01
-1.785637805341133699e-02
-4.370003270988232491e-01
-5.117418240602993329e-01
-5.117418240602993329e-01
8.520621573348940991e-02
-1.932032442781254078e-01
-1.254355859569202258e-01
-4.012080740975131343e-01
-1.037846401096808258e+00
-8.438069129881771158e-01
-1.885836352959663342e-01
-1.885836352959663342e-01
-1.885836352959663342e-01
-1.885836352959663342e-01
-1.833776778146420372e-01
-1.833776778146420372e-01
4.375716149209179506e-01
4.375716149209179506e-01
4.375716149209179506e-01
4.375716149209179506e-01
4.375716149209179506e-01
2.619439415532329729e-01
2.619439415532329729e-01
2.619439415532329729e-01
2.619439415532329729e-01
2.619439415532329729e-01
2.619439415532329729e-01
2.619439415532329729e-01
2.619439415532329729e-01
1.885722864574866375e-01
1.885722864574866375e-01
-1.942216259250894028e-01
-1.942216259250894028e-01
-1.942216259250894028e-01
1.236283591514151792e-01
8.558506203202884688e-01
1.936585745472326758e-01
6.136613518349633978e-01
1.078275827619390448e-02
-2.259086848707786976e-01
-2.259086848707786976e-01
-8.276039180780707660e-01
-1.363666765863816410e+00
-1.363666765863816410e+00
-1.363666765863816410e+00
-1.177118805088780196e+00
-9.797830807135026188e-01
-9.270559091639622995e-01
-9.270559091639622995e-01
-9.270559091639622995e-01
-1.676136495710394803e+00
-1.915291717813741856e+00
-1.762541943224912533e+00
-2.067599154745618950e+00
-1.634041018241882526e+00
-1.706762434574142784e+00
-2.128930812397646033e+00
-2.099903861331968713e+00
-2.099903861331968713e+00
-2.099903861331968713e+00
-2.853594181882094460e+00
-2.853594181882094460e+00
-2.853594181882094460e+00
-2.853594181882094460e+00
-2.853594181882094460e+00
-2.853594181882094460e+00
-1.807678895494733817e+00
-2.023992533688272921e+00
-2.023992533688272921e+00
-2.023992533688272921e+00
-2.023992533688272921e+00
-2.012944227838853628e+00
-1.899168220191905121e+00
-1.899168220191905121e+00
-1.899168220191905121e+00
-1.899168220191905121e+00
-1.508286251372478404e+00
-1.659806100980172783e+00
-1.401570127422882228e+00
-1.401570127422882228e+00
-1.401570127422882228e+00
-8.551226765049251277e-01
-2.487526254212060195e-01
-2.487526254212060195e-01
-2.487526254212060195e-01
-2.487526254212060195e-01
9.519269425491805325e-02
4.283347279483695758e-01
-4.389162947912955692e-01
-4.389162947912955692e-01
-4.389162947912955692e-01
-4.389162947912955692e-01
3.701267384492352708e-01
3.701267384492352708e-01
3.701267384492352708e-01
3.701267384492352708e-01
-5.467546814960061452e-01
-5.467546814960061452e-01
-5.467546814960061452e-01
-4.921522995762399599e-01
-4.921522995762399599e-01
-4.921522995762399599e-01
-1.938361171295412078e+00
-2.394158226239457399e+00
-1.425216983075241917e+00
-1.890703047169260298e+00
-2.855705000100219770e+00
-3.825759995172308692e+00
-3.825759995172308692e+00
-3.830563766683586113e+00
-2.856132400842585906e+00
-2.678791689277523869e+00
-4.182325565425600189e+00
-3.838129168562965265e+00
-3.515307466530642966e+00
-4.020447689447893325e+00
-3.287376857324370238e+00
-3.804529987767723220e+00
-3.460591365392994945e+00
-2.494531334273702328e+00
-1.861082017752340168e+00
-2.314127915288653359e+00
-2.984571243341361590e+00
-2.984571243341361590e+00
-2.984571243341361590e+00
-3.092052157269039814e+00
-3.387819371152171577e+00
-3.387819371152171577e+00
-3.387819371152171577e+00
-3.387819371152171577e+00
-3.387819371152171577e+00
-2.690648013021170293e+00
-2.339008320010203423e+00
-2.339008320010203423e+00
-2.973620721902824116e+00
-2.369876682298266424e+00
-3.474558990251034984e+00
-2.749940846459305366e+00
-2.445456685358976312e+00
-1.621177479993032078e+00
-1.427532002293604885e+00
-1.427532002293604885e+00
-1.344903782108864077e+00
-3.399632244378525403e-01
-3.399632244378525403e-01
-3.399632244378525403e-01
-7.696446081605801126e-03
-7.696446081605801126e-03
-2.337915028897676328e-01
-8.568877103481593593e-01
-2.658009419089313319e-01
-2.658009419089313319e-01
-2.658009419089313319e-01
-2.658009419089313319e-01
-4.888621844985783227e-01
-4.888621844985783227e-01
-4.888621844985783227e-01
-4.888621844985783227e-01
-8.108686642535759548e-01
-4.306360206594866957e-01
-4.306360206594866957e-01
-4.306360206594866957e-01
-4.306360206594866957e-01
-7.760478272164634816e-01
-8.849855837322478935e-01
-8.849855837322478935e-01
-9.109775465313927345e-01
-9.109775465313927345e-01
-9.109775465313927345e-01
-4.273339984441313910e-01
-4.273339984441313910e-01
-1.411538654799306736e+00
-1.444498810371161790e+00
-1.275722837247939001e+00
-1.321244868196319144e+00
-1.136418573723745773e+00
-1.276134721223304291e+00
-1.246675102961423809e+00
-1.246675102961423809e+00
-1.246675102961423809e+00
-1.691073607511841770e+00
-1.691073607511841770e+00
-1.691073607511841770e+00
-8.592644448284927350e-01
-8.592644448284927350e-01
-8.592644448284927350e-01
-8.592644448284927350e-01
-8.703213974306726053e-01
-8.648382302571731017e-01
-1.350471286133092974e+00
-6.883153505611220302e-01
-6.883153505611220302e-01
-2.151974146760874396e-01
-2.151974146760874396e-01
-7.486549537263554877e-01
-2.097264576981947570e-01
-3.153370630982003098e-01
-3.476136143833664094e-01
-3.476136143833664094e-01
-3.476136143833664094e-01
-1.188767809131002551e+00
-1.188767809131002551e+00
-1.188767809131002551e+00
-7.969921859782140849e-01
-1.088118708113736233e+00
-1.185177233949946007e+00
-1.185177233949946007e+00
-7.453977590814834242e-01
2.216612992375516233e-01
2.216612992375516233e-01
-2.216332508362925391e-01
-2.216332508362925391e-01
-8.984384569343308868e-01
-8.984384569343308868e-01
-1.206738257642911316e+00
-1.929682563143233942e+00
-1.929682563143233942e+00
-1.674342415831193476e+00
-1.099448142356549862e+00
-1.121164481051045714e+00
-5.914610755629032823e-01
-5.914610755629032823e-01
-1.071380295659109416e+00
-1.071380295659109416e+00
-1.173301000080263723e+00
-1.173301000080263723e+00
-1.174943624800136144e+00
-8.158528803468491075e-01
-2.757129580450664585e-01
-1.389992809102751803e+00
-1.389992809102751803e+00
1.452463631015703527e-01
4.143561159859907583e-01
4.734893561023926223e-01
1.498185010512844140e-01
-7.932816690245034774e-01
-7.932816690245034774e-01
-8.025267076781518183e-01
-8.025267076781518183e-01
-8.025267076781518183e-01
-6.986910187986848930e-01
-7.170633268449773112e-01
-6.536875947881135573e-01
-1.573386346441008610e-01
-5.589853258989903040e-01
-4.479236200989376582e-01
-4.479236200989376582e-01
-1.386272906596969667e+00
-1.386272906596969667e+00
-1.386272906596969667e+00
-9.271283098563207759e-01
-8.348526820605026710e-01
-8.348526820605026710e-01
-8.348526820605026710e-01
-8.089243485345586349e-01
-6.228678016293340836e-01
-6.228678016293340836e-01
-6.228678016293340836e-01
-1.007690309117877492e+00
-1.007690309117877492e+00
-1.007690309117877492e+00
-1.501883188216819320e+00
-8.814554875951405855e-01
-8.814554875951405855e-01
-8.814554875951405855e-01
-8.814554875951405855e-01
-8.814554875951405855e-01
-8.814554875951405855e-01
-5.223780264851958233e-01
2.529788732692044295e-01
2.529788732692044295e-01
2.529788732692044295e-01
2.761031555738981402e-01
3.209610473057198377e-01
3.209610473057198377e-01
-1.568413949201216129e-01
-1.568413949201216129e-01
-6.253930012012089978e-01
-6.253930012012089978e-01
-2.082292698921660801e+00
-2.644759834008485022e+00
-2.644759834008485022e+00
-2.593740898752773916e+00
-3.529361183584140527e+00
-3.529361183584140527e+00
-3.529361183584140527e+00
-1.985188655448496542e+00
-2.259119231792079852e+00
-2.259119231792079852e+00
-1.870481198474716722e+00
-1.870481198474716722e+00
-1.967355414244168488e+00
-1.708958218174845722e+00
-2.797958610435215210e+00
-2.797958610435215210e+00
-3.073535569911327592e+00
-3.073535569911327592e+00
-2.427809349606580458e+00
-2.427809349606580458e+00
-2.427809349606580458e+00
-2.887066608027316406e+00
-2.887066608027316406e+00
-1.623715797649762482e+00
-2.147800253499688061e+00
-1.894901025403726624e+00
-1.894901025403726624e+00
-1.539456486218260256e+00
-1.539456486218260256e+00
-1.471981401069134998e+00
-1.471981401069134998e+00
-2.411472849053498901e+00
-1.749773591869603795e+00
-2.316857743040118489e+00
-2.986989329476789745e+00
-2.986989329476789745e+00
-2.986989329476789745e+00
-3.603593583355063856e+00
-3.191518965681544362e+00
-3.191518965681544362e+00
-3.191518965681544362e+00
-3.191518965681544362e+00
-3.046512797645207993e+00
-2.502361752971391518e+00
-2.502361752971391518e+00
-1.645850802780961075e+00
-1.645850802780961075e+00
-1.645850802780961075e+00
-1.680638915516715848e+00
-2.642682764423098796e+00
-1.159892911437875096e+00
-1.159892911437875096e+00
-1.003772250987123194e+00
-9.049400307775554708e-01
-1.316014925162882099e+00
-1.200597192144979397e+00
-3.891220507623828206e-01
-2.140874634838216828e-01
-2.140874634838216828e-01
-4.074100381876681887e-01
-5.806484252506824983e-01
-1.694111928077810303e+00
-1.694111928077810303e+00
-7.145868253372869017e-01
-6.312752072367676659e-01
-8.831411654102034881e-01
-1.266871434782595340e+00
-1.202426312534534247e+00
-9.649661445744169841e-01
-1.208413810019672852e+00
-1.628274459132772467e+00
-1.628274459132772467e+00
-1.628274459132772467e+00
-1.756704585142809139e+00
-9.170997168789223331e-01
-8.389831632912239101e-01
-8.900395301655976699e-01
-8.900395301655976699e-01
-1.079196780056973948e+00
-5.276291944010845780e-01
-6.866877339369354960e-01
-6.866877339369354960e-01
-1.079249897633686839e+00
-1.079249897633686839e+00
-4.175329146697813743e-01
-4.175329146697813743e-01
-4.175329146697813743e-01
-4.175329146697813743e-01
-1.338976550235987606e+00
-1.209159396890467919e+00
-6.853417655692218835e-01
-6.853417655692218835e-01
-6.853417655692218835e-01
-6.853417655692218835e-01
-6.853417655692218835e-01
-8.809263323736417073e-01
-3.551789955550344047e-01
2.481698925683908374e-01
-5.036592475410895942e-01
-2.869731358339615568e-01
-2.869731358339615568e-01
-5.357453769606053129e-01
-1.030703359063273261e+00
-2.426325476446812290e-01
-2.426325476446812290e-01
-3.805177430798227234e-01
-1.135445273390341958e-01
-7.850863674326088448e-01
-7.850863674326088448e-01
-7.850863674326088448e-01
-1.052304737041305227e+00
-1.052304737041305227e+00
-2.924597115061375874e-01
-2.924597115061375874e-01
-9.125711317571638670e-01
-1.175094900910247375e-01
-1.175094900910247375e-01
4.344719858395781342e-01
5.966481739404467799e-01
7.580668926331258772e-01
7.580668926331258772e-01
7.164253970047699260e-01
5.507529670136996902e-01
4.844300083900721088e-01
2.878154429035667539e-01
1.648729519489277595e-01
3.869412504523704888e-01
-6.689814361167101264e-02
-6.252540561375137251e-01
-6.252540561375137251e-01
-3.709783418629404306e-01
-4.571217776154604118e-01
-4.571217776154604118e-01
-5.376310268348820642e-01
-6.035149644980032368e-01
-6.035149644980032368e-01
-2.953643577210618432e-03
-9.282136868909265370e-01
-9.282136868909265370e-01
-9.282136868909265370e-01
-8.331430440418907679e-01
-8.331430440418907679e-01
-1.034544010069427200e+00
-3.459340877717677065e-01
-2.954580195873970916e-01
-9.502457181898991134e-01
-1.196979095335988230e+00
-1.196979095335988230e+00
-2.306287306562856632e+00
-2.306287306562856632e+00
-3.209966750530265145e+00
-3.209966750530265145e+00
-2.495399299140890204e+00
-2.649325198051311503e+00
-2.649325198051311503e+00
-2.054020892024615907e+00
-2.054020892024615907e+00
-2.054020892024615907e+00
-2.085001588657458882e+00
-2.157233756007029601e+00
-2.064247504482850104e+00
-2.199447202805017376e+00
-2.199447202805017376e+00
-2.892351182173149127e+00
-2.892351182173149127e+00
-2.892351182173149127e+00
-2.297582935615539057e+00
-1.785831540874314838e+00
-1.586648351651946065e+00
-1.586648351651946065e+00
-7.439898934103527095e-01
-7.439898934103527095e-01
-7.439898934103527095e-01
-1.268777333374766503e+00
-1.268777333374766503e+00
-1.734540765161334708e+00
-1.734540765161334708e+00
-1.734540765161334708e+00
-1.734540765161334708e+00
-1.340630529236896074e+00
-1.340630529236896074e+00
-1.340630529236896074e+00
-1.340630529236896074e+00
-1.340630529236896074e+00
-1.340630529236896074e+00
-1.481404528462138215e+00
-1.743427134680358481e+00
-1.997348148659720657e+00
-1.526526150274932325e+00
-1.526526150274932325e+00
-4.449493570239735352e-01
-4.449493570239735352e-01
3.547609930452589877e-01
3.547609930452589877e-01
3.547609930452589877e-01
7.223643960562984301e-01
1.075349678336851911e+00
4.485935587941752845e-01
-1.618862315642003225e+00
-1.618862315642003225e+00
-1.154339154079744523e+00
-6.987592137942635340e-01
-1.488610642180010490e-01
-7.193773682850194140e-01
-7.193773682850194140e-01
-1.104040761361822387e+00
-1.246212290037737258e+00
-1.246212290037737258e+00
-3.958544863944905012e-01
-3.605385009792563822e-01
-3.605385009792563822e-01
-3.605385009792563822e-01
-3.605385009792563822e-01
-3.605385009792563822e-01
-3.156535903555438005e-01
-3.156535903555438005e-01
-6.178972163721130340e-01
-6.178972163721130340e-01
-5.814558829530284134e-01
-5.814558829530284134e-01
-1.469555885906720372e+00
-1.469555885906720372e+00
-1.977178495335625730e+00
-2.589612137861250218e-01
-2.589612137861250218e-01
-2.589612137861250218e-01
-1.061557682690210891e+00
-1.061557682690210891e+00
-1.061557682690210891e+00
-1.056718525353778304e+00
-1.651435278589331590e+00
-1.115610542257112758e+00
-1.115610542257112758e+00
-1.115610542257112758e+00
-1.201121398132673601e+00
-1.201121398132673601e+00
-1.520178129802792100e+00
-1.520178129802792100e+00
-1.520178129802792100e+00
-8.680977064642911856e-01
-5.399490551463663746e-01
6.457119356860885340e-02
6.457119356860885340e-02
-3.315161423711408539e-01
-3.315161423711408539e-01
-1.049692441847958069e+00
-1.049692441847958069e+00
-1.166928607773260573e+00
-1.166928607773260573e+00
-4.864205358851859673e-01
-3.864080251802630150e-01
-3.864080251802630150e-01
-3.864080251802630150e-01
-1.632102243446036383e-01
-1.632102243446036383e-01
-1.632102243446036383e-01
-1.855897934548389472e-02
2.589050758123135898e-01
2.589050758123135898e-01
4.137554884022186519e-01
4.137554884022186519e-01
-1.275732616673745934e+00
-8.830925691999540472e-01
-8.830925691999540472e-01
2.702939644496018534e-01
3.620595858842992065e-01
-1.745775793621862082e-01
-1.745775793621862082e-01
-4.929270316342304614e-02
-1.502543447538509658e-01
-1.502543447538509658e-01
-1.502543447538509658e-01
-1.502543447538509658e-01
-1.502543447538509658e-01
-1.502543447538509658e-01
-3.157341282260786586e-02
2.615192063906693898e-01
2.615192063906693898e-01
2.615192063906693898e-01
2.615192063906693898e-01
3.142666541486532350e-01
3.142666541486532350e-01
3.142666541486532350e-01
-8.931748044431204736e-01
-8.931748044431204736e-01
-8.931748044431204736e-01
-3.175400419201820368e-01
-3.175400419201820368e-01
-3.175400419201820368e-01
-3.175400419201820368e-01
-3.175400419201820368e-01
-3.175400419201820368e-01
-1.091811261045946002e-01
-3.900174960169936478e-01
-5.027510864263001755e-01
-2.096222997214509665e-01
-2.096222997214509665e-01
-2.476023140063922656e-01
-1.475811948620124880e+00
-9.860925616824020024e-01
-9.860925616824020024e-01
-1.776813537823069833e+00
-1.238518212576453337e+00
-1.238518212576453337e+00
-2.057373743266706079e+00
-2.057373743266706079e+00
-2.057373743266706079e+00
-2.782724131157453762e+00
-1.201435923998576571e+00
-1.201435923998576571e+00
-1.201435923998576571e+00
-1.201435923998576571e+00
-1.507514234254641483e+00
-1.890697713761104293e+00
-1.434378253756748656e+00
-5.053083735132980481e-01
-1.026285887856969836e+00
-1.733981604474110760e+00
-1.733981604474110760e+00
-1.971898016632506412e+00
-7.511302001735580269e-01
-1.087493225688949128e+00
-1.087493225688949128e+00
-2.455945893886346099e+00
-2.455945893886346099e+00
-2.455945893886346099e+00
-2.448262407572777910e+00
-2.448262407572777910e+00
-1.481406027405943737e+00
-1.481406027405943737e+00
-1.282543191438568542e+00
-1.788313377419429528e+00
-1.459889867922924189e+00
-1.459889867922924189e+00
-1.144063240328066167e+00
-1.144063240328066167e+00
-1.144063240328066167e+00
-1.144063240328066167e+00
-1.144063240328066167e+00
-1.144063240328066167e+00
-2.985007869125786417e-01
-5.358903381771761287e-01
-5.358903381771761287e-01
-5.358903381771761287e-01
-1.812115462414925493e-01
-1.812115462414925493e-01
-1.214687574429329509e+00
-1.124364305827516342e+00
-8.752416488575256448e-01
-1.284733999999119192e+00
-1.470823759684465770e+00
-1.470823759684465770e+00
-1.025436441491667683e+00
-1.061694588782938320e+00
-1.792210471569191110e+00
-2.124517355596456269e+00
-2.124517355596456269e+00
-2.615744667321930006e+00
-2.265231623030193653e+00
-2.293766796435534161e+00
-6.896872238300448821e-01
-6.896872238300448821e-01
-9.241520233607428692e-01
-9.241520233607428692e-01
-1.086987734602628208e+00
-3.748078907942203886e-01
-1.081660659389963364e+00
-1.492016388234435942e+00
-8.965398742379309116e-01
-1.223613142366906992e+00
-1.223613142366906992e+00
-1.223613142366906992e+00
-1.223613142366906992e+00
-1.223613142366906992e+00
-1.223613142366906992e+00
-1.241733055536123675e+00
-1.181924414514689436e+00
-6.736636064516520195e-01
-6.736636064516520195e-01
-6.736636064516520195e-01
-7.090509649516718582e-01
-1.945079522750847723e-02
-1.486934186567103466e-01
-1.486934186567103466e-01
-1.486934186567103466e-01
-1.486934186567103466e-01
-1.486934186567103466e-01
-1.486934186567103466e-01
-7.260693326428703243e-01
-7.910385706543239248e-01
-7.910385706543239248e-01
-7.910385706543239248e-01
-7.910385706543239248e-01
-7.910385706543239248e-01
-7.910385706543239248e-01
-7.031714823493748767e-01
-7.031714823493748767e-01
-1.126464124683903556e+00
-1.109609059363254380e+00
-1.109609059363254380e+00
-1.109609059363254380e+00
-3.291015906203886843e-01
-3.291015906203886843e-01
-3.291015906203886843e-01
-3.291015906203886843e-01
-3.291015906203886843e-01
-7.308243410731576351e-01
-7.308243410731576351e-01
-1.096936282849740651e+00
-1.096936282849740651e+00
-9.724589440235035243e-01
-1.026743922184666813e+00
-6.594761423041379800e-01
-1.295369983471400310e+00
-9.709108034142100996e-01
-9.709108034142100996e-01
-9.709108034142100996e-01
-6.191856155001002060e-01
-6.327979590912468089e-01
-6.327979590912468089e-01
-7.236106829906482352e-01
-7.468963643515460493e-01
-6.990274726162571950e-01
-1.136057106563220787e+00
-1.136057106563220787e+00
-1.136057106563220787e+00
-8.404799206160442626e-01
-5.446910189272869962e-01
-5.446910189272869962e-01
-8.957315924836218857e-01
-7.747026109902157565e-01
-7.660621786982793058e-01
-6.525181297504250022e-01
-6.525181297504250022e-01
-6.525181297504250022e-01
-1.811414976508301522e-01
-1.811414976508301522e-01
-3.286082436629705339e-01
-9.947084552030940330e-01
-9.947084552030940330e-01
-1.051170185656881140e+00
-1.447731056732088017e+00
-1.447731056732088017e+00
-1.688136231015174626e+00
-1.688136231015174626e+00
-1.366806968726164140e+00
-1.366806968726164140e+00
-1.366806968726164140e+00
-1.366806968726164140e+00
-1.720624196197204414e+00
-1.720624196197204414e+00
-1.969965452244820003e+00
-1.268572667535272647e+00
-1.268572667535272647e+00
-1.711427652940348931e+00
-4.933724394866603191e-01
-8.993667270869714070e-01
-8.993667270869714070e-01
-8.993667270869714070e-01
-9.163857344706485275e-01
-1.078399899418055252e+00
-1.078399899418055252e+00
-1.078399899418055252e+00
-1.042862409296971604e+00
-1.042862409296971604e+00
-1.649644019495128511e+00
-1.195602457761431703e+00
4.214933395651043746e-02
-2.789971775817473576e-02
-7.708591964803246377e-01
-1.131891837929028810e+00
-1.131891837929028810e+00
-6.323486029987971380e-01
-6.323486029987971380e-01
-6.323486029987971380e-01
-1.570698178831793745e+00
-1.570698178831793745e+00
-7.734601221592340980e-01
-7.734601221592340980e-01
-1.474717269457643809e+00
-1.474717269457643809e+00
-1.474717269457643809e+00
-1.032930130193531859e+00
-1.032930130193531859e+00
-1.032930130193531859e+00
-9.559532182379026910e-02
-8.855773977793023333e-01
-7.930200042833788210e-01
-4.810017234336781411e-01
-4.810017234336781411e-01
-4.810017234336781411e-01
-4.810017234336781411e-01
-8.695798373753589328e-01
-1.025769492774463831e+00
-1.025769492774463831e+00
-1.025769492774463831e+00
-7.238444754462984854e-01
-7.238444754462984854e-01
-7.194577942541509064e-01
-9.341690485550370182e-01
-9.341690485550370182e-01
-8.190635262677773420e-01
-9.692137508719621541e-01
-2.951978150722928129e-01
-8.008381010820030399e-01
-4.127488498725689903e-01
-7.095480019898152690e-01
-7.095480019898152690e-01
-7.602669942050992447e-01
-2.053707565718837502e-01
1.365601161003315855e-01
1.365601161003315855e-01
2.535959266755024033e-01
-4.050661990820936253e-03
2.030593815180652129e-01
5.996420284535668443e-01
4.076289257896881235e-02
-4.176458007797994032e-01
-7.332627169071340711e-01
-7.332627169071340711e-01
-8.632917343979049640e-01
-2.717309075169249688e-01
-2.717309075169249688e-01
-4.958239421290641102e-01
-5.183565367944631408e-01
-5.183565367944631408e-01
-9.758383283600091662e-01
-9.758383283600091662e-01
-1.173679840984375389e+00
-3.854732184540871076e-01
-1.336465038469638156e+00
-1.144121811335001571e+00
-6.634965989674015407e-01
-8.111066351116846818e-01
-7.903795922669742957e-01
-7.903795922669742957e-01
-7.903795922669742957e-01
-4.533932453448758504e-01
-4.533932453448758504e-01
-4.000787270857121269e-01
-6.089239190776851718e-01
-6.089239190776851718e-01
-2.346695061132517690e-01
-1.554977299434036064e-01
-1.554977299434036064e-01
-8.837024521574873281e-01
-5.320609602259984694e-01
-5.320609602259984694e-01
-1.156976605916463452e+00
-2.069731782430447531e+00
-1.565266684622990567e+00
-1.565266684622990567e+00
-1.565266684622990567e+00
-4.700839375913246077e-01
-3.324793016278337898e-02
-1.893007859976566731e+00
-1.357926026657930052e+00
-1.044213674509358425e+00
-1.567099181052600487e+00
-1.136907434954019802e-01
-1.136907434954019802e-01
-8.395236273640702684e-01
-8.395236273640702684e-01
-8.395236273640702684e-01
-8.395236273640702684e-01
-8.395236273640702684e-01
-4.069375079197186662e-01
-4.069375079197186662e-01
-4.069375079197186662e-01
-4.069375079197186662e-01
-4.069375079197186662e-01
-4.069375079197186662e-01
-1.031842889703621813e+00
-1.031842889703621813e+00
-1.031842889703621813e+00
-9.246298951160462076e-01
-5.457702493415603762e-01
-1.021441163393046025e+00
-1.021441163393046025e+00
-1.058480078321848428e+00
-1.058480078321848428e+00
-1.003057478879997078e+00
-1.003057478879997078e+00
-4.894455452830124287e-01
-1.346759776647834972e+00
-1.346759776647834972e+00
-1.996127728073841645e+00
-1.996127728073841645e+00
-1.996127728073841645e+00
-1.996127728073841645e+00
-1.996127728073841645e+00
-5.190987141836498342e-01
-5.190987141836498342e-01
-2.215958667958888295e+00
-2.215958667958888295e+00
-2.657208034998198354e+00
-8.948530583746610034e-01
-6.942909177531321196e-01
-6.942909177531321196e-01
-6.863682202169216762e-01
-7.479447942995059995e-01
-1.398745240031493697e+00
-1.398745240031493697e+00
-1.562205453001128896e+00
-1.562205453001128896e+00
-2.432032994244077706e+00
-3.023655712335689749e+00
-3.023655712335689749e+00
-3.023655712335689749e+00
-3.083964015860755303e+00
-3.083964015860755303e+00
-3.083964015860755303e+00
-3.083964015860755303e+00
-3.083964015860755303e+00
-2.087772175430847810e+00
-2.569564925705867253e+00
-3.328632205143470024e+00
-3.328632205143470024e+00
-2.733425111632457938e+00
-1.628250494429616557e+00
-1.628250494429616557e+00
-1.401448782927805281e+00
-8.649288596740470902e-01
-8.649288596740470902e-01
-8.649288596740470902e-01
-7.894833157343694729e-01
-7.894833157343694729e-01
-8.768205324461499917e-01
-1.371299539252110122e+00
-1.371299539252110122e+00
-1.586829128021500335e+00
-1.586829128021500335e+00
-1.586829128021500335e+00
-2.073730644371543974e+00
-2.240257255914801071e+00
-2.050096549407545599e+00
-1.135829659554120630e+00
-1.158380941940021058e+00
-8.855418625185972337e-01
-1.211388319823321069e+00
-1.096074263042167374e+00
-5.798639131172316219e-01
-2.213805805107817437e-01
1.200461588101908283e+00
9.782041204346267893e-01
9.782041204346267893e-01
7.847944213422365367e-01
5.503214235847203595e-01
5.503214235847203595e-01
2.485854433968279764e-01
5.246442785038201162e-01
5.246442785038201162e-01
6.927400628983346742e-01
1.601253347282487471e-01
-5.406657846674720602e-01
4.799648183606517460e-01
-6.687647186001934863e-01
-1.692434826992811336e+00
-1.692434826992811336e+00
-1.534495021845649898e+00
-2.649091514785133050e+00
-2.649091514785133050e+00
-2.565670576395030711e+00
-1.953304183510293779e+00
-1.960841429900761712e+00
-2.030162125951360252e+00
-2.264424055287161064e+00
-1.748241757744553482e+00
-1.792086598200010039e+00
-2.362819785294291375e+00
-2.362819785294291375e+00
-2.623282886907278844e+00
-3.198061976961051656e+00
-3.198061976961051656e+00
-3.366548618289529227e+00
-3.366548618289529227e+00
-1.934980794591674824e+00
-1.934980794591674824e+00
-2.410525426214280564e+00
-2.805223708467996513e+00
-3.648314964478352351e+00
-4.696852185996954532e+00
-4.711855544831188958e+00
-4.711855544831188958e+00
-6.281866942569482859e+00
-6.563025402036471334e+00
-4.260443233882906355e+00
-4.260443233882906355e+00
-4.260443233882906355e+00
-4.814420310004622117e+00
-5.335902991120464733e+00
-5.152619422310708686e+00
-4.734486388531485623e+00
-4.183507856363699595e+00
-4.183507856363699595e+00
-4.183507856363699595e+00
-3.665019115892535595e+00
-3.352470848915650503e+00
-3.352470848915650503e+00
-2.783435125193562509e+00
-1.694683111681214882e+00
-2.151470153831279930e+00
-2.151470153831279930e+00
-1.515998633208076374e+00
-5.657598205389345880e-01
-5.657598205389345880e-01
-1.754684090130098628e+00
-1.754684090130098628e+00
-1.421916128666094181e+00
-3.221491952123793912e+00
-2.590607078766214322e+00
-3.090000791070919739e+00
-2.036450184050713652e+00
-1.395745648423699636e+00
-1.832872409297422456e+00
-1.718453914304496122e+00
-1.718453914304496122e+00
