# Variable: P_gamma
# Sample shape: (1000,)
# Date: 2013-03-07 22:55:07.202592
-5.326238671809666592e+00
-5.326238671809666592e+00
-5.326238671809666592e+00
-4.396492150890159323e+00
-1.797601099164476413e+00
-1.797601099164476413e+00
-1.797601099164476413e+00
-1.797601099164476413e+00
-1.797601099164476413e+00
-1.797601099164476413e+00
-1.797601099164476413e+00
-1.797601099164476413e+00
-1.797601099164476413e+00
-2.164646711285051595e+00
6.612766924827555570e+00
1.836518933184572155e+00
1.836518933184572155e+00
1.836518933184572155e+00
1.836518933184572155e+00
1.836518933184572155e+00
1.836518933184572155e+00
1.836518933184572155e+00
3.227096214528480722e+00
3.227096214528480722e+00
3.227096214528480722e+00
3.227096214528480722e+00
3.227096214528480722e+00
3.227096214528480722e+00
2.033904467592791754e+00
2.033904467592791754e+00
2.033904467592791754e+00
2.033904467592791754e+00
2.033904467592791754e+00
2.033904467592791754e+00
2.033904467592791754e+00
2.033904467592791754e+00
2.033904467592791754e+00
2.033904467592791754e+00
2.033904467592791754e+00
1.674873479277602772e+00
1.674873479277602772e+00
2.495079234222163045e+00
2.495079234222163045e+00
2.495079234222163045e+00
2.495079234222163045e+00
2.495079234222163045e+00
2.495079234222163045e+00
2.495079234222163045e+00
2.495079234222163045e+00
2.495079234222163045e+00
4.688634850506644192e+00
2.469096206998585341e+00
2.532169509274711405e+00
2.532169509274711405e+00
2.532169509274711405e+00
2.532169509274711405e+00
2.532169509274711405e+00
2.532169509274711405e+00
2.532169509274711405e+00
2.041714413432039965e+00
2.041714413432039965e+00
2.041714413432039965e+00
2.041714413432039965e+00
2.041714413432039965e+00
1.851359072233580205e+00
1.851359072233580205e+00
1.851359072233580205e+00
1.851359072233580205e+00
1.851359072233580205e+00
1.910492187386734875e+00
1.910492187386734875e+00
1.910492187386734875e+00
1.910492187386734875e+00
1.910492187386734875e+00
1.910492187386734875e+00
1.910492187386734875e+00
1.910492187386734875e+00
1.910492187386734875e+00
1.910492187386734875e+00
1.910492187386734875e+00
1.910492187386734875e+00
3.305896838499057466e+00
3.305896838499057466e+00
3.305896838499057466e+00
3.305896838499057466e+00
2.374115740663499619e+00
4.252517527236680195e+00
4.252517527236680195e+00
4.252517527236680195e+00
4.252517527236680195e+00
3.425681205959391740e+00
3.425681205959391740e+00
4.892003472600139347e+00
3.776049594903279960e+00
3.776049594903279960e+00
2.607770042088636053e+00
4.388608805187683259e+00
4.388608805187683259e+00
3.527432270025880001e+00
2.963780906231305856e+00
2.963780906231305856e+00
2.963780906231305856e+00
2.963780906231305856e+00
2.963780906231305856e+00
2.963780906231305856e+00
2.963780906231305856e+00
2.963780906231305856e+00
2.963780906231305856e+00
2.963780906231305856e+00
2.963780906231305856e+00
2.963780906231305856e+00
2.963780906231305856e+00
2.963780906231305856e+00
2.963780906231305856e+00
4.126330671083003665e+00
4.126330671083003665e+00
4.126330671083003665e+00
5.046148585378544382e+00
5.046148585378544382e+00
5.046148585378544382e+00
5.046148585378544382e+00
5.046148585378544382e+00
5.046148585378544382e+00
5.046148585378544382e+00
4.432422584253861153e+00
3.354798293884887705e+00
3.354798293884887705e+00
3.354798293884887705e+00
3.117833922619883236e+00
3.117833922619883236e+00
3.117833922619883236e+00
3.117833922619883236e+00
3.767348117422727682e+00
3.767348117422727682e+00
3.767348117422727682e+00
3.767348117422727682e+00
3.767348117422727682e+00
4.947689377293990276e+00
4.947689377293990276e+00
4.947689377293990276e+00
4.947689377293990276e+00
4.334177142694417562e+00
4.334177142694417562e+00
1.836707507731036859e+00
1.836707507731036859e+00
1.836707507731036859e+00
1.836707507731036859e+00
6.408639120216580665e+00
6.408639120216580665e+00
4.659610111884744832e+00
4.551897613977050838e+00
4.551897613977050838e+00
4.978003865333771039e+00
2.024811845855063019e+00
2.024811845855063019e+00
2.024811845855063019e+00
2.024811845855063019e+00
2.024811845855063019e+00
2.024811845855063019e+00
2.024811845855063019e+00
2.024811845855063019e+00
3.447426256718753912e+00
3.447426256718753912e+00
2.759332555775230400e+00
2.759332555775230400e+00
2.805878266422496825e+00
2.805878266422496825e+00
2.805878266422496825e+00
4.085364555568960832e+00
4.085364555568960832e+00
2.758220844468735500e+00
2.758220844468735500e+00
2.758220844468735500e+00
2.758220844468735500e+00
2.758220844468735500e+00
2.758220844468735500e+00
2.758220844468735500e+00
2.758220844468735500e+00
2.758220844468735500e+00
2.791435290820730497e+00
2.333688991756151410e+00
2.333688991756151410e+00
2.333688991756151410e+00
2.333688991756151410e+00
2.333688991756151410e+00
2.333688991756151410e+00
1.982594801721452527e+00
2.419031470515697890e+00
2.631388735450236549e+00
2.631388735450236549e+00
2.631388735450236549e+00
2.631388735450236549e+00
2.631388735450236549e+00
2.631388735450236549e+00
2.631388735450236549e+00
2.631388735450236549e+00
2.631388735450236549e+00
2.631388735450236549e+00
2.631388735450236549e+00
2.631388735450236549e+00
3.362260874898934659e+00
3.362260874898934659e+00
3.362260874898934659e+00
3.362260874898934659e+00
3.362260874898934659e+00
3.362260874898934659e+00
3.362260874898934659e+00
3.755543983786902462e+00
3.755543983786902462e+00
3.755543983786902462e+00
3.755543983786902462e+00
3.638293800826246205e+00
3.638293800826246205e+00
4.406490161991905907e+00
4.406490161991905907e+00
4.406490161991905907e+00
4.406490161991905907e+00
4.284751399779014314e+00
4.284751399779014314e+00
3.608811660168012025e+00
3.608811660168012025e+00
2.739663094731076498e+00
2.739663094731076498e+00
2.739663094731076498e+00
3.856242460658804827e+00
3.856242460658804827e+00
3.685252300505107215e+00
3.685252300505107215e+00
3.685252300505107215e+00
3.685252300505107215e+00
3.685252300505107215e+00
3.685252300505107215e+00
3.685252300505107215e+00
3.685252300505107215e+00
3.105860475222387063e+00
3.105860475222387063e+00
3.105860475222387063e+00
3.105860475222387063e+00
3.105860475222387063e+00
3.105860475222387063e+00
3.105860475222387063e+00
3.105860475222387063e+00
3.105860475222387063e+00
3.105860475222387063e+00
3.105860475222387063e+00
3.105860475222387063e+00
3.105860475222387063e+00
3.223265249517651476e+00
3.223265249517651476e+00
3.223265249517651476e+00
3.223265249517651476e+00
2.885676363092365637e+00
2.885676363092365637e+00
2.885676363092365637e+00
2.885676363092365637e+00
2.885676363092365637e+00
2.885676363092365637e+00
2.885676363092365637e+00
2.885676363092365637e+00
2.885676363092365637e+00
4.970931801106255321e+00
4.970931801106255321e+00
4.970931801106255321e+00
3.263992945220199893e+00
3.263992945220199893e+00
3.263992945220199893e+00
3.263992945220199893e+00
3.263992945220199893e+00
3.263992945220199893e+00
3.263992945220199893e+00
3.263992945220199893e+00
3.263992945220199893e+00
3.263992945220199893e+00
3.263992945220199893e+00
3.134727170806942631e+00
3.134727170806942631e+00
3.134727170806942631e+00
3.134727170806942631e+00
4.156113485171486488e+00
4.156113485171486488e+00
4.181418768436709676e+00
4.181418768436709676e+00
4.181418768436709676e+00
4.181418768436709676e+00
2.973488546895386442e+00
2.973488546895386442e+00
2.973488546895386442e+00
3.216543425355770758e+00
3.216543425355770758e+00
2.305038061680456885e+00
2.305038061680456885e+00
2.305038061680456885e+00
2.305038061680456885e+00
2.305038061680456885e+00
2.305038061680456885e+00
2.305038061680456885e+00
2.305038061680456885e+00
2.305038061680456885e+00
3.425862350713799298e+00
3.425862350713799298e+00
3.425862350713799298e+00
3.425862350713799298e+00
3.425862350713799298e+00
2.902625826856065849e+00
2.902625826856065849e+00
2.902625826856065849e+00
2.902625826856065849e+00
3.033344404642281944e+00
3.033344404642281944e+00
3.033344404642281944e+00
3.033344404642281944e+00
3.033344404642281944e+00
3.033344404642281944e+00
3.033344404642281944e+00
3.033344404642281944e+00
3.033344404642281944e+00
3.033344404642281944e+00
3.033344404642281944e+00
3.033344404642281944e+00
3.033344404642281944e+00
3.033344404642281944e+00
3.033344404642281944e+00
3.033344404642281944e+00
4.317913662555371346e+00
2.543491752389684279e+00
2.543491752389684279e+00
2.543491752389684279e+00
2.543491752389684279e+00
2.543491752389684279e+00
2.543491752389684279e+00
2.543491752389684279e+00
2.543491752389684279e+00
2.543491752389684279e+00
2.543491752389684279e+00
4.296816302320907610e+00
1.336029174751486526e+00
1.336029174751486526e+00
1.489641046651033252e+00
7.319961115585165157e-01
-1.287866497344765104e-01
-1.287866497344765104e-01
-1.287866497344765104e-01
1.881670672390999832e-01
1.881670672390999832e-01
1.881670672390999832e-01
3.430497877075471269e-01
3.688567317328103057e-01
3.802140155958946277e+00
3.802140155958946277e+00
3.802140155958946277e+00
3.802140155958946277e+00
3.802140155958946277e+00
3.802140155958946277e+00
1.884892833842502391e+00
1.884892833842502391e+00
1.884892833842502391e+00
1.884892833842502391e+00
1.884892833842502391e+00
1.884892833842502391e+00
2.363520315429551211e+00
3.678398618573698542e+00
3.678398618573698542e+00
3.818578039442410255e+00
3.818578039442410255e+00
3.818578039442410255e+00
3.863879181419893616e+00
3.863879181419893616e+00
3.863879181419893616e+00
3.863879181419893616e+00
3.863879181419893616e+00
3.863879181419893616e+00
3.863879181419893616e+00
1.804419649856848995e+00
1.804419649856848995e+00
1.804419649856848995e+00
1.804419649856848995e+00
2.185952951246763920e+00
2.185952951246763920e+00
2.185952951246763920e+00
2.352234229185876213e+00
2.352234229185876213e+00
2.352234229185876213e+00
2.352234229185876213e+00
2.352234229185876213e+00
2.352234229185876213e+00
2.568980116820405613e+00
2.568980116820405613e+00
4.712566996074169623e+00
3.024251244046534559e+00
3.024251244046534559e+00
3.231754983794037805e+00
2.787399484611658540e+00
2.787399484611658540e+00
2.787399484611658540e+00
2.787399484611658540e+00
2.787399484611658540e+00
1.824068560204101130e+00
1.824068560204101130e+00
1.824068560204101130e+00
1.824068560204101130e+00
1.824068560204101130e+00
1.824068560204101130e+00
1.824068560204101130e+00
3.257475045378251721e+00
3.257475045378251721e+00
3.257475045378251721e+00
1.832477901646088148e+00
1.832477901646088148e+00
1.832477901646088148e+00
2.889003947235595504e+00
2.889003947235595504e+00
2.381796229544871135e+00
2.381796229544871135e+00
2.381796229544871135e+00
2.381796229544871135e+00
2.381796229544871135e+00
2.103717504705667984e+00
2.103717504705667984e+00
2.103717504705667984e+00
2.103717504705667984e+00
2.103717504705667984e+00
2.103717504705667984e+00
2.103717504705667984e+00
2.103717504705667984e+00
2.103717504705667984e+00
2.103717504705667984e+00
2.103717504705667984e+00
2.103717504705667984e+00
2.971083711239806746e+00
2.494471354492675541e+00
2.494471354492675541e+00
2.494471354492675541e+00
3.295876205321945029e+00
3.295876205321945029e+00
9.792625785348123557e-01
9.792625785348123557e-01
9.792625785348123557e-01
9.792625785348123557e-01
2.954669692212644527e+00
1.988397931440680111e+00
3.309283938159615523e+00
1.402616132338374788e+00
1.402616132338374788e+00
1.402616132338374788e+00
1.402616132338374788e+00
1.590913539981667846e+00
1.590913539981667846e+00
1.590913539981667846e+00
1.247556369494812856e+00
1.247556369494812856e+00
1.247556369494812856e+00
1.247556369494812856e+00
1.247556369494812856e+00
1.247556369494812856e+00
1.247556369494812856e+00
1.247556369494812856e+00
1.247556369494812856e+00
1.247556369494812856e+00
1.247556369494812856e+00
1.247556369494812856e+00
1.247556369494812856e+00
1.247556369494812856e+00
1.247556369494812856e+00
1.247556369494812856e+00
1.247556369494812856e+00
5.076224746775562124e+00
3.112595528090805530e+00
3.112595528090805530e+00
3.112595528090805530e+00
3.112595528090805530e+00
3.112595528090805530e+00
3.112595528090805530e+00
3.112595528090805530e+00
3.112595528090805530e+00
3.112595528090805530e+00
3.112595528090805530e+00
3.112595528090805530e+00
3.112595528090805530e+00
3.112595528090805530e+00
3.112595528090805530e+00
3.112595528090805530e+00
3.112595528090805530e+00
3.112595528090805530e+00
3.112595528090805530e+00
2.988488574712834023e+00
2.988488574712834023e+00
2.988488574712834023e+00
2.988488574712834023e+00
2.988488574712834023e+00
2.988488574712834023e+00
3.126314155752551116e+00
3.126314155752551116e+00
3.126314155752551116e+00
3.126314155752551116e+00
3.126314155752551116e+00
3.126314155752551116e+00
2.927901623374726814e+00
2.927901623374726814e+00
2.927901623374726814e+00
3.744403942911288308e+00
3.744403942911288308e+00
3.744403942911288308e+00
3.744403942911288308e+00
3.744403942911288308e+00
1.507460825598366583e+00
2.517677258514043892e+00
4.544094934592594726e+00
1.134492819562716637e+00
1.134492819562716637e+00
1.134492819562716637e+00
2.445885133292406532e+00
3.294189199517174593e-01
3.294189199517174593e-01
3.294189199517174593e-01
3.294189199517174593e-01
3.294189199517174593e-01
3.294189199517174593e-01
2.076387946994256772e+00
2.076387946994256772e+00
3.918548496503833967e+00
3.918548496503833967e+00
4.685261036318468797e+00
4.685261036318468797e+00
3.488310643569133784e+00
3.488310643569133784e+00
3.488310643569133784e+00
4.516852191545210005e+00
4.516852191545210005e+00
4.350600949480958768e+00
4.350600949480958768e+00
4.350600949480958768e+00
3.880171925841856773e+00
3.880171925841856773e+00
3.880171925841856773e+00
3.880171925841856773e+00
3.880171925841856773e+00
3.880171925841856773e+00
3.880171925841856773e+00
3.331494818474644237e+00
3.081798260432825121e+00
3.081798260432825121e+00
2.595070259872876317e+00
2.595070259872876317e+00
2.595070259872876317e+00
4.866207136979557646e+00
4.866207136979557646e+00
4.866207136979557646e+00
4.866207136979557646e+00
4.866207136979557646e+00
4.866207136979557646e+00
4.806211266872893795e+00
4.806211266872893795e+00
4.806211266872893795e+00
4.806211266872893795e+00
3.915171065741495759e+00
3.915171065741495759e+00
3.915171065741495759e+00
3.915171065741495759e+00
3.915171065741495759e+00
3.915171065741495759e+00
3.915171065741495759e+00
3.915171065741495759e+00
3.915171065741495759e+00
4.522953227644125995e+00
4.522953227644125995e+00
3.653092740922414094e+00
3.653092740922414094e+00
3.653092740922414094e+00
3.653092740922414094e+00
3.653092740922414094e+00
3.653092740922414094e+00
3.653092740922414094e+00
3.653092740922414094e+00
3.653092740922414094e+00
3.653092740922414094e+00
3.653092740922414094e+00
3.653092740922414094e+00
3.653092740922414094e+00
2.484679803160512179e+00
3.832860458033548134e+00
3.832860458033548134e+00
3.195595970059308399e+00
2.947298103640650702e+00
2.468989134634110627e+00
2.468989134634110627e+00
2.468989134634110627e+00
2.468989134634110627e+00
2.468989134634110627e+00
2.468989134634110627e+00
2.812795757177204425e+00
2.812795757177204425e+00
2.812795757177204425e+00
2.812795757177204425e+00
1.903550204090586728e+00
1.903550204090586728e+00
3.047033241742418852e+00
3.047033241742418852e+00
3.047033241742418852e+00
3.047033241742418852e+00
3.047033241742418852e+00
3.047033241742418852e+00
3.047033241742418852e+00
3.047033241742418852e+00
3.047033241742418852e+00
3.047033241742418852e+00
4.725275510112633803e+00
4.725275510112633803e+00
3.726743318358621160e+00
3.726743318358621160e+00
3.126966191126374639e+00
3.126966191126374639e+00
3.126966191126374639e+00
1.775806123717428742e+00
1.775806123717428742e+00
1.775806123717428742e+00
1.775806123717428742e+00
1.775806123717428742e+00
2.182675324392968186e+00
2.182675324392968186e+00
2.182675324392968186e+00
2.182675324392968186e+00
2.182675324392968186e+00
2.182675324392968186e+00
4.799069040340807391e+00
4.577174822816552968e+00
4.577174822816552968e+00
3.964835912580230826e+00
3.964835912580230826e+00
3.964835912580230826e+00
3.865381240552547393e+00
3.865381240552547393e+00
3.865381240552547393e+00
3.865381240552547393e+00
3.865381240552547393e+00
3.865381240552547393e+00
3.865381240552547393e+00
3.865381240552547393e+00
3.865381240552547393e+00
3.865381240552547393e+00
4.688709503186811567e+00
1.289222233743598789e+00
3.878559842261303459e+00
3.878559842261303459e+00
3.878559842261303459e+00
3.878559842261303459e+00
3.878559842261303459e+00
3.878559842261303459e+00
3.878559842261303459e+00
3.878559842261303459e+00
3.878559842261303459e+00
3.878559842261303459e+00
3.878559842261303459e+00
3.018817069785825424e+00
1.894140006621765071e+00
1.894140006621765071e+00
1.986465242446508794e+00
1.986465242446508794e+00
2.476654955869975083e+00
2.476654955869975083e+00
2.476654955869975083e+00
2.476654955869975083e+00
2.476654955869975083e+00
2.067682881123388938e+00
1.165607136659771559e+00
1.165607136659771559e+00
1.165607136659771559e+00
1.165607136659771559e+00
1.165607136659771559e+00
1.165607136659771559e+00
1.165607136659771559e+00
1.165607136659771559e+00
1.165607136659771559e+00
1.165607136659771559e+00
1.456616454802468263e+00
1.456616454802468263e+00
1.456616454802468263e+00
2.775447187508894409e+00
2.775447187508894409e+00
2.775447187508894409e+00
2.775447187508894409e+00
2.775447187508894409e+00
2.775447187508894409e+00
2.775447187508894409e+00
2.775447187508894409e+00
2.775447187508894409e+00
2.775447187508894409e+00
2.775447187508894409e+00
2.775447187508894409e+00
2.775447187508894409e+00
2.775447187508894409e+00
3.463292349567042017e+00
3.463292349567042017e+00
2.746347740686436723e+00
2.090592167575132443e+00
2.090592167575132443e+00
2.090592167575132443e+00
2.090592167575132443e+00
2.090592167575132443e+00
2.810055294204798493e+00
2.810055294204798493e+00
2.810055294204798493e+00
4.131491715511284468e+00
4.131491715511284468e+00
2.515081905934876350e+00
2.515081905934876350e+00
2.633645959425021221e+00
2.633645959425021221e+00
4.371119583256556140e+00
4.371119583256556140e+00
4.371119583256556140e+00
2.404554819546145250e+00
2.404554819546145250e+00
2.404554819546145250e+00
2.404554819546145250e+00
2.404554819546145250e+00
2.404554819546145250e+00
2.404554819546145250e+00
2.404554819546145250e+00
2.666801091982033967e+00
2.666801091982033967e+00
2.666801091982033967e+00
3.309196753336379526e+00
3.309196753336379526e+00
3.309196753336379526e+00
3.309196753336379526e+00
3.309196753336379526e+00
3.309196753336379526e+00
3.309196753336379526e+00
3.309196753336379526e+00
3.309196753336379526e+00
3.309196753336379526e+00
3.309196753336379526e+00
3.309196753336379526e+00
3.309196753336379526e+00
3.953091414867909492e+00
3.953091414867909492e+00
3.953091414867909492e+00
3.194364672866327304e+00
3.194364672866327304e+00
3.041665841305378315e+00
3.340608343087492660e+00
2.732989750821417818e+00
2.732989750821417818e+00
2.732989750821417818e+00
2.427690520769084870e+00
1.949837480809879731e+00
1.949837480809879731e+00
1.949837480809879731e+00
1.949837480809879731e+00
1.949837480809879731e+00
1.949837480809879731e+00
1.949837480809879731e+00
1.949837480809879731e+00
1.949837480809879731e+00
1.949837480809879731e+00
1.949837480809879731e+00
2.632948156778590842e+00
2.632948156778590842e+00
2.632948156778590842e+00
2.766701770926969672e+00
2.766701770926969672e+00
4.469437658553331083e+00
4.469437658553331083e+00
4.469437658553331083e+00
2.872211860155492236e+00
2.872211860155492236e+00
2.872211860155492236e+00
2.872211860155492236e+00
2.872211860155492236e+00
2.872211860155492236e+00
2.872211860155492236e+00
2.872211860155492236e+00
2.945376143447663964e+00
2.945376143447663964e+00
2.945376143447663964e+00
3.144344836241527830e+00
3.144344836241527830e+00
3.144344836241527830e+00
3.144344836241527830e+00
3.144344836241527830e+00
3.144344836241527830e+00
4.164572625593779165e+00
4.164572625593779165e+00
4.164572625593779165e+00
3.493658633286680359e+00
3.493658633286680359e+00
3.493658633286680359e+00
3.148356807492989962e+00
3.148356807492989962e+00
3.148356807492989962e+00
1.282637530213818655e+00
1.282637530213818655e+00
1.282637530213818655e+00
1.282637530213818655e+00
1.282637530213818655e+00
1.282637530213818655e+00
1.282637530213818655e+00
1.282637530213818655e+00
1.282637530213818655e+00
6.733853645517416942e-01
2.377673474081561267e+00
2.377673474081561267e+00
2.377673474081561267e+00
2.377673474081561267e+00
2.377673474081561267e+00
2.377673474081561267e+00
2.377673474081561267e+00
2.377673474081561267e+00
1.956597435600329060e+00
1.956597435600329060e+00
1.956597435600329060e+00
1.956597435600329060e+00
1.956597435600329060e+00
2.884003441300239334e+00
2.884003441300239334e+00
2.884003441300239334e+00
2.884003441300239334e+00
2.884003441300239334e+00
2.884003441300239334e+00
2.884003441300239334e+00
2.884003441300239334e+00
2.884003441300239334e+00
1.965312449117481819e+00
1.965312449117481819e+00
1.965312449117481819e+00
1.965312449117481819e+00
1.965312449117481819e+00
1.965312449117481819e+00
1.965312449117481819e+00
1.965312449117481819e+00
2.480951697849385518e+00
2.480951697849385518e+00
2.480951697849385518e+00
2.480951697849385518e+00
2.480951697849385518e+00
2.480951697849385518e+00
2.480951697849385518e+00
2.480951697849385518e+00
2.480951697849385518e+00
2.480951697849385518e+00
2.480951697849385518e+00
2.480951697849385518e+00
2.480951697849385518e+00
2.480951697849385518e+00
2.480951697849385518e+00
2.480951697849385518e+00
1.883172370679272900e+00
2.014625995957339821e+00
2.014625995957339821e+00
2.014625995957339821e+00
2.014625995957339821e+00
2.014625995957339821e+00
2.014625995957339821e+00
2.014625995957339821e+00
2.014625995957339821e+00
2.014625995957339821e+00
2.014625995957339821e+00
2.014625995957339821e+00
2.014625995957339821e+00
2.014625995957339821e+00
2.014625995957339821e+00
2.014625995957339821e+00
1.920966035443087305e+00
2.244895099852903364e+00
2.725583338122010701e+00
2.725583338122010701e+00
2.725583338122010701e+00
2.725583338122010701e+00
2.725583338122010701e+00
2.725583338122010701e+00
2.725583338122010701e+00
2.725583338122010701e+00
2.725583338122010701e+00
3.959412253414314353e+00
3.959412253414314353e+00
3.959412253414314353e+00
3.959412253414314353e+00
3.959412253414314353e+00
3.959412253414314353e+00
3.959412253414314353e+00
3.959412253414314353e+00
3.959412253414314353e+00
1.163780411587148400e+00
1.163780411587148400e+00
1.376500957537927228e+00
2.852514736816755825e+00
2.852514736816755825e+00
2.852514736816755825e+00
2.852514736816755825e+00
2.852514736816755825e+00
4.153134426750735742e+00
4.153134426750735742e+00
4.153134426750735742e+00
4.153134426750735742e+00
4.153134426750735742e+00
3.940733386726876564e+00
4.256591200296530708e+00
4.256591200296530708e+00
4.256591200296530708e+00
4.256591200296530708e+00
2.209590363038337113e+00
2.209590363038337113e+00
2.209590363038337113e+00
2.209590363038337113e+00
2.209590363038337113e+00
2.209590363038337113e+00
2.209590363038337113e+00
2.209590363038337113e+00
2.209590363038337113e+00
2.209590363038337113e+00
2.209590363038337113e+00
2.209590363038337113e+00
2.209590363038337113e+00
2.209590363038337113e+00
2.209590363038337113e+00
2.209590363038337113e+00
2.209590363038337113e+00
3.459290902369723142e+00
3.459290902369723142e+00
3.459290902369723142e+00
1.662050442501086467e+00
1.662050442501086467e+00
1.662050442501086467e+00
2.294203299546526242e+00
2.294203299546526242e+00
2.294203299546526242e+00
2.294203299546526242e+00
2.294203299546526242e+00
2.294203299546526242e+00
2.294203299546526242e+00
2.294203299546526242e+00
2.294203299546526242e+00
2.294203299546526242e+00
2.294203299546526242e+00
2.294203299546526242e+00
2.294203299546526242e+00
2.294203299546526242e+00
2.294203299546526242e+00
2.294203299546526242e+00
1.523770418674143867e+00
1.523770418674143867e+00
1.523770418674143867e+00
1.523770418674143867e+00
1.523770418674143867e+00
1.523770418674143867e+00
1.523770418674143867e+00
1.523770418674143867e+00
1.523770418674143867e+00
1.523770418674143867e+00
1.523770418674143867e+00
1.523770418674143867e+00
2.930029265255093662e+00
2.930029265255093662e+00
1.825629184689452567e+00
1.500624553915069992e+00
1.500624553915069992e+00
1.500624553915069992e+00
1.500624553915069992e+00
1.500624553915069992e+00
1.500624553915069992e+00
1.500624553915069992e+00
1.500624553915069992e+00
1.500624553915069992e+00
3.239725198451258059e+00
3.239725198451258059e+00
3.239725198451258059e+00
3.239725198451258059e+00
1.856100950620474865e+00
1.856100950620474865e+00
1.856100950620474865e+00
1.269892039720006416e+00
1.269892039720006416e+00
3.339365031600215694e+00
3.339365031600215694e+00
3.339365031600215694e+00
3.339365031600215694e+00
3.339365031600215694e+00
3.339365031600215694e+00
3.339365031600215694e+00
3.339365031600215694e+00
3.530464083491313243e+00
3.530464083491313243e+00
4.188822373865108695e+00
3.776330068791713401e+00
3.776330068791713401e+00
3.776330068791713401e+00
1.094092622029696038e+00
1.094092622029696038e+00
2.638148444136945159e+00
2.638148444136945159e+00
2.638148444136945159e+00
2.638148444136945159e+00
2.168309444816562959e+00
2.168309444816562959e+00
4.868716667515837315e+00
4.868716667515837315e+00
4.674062493602875179e+00
4.674062493602875179e+00
4.674062493602875179e+00
4.674062493602875179e+00
