# Variable: sigma
# Sample shape: (1000,)
# Date: 2013-03-07 22:55:08.051713
2.000000000000000111e-01
2.000000000000000111e-01
3.055787262207303900e+00
3.055787262207303900e+00
3.055787262207303900e+00
3.055787262207303900e+00
3.055787262207303900e+00
3.055787262207303900e+00
3.055787262207303900e+00
3.055787262207303900e+00
3.055787262207303900e+00
2.103031882425213439e+00
2.103031882425213439e+00
2.103031882425213439e+00
8.347702211403987826e-01
8.347702211403987826e-01
8.347702211403987826e-01
8.347702211403987826e-01
8.347702211403987826e-01
8.347702211403987826e-01
8.347702211403987826e-01
8.369308540677801167e-01
8.369308540677801167e-01
8.369308540677801167e-01
8.369308540677801167e-01
8.369308540677801167e-01
8.369308540677801167e-01
8.369308540677801167e-01
8.369308540677801167e-01
8.369308540677801167e-01
8.369308540677801167e-01
8.369308540677801167e-01
1.034285145970229358e+00
1.034285145970229358e+00
1.034285145970229358e+00
1.034285145970229358e+00
1.034285145970229358e+00
1.034285145970229358e+00
1.034285145970229358e+00
1.034285145970229358e+00
1.034285145970229358e+00
1.034285145970229358e+00
1.034285145970229358e+00
1.043466615794349517e+00
1.043466615794349517e+00
1.045113311123417654e+00
1.045113311123417654e+00
1.045113311123417654e+00
1.045113311123417654e+00
1.045113311123417654e+00
1.045113311123417654e+00
1.045113311123417654e+00
1.045113311123417654e+00
1.045113311123417654e+00
1.045113311123417654e+00
1.045113311123417654e+00
1.045113311123417654e+00
9.543500922675192122e-01
9.543500922675192122e-01
9.543500922675192122e-01
9.543500922675192122e-01
9.543500922675192122e-01
9.543500922675192122e-01
9.543500922675192122e-01
9.543500922675192122e-01
9.543500922675192122e-01
9.543500922675192122e-01
9.543500922675192122e-01
9.543500922675192122e-01
9.543500922675192122e-01
9.543500922675192122e-01
9.543500922675192122e-01
9.543500922675192122e-01
9.543500922675192122e-01
9.543500922675192122e-01
9.543500922675192122e-01
9.543500922675192122e-01
9.543500922675192122e-01
9.543500922675192122e-01
9.543500922675192122e-01
9.543500922675192122e-01
9.543500922675192122e-01
9.543500922675192122e-01
9.543500922675192122e-01
9.543500922675192122e-01
9.543500922675192122e-01
9.543500922675192122e-01
9.543500922675192122e-01
9.815940814696402228e-01
9.815940814696402228e-01
9.815940814696402228e-01
9.815940814696402228e-01
9.815940814696402228e-01
9.815940814696402228e-01
9.815940814696402228e-01
9.815940814696402228e-01
9.815940814696402228e-01
9.815940814696402228e-01
9.815940814696402228e-01
9.815940814696402228e-01
9.815940814696402228e-01
9.815940814696402228e-01
9.815940814696402228e-01
9.815940814696402228e-01
9.815940814696402228e-01
9.815940814696402228e-01
9.815940814696402228e-01
9.815940814696402228e-01
9.815940814696402228e-01
9.815940814696402228e-01
9.815940814696402228e-01
9.815940814696402228e-01
9.815940814696402228e-01
9.815940814696402228e-01
9.815940814696402228e-01
9.815940814696402228e-01
9.815940814696402228e-01
9.815940814696402228e-01
9.815940814696402228e-01
9.815940814696402228e-01
9.815940814696402228e-01
9.815940814696402228e-01
9.815940814696402228e-01
9.815940814696402228e-01
9.815940814696402228e-01
9.815940814696402228e-01
9.815940814696402228e-01
9.815940814696402228e-01
9.815940814696402228e-01
9.815940814696402228e-01
9.815940814696402228e-01
9.815940814696402228e-01
9.815940814696402228e-01
9.815940814696402228e-01
9.815940814696402228e-01
9.815940814696402228e-01
9.815940814696402228e-01
9.815940814696402228e-01
9.815940814696402228e-01
9.815940814696402228e-01
9.815940814696402228e-01
9.815940814696402228e-01
9.815940814696402228e-01
9.815940814696402228e-01
9.815940814696402228e-01
9.815940814696402228e-01
9.815940814696402228e-01
1.040197585281196435e+00
1.040197585281196435e+00
1.040197585281196435e+00
1.040197585281196435e+00
1.040197585281196435e+00
1.040197585281196435e+00
1.040197585281196435e+00
1.040197585281196435e+00
1.040197585281196435e+00
1.040197585281196435e+00
1.040197585281196435e+00
1.040197585281196435e+00
1.040197585281196435e+00
1.040197585281196435e+00
1.040197585281196435e+00
1.040197585281196435e+00
1.040197585281196435e+00
1.040197585281196435e+00
1.040197585281196435e+00
1.040197585281196435e+00
1.040197585281196435e+00
1.040197585281196435e+00
1.040197585281196435e+00
1.040197585281196435e+00
1.040197585281196435e+00
1.040197585281196435e+00
1.040197585281196435e+00
1.040197585281196435e+00
1.040197585281196435e+00
1.040197585281196435e+00
1.040197585281196435e+00
1.040197585281196435e+00
1.040197585281196435e+00
1.040197585281196435e+00
1.040197585281196435e+00
1.040197585281196435e+00
1.040197585281196435e+00
1.040197585281196435e+00
1.040197585281196435e+00
1.040197585281196435e+00
1.040197585281196435e+00
1.040197585281196435e+00
1.040197585281196435e+00
1.040197585281196435e+00
1.040197585281196435e+00
1.040197585281196435e+00
1.040197585281196435e+00
1.040197585281196435e+00
1.040197585281196435e+00
1.040197585281196435e+00
1.040197585281196435e+00
1.040197585281196435e+00
1.040197585281196435e+00
1.040197585281196435e+00
1.040197585281196435e+00
1.040197585281196435e+00
1.040197585281196435e+00
1.040197585281196435e+00
1.040197585281196435e+00
1.040197585281196435e+00
1.040197585281196435e+00
1.040197585281196435e+00
1.040197585281196435e+00
1.040197585281196435e+00
1.040197585281196435e+00
1.040197585281196435e+00
1.040197585281196435e+00
1.040197585281196435e+00
1.040197585281196435e+00
1.040197585281196435e+00
1.040197585281196435e+00
1.040197585281196435e+00
1.040197585281196435e+00
1.040197585281196435e+00
1.040197585281196435e+00
9.594413824313280381e-01
9.594413824313280381e-01
9.594413824313280381e-01
9.594413824313280381e-01
9.594413824313280381e-01
9.594413824313280381e-01
9.594413824313280381e-01
9.594413824313280381e-01
9.594413824313280381e-01
9.594413824313280381e-01
9.594413824313280381e-01
9.594413824313280381e-01
9.594413824313280381e-01
9.594413824313280381e-01
9.594413824313280381e-01
9.594413824313280381e-01
9.479416413122879748e-01
9.479416413122879748e-01
9.479416413122879748e-01
9.479416413122879748e-01
9.479416413122879748e-01
9.479416413122879748e-01
9.479416413122879748e-01
9.479416413122879748e-01
9.479416413122879748e-01
9.479416413122879748e-01
9.479416413122879748e-01
9.479416413122879748e-01
9.479416413122879748e-01
9.479416413122879748e-01
9.479416413122879748e-01
9.479416413122879748e-01
9.479416413122879748e-01
9.479416413122879748e-01
9.479416413122879748e-01
9.479416413122879748e-01
9.479416413122879748e-01
9.479416413122879748e-01
9.479416413122879748e-01
9.479416413122879748e-01
9.479416413122879748e-01
9.479416413122879748e-01
9.479416413122879748e-01
9.479416413122879748e-01
9.479416413122879748e-01
9.479416413122879748e-01
9.479416413122879748e-01
9.479416413122879748e-01
9.479416413122879748e-01
9.479416413122879748e-01
9.479416413122879748e-01
9.479416413122879748e-01
9.479416413122879748e-01
9.479416413122879748e-01
9.479416413122879748e-01
9.479416413122879748e-01
9.479416413122879748e-01
9.479416413122879748e-01
9.479416413122879748e-01
9.479416413122879748e-01
9.479416413122879748e-01
9.479416413122879748e-01
9.479416413122879748e-01
9.479416413122879748e-01
9.479416413122879748e-01
9.479416413122879748e-01
9.479416413122879748e-01
9.479416413122879748e-01
9.479416413122879748e-01
9.479416413122879748e-01
9.479416413122879748e-01
9.479416413122879748e-01
9.662005826786772555e-01
9.662005826786772555e-01
9.662005826786772555e-01
9.662005826786772555e-01
9.662005826786772555e-01
9.662005826786772555e-01
9.662005826786772555e-01
9.662005826786772555e-01
9.662005826786772555e-01
9.662005826786772555e-01
9.662005826786772555e-01
9.662005826786772555e-01
9.662005826786772555e-01
9.662005826786772555e-01
9.662005826786772555e-01
9.662005826786772555e-01
9.662005826786772555e-01
9.662005826786772555e-01
9.662005826786772555e-01
9.662005826786772555e-01
9.662005826786772555e-01
9.662005826786772555e-01
9.662005826786772555e-01
9.662005826786772555e-01
9.662005826786772555e-01
9.662005826786772555e-01
9.662005826786772555e-01
9.662005826786772555e-01
9.662005826786772555e-01
9.662005826786772555e-01
9.662005826786772555e-01
9.662005826786772555e-01
9.662005826786772555e-01
9.662005826786772555e-01
9.662005826786772555e-01
9.662005826786772555e-01
9.662005826786772555e-01
9.662005826786772555e-01
9.662005826786772555e-01
9.662005826786772555e-01
9.662005826786772555e-01
9.662005826786772555e-01
9.662005826786772555e-01
9.662005826786772555e-01
9.662005826786772555e-01
9.662005826786772555e-01
9.662005826786772555e-01
9.662005826786772555e-01
9.662005826786772555e-01
9.662005826786772555e-01
9.662005826786772555e-01
9.662005826786772555e-01
9.662005826786772555e-01
9.662005826786772555e-01
9.662005826786772555e-01
9.662005826786772555e-01
9.662005826786772555e-01
9.662005826786772555e-01
9.662005826786772555e-01
9.662005826786772555e-01
9.662005826786772555e-01
9.662005826786772555e-01
9.662005826786772555e-01
9.662005826786772555e-01
9.662005826786772555e-01
9.662005826786772555e-01
9.662005826786772555e-01
9.662005826786772555e-01
9.662005826786772555e-01
9.662005826786772555e-01
9.662005826786772555e-01
9.662005826786772555e-01
9.662005826786772555e-01
9.662005826786772555e-01
9.662005826786772555e-01
9.662005826786772555e-01
9.662005826786772555e-01
9.662005826786772555e-01
9.662005826786772555e-01
9.662005826786772555e-01
9.662005826786772555e-01
9.662005826786772555e-01
9.662005826786772555e-01
9.662005826786772555e-01
9.662005826786772555e-01
9.662005826786772555e-01
9.662005826786772555e-01
9.662005826786772555e-01
9.662005826786772555e-01
9.662005826786772555e-01
9.662005826786772555e-01
9.662005826786772555e-01
9.662005826786772555e-01
9.662005826786772555e-01
9.662005826786772555e-01
9.662005826786772555e-01
9.662005826786772555e-01
9.662005826786772555e-01
9.662005826786772555e-01
9.662005826786772555e-01
9.662005826786772555e-01
9.662005826786772555e-01
9.662005826786772555e-01
9.662005826786772555e-01
9.662005826786772555e-01
9.662005826786772555e-01
9.662005826786772555e-01
9.662005826786772555e-01
9.662005826786772555e-01
9.662005826786772555e-01
9.662005826786772555e-01
9.662005826786772555e-01
9.662005826786772555e-01
1.019791173422001540e+00
1.019791173422001540e+00
1.019791173422001540e+00
1.019791173422001540e+00
1.019791173422001540e+00
1.019791173422001540e+00
1.019791173422001540e+00
1.019791173422001540e+00
1.019791173422001540e+00
1.019791173422001540e+00
1.019791173422001540e+00
1.019791173422001540e+00
1.019791173422001540e+00
1.019791173422001540e+00
1.019791173422001540e+00
1.040632961136524148e+00
1.040632961136524148e+00
1.040632961136524148e+00
1.040632961136524148e+00
1.040632961136524148e+00
1.040632961136524148e+00
1.040632961136524148e+00
1.040632961136524148e+00
1.040632961136524148e+00
1.040632961136524148e+00
1.040632961136524148e+00
1.040632961136524148e+00
1.040632961136524148e+00
1.040632961136524148e+00
1.040632961136524148e+00
1.040632961136524148e+00
9.288618211080355014e-01
9.288618211080355014e-01
9.288618211080355014e-01
9.288618211080355014e-01
9.288618211080355014e-01
9.288618211080355014e-01
9.288618211080355014e-01
9.288618211080355014e-01
9.288618211080355014e-01
9.288618211080355014e-01
9.288618211080355014e-01
9.288618211080355014e-01
9.288618211080355014e-01
9.288618211080355014e-01
9.288618211080355014e-01
9.288618211080355014e-01
9.288618211080355014e-01
9.288618211080355014e-01
9.288618211080355014e-01
9.288618211080355014e-01
9.288618211080355014e-01
9.288618211080355014e-01
9.288618211080355014e-01
9.288618211080355014e-01
9.288618211080355014e-01
9.288618211080355014e-01
9.288618211080355014e-01
9.288618211080355014e-01
9.288618211080355014e-01
9.288618211080355014e-01
9.288618211080355014e-01
9.564798565483577653e-01
9.564798565483577653e-01
9.564798565483577653e-01
9.564798565483577653e-01
9.564798565483577653e-01
9.564798565483577653e-01
9.564798565483577653e-01
9.564798565483577653e-01
9.564798565483577653e-01
9.564798565483577653e-01
9.564798565483577653e-01
9.564798565483577653e-01
9.564798565483577653e-01
9.564798565483577653e-01
9.564798565483577653e-01
9.564798565483577653e-01
9.564798565483577653e-01
9.564798565483577653e-01
9.564798565483577653e-01
9.564798565483577653e-01
9.564798565483577653e-01
9.564798565483577653e-01
9.564798565483577653e-01
9.564798565483577653e-01
9.564798565483577653e-01
1.043007152385824643e+00
1.043007152385824643e+00
9.260442503413180981e-01
9.260442503413180981e-01
9.260442503413180981e-01
9.260442503413180981e-01
9.260442503413180981e-01
9.260442503413180981e-01
9.210504311593046278e-01
9.210504311593046278e-01
9.210504311593046278e-01
9.210504311593046278e-01
9.210504311593046278e-01
9.210504311593046278e-01
9.210504311593046278e-01
9.210504311593046278e-01
9.210504311593046278e-01
9.210504311593046278e-01
9.210504311593046278e-01
9.210504311593046278e-01
9.210504311593046278e-01
9.210504311593046278e-01
9.210504311593046278e-01
9.210504311593046278e-01
9.210504311593046278e-01
9.210504311593046278e-01
9.210504311593046278e-01
9.210504311593046278e-01
9.210504311593046278e-01
9.210504311593046278e-01
9.210504311593046278e-01
9.210504311593046278e-01
9.210504311593046278e-01
9.210504311593046278e-01
9.210504311593046278e-01
9.210504311593046278e-01
9.210504311593046278e-01
9.210504311593046278e-01
9.210504311593046278e-01
9.210504311593046278e-01
9.210504311593046278e-01
9.210504311593046278e-01
9.210504311593046278e-01
9.210504311593046278e-01
9.210504311593046278e-01
9.210504311593046278e-01
9.210504311593046278e-01
9.210504311593046278e-01
9.210504311593046278e-01
9.210504311593046278e-01
9.210504311593046278e-01
9.210504311593046278e-01
9.210504311593046278e-01
9.210504311593046278e-01
9.210504311593046278e-01
1.028245069645027820e+00
1.028245069645027820e+00
1.028245069645027820e+00
1.028245069645027820e+00
1.028245069645027820e+00
1.028245069645027820e+00
1.028245069645027820e+00
1.028245069645027820e+00
1.028245069645027820e+00
1.028245069645027820e+00
1.028245069645027820e+00
1.028245069645027820e+00
1.028245069645027820e+00
1.028245069645027820e+00
1.028245069645027820e+00
1.028245069645027820e+00
1.028245069645027820e+00
1.028245069645027820e+00
1.028245069645027820e+00
1.028245069645027820e+00
1.028245069645027820e+00
1.028245069645027820e+00
1.028245069645027820e+00
1.028245069645027820e+00
1.028245069645027820e+00
1.028245069645027820e+00
1.028245069645027820e+00
1.028245069645027820e+00
1.028245069645027820e+00
1.028245069645027820e+00
1.028245069645027820e+00
1.028245069645027820e+00
1.028245069645027820e+00
1.028245069645027820e+00
1.028245069645027820e+00
1.028245069645027820e+00
1.028245069645027820e+00
1.028245069645027820e+00
1.028245069645027820e+00
1.028245069645027820e+00
1.028245069645027820e+00
1.028245069645027820e+00
1.028245069645027820e+00
1.028245069645027820e+00
9.479852351896658202e-01
9.479852351896658202e-01
9.479852351896658202e-01
9.479852351896658202e-01
9.479852351896658202e-01
9.479852351896658202e-01
9.479852351896658202e-01
9.479852351896658202e-01
9.479852351896658202e-01
9.479852351896658202e-01
9.479852351896658202e-01
9.479852351896658202e-01
9.479852351896658202e-01
9.479852351896658202e-01
9.479852351896658202e-01
9.479852351896658202e-01
9.479852351896658202e-01
9.479852351896658202e-01
9.862687337600714033e-01
9.862687337600714033e-01
9.862687337600714033e-01
9.862687337600714033e-01
9.862687337600714033e-01
9.862687337600714033e-01
9.862687337600714033e-01
9.862687337600714033e-01
9.862687337600714033e-01
9.862687337600714033e-01
9.862687337600714033e-01
9.862687337600714033e-01
9.862687337600714033e-01
9.862687337600714033e-01
9.862687337600714033e-01
9.862687337600714033e-01
9.862687337600714033e-01
9.862687337600714033e-01
9.862687337600714033e-01
9.862687337600714033e-01
9.862687337600714033e-01
9.862687337600714033e-01
9.862687337600714033e-01
9.862687337600714033e-01
9.862687337600714033e-01
9.862687337600714033e-01
9.862687337600714033e-01
9.862687337600714033e-01
9.862687337600714033e-01
9.862687337600714033e-01
9.862687337600714033e-01
9.862687337600714033e-01
9.862687337600714033e-01
9.862687337600714033e-01
9.862687337600714033e-01
9.862687337600714033e-01
9.862687337600714033e-01
9.862687337600714033e-01
9.862687337600714033e-01
9.653587353461694498e-01
9.653587353461694498e-01
9.871260355072798420e-01
9.871260355072798420e-01
9.871260355072798420e-01
9.871260355072798420e-01
9.871260355072798420e-01
9.871260355072798420e-01
9.871260355072798420e-01
9.871260355072798420e-01
9.871260355072798420e-01
9.871260355072798420e-01
9.871260355072798420e-01
9.871260355072798420e-01
9.871260355072798420e-01
9.871260355072798420e-01
9.871260355072798420e-01
9.871260355072798420e-01
9.871260355072798420e-01
9.871260355072798420e-01
9.871260355072798420e-01
9.871260355072798420e-01
9.871260355072798420e-01
9.871260355072798420e-01
9.871260355072798420e-01
9.871260355072798420e-01
9.871260355072798420e-01
9.871260355072798420e-01
9.871260355072798420e-01
9.871260355072798420e-01
9.871260355072798420e-01
9.871260355072798420e-01
9.871260355072798420e-01
9.871260355072798420e-01
9.871260355072798420e-01
9.871260355072798420e-01
9.871260355072798420e-01
9.871260355072798420e-01
9.871260355072798420e-01
9.871260355072798420e-01
9.871260355072798420e-01
9.871260355072798420e-01
9.871260355072798420e-01
9.871260355072798420e-01
9.871260355072798420e-01
9.871260355072798420e-01
9.871260355072798420e-01
9.871260355072798420e-01
9.871260355072798420e-01
9.871260355072798420e-01
9.871260355072798420e-01
9.871260355072798420e-01
9.871260355072798420e-01
9.871260355072798420e-01
9.871260355072798420e-01
9.871260355072798420e-01
9.871260355072798420e-01
9.871260355072798420e-01
9.871260355072798420e-01
9.871260355072798420e-01
9.871260355072798420e-01
9.871260355072798420e-01
9.871260355072798420e-01
9.871260355072798420e-01
9.871260355072798420e-01
9.871260355072798420e-01
9.871260355072798420e-01
9.871260355072798420e-01
9.871260355072798420e-01
9.871260355072798420e-01
9.871260355072798420e-01
9.871260355072798420e-01
9.871260355072798420e-01
9.871260355072798420e-01
9.871260355072798420e-01
9.871260355072798420e-01
9.871260355072798420e-01
9.871260355072798420e-01
9.871260355072798420e-01
9.871260355072798420e-01
9.871260355072798420e-01
9.871260355072798420e-01
9.871260355072798420e-01
1.006015565589567506e+00
1.006015565589567506e+00
1.006015565589567506e+00
1.006015565589567506e+00
1.006015565589567506e+00
1.006015565589567506e+00
1.006015565589567506e+00
1.006015565589567506e+00
1.006015565589567506e+00
1.006015565589567506e+00
1.006015565589567506e+00
1.006015565589567506e+00
1.006015565589567506e+00
1.006015565589567506e+00
1.006015565589567506e+00
1.006015565589567506e+00
1.006015565589567506e+00
1.006015565589567506e+00
1.006015565589567506e+00
9.269875452402809302e-01
9.269875452402809302e-01
9.269875452402809302e-01
9.269875452402809302e-01
9.269875452402809302e-01
9.269875452402809302e-01
9.269875452402809302e-01
9.269875452402809302e-01
9.269875452402809302e-01
9.269875452402809302e-01
9.269875452402809302e-01
9.269875452402809302e-01
9.269875452402809302e-01
9.269875452402809302e-01
9.269875452402809302e-01
9.269875452402809302e-01
9.269875452402809302e-01
9.269875452402809302e-01
9.269875452402809302e-01
9.269875452402809302e-01
9.269875452402809302e-01
9.269875452402809302e-01
9.269875452402809302e-01
9.269875452402809302e-01
9.269875452402809302e-01
9.269875452402809302e-01
9.269875452402809302e-01
9.269875452402809302e-01
9.269875452402809302e-01
9.269875452402809302e-01
9.269875452402809302e-01
9.269875452402809302e-01
9.269875452402809302e-01
9.269875452402809302e-01
9.269875452402809302e-01
9.269875452402809302e-01
1.063238936543517532e+00
1.063238936543517532e+00
9.257962285714594897e-01
9.257962285714594897e-01
9.257962285714594897e-01
9.257962285714594897e-01
9.257962285714594897e-01
9.257962285714594897e-01
9.257962285714594897e-01
9.257962285714594897e-01
9.257962285714594897e-01
1.043517310152620281e+00
1.043517310152620281e+00
1.043517310152620281e+00
1.043517310152620281e+00
1.043517310152620281e+00
1.043517310152620281e+00
1.043517310152620281e+00
1.043517310152620281e+00
9.269559159295237549e-01
9.269559159295237549e-01
9.269559159295237549e-01
9.269559159295237549e-01
9.269559159295237549e-01
9.269559159295237549e-01
9.269559159295237549e-01
9.269559159295237549e-01
9.269559159295237549e-01
9.269559159295237549e-01
9.269559159295237549e-01
9.269559159295237549e-01
9.269559159295237549e-01
9.269559159295237549e-01
9.269559159295237549e-01
9.269559159295237549e-01
9.269559159295237549e-01
9.269559159295237549e-01
9.269559159295237549e-01
9.269559159295237549e-01
9.269559159295237549e-01
9.269559159295237549e-01
9.269559159295237549e-01
9.269559159295237549e-01
9.269559159295237549e-01
9.269559159295237549e-01
9.269559159295237549e-01
9.269559159295237549e-01
9.269559159295237549e-01
9.269559159295237549e-01
9.269559159295237549e-01
9.269559159295237549e-01
9.269559159295237549e-01
9.269559159295237549e-01
9.269559159295237549e-01
9.269559159295237549e-01
9.269559159295237549e-01
9.269559159295237549e-01
9.269559159295237549e-01
9.269559159295237549e-01
9.269559159295237549e-01
9.269559159295237549e-01
9.269559159295237549e-01
9.269559159295237549e-01
9.269559159295237549e-01
9.269559159295237549e-01
9.269559159295237549e-01
9.269559159295237549e-01
9.269559159295237549e-01
9.269559159295237549e-01
9.269559159295237549e-01
9.269559159295237549e-01
9.269559159295237549e-01
9.269559159295237549e-01
9.269559159295237549e-01
9.269559159295237549e-01
9.269559159295237549e-01
9.269559159295237549e-01
9.269559159295237549e-01
9.269559159295237549e-01
9.269559159295237549e-01
9.269559159295237549e-01
9.269559159295237549e-01
9.269559159295237549e-01
9.269559159295237549e-01
9.269559159295237549e-01
9.177881432630465852e-01
9.177881432630465852e-01
9.177881432630465852e-01
9.177881432630465852e-01
9.177881432630465852e-01
9.177881432630465852e-01
9.177881432630465852e-01
9.177881432630465852e-01
9.177881432630465852e-01
9.177881432630465852e-01
9.177881432630465852e-01
9.177881432630465852e-01
9.177881432630465852e-01
9.177881432630465852e-01
9.177881432630465852e-01
9.177881432630465852e-01
9.177881432630465852e-01
9.177881432630465852e-01
9.177881432630465852e-01
9.177881432630465852e-01
9.177881432630465852e-01
9.177881432630465852e-01
9.177881432630465852e-01
9.177881432630465852e-01
9.177881432630465852e-01
9.177881432630465852e-01
9.177881432630465852e-01
9.177881432630465852e-01
9.177881432630465852e-01
9.177881432630465852e-01
9.177881432630465852e-01
9.177881432630465852e-01
9.177881432630465852e-01
9.177881432630465852e-01
9.177881432630465852e-01
9.177881432630465852e-01
9.177881432630465852e-01
9.177881432630465852e-01
9.177881432630465852e-01
9.177881432630465852e-01
9.177881432630465852e-01
1.050239512266363917e+00
1.050239512266363917e+00
1.050239512266363917e+00
1.050239512266363917e+00
1.050239512266363917e+00
1.050239512266363917e+00
1.050239512266363917e+00
1.050239512266363917e+00
9.595622860004312527e-01
9.595622860004312527e-01
9.595622860004312527e-01
9.595622860004312527e-01
9.595622860004312527e-01
9.595622860004312527e-01
9.595622860004312527e-01
9.595622860004312527e-01
9.595622860004312527e-01
9.595622860004312527e-01
9.595622860004312527e-01
9.595622860004312527e-01
9.595622860004312527e-01
9.595622860004312527e-01
9.595622860004312527e-01
9.595622860004312527e-01
9.595622860004312527e-01
9.595622860004312527e-01
9.595622860004312527e-01
9.595622860004312527e-01
9.595622860004312527e-01
9.595622860004312527e-01
9.595622860004312527e-01
9.595622860004312527e-01
9.595622860004312527e-01
9.595622860004312527e-01
9.595622860004312527e-01
9.595622860004312527e-01
9.595622860004312527e-01
9.876855246928872845e-01
9.876855246928872845e-01
9.876855246928872845e-01
9.876855246928872845e-01
9.876855246928872845e-01
9.876855246928872845e-01
9.876855246928872845e-01
9.876855246928872845e-01
9.876855246928872845e-01
9.876855246928872845e-01
9.876855246928872845e-01
9.876855246928872845e-01
9.876855246928872845e-01
9.876855246928872845e-01
9.876855246928872845e-01
9.876855246928872845e-01
9.858095410283052029e-01
9.858095410283052029e-01
9.858095410283052029e-01
9.858095410283052029e-01
9.858095410283052029e-01
9.858095410283052029e-01
9.858095410283052029e-01
9.858095410283052029e-01
9.858095410283052029e-01
9.858095410283052029e-01
9.858095410283052029e-01
9.858095410283052029e-01
9.858095410283052029e-01
9.858095410283052029e-01
9.858095410283052029e-01
9.858095410283052029e-01
9.858095410283052029e-01
9.858095410283052029e-01
9.858095410283052029e-01
9.858095410283052029e-01
1.000313601950978626e+00
1.000313601950978626e+00
1.000313601950978626e+00
1.000313601950978626e+00
1.000313601950978626e+00
1.000313601950978626e+00
1.000313601950978626e+00
1.000313601950978626e+00
1.000313601950978626e+00
1.000313601950978626e+00
1.000313601950978626e+00
1.000313601950978626e+00
1.000313601950978626e+00
